-0.12623 0.35028 3.35743 -0.12979 0.55971 4.16213190267 0.78258 0.98072 0.30541 0.41196 152.77952 195.62801 147.22542 138.42519 0.3 0.3 0.0 0.0 0.0 0.0 0.0 0.0 0.72115 0.0 0.0 45.47487 -0.49999 0.07399 0.0 0.0 0.0 0.0 0.0 0.0 0.01 0 1 0.94495412844 0.791264017488 -5.79931452741
-0.12623 0.35028 3.35743 -0.12979 0.55971 4.10628994119 0.78258 0.98072 0.30541 0.41196 152.77952 195.62801 147.22542 138.42519 0.3 0.3 0.0 0.0 0.0 0.0 0.0 0.0 0.72115 0.0 0.0 45.47487 -0.49999 0.07399 0.0 0.0 0.0 0.0 0.0 0.0 0.0103394447949 1 1 0.963302752294 0.554122433291 1.71886148698
-0.12623 0.35028 3.35743 -0.12979 0.55971 4.23403430267 0.78258 0.98072 0.30541 0.41196 152.77952 195.62801 147.22542 138.42519 0.3 0.3 0.0 0.0 0.0 0.0 0.0 0.0 0.72115 0.0 0.0 45.47487 -0.49999 0.07399 0.0 0.0 0.0 0.0 0.0 0.0 0.010849825056 2 0 0.94495412844 1.00865002984 1.71886148698
-0.12623 0.35028 3.35743 -0.12979 0.55971 4.15133224778 0.78258 0.98072 0.30541 0.41196 152.77952 195.62801 147.22542 138.42519 0.3 0.3 0.0 0.0 0.0 0.0 0.0 0.0 0.72115 0.0 0.0 45.47487 -0.49999 0.07399 0.0 0.0 0.0 0.0 0.0 0.0 0.0107428025783 3 0 0.954128440367 0.746325291849 1.71886148698
-0.12623 0.35028 3.35743 -0.12979 0.55971 4.12609422998 0.78258 0.98072 0.30541 0.41196 152.77952 195.62801 147.22542 138.42519 0.3 0.3 0.0 0.0 0.0 0.0 0.0 0.0 0.72115 0.0 0.0 45.47487 -0.49999 0.07399 0.0 0.0 0.0 0.0 0.0 0.0 0.00957093813112 4 1 0.963302752294 0.610703755418 0.988579807519
-0.12623 0.35028 3.35743 -0.12979 0.55971 4.03000966138 0.78258 0.98072 0.30541 0.41196 152.77952 195.62801 147.22542 138.42519 0.3 0.3 0.0 0.0 0.0 0.0 0.0 0.0 0.72115 0.0 0.0 45.47487 -0.49999 0.07399 0.0 0.0 0.0 0.0 0.0 0.0 0.00974008699885 5 1 0.981651376147 0.458643890653 3.33931434368
-0.12623 0.35028 3.35743 -0.12979 0.55971 4.15914620358 0.78258 0.98072 0.30541 0.41196 152.77952 195.62801 147.22542 138.42519 0.3 0.3 0.0 0.0 0.0 0.0 0.0 0.0 0.72115 0.0 0.0 45.47487 -0.49999 0.07399 0.0 0.0 0.0 0.0 0.0 0.0 0.00908269519037 6 0 0.94495412844 0.789417111309 3.33931434368
-0.12623 0.35028 3.35743 -0.12979 0.55971 4.02070434261 0.78258 0.98072 0.30541 0.41196 152.77952 195.62801 147.22542 138.42519 0.3 0.3 0.0 0.0 0.0 0.0 0.0 0.0 0.72115 0.0 0.0 45.47487 -0.49999 0.07399 0.0 0.0 0.0 0.0 0.0 0.0 0.0102717390326 7 1 1.0 2.0511486294e-05 3.65942040486
-0.12623 0.35028 3.35743 -0.12979 0.55971 3.96957466512 0.78258 0.98072 0.30541 0.41196 152.77952 195.62801 147.22542 138.42519 0.3 0.3 0.0 0.0 0.0 0.0 0.0 0.0 0.72115 0.0 0.0 45.47487 -0.49999 0.07399 0.0 0.0 0.0 0.0 0.0 0.0 0.00995618922521 8 1 0.981651376147 0.183774148462 3.63326890446
-0.12623 0.35028 3.35743 -0.12979 0.55971 4.05916589084 0.78258 0.98072 0.30541 0.41196 152.77952 195.62801 147.22542 138.42519 0.3 0.3 0.0 0.0 0.0 0.0 0.0 0.0 0.72115 0.0 0.0 45.47487 -0.49999 0.07399 0.0 0.0 0.0 0.0 0.0 0.0 0.0100996467752 9 1 0.97247706422 0.593190119912 2.36973942579
-0.12623 0.35028 3.35743 -0.12979 0.55971 4.13460679159 0.78258 0.98072 0.30541 0.41196 152.77952 195.62801 147.22542 138.42519 0.3 0.3 0.0 0.0 0.0 0.0 0.0 0.0 0.72115 0.0 0.0 45.47487 -0.49999 0.07399 0.0 0.0 0.0 0.0 0.0 0.0 0.0099280027577 10 0 0.963302752294 0.676483186563 2.36973942579
-0.12623 0.35028 3.35743 -0.12979 0.55971 4.06059236538 0.78258 0.98072 0.30541 0.41196 152.77952 195.62801 147.22542 138.42519 0.3 0.3 0.0 0.0 0.0 0.0 0.0 0.0 0.72115 0.0 0.0 45.47487 -0.49999 0.07399 0.0 0.0 0.0 0.0 0.0 0.0 0.00968066064778 11 1 0.97247706422 0.622971439627 2.15018199114
-0.12623 0.35028 3.35743 -0.12979 0.55971 4.04241573564 0.78258 0.98072 0.30541 0.41196 152.77952 195.62801 147.22542 138.42519 0.3 0.3 0.0 0.0 0.0 0.0 0.0 0.0 0.72115 0.0 0.0 45.47487 -0.49999 0.07399 0.0 0.0 0.0 0.0 0.0 0.0 0.00955374351905 12 1 0.97247706422 0.531258009807 2.56070449506
-0.12623 0.35028 3.35743 -0.12979 0.55971 4.25814387888 0.78258 0.98072 0.30541 0.41196 152.77952 195.62801 147.22542 138.42519 0.3 0.3 0.0 0.0 0.0 0.0 0.0 0.0 0.72115 0.0 0.0 45.47487 -0.49999 0.07399 0.0 0.0 0.0 0.0 0.0 0.0 0.00982691077128 13 0 0.94495412844 1.06823235559 2.56070449506
-0.12623 0.35028 3.35743 -0.12979 0.55971 4.05500844228 0.78258 0.98072 0.30541 0.41196 152.77952 195.62801 147.22542 138.42519 0.3 0.3 0.0 0.0 0.0 0.0 0.0 0.0 0.72115 0.0 0.0 45.47487 -0.49999 0.07399 0.0 0.0 0.0 0.0 0.0 0.0 0.00981670468253 14 1 0.97247706422 0.598963724507 2.29469880405
-0.12623 0.35028 3.35743 -0.12979 0.55971 4.28480491496 0.78258 0.98072 0.30541 0.41196 152.77952 195.62801 147.22542 138.42519 0.3 0.3 0.0 0.0 0.0 0.0 0.0 0.0 0.72115 0.0 0.0 45.47487 -0.49999 0.07399 0.0 0.0 0.0 0.0 0.0 0.0 0.010335189213 15 0 0.94495412844 1.09051450386 2.29469880405
-0.12623 0.35028 3.35743 -0.12979 0.55971 3.92687420712 0.78258 0.98072 0.30541 0.41196 152.77952 195.62801 147.22542 138.42519 0.3 0.3 0.0 0.0 0.0 0.0 0.0 0.0 0.72115 0.0 0.0 45.47487 -0.49999 0.07399 0.0 0.0 0.0 0.0 0.0 0.0 0.010543230516 16 1 0.990909090909 0.61722978894 3.49171066339
-0.12623 0.35028 3.35743 -0.12979 0.55971 3.97011301124 0.78258 0.98072 0.30541 0.41196 152.77952 195.62801 147.22542 138.42519 0.3 0.3 0.0 0.0 0.0 0.0 0.0 0.0 0.72115 0.0 0.0 45.47487 -0.49999 0.07399 0.0 0.0 0.0 0.0 0.0 0.0 0.0110809696781 17 1 0.981651376147 0.183665432038 3.53734132418
-0.12623 0.35028 3.35743 -0.12979 0.55971 3.8768274309 0.78258 0.98072 0.30541 0.41196 152.77952 195.62801 147.22542 138.42519 0.3 0.3 0.0 0.0 0.0 0.0 0.0 0.0 0.72115 0.0 0.0 45.47487 -0.49999 0.07399 0.0 0.0 0.0 0.0 0.0 0.0 0.0108876481068 18 0 0.973214285714 0.800697986496 3.53734132418
-0.12623 0.35028 3.35743 -0.12979 0.55971 3.89592496187 0.78258 0.98072 0.30541 0.41196 152.77952 195.62801 147.22542 138.42519 0.3 0.3 0.0 0.0 0.0 0.0 0.0 0.0 0.72115 0.0 0.0 45.47487 -0.49999 0.07399 0.0 0.0 0.0 0.0 0.0 0.0 0.0120109928358 19 0 0.955357142857 0.683506341166 3.53734132418
-0.12623 0.35028 3.35743 -0.12979 0.55971 4.00263954515 0.78258 0.98072 0.30541 0.41196 152.77952 195.62801 147.22542 138.42519 0.3 0.3 0.0 0.0 0.0 0.0 0.0 0.0 0.72115 0.0 0.0 45.47487 -0.49999 0.07399 0.0 0.0 0.0 0.0 0.0 0.0 0.0107241594888 20 1 0.990825688073 0.523408358055 3.51607056054
-0.12623 0.35028 3.35743 -0.12979 0.55971 3.83961428107 0.78258 0.98072 0.30541 0.41196 152.77952 195.62801 147.22542 138.42519 0.3 0.3 0.0 0.0 0.0 0.0 0.0 0.0 0.72115 0.0 0.0 45.47487 -0.49999 0.07399 0.0 0.0 0.0 0.0 0.0 0.0 0.0110986073482 21 0 0.955752212389 0.786475924055 3.51607056054
-0.12623 0.35028 3.35743 -0.12979 0.55971 3.99453533082 0.78258 0.98072 0.30541 0.41196 152.77952 195.62801 147.22542 138.42519 0.3 0.3 0.0 0.0 0.0 0.0 0.0 0.0 0.72115 0.0 0.0 45.47487 -0.49999 0.07399 0.0 0.0 0.0 0.0 0.0 0.0 0.0105764569639 22 1 0.981651376147 0.443859473859 3.33371159939
-0.12623 0.35028 3.35743 -0.12979 0.55971 3.95911660946 0.78258 0.98072 0.30541 0.41196 152.77952 195.62801 147.22542 138.42519 0.3 0.3 0.0 0.0 0.0 0.0 0.0 0.0 0.72115 0.0 0.0 45.47487 -0.49999 0.07399 0.0 0.0 0.0 0.0 0.0 0.0 0.0118220585946 23 1 0.981651376147 0.460789323427 3.26311138916
-0.12623 0.35028 3.35743 -0.12979 0.55971 3.97296096083 0.78258 0.98072 0.30541 0.41196 152.77952 195.62801 147.22542 138.42519 0.3 0.3 0.0 0.0 0.0 0.0 0.0 0.0 0.72115 0.0 0.0 45.47487 -0.49999 0.07399 0.0 0.0 0.0 0.0 0.0 0.0 0.0113749273875 24 1 0.981651376147 0.183280171914 3.51370221976
-0.12623 0.35028 3.35743 -0.12979 0.55971 4.20980065179 0.78258 0.98072 0.30541 0.41196 152.77952 195.62801 147.22542 138.42519 0.3 0.3 0.0 0.0 0.0 0.0 0.0 0.0 0.72115 0.0 0.0 45.47487 -0.49999 0.07399 0.0 0.0 0.0 0.0 0.0 0.0 0.010926254289 25 0 0.935779816514 1.01291516486 3.51370221976
-0.12623 0.35028 3.35743 -0.12979 0.55971 4.1212342262 0.78258 0.98072 0.30541 0.41196 152.77952 195.62801 147.22542 138.42519 0.3 0.3 0.0 0.0 0.0 0.0 0.0 0.0 0.72115 0.0 0.0 45.47487 -0.49999 0.07399 0.0 0.0 0.0 0.0 0.0 0.0 0.011442797224 26 0 0.963302752294 0.602951971058 3.51370221976
-0.12623 0.35028 3.35743 -0.12979 0.55971 3.70897333307 0.78258 0.98072 0.30541 0.41196 152.77952 195.62801 147.22542 138.42519 0.3 0.3 0.0 0.0 0.0 0.0 0.0 0.0 0.72115 0.0 0.0 45.47487 -0.49999 0.07399 0.0 0.0 0.0 0.0 0.0 0.0 0.0112227754976 27 0 0.931034482759 1.27495983855 3.51370221976
-0.12623 0.35028 3.35743 -0.12979 0.55971 3.86441285919 0.78258 0.98072 0.30541 0.41196 152.77952 195.62801 147.22542 138.42519 0.3 0.3 0.0 0.0 0.0 0.0 0.0 0.0 0.72115 0.0 0.0 45.47487 -0.49999 0.07399 0.0 0.0 0.0 0.0 0.0 0.0 0.0107418972606 28 0 0.964285714286 0.654623154339 3.51370221976
-0.12623 0.35028 3.35743 -0.12979 0.55971 3.89802970969 0.78258 0.98072 0.30541 0.41196 152.77952 195.62801 147.22542 138.42519 0.3 0.3 0.0 0.0 0.0 0.0 0.0 0.0 0.72115 0.0 0.0 45.47487 -0.49999 0.07399 0.0 0.0 0.0 0.0 0.0 0.0 0.0129084291137 29 0 0.955357142857 0.682290482609 3.51370221976
-0.12623 0.35028 3.35743 -0.12979 0.55971 4.0582116398 0.78258 0.98072 0.30541 0.41196 152.77952 195.62801 147.22542 138.42519 0.3 0.3 0.0 0.0 0.0 0.0 0.0 0.0 0.72115 0.0 0.0 45.47487 -0.49999 0.07399 0.0 0.0 0.0 0.0 0.0 0.0 0.0117696212823 30 1 0.97247706422 0.593096978047 2.56149236496
-0.12623 0.35028 3.35743 -0.12979 0.55971 4.04714186087 0.78258 0.98072 0.30541 0.41196 152.77952 195.62801 147.22542 138.42519 0.3 0.3 0.0 0.0 0.0 0.0 0.0 0.0 0.72115 0.0 0.0 45.47487 -0.49999 0.07399 0.0 0.0 0.0 0.0 0.0 0.0 0.0116280709257 31 1 0.97247706422 0.519145741144 2.78043670985
-0.12623 0.35028 3.35743 -0.12979 0.55971 4.08925602665 0.78258 0.98072 0.30541 0.41196 152.77952 195.62801 147.22542 138.42519 0.3 0.3 0.0 0.0 0.0 0.0 0.0 0.0 0.72115 0.0 0.0 45.47487 -0.49999 0.07399 0.0 0.0 0.0 0.0 0.0 0.0 0.011188721955 32 1 0.97247706422 0.515585059667 2.76964538102
-0.12623 0.35028 3.35743 -0.12979 0.55971 4.14863132616 0.78258 0.98072 0.30541 0.41196 152.77952 195.62801 147.22542 138.42519 0.3 0.3 0.0 0.0 0.0 0.0 0.0 0.0 0.72115 0.0 0.0 45.47487 -0.49999 0.07399 0.0 0.0 0.0 0.0 0.0 0.0 0.010866879146 33 0 0.954128440367 0.7502259721 2.76964538102
-0.12623 0.35028 3.35743 -0.12979 0.55971 3.91503378568 0.78258 0.98072 0.30541 0.41196 152.77952 195.62801 147.22542 138.42519 0.3 0.3 0.0 0.0 0.0 0.0 0.0 0.0 0.72115 0.0 0.0 45.47487 -0.49999 0.07399 0.0 0.0 0.0 0.0 0.0 0.0 0.0117507272209 34 1 0.973214285714 0.562537616732 2.70275340377
-0.12623 0.35028 3.35743 -0.12979 0.55971 3.88028681251 0.78258 0.98072 0.30541 0.41196 152.77952 195.62801 147.22542 138.42519 0.3 0.3 0.0 0.0 0.0 0.0 0.0 0.0 0.72115 0.0 0.0 45.47487 -0.49999 0.07399 0.0 0.0 0.0 0.0 0.0 0.0 0.0112829910906 35 1 0.973214285714 0.742311921142 2.0127728328
-0.12623 0.35028 3.35743 -0.12979 0.55971 3.92446318953 0.78258 0.98072 0.30541 0.41196 152.77952 195.62801 147.22542 138.42519 0.3 0.3 0.0 0.0 0.0 0.0 0.0 0.0 0.72115 0.0 0.0 45.47487 -0.49999 0.07399 0.0 0.0 0.0 0.0 0.0 0.0 0.0108618358812 36 1 0.990909090909 0.614534049402 3.47128874322
-0.12623 0.35028 3.35743 -0.12979 0.55971 3.90895013251 0.78258 0.98072 0.30541 0.41196 152.77952 195.62801 147.22542 138.42519 0.3 0.3 0.0 0.0 0.0 0.0 0.0 0.0 0.72115 0.0 0.0 45.47487 -0.49999 0.07399 0.0 0.0 0.0 0.0 0.0 0.0 0.0103557820513 37 0 0.973214285714 0.599027667129 3.47128874322
-0.12623 0.35028 3.35743 -0.12979 0.55971 3.97941372215 0.78258 0.98072 0.30541 0.41196 152.77952 195.62801 147.22542 138.42519 0.3 0.3 0.0 0.0 0.0 0.0 0.0 0.0 0.72115 0.0 0.0 45.47487 -0.49999 0.07399 0.0 0.0 0.0 0.0 0.0 0.0 0.0110368808091 38 1 0.981651376147 0.184338873694 3.54061535442
-0.12623 0.35028 3.35743 -0.12979 0.55971 3.91039857325 0.78258 0.98072 0.30541 0.41196 152.77952 195.62801 147.22542 138.42519 0.3 0.3 0.0 0.0 0.0 0.0 0.0 0.0 0.72115 0.0 0.0 45.47487 -0.49999 0.07399 0.0 0.0 0.0 0.0 0.0 0.0 0.0116706241055 39 1 0.973214285714 0.603046862948 2.57390741985
-0.12623 0.35028 3.35743 -0.12979 0.55971 3.87307996448 0.78258 0.98072 0.30541 0.41196 152.77952 195.62801 147.22542 138.42519 0.3 0.3 0.0 0.0 0.0 0.0 0.0 0.0 0.72115 0.0 0.0 45.47487 -0.49999 0.07399 0.0 0.0 0.0 0.0 0.0 0.0 0.0107811997583 40 1 0.973214285714 0.673183605036 2.21236194512
-0.12623 0.35028 3.35743 -0.12979 0.55971 3.97695752059 0.78258 0.98072 0.30541 0.41196 152.77952 195.62801 147.22542 138.42519 0.3 0.3 0.0 0.0 0.0 0.0 0.0 0.0 0.72115 0.0 0.0 45.47487 -0.49999 0.07399 0.0 0.0 0.0 0.0 0.0 0.0 0.0108822657309 41 1 0.981651376147 0.186726902991 3.55211990079
-0.12623 0.35028 3.35743 -0.12979 0.55971 3.83321033813 0.78258 0.98072 0.30541 0.41196 152.77952 195.62801 147.22542 138.42519 0.3 0.3 0.0 0.0 0.0 0.0 0.0 0.0 0.72115 0.0 0.0 45.47487 -0.49999 0.07399 0.0 0.0 0.0 0.0 0.0 0.0 0.0110083100436 42 0 0.964601769912 0.835690237806 3.55211990079
-0.12623 0.35028 3.35743 -0.12979 0.55971 3.91465650607 0.78258 0.98072 0.30541 0.41196 152.77952 195.62801 147.22542 138.42519 0.3 0.3 0.0 0.0 0.0 0.0 0.0 0.0 0.72115 0.0 0.0 45.47487 -0.49999 0.07399 0.0 0.0 0.0 0.0 0.0 0.0 0.0113216199744 43 0 0.973214285714 0.560988546587 3.55211990079
-0.12623 0.35028 3.35743 -0.12979 0.55971 3.96027987203 0.78258 0.98072 0.30541 0.41196 152.77952 195.62801 147.22542 138.42519 0.3 0.3 0.0 0.0 0.0 0.0 0.0 0.0 0.72115 0.0 0.0 45.47487 -0.49999 0.07399 0.0 0.0 0.0 0.0 0.0 0.0 0.0112168927385 44 1 0.981651376147 0.460806706309 3.2872969919
-0.12623 0.35028 3.35743 -0.12979 0.55971 3.98593891278 0.78258 0.98072 0.30541 0.41196 152.77952 195.62801 147.22542 138.42519 0.3 0.3 0.0 0.0 0.0 0.0 0.0 0.0 0.72115 0.0 0.0 45.47487 -0.49999 0.07399 0.0 0.0 0.0 0.0 0.0 0.0 0.0117493714365 45 1 0.981651376147 0.443916337405 3.28471909334
-0.12623 0.35028 3.35743 -0.12979 0.55971 4.06727243775 0.78258 0.98072 0.30541 0.41196 152.77952 195.62801 147.22542 138.42519 0.3 0.3 0.0 0.0 0.0 0.0 0.0 0.0 0.72115 0.0 0.0 45.47487 -0.49999 0.07399 0.0 0.0 0.0 0.0 0.0 0.0 0.0114039207082 46 0 0.97247706422 0.623908458151 3.28471909334
-0.12623 0.35028 3.35743 -0.12979 0.55971 3.77961456031 0.78258 0.98072 0.30541 0.41196 152.77952 195.62801 147.22542 138.42519 0.3 0.3 0.0 0.0 0.0 0.0 0.0 0.0 0.72115 0.0 0.0 45.47487 -0.49999 0.07399 0.0 0.0 0.0 0.0 0.0 0.0 0.0117873559595 47 0 0.956140350877 1.04521666502 3.28471909334
-0.12623 0.35028 3.35743 -0.12979 0.55971 3.88182683812 0.78258 0.98072 0.30541 0.41196 152.77952 195.62801 147.22542 138.42519 0.3 0.3 0.0 0.0 0.0 0.0 0.0 0.0 0.72115 0.0 0.0 45.47487 -0.49999 0.07399 0.0 0.0 0.0 0.0 0.0 0.0 0.0121000829575 48 1 0.973214285714 0.742854980963 2.14350742778
-0.12623 0.35028 3.35743 -0.12979 0.55971 3.96131257049 0.78258 0.98072 0.30541 0.41196 152.77952 195.62801 147.22542 138.42519 0.3 0.3 0.0 0.0 0.0 0.0 0.0 0.0 0.72115 0.0 0.0 45.47487 -0.49999 0.07399 0.0 0.0 0.0 0.0 0.0 0.0 0.0121736867764 49 1 0.981651376147 0.460826892517 3.24832268286
-0.12623 0.35028 3.35743 -0.12979 0.55971 3.93648106248 0.78258 0.98072 0.30541 0.41196 152.77952 195.62801 147.22542 138.42519 0.3 0.3 0.0 0.0 0.0 0.0 0.0 0.0 0.72115 0.0 0.0 45.47487 -0.49999 0.07399 0.0 0.0 0.0 0.0 0.0 0.0 0.0120047172427 50 1 0.981818181818 0.613816400163 3.0713837731
