-0.12623 0.35028 3.35743 -0.12979 0.55971 4.09142595133 0.78258 0.98072 0.30541 0.41196 152.77952 195.62801 147.22542 138.42519 0.3 0.3 0.0 0.0 0.0 0.0 0.0 0.0 0.72115 0.0 0.0 45.47487 -0.49999 0.07399 0.0 0.0 0.0 0.0 0.0 0.0 0.01 0 1 0.981651376147 0.511753808678 3.24537320535
-0.12623 0.35028 3.35743 -0.12979 0.55971 4.11368801446 0.78258 0.98072 0.30541 0.41196 152.77952 195.62801 147.22542 138.42519 0.3 0.3 0.0 0.0 0.0 0.0 0.0 0.0 0.72115 0.0 0.0 45.47487 -0.49999 0.07399 0.0 0.0 0.0 0.0 0.0 0.0 0.0104422953361 1 0 0.963302752294 0.563996986744 3.24537320535
-0.12623 0.35028 3.35743 -0.12979 0.55971 4.09414119689 0.78258 0.98072 0.30541 0.41196 152.77952 195.62801 147.22542 138.42519 0.3 0.3 0.0 0.0 0.0 0.0 0.0 0.0 0.72115 0.0 0.0 45.47487 -0.49999 0.07399 0.0 0.0 0.0 0.0 0.0 0.0 0.0104370269271 2 1 0.97247706422 0.517602661478 2.71192255031
-0.12623 0.35028 3.35743 -0.12979 0.55971 4.24011664541 0.78258 0.98072 0.30541 0.41196 152.77952 195.62801 147.22542 138.42519 0.3 0.3 0.0 0.0 0.0 0.0 0.0 0.0 0.72115 0.0 0.0 45.47487 -0.49999 0.07399 0.0 0.0 0.0 0.0 0.0 0.0 0.011122615173 3 0 0.94495412844 1.02405832106 2.71192255031
-0.12623 0.35028 3.35743 -0.12979 0.55971 4.08248903226 0.78258 0.98072 0.30541 0.41196 152.77952 195.62801 147.22542 138.42519 0.3 0.3 0.0 0.0 0.0 0.0 0.0 0.0 0.72115 0.0 0.0 45.47487 -0.49999 0.07399 0.0 0.0 0.0 0.0 0.0 0.0 0.0109968111524 4 1 0.97247706422 0.491427338031 2.83482344718
-0.12623 0.35028 3.35743 -0.12979 0.55971 4.09794224638 0.78258 0.98072 0.30541 0.41196 152.77952 195.62801 147.22542 138.42519 0.3 0.3 0.0 0.0 0.0 0.0 0.0 0.0 0.72115 0.0 0.0 45.47487 -0.49999 0.07399 0.0 0.0 0.0 0.0 0.0 0.0 0.0111894251654 5 1 0.97247706422 0.519491912873 2.75745031728
-0.12623 0.35028 3.35743 -0.12979 0.55971 4.24660851354 0.78258 0.98072 0.30541 0.41196 152.77952 195.62801 147.22542 138.42519 0.3 0.3 0.0 0.0 0.0 0.0 0.0 0.0 0.72115 0.0 0.0 45.47487 -0.49999 0.07399 0.0 0.0 0.0 0.0 0.0 0.0 0.0107539472584 6 0 0.94495412844 1.05409302663 2.75745031728
-0.12623 0.35028 3.35743 -0.12979 0.55971 4.07777135449 0.78258 0.98072 0.30541 0.41196 152.77952 195.62801 147.22542 138.42519 0.3 0.3 0.0 0.0 0.0 0.0 0.0 0.0 0.72115 0.0 0.0 45.47487 -0.49999 0.07399 0.0 0.0 0.0 0.0 0.0 0.0 0.0106503595348 7 1 0.97247706422 0.624280879828 2.3218822907
-0.12623 0.35028 3.35743 -0.12979 0.55971 3.90110105181 0.78258 0.98072 0.30541 0.41196 152.77952 195.62801 147.22542 138.42519 0.3 0.3 0.0 0.0 0.0 0.0 0.0 0.0 0.72115 0.0 0.0 45.47487 -0.49999 0.07399 0.0 0.0 0.0 0.0 0.0 0.0 0.0111027704033 8 1 0.964285714286 0.71934355034 0.904526165681
-0.12623 0.35028 3.35743 -0.12979 0.55971 3.72121191211 0.78258 0.98072 0.30541 0.41196 152.77952 195.62801 147.22542 138.42519 0.3 0.3 0.0 0.0 0.0 0.0 0.0 0.0 0.72115 0.0 0.0 45.47487 -0.49999 0.07399 0.0 0.0 0.0 0.0 0.0 0.0 0.0116670857795 9 0 0.939655172414 1.23387779837 0.904526165681
-0.12623 0.35028 3.35743 -0.12979 0.55971 3.93098758338 0.78258 0.98072 0.30541 0.41196 152.77952 195.62801 147.22542 138.42519 0.3 0.3 0.0 0.0 0.0 0.0 0.0 0.0 0.72115 0.0 0.0 45.47487 -0.49999 0.07399 0.0 0.0 0.0 0.0 0.0 0.0 0.0108167722126 10 1 0.990909090909 0.637852616841 3.46402770732
-0.12623 0.35028 3.35743 -0.12979 0.55971 3.78734286222 0.78258 0.98072 0.30541 0.41196 152.77952 195.62801 147.22542 138.42519 0.3 0.3 0.0 0.0 0.0 0.0 0.0 0.0 0.72115 0.0 0.0 45.47487 -0.49999 0.07399 0.0 0.0 0.0 0.0 0.0 0.0 0.0103137540178 11 0 0.956140350877 0.952485118032 3.46402770732
-0.12623 0.35028 3.35743 -0.12979 0.55971 4.04050118177 0.78258 0.98072 0.30541 0.41196 152.77952 195.62801 147.22542 138.42519 0.3 0.3 0.0 0.0 0.0 0.0 0.0 0.0 0.72115 0.0 0.0 45.47487 -0.49999 0.07399 0.0 0.0 0.0 0.0 0.0 0.0 0.0116633023158 12 1 0.97247706422 0.529526861559 2.75165453126
-0.12623 0.35028 3.35743 -0.12979 0.55971 3.9915821305 0.78258 0.98072 0.30541 0.41196 152.77952 195.62801 147.22542 138.42519 0.3 0.3 0.0 0.0 0.0 0.0 0.0 0.0 0.72115 0.0 0.0 45.47487 -0.49999 0.07399 0.0 0.0 0.0 0.0 0.0 0.0 0.0116863306394 13 1 0.981651376147 0.442794323771 3.28872579074
-0.12623 0.35028 3.35743 -0.12979 0.55971 3.98475265646 0.78258 0.98072 0.30541 0.41196 152.77952 195.62801 147.22542 138.42519 0.3 0.3 0.0 0.0 0.0 0.0 0.0 0.0 0.72115 0.0 0.0 45.47487 -0.49999 0.07399 0.0 0.0 0.0 0.0 0.0 0.0 0.0113262198635 14 1 0.981651376147 0.443847185887 3.30318837923
-0.12623 0.35028 3.35743 -0.12979 0.55971 3.95515074352 0.78258 0.98072 0.30541 0.41196 152.77952 195.62801 147.22542 138.42519 0.3 0.3 0.0 0.0 0.0 0.0 0.0 0.0 0.72115 0.0 0.0 45.47487 -0.49999 0.07399 0.0 0.0 0.0 0.0 0.0 0.0 0.0119644712287 15 0 0.972727272727 0.465746599517 3.30318837923
-0.12623 0.35028 3.35743 -0.12979 0.55971 4.06015487592 0.78258 0.98072 0.30541 0.41196 152.77952 195.62801 147.22542 138.42519 0.3 0.3 0.0 0.0 0.0 0.0 0.0 0.0 0.72115 0.0 0.0 45.47487 -0.49999 0.07399 0.0 0.0 0.0 0.0 0.0 0.0 0.0121267546941 16 1 0.97247706422 0.622906434566 2.49405639859
-0.12623 0.35028 3.35743 -0.12979 0.55971 4.12698198392 0.78258 0.98072 0.30541 0.41196 152.77952 195.62801 147.22542 138.42519 0.3 0.3 0.0 0.0 0.0 0.0 0.0 0.0 0.72115 0.0 0.0 45.47487 -0.49999 0.07399 0.0 0.0 0.0 0.0 0.0 0.0 0.0127261914813 17 1 0.963302752294 0.610910026652 1.89350160816
-0.12623 0.35028 3.35743 -0.12979 0.55971 4.05880063129 0.78258 0.98072 0.30541 0.41196 152.77952 195.62801 147.22542 138.42519 0.3 0.3 0.0 0.0 0.0 0.0 0.0 0.0 0.72115 0.0 0.0 45.47487 -0.49999 0.07399 0.0 0.0 0.0 0.0 0.0 0.0 0.0130086268047 18 1 0.97247706422 0.593146923705 2.63575729748
-0.12623 0.35028 3.35743 -0.12979 0.55971 3.99667936719 0.78258 0.98072 0.30541 0.41196 152.77952 195.62801 147.22542 138.42519 0.3 0.3 0.0 0.0 0.0 0.0 0.0 0.0 0.72115 0.0 0.0 45.47487 -0.49999 0.07399 0.0 0.0 0.0 0.0 0.0 0.0 0.0118504963858 19 1 0.981651376147 0.54290311599 3.16314296588
-0.12623 0.35028 3.35743 -0.12979 0.55971 3.99496286165 0.78258 0.98072 0.30541 0.41196 152.77952 195.62801 147.22542 138.42519 0.3 0.3 0.0 0.0 0.0 0.0 0.0 0.0 0.72115 0.0 0.0 45.47487 -0.49999 0.07399 0.0 0.0 0.0 0.0 0.0 0.0 0.0118885751892 20 1 0.981651376147 0.539788103004 3.16621128913
-0.12623 0.35028 3.35743 -0.12979 0.55971 4.0176006817 0.78258 0.98072 0.30541 0.41196 152.77952 195.62801 147.22542 138.42519 0.3 0.3 0.0 0.0 0.0 0.0 0.0 0.0 0.72115 0.0 0.0 45.47487 -0.49999 0.07399 0.0 0.0 0.0 0.0 0.0 0.0 0.0123104792933 21 1 0.990825688073 0.14789652813 3.4722917556
-0.12623 0.35028 3.35743 -0.12979 0.55971 4.02716220173 0.78258 0.98072 0.30541 0.41196 152.77952 195.62801 147.22542 138.42519 0.3 0.3 0.0 0.0 0.0 0.0 0.0 0.0 0.72115 0.0 0.0 45.47487 -0.49999 0.07399 0.0 0.0 0.0 0.0 0.0 0.0 0.0122349015264 22 1 0.990825688073 0.131827658123 3.47963837122
-0.12623 0.35028 3.35743 -0.12979 0.55971 3.90876071416 0.78258 0.98072 0.30541 0.41196 152.77952 195.62801 147.22542 138.42519 0.3 0.3 0.0 0.0 0.0 0.0 0.0 0.0 0.72115 0.0 0.0 45.47487 -0.49999 0.07399 0.0 0.0 0.0 0.0 0.0 0.0 0.0113637968999 23 1 0.973214285714 0.599045072112 2.56149116464
-0.12623 0.35028 3.35743 -0.12979 0.55971 3.83800097914 0.78258 0.98072 0.30541 0.41196 152.77952 195.62801 147.22542 138.42519 0.3 0.3 0.0 0.0 0.0 0.0 0.0 0.0 0.72115 0.0 0.0 45.47487 -0.49999 0.07399 0.0 0.0 0.0 0.0 0.0 0.0 0.0119162733842 24 0 0.955752212389 0.786822698725 2.56149116464
-0.12623 0.35028 3.35743 -0.12979 0.55971 3.68355967841 0.78258 0.98072 0.30541 0.41196 152.77952 195.62801 147.22542 138.42519 0.3 0.3 0.0 0.0 0.0 0.0 0.0 0.0 0.72115 0.0 0.0 45.47487 -0.49999 0.07399 0.0 0.0 0.0 0.0 0.0 0.0 0.0116020108023 25 0 0.915254237288 1.48232425316 2.56149116464
-0.12623 0.35028 3.35743 -0.12979 0.55971 3.97989445713 0.78258 0.98072 0.30541 0.41196 152.77952 195.62801 147.22542 138.42519 0.3 0.3 0.0 0.0 0.0 0.0 0.0 0.0 0.72115 0.0 0.0 45.47487 -0.49999 0.07399 0.0 0.0 0.0 0.0 0.0 0.0 0.0109921227349 26 1 0.981651376147 0.18398145031 3.54447913221
-0.12623 0.35028 3.35743 -0.12979 0.55971 4.04557787777 0.78258 0.98072 0.30541 0.41196 152.77952 195.62801 147.22542 138.42519 0.3 0.3 0.0 0.0 0.0 0.0 0.0 0.0 0.72115 0.0 0.0 45.47487 -0.49999 0.07399 0.0 0.0 0.0 0.0 0.0 0.0 0.0109178299715 27 1 0.97247706422 0.531884942301 2.69949700536
-0.12623 0.35028 3.35743 -0.12979 0.55971 4.19709282635 0.78258 0.98072 0.30541 0.41196 152.77952 195.62801 147.22542 138.42519 0.3 0.3 0.0 0.0 0.0 0.0 0.0 0.0 0.72115 0.0 0.0 45.47487 -0.49999 0.07399 0.0 0.0 0.0 0.0 0.0 0.0 0.0108014706331 28 0 0.94495412844 1.00226372982 2.69949700536
-0.12623 0.35028 3.35743 -0.12979 0.55971 4.03960919543 0.78258 0.98072 0.30541 0.41196 152.77952 195.62801 147.22542 138.42519 0.3 0.3 0.0 0.0 0.0 0.0 0.0 0.0 0.72115 0.0 0.0 45.47487 -0.49999 0.07399 0.0 0.0 0.0 0.0 0.0 0.0 0.0112692248528 29 1 0.97247706422 0.529392942623 2.73089239858
-0.12623 0.35028 3.35743 -0.12979 0.55971 4.19016967711 0.78258 0.98072 0.30541 0.41196 152.77952 195.62801 147.22542 138.42519 0.3 0.3 0.0 0.0 0.0 0.0 0.0 0.0 0.72115 0.0 0.0 45.47487 -0.49999 0.07399 0.0 0.0 0.0 0.0 0.0 0.0 0.0121085412178 30 0 0.94495412844 0.993465397089 2.73089239858
-0.12623 0.35028 3.35743 -0.12979 0.55971 4.09694831883 0.78258 0.98072 0.30541 0.41196 152.77952 195.62801 147.22542 138.42519 0.3 0.3 0.0 0.0 0.0 0.0 0.0 0.0 0.72115 0.0 0.0 45.47487 -0.49999 0.07399 0.0 0.0 0.0 0.0 0.0 0.0 0.0110194266515 31 1 0.981651376147 0.515623908882 3.22058263132
-0.12623 0.35028 3.35743 -0.12979 0.55971 4.03496038628 0.78258 0.98072 0.30541 0.41196 152.77952 195.62801 147.22542 138.42519 0.3 0.3 0.0 0.0 0.0 0.0 0.0 0.0 0.72115 0.0 0.0 45.47487 -0.49999 0.07399 0.0 0.0 0.0 0.0 0.0 0.0 0.0108790907477 32 1 0.981651376147 0.464004339803 3.29575243328
-0.12623 0.35028 3.35743 -0.12979 0.55971 4.04813453766 0.78258 0.98072 0.30541 0.41196 152.77952 195.62801 147.22542 138.42519 0.3 0.3 0.0 0.0 0.0 0.0 0.0 0.0 0.72115 0.0 0.0 45.47487 -0.49999 0.07399 0.0 0.0 0.0 0.0 0.0 0.0 0.0115128194726 33 0 0.97247706422 0.51927184533 3.29575243328
-0.12623 0.35028 3.35743 -0.12979 0.55971 3.93055397563 0.78258 0.98072 0.30541 0.41196 152.77952 195.62801 147.22542 138.42519 0.3 0.3 0.0 0.0 0.0 0.0 0.0 0.0 0.72115 0.0 0.0 45.47487 -0.49999 0.07399 0.0 0.0 0.0 0.0 0.0 0.0 0.0109290775876 34 1 0.990909090909 0.637804612586 3.45665781796
-0.12623 0.35028 3.35743 -0.12979 0.55971 3.93667433929 0.78258 0.98072 0.30541 0.41196 152.77952 195.62801 147.22542 138.42519 0.3 0.3 0.0 0.0 0.0 0.0 0.0 0.0 0.72115 0.0 0.0 45.47487 -0.49999 0.07399 0.0 0.0 0.0 0.0 0.0 0.0 0.0103635960708 35 1 0.981818181818 0.613813644453 3.07069271232
-0.12623 0.35028 3.35743 -0.12979 0.55971 4.07467391036 0.78258 0.98072 0.30541 0.41196 152.77952 195.62801 147.22542 138.42519 0.3 0.3 0.0 0.0 0.0 0.0 0.0 0.0 0.72115 0.0 0.0 45.47487 -0.49999 0.07399 0.0 0.0 0.0 0.0 0.0 0.0 0.011507762505 36 1 0.97247706422 0.621981137109 2.43934399018
-0.12623 0.35028 3.35743 -0.12979 0.55971 4.04553890291 0.78258 0.98072 0.30541 0.41196 152.77952 195.62801 147.22542 138.42519 0.3 0.3 0.0 0.0 0.0 0.0 0.0 0.0 0.72115 0.0 0.0 45.47487 -0.49999 0.07399 0.0 0.0 0.0 0.0 0.0 0.0 0.0117104168197 37 1 0.97247706422 0.531883246215 2.74698470708
-0.12623 0.35028 3.35743 -0.12979 0.55971 3.9194609873 0.78258 0.98072 0.30541 0.41196 152.77952 195.62801 147.22542 138.42519 0.3 0.3 0.0 0.0 0.0 0.0 0.0 0.0 0.72115 0.0 0.0 45.47487 -0.49999 0.07399 0.0 0.0 0.0 0.0 0.0 0.0 0.0125548746933 38 1 0.990909090909 0.611264634042 3.36075458353
-0.12623 0.35028 3.35743 -0.12979 0.55971 4.00213889009 0.78258 0.98072 0.30541 0.41196 152.77952 195.62801 147.22542 138.42519 0.3 0.3 0.0 0.0 0.0 0.0 0.0 0.0 0.72115 0.0 0.0 45.47487 -0.49999 0.07399 0.0 0.0 0.0 0.0 0.0 0.0 0.0130525784485 39 1 0.990825688073 0.523407780204 3.35215971614
-0.12623 0.35028 3.35743 -0.12979 0.55971 4.00890904867 0.78258 0.98072 0.30541 0.41196 152.77952 195.62801 147.22542 138.42519 0.3 0.3 0.0 0.0 0.0 0.0 0.0 0.0 0.72115 0.0 0.0 45.47487 -0.49999 0.07399 0.0 0.0 0.0 0.0 0.0 0.0 0.0133072422319 40 1 0.990825688073 0.51192481786 3.3382276634
-0.12623 0.35028 3.35743 -0.12979 0.55971 3.9065603394 0.78258 0.98072 0.30541 0.41196 152.77952 195.62801 147.22542 138.42519 0.3 0.3 0.0 0.0 0.0 0.0 0.0 0.0 0.72115 0.0 0.0 45.47487 -0.49999 0.07399 0.0 0.0 0.0 0.0 0.0 0.0 0.0131220088325 41 0 0.964285714286 0.699677095676 3.3382276634
-0.12623 0.35028 3.35743 -0.12979 0.55971 3.99069681289 0.78258 0.98072 0.30541 0.41196 152.77952 195.62801 147.22542 138.42519 0.3 0.3 0.0 0.0 0.0 0.0 0.0 0.0 0.72115 0.0 0.0 45.47487 -0.49999 0.07399 0.0 0.0 0.0 0.0 0.0 0.0 0.0140501546293 42 1 0.981651376147 0.442901213379 3.17890930979
-0.12623 0.35028 3.35743 -0.12979 0.55971 3.98770609085 0.78258 0.98072 0.30541 0.41196 152.77952 195.62801 147.22542 138.42519 0.3 0.3 0.0 0.0 0.0 0.0 0.0 0.0 0.72115 0.0 0.0 45.47487 -0.49999 0.07399 0.0 0.0 0.0 0.0 0.0 0.0 0.0142464998297 43 1 0.981651376147 0.444064718322 3.16875450286
-0.12623 0.35028 3.35743 -0.12979 0.55971 3.96414012539 0.78258 0.98072 0.30541 0.41196 152.77952 195.62801 147.22542 138.42519 0.3 0.3 0.0 0.0 0.0 0.0 0.0 0.0 0.72115 0.0 0.0 45.47487 -0.49999 0.07399 0.0 0.0 0.0 0.0 0.0 0.0 0.0142737741946 44 1 0.990825688073 0.443513320767 3.28976231475
-0.12623 0.35028 3.35743 -0.12979 0.55971 3.88855837058 0.78258 0.98072 0.30541 0.41196 152.77952 195.62801 147.22542 138.42519 0.3 0.3 0.0 0.0 0.0 0.0 0.0 0.0 0.72115 0.0 0.0 45.47487 -0.49999 0.07399 0.0 0.0 0.0 0.0 0.0 0.0 0.0146019587635 45 0 0.955357142857 0.717325646494 3.28976231475
-0.12623 0.35028 3.35743 -0.12979 0.55971 3.91976317426 0.78258 0.98072 0.30541 0.41196 152.77952 195.62801 147.22542 138.42519 0.3 0.3 0.0 0.0 0.0 0.0 0.0 0.0 0.72115 0.0 0.0 45.47487 -0.49999 0.07399 0.0 0.0 0.0 0.0 0.0 0.0 0.0145048899789 46 1 0.990909090909 0.611123757984 3.24097855325
-0.12623 0.35028 3.35743 -0.12979 0.55971 3.8333146625 0.78258 0.98072 0.30541 0.41196 152.77952 195.62801 147.22542 138.42519 0.3 0.3 0.0 0.0 0.0 0.0 0.0 0.0 0.72115 0.0 0.0 45.47487 -0.49999 0.07399 0.0 0.0 0.0 0.0 0.0 0.0 0.0155369929525 47 0 0.964601769912 0.835695555396 3.24097855325
-0.12623 0.35028 3.35743 -0.12979 0.55971 4.01771654233 0.78258 0.98072 0.30541 0.41196 152.77952 195.62801 147.22542 138.42519 0.3 0.3 0.0 0.0 0.0 0.0 0.0 0.0 0.72115 0.0 0.0 45.47487 -0.49999 0.07399 0.0 0.0 0.0 0.0 0.0 0.0 0.0144912168663 48 1 0.990825688073 0.147900251021 3.3108902699
-0.12623 0.35028 3.35743 -0.12979 0.55971 3.85461354462 0.78258 0.98072 0.30541 0.41196 152.77952 195.62801 147.22542 138.42519 0.3 0.3 0.0 0.0 0.0 0.0 0.0 0.0 0.72115 0.0 0.0 45.47487 -0.49999 0.07399 0.0 0.0 0.0 0.0 0.0 0.0 0.0139349849478 49 1 0.964285714286 0.683056292123 1.82207844185
-0.12623 0.35028 3.35743 -0.12979 0.55971 3.72935206427 0.78258 0.98072 0.30541 0.41196 152.77952 195.62801 147.22542 138.42519 0.3 0.3 0.0 0.0 0.0 0.0 0.0 0.0 0.72115 0.0 0.0 45.47487 -0.49999 0.07399 0.0 0.0 0.0 0.0 0.0 0.0 0.0143804105009 50 0 0.939655172414 1.19177538808 1.82207844185
