-0.12623 0.35028 3.35743 -0.12979 0.55971 3.172248584 0.78258 0.98072 0.30541 0.41196 152.77952 195.62801 147.22542 138.42519 0.3 0.3 0.0 0.0 0.0 0.0 0.0 0.0 0.72115 0.0 0.0 45.47487 -0.49999 0.07399 0.0 0.0 0.0 0.0 0.0 0.0 0.01 0 1 0.886178861789 1.95963063088 -245.06445678
-0.12623 0.35028 3.35743 -0.12979 0.55971 3.19729953792 0.78258 0.98072 0.30541 0.41196 152.77952 195.62801 147.22542 138.42519 0.3 0.3 0.0 0.0 0.0 0.0 0.0 0.0 0.72115 0.0 0.0 45.47487 -0.49999 0.07399 0.0 0.0 0.0 0.0 0.0 0.0 0.0102181027329 1 0 0.870967741935 2.14254420595 -245.06445678
-0.12623 0.35028 3.35743 -0.12979 0.55971 3.09541175661 0.78258 0.98072 0.30541 0.41196 152.77952 195.62801 147.22542 138.42519 0.3 0.3 0.0 0.0 0.0 0.0 0.0 0.0 0.72115 0.0 0.0 45.47487 -0.49999 0.07399 0.0 0.0 0.0 0.0 0.0 0.0 0.0104675222512 2 0 0.850393700787 2.07188987401 -245.06445678
-0.12623 0.35028 3.35743 -0.12979 0.55971 3.18549717165 0.78258 0.98072 0.30541 0.41196 152.77952 195.62801 147.22542 138.42519 0.3 0.3 0.0 0.0 0.0 0.0 0.0 0.0 0.72115 0.0 0.0 45.47487 -0.49999 0.07399 0.0 0.0 0.0 0.0 0.0 0.0 0.00965553990486 3 0 0.864 1.97855369546 -245.06445678
-0.12623 0.35028 3.35743 -0.12979 0.55971 3.38732368184 0.78258 0.98072 0.30541 0.41196 152.77952 195.62801 147.22542 138.42519 0.3 0.3 0.0 0.0 0.0 0.0 0.0 0.0 0.72115 0.0 0.0 45.47487 -0.49999 0.07399 0.0 0.0 0.0 0.0 0.0 0.0 0.0103697919434 4 1 0.869918699187 1.77408269916 -243.982432051
-0.12623 0.35028 3.35743 -0.12979 0.55971 3.40527870567 0.78258 0.98072 0.30541 0.41196 152.77952 195.62801 147.22542 138.42519 0.3 0.3 0.0 0.0 0.0 0.0 0.0 0.0 0.72115 0.0 0.0 45.47487 -0.49999 0.07399 0.0 0.0 0.0 0.0 0.0 0.0 0.0111043647708 5 1 0.885245901639 1.74406550124 -158.840410908
-0.12623 0.35028 3.35743 -0.12979 0.55971 3.5235556845 0.78258 0.98072 0.30541 0.41196 152.77952 195.62801 147.22542 138.42519 0.3 0.3 0.0 0.0 0.0 0.0 0.0 0.0 0.72115 0.0 0.0 45.47487 -0.49999 0.07399 0.0 0.0 0.0 0.0 0.0 0.0 0.0112557672696 6 1 0.915966386555 1.48739018714 -58.0881135688
-0.12623 0.35028 3.35743 -0.12979 0.55971 3.50857297543 0.78258 0.98072 0.30541 0.41196 152.77952 195.62801 147.22542 138.42519 0.3 0.3 0.0 0.0 0.0 0.0 0.0 0.0 0.72115 0.0 0.0 45.47487 -0.49999 0.07399 0.0 0.0 0.0 0.0 0.0 0.0 0.01257554433 7 0 0.900826446281 1.69943525895 -58.0881135688
-0.12623 0.35028 3.35743 -0.12979 0.55971 3.54167821857 0.78258 0.98072 0.30541 0.41196 152.77952 195.62801 147.22542 138.42519 0.3 0.3 0.0 0.0 0.0 0.0 0.0 0.0 0.72115 0.0 0.0 45.47487 -0.49999 0.07399 0.0 0.0 0.0 0.0 0.0 0.0 0.0106604007032 8 1 0.915966386555 1.3839554837 -55.8854329348
-0.12623 0.35028 3.35743 -0.12979 0.55971 3.47642722824 0.78258 0.98072 0.30541 0.41196 152.77952 195.62801 147.22542 138.42519 0.3 0.3 0.0 0.0 0.0 0.0 0.0 0.0 0.72115 0.0 0.0 45.47487 -0.49999 0.07399 0.0 0.0 0.0 0.0 0.0 0.0 0.0107335727507 9 0 0.877049180328 1.6140033687 -55.8854329348
-0.12623 0.35028 3.35743 -0.12979 0.55971 3.517909892 0.78258 0.98072 0.30541 0.41196 152.77952 195.62801 147.22542 138.42519 0.3 0.3 0.0 0.0 0.0 0.0 0.0 0.0 0.72115 0.0 0.0 45.47487 -0.49999 0.07399 0.0 0.0 0.0 0.0 0.0 0.0 0.0109408594894 10 0 0.9 1.54027288758 -55.8854329348
-0.12623 0.35028 3.35743 -0.12979 0.55971 3.5021005198 0.78258 0.98072 0.30541 0.41196 152.77952 195.62801 147.22542 138.42519 0.3 0.3 0.0 0.0 0.0 0.0 0.0 0.0 0.72115 0.0 0.0 45.47487 -0.49999 0.07399 0.0 0.0 0.0 0.0 0.0 0.0 0.0106606057752 11 0 0.893442622951 1.71038688471 -55.8854329348
-0.12623 0.35028 3.35743 -0.12979 0.55971 3.37424270429 0.78258 0.98072 0.30541 0.41196 152.77952 195.62801 147.22542 138.42519 0.3 0.3 0.0 0.0 0.0 0.0 0.0 0.0 0.72115 0.0 0.0 45.47487 -0.49999 0.07399 0.0 0.0 0.0 0.0 0.0 0.0 0.0105213176863 12 0 0.868852459016 1.81292208229 -55.8854329348
-0.12623 0.35028 3.35743 -0.12979 0.55971 3.73019164537 0.78258 0.98072 0.30541 0.41196 152.77952 195.62801 147.22542 138.42519 0.3 0.3 0.0 0.0 0.0 0.0 0.0 0.0 0.72115 0.0 0.0 45.47487 -0.49999 0.07399 0.0 0.0 0.0 0.0 0.0 0.0 0.0102947942161 13 1 0.939655172414 1.19162127359 -20.7372845863
-0.12623 0.35028 3.35743 -0.12979 0.55971 3.79352793782 0.78258 0.98072 0.30541 0.41196 152.77952 195.62801 147.22542 138.42519 0.3 0.3 0.0 0.0 0.0 0.0 0.0 0.0 0.72115 0.0 0.0 45.47487 -0.49999 0.07399 0.0 0.0 0.0 0.0 0.0 0.0 0.0101422538515 14 1 0.947826086957 1.00577740814 -9.71268542499
-0.12623 0.35028 3.35743 -0.12979 0.55971 3.77318236386 0.78258 0.98072 0.30541 0.41196 152.77952 195.62801 147.22542 138.42519 0.3 0.3 0.0 0.0 0.0 0.0 0.0 0.0 0.72115 0.0 0.0 45.47487 -0.49999 0.07399 0.0 0.0 0.0 0.0 0.0 0.0 0.00999415431058 15 1 0.956140350877 0.953372591608 -5.06571210584
-0.12623 0.35028 3.35743 -0.12979 0.55971 3.90746663068 0.78258 0.98072 0.30541 0.41196 152.77952 195.62801 147.22542 138.42519 0.3 0.3 0.0 0.0 0.0 0.0 0.0 0.0 0.72115 0.0 0.0 45.47487 -0.49999 0.07399 0.0 0.0 0.0 0.0 0.0 0.0 0.00928646694538 16 1 0.964285714286 0.704539404217 0.0894352460154
-0.12623 0.35028 3.35743 -0.12979 0.55971 3.88229449185 0.78258 0.98072 0.30541 0.41196 152.77952 195.62801 147.22542 138.42519 0.3 0.3 0.0 0.0 0.0 0.0 0.0 0.0 0.72115 0.0 0.0 45.47487 -0.49999 0.07399 0.0 0.0 0.0 0.0 0.0 0.0 0.00894494672272 17 0 0.955357142857 0.78998650157 0.0894352460154
-0.12623 0.35028 3.35743 -0.12979 0.55971 3.83996924184 0.78258 0.98072 0.30541 0.41196 152.77952 195.62801 147.22542 138.42519 0.3 0.3 0.0 0.0 0.0 0.0 0.0 0.0 0.72115 0.0 0.0 45.47487 -0.49999 0.07399 0.0 0.0 0.0 0.0 0.0 0.0 0.00948024537583 18 0 0.955752212389 0.786933057389 0.0894352460154
-0.12623 0.35028 3.35743 -0.12979 0.55971 3.86807008428 0.78258 0.98072 0.30541 0.41196 152.77952 195.62801 147.22542 138.42519 0.3 0.3 0.0 0.0 0.0 0.0 0.0 0.0 0.72115 0.0 0.0 45.47487 -0.49999 0.07399 0.0 0.0 0.0 0.0 0.0 0.0 0.00827937386599 19 1 0.964285714286 0.666193818447 -0.25409575723
-0.12623 0.35028 3.35743 -0.12979 0.55971 3.89229037181 0.78258 0.98072 0.30541 0.41196 152.77952 195.62801 147.22542 138.42519 0.3 0.3 0.0 0.0 0.0 0.0 0.0 0.0 0.72115 0.0 0.0 45.47487 -0.49999 0.07399 0.0 0.0 0.0 0.0 0.0 0.0 0.00795186737569 20 0 0.955357142857 0.718310770259 -0.25409575723
-0.12623 0.35028 3.35743 -0.12979 0.55971 3.87270943399 0.78258 0.98072 0.30541 0.41196 152.77952 195.62801 147.22542 138.42519 0.3 0.3 0.0 0.0 0.0 0.0 0.0 0.0 0.72115 0.0 0.0 45.47487 -0.49999 0.07399 0.0 0.0 0.0 0.0 0.0 0.0 0.00867016316327 21 1 0.973214285714 0.661002450973 1.74382347631
-0.12623 0.35028 3.35743 -0.12979 0.55971 3.94613319913 0.78258 0.98072 0.30541 0.41196 152.77952 195.62801 147.22542 138.42519 0.3 0.3 0.0 0.0 0.0 0.0 0.0 0.0 0.72115 0.0 0.0 45.47487 -0.49999 0.07399 0.0 0.0 0.0 0.0 0.0 0.0 0.00788385393158 22 1 0.981818181818 0.582364780848 3.02210132675
-0.12623 0.35028 3.35743 -0.12979 0.55971 4.14365379063 0.78258 0.98072 0.30541 0.41196 152.77952 195.62801 147.22542 138.42519 0.3 0.3 0.0 0.0 0.0 0.0 0.0 0.0 0.72115 0.0 0.0 45.47487 -0.49999 0.07399 0.0 0.0 0.0 0.0 0.0 0.0 0.00773124825094 23 0 0.954128440367 0.744531271418 3.02210132675
-0.12623 0.35028 3.35743 -0.12979 0.55971 3.89744580325 0.78258 0.98072 0.30541 0.41196 152.77952 195.62801 147.22542 138.42519 0.3 0.3 0.0 0.0 0.0 0.0 0.0 0.0 0.72115 0.0 0.0 45.47487 -0.49999 0.07399 0.0 0.0 0.0 0.0 0.0 0.0 0.00692716989444 24 0 0.955357142857 0.682614706903 3.02210132675
-0.12623 0.35028 3.35743 -0.12979 0.55971 4.00434201572 0.78258 0.98072 0.30541 0.41196 152.77952 195.62801 147.22542 138.42519 0.3 0.3 0.0 0.0 0.0 0.0 0.0 0.0 0.72115 0.0 0.0 45.47487 -0.49999 0.07399 0.0 0.0 0.0 0.0 0.0 0.0 0.00775598274431 25 1 0.990825688073 0.523380126231 3.74871592521
-0.12623 0.35028 3.35743 -0.12979 0.55971 4.0559243096 0.78258 0.98072 0.30541 0.41196 152.77952 195.62801 147.22542 138.42519 0.3 0.3 0.0 0.0 0.0 0.0 0.0 0.0 0.72115 0.0 0.0 45.47487 -0.49999 0.07399 0.0 0.0 0.0 0.0 0.0 0.0 0.00746715694864 26 0 0.97247706422 0.59568439067 3.74871592521
-0.12623 0.35028 3.35743 -0.12979 0.55971 4.11394816503 0.78258 0.98072 0.30541 0.41196 152.77952 195.62801 147.22542 138.42519 0.3 0.3 0.0 0.0 0.0 0.0 0.0 0.0 0.72115 0.0 0.0 45.47487 -0.49999 0.07399 0.0 0.0 0.0 0.0 0.0 0.0 0.00813047922047 27 0 0.963302752294 0.564040092243 3.74871592521
-0.12623 0.35028 3.35743 -0.12979 0.55971 4.03701681079 0.78258 0.98072 0.30541 0.41196 152.77952 195.62801 147.22542 138.42519 0.3 0.3 0.0 0.0 0.0 0.0 0.0 0.0 0.72115 0.0 0.0 45.47487 -0.49999 0.07399 0.0 0.0 0.0 0.0 0.0 0.0 0.0077992254665 28 0 0.97247706422 0.528466044876 3.74871592521
-0.12623 0.35028 3.35743 -0.12979 0.55971 4.03506502473 0.78258 0.98072 0.30541 0.41196 152.77952 195.62801 147.22542 138.42519 0.3 0.3 0.0 0.0 0.0 0.0 0.0 0.0 0.72115 0.0 0.0 45.47487 -0.49999 0.07399 0.0 0.0 0.0 0.0 0.0 0.0 0.0076599564077 29 0 0.981651376147 0.464062040959 3.74871592521
-0.12623 0.35028 3.35743 -0.12979 0.55971 4.09772036352 0.78258 0.98072 0.30541 0.41196 152.77952 195.62801 147.22542 138.42519 0.3 0.3 0.0 0.0 0.0 0.0 0.0 0.0 0.72115 0.0 0.0 45.47487 -0.49999 0.07399 0.0 0.0 0.0 0.0 0.0 0.0 0.00771533792499 30 0 0.97247706422 0.518225394676 3.74871592521
-0.12623 0.35028 3.35743 -0.12979 0.55971 4.03739244871 0.78258 0.98072 0.30541 0.41196 152.77952 195.62801 147.22542 138.42519 0.3 0.3 0.0 0.0 0.0 0.0 0.0 0.0 0.72115 0.0 0.0 45.47487 -0.49999 0.07399 0.0 0.0 0.0 0.0 0.0 0.0 0.00717395311108 31 0 0.97247706422 0.528500726808 3.74871592521
-0.12623 0.35028 3.35743 -0.12979 0.55971 3.99165965868 0.78258 0.98072 0.30541 0.41196 152.77952 195.62801 147.22542 138.42519 0.3 0.3 0.0 0.0 0.0 0.0 0.0 0.0 0.72115 0.0 0.0 45.47487 -0.49999 0.07399 0.0 0.0 0.0 0.0 0.0 0.0 0.00781851335423 32 1 0.981651376147 0.442797565454 3.39239029681
-0.12623 0.35028 3.35743 -0.12979 0.55971 4.11183496 0.78258 0.98072 0.30541 0.41196 152.77952 195.62801 147.22542 138.42519 0.3 0.3 0.0 0.0 0.0 0.0 0.0 0.0 0.72115 0.0 0.0 45.47487 -0.49999 0.07399 0.0 0.0 0.0 0.0 0.0 0.0 0.00765439848714 33 0 0.963302752294 0.568422931241 3.39239029681
-0.12623 0.35028 3.35743 -0.12979 0.55971 4.03220964978 0.78258 0.98072 0.30541 0.41196 152.77952 195.62801 147.22542 138.42519 0.3 0.3 0.0 0.0 0.0 0.0 0.0 0.0 0.72115 0.0 0.0 45.47487 -0.49999 0.07399 0.0 0.0 0.0 0.0 0.0 0.0 0.00885362748213 34 1 0.97247706422 0.459926520812 2.78588820135
-0.12623 0.35028 3.35743 -0.12979 0.55971 4.09869613731 0.78258 0.98072 0.30541 0.41196 152.77952 195.62801 147.22542 138.42519 0.3 0.3 0.0 0.0 0.0 0.0 0.0 0.0 0.72115 0.0 0.0 45.47487 -0.49999 0.07399 0.0 0.0 0.0 0.0 0.0 0.0 0.00918478792075 35 0 0.963302752294 0.566761916961 2.78588820135
-0.12623 0.35028 3.35743 -0.12979 0.55971 4.02043151057 0.78258 0.98072 0.30541 0.41196 152.77952 195.62801 147.22542 138.42519 0.3 0.3 0.0 0.0 0.0 0.0 0.0 0.0 0.72115 0.0 0.0 45.47487 -0.49999 0.07399 0.0 0.0 0.0 0.0 0.0 0.0 0.0093412898002 36 1 1.0 0.00564189193148 3.75437240883
-0.12623 0.35028 3.35743 -0.12979 0.55971 3.99766862663 0.78258 0.98072 0.30541 0.41196 152.77952 195.62801 147.22542 138.42519 0.3 0.3 0.0 0.0 0.0 0.0 0.0 0.0 0.72115 0.0 0.0 45.47487 -0.49999 0.07399 0.0 0.0 0.0 0.0 0.0 0.0 0.010250339388 37 0 0.981651376147 0.542993361755 3.75437240883
-0.12623 0.35028 3.35743 -0.12979 0.55971 4.04451199736 0.78258 0.98072 0.30541 0.41196 152.77952 195.62801 147.22542 138.42519 0.3 0.3 0.0 0.0 0.0 0.0 0.0 0.0 0.72115 0.0 0.0 45.47487 -0.49999 0.07399 0.0 0.0 0.0 0.0 0.0 0.0 0.00989356879171 38 0 0.97247706422 0.532464443343 3.75437240883
-0.12623 0.35028 3.35743 -0.12979 0.55971 3.99203023465 0.78258 0.98072 0.30541 0.41196 152.77952 195.62801 147.22542 138.42519 0.3 0.3 0.0 0.0 0.0 0.0 0.0 0.0 0.72115 0.0 0.0 45.47487 -0.49999 0.07399 0.0 0.0 0.0 0.0 0.0 0.0 0.00963717453613 39 1 0.981651376147 0.442822983766 3.36777205468
-0.12623 0.35028 3.35743 -0.12979 0.55971 4.11738044407 0.78258 0.98072 0.30541 0.41196 152.77952 195.62801 147.22542 138.42519 0.3 0.3 0.0 0.0 0.0 0.0 0.0 0.0 0.72115 0.0 0.0 45.47487 -0.49999 0.07399 0.0 0.0 0.0 0.0 0.0 0.0 0.00976718199797 40 0 0.963302752294 0.570901075068 3.36777205468
-0.12623 0.35028 3.35743 -0.12979 0.55971 4.05020045054 0.78258 0.98072 0.30541 0.41196 152.77952 195.62801 147.22542 138.42519 0.3 0.3 0.0 0.0 0.0 0.0 0.0 0.0 0.72115 0.0 0.0 45.47487 -0.49999 0.07399 0.0 0.0 0.0 0.0 0.0 0.0 0.0101824262985 41 1 0.97247706422 0.519578553357 2.68196613546
-0.12623 0.35028 3.35743 -0.12979 0.55971 4.09582617898 0.78258 0.98072 0.30541 0.41196 152.77952 195.62801 147.22542 138.42519 0.3 0.3 0.0 0.0 0.0 0.0 0.0 0.0 0.72115 0.0 0.0 45.47487 -0.49999 0.07399 0.0 0.0 0.0 0.0 0.0 0.0 0.0107731690654 42 1 0.97247706422 0.517964888399 2.73622365909
-0.12623 0.35028 3.35743 -0.12979 0.55971 4.06321927155 0.78258 0.98072 0.30541 0.41196 152.77952 195.62801 147.22542 138.42519 0.3 0.3 0.0 0.0 0.0 0.0 0.0 0.0 0.72115 0.0 0.0 45.47487 -0.49999 0.07399 0.0 0.0 0.0 0.0 0.0 0.0 0.0106659465036 43 1 0.97247706422 0.623267677382 2.32842893943
-0.12623 0.35028 3.35743 -0.12979 0.55971 4.06932611921 0.78258 0.98072 0.30541 0.41196 152.77952 195.62801 147.22542 138.42519 0.3 0.3 0.0 0.0 0.0 0.0 0.0 0.0 0.72115 0.0 0.0 45.47487 -0.49999 0.07399 0.0 0.0 0.0 0.0 0.0 0.0 0.0104654093757 44 1 0.97247706422 0.624527734194 2.29193202696
-0.12623 0.35028 3.35743 -0.12979 0.55971 4.01346946266 0.78258 0.98072 0.30541 0.41196 152.77952 195.62801 147.22542 138.42519 0.3 0.3 0.0 0.0 0.0 0.0 0.0 0.0 0.72115 0.0 0.0 45.47487 -0.49999 0.07399 0.0 0.0 0.0 0.0 0.0 0.0 0.00972490443301 45 1 0.990825688073 0.0419140103497 3.7133449389
-0.12623 0.35028 3.35743 -0.12979 0.55971 3.92076534794 0.78258 0.98072 0.30541 0.41196 152.77952 195.62801 147.22542 138.42519 0.3 0.3 0.0 0.0 0.0 0.0 0.0 0.0 0.72115 0.0 0.0 45.47487 -0.49999 0.07399 0.0 0.0 0.0 0.0 0.0 0.0 0.009912502241 46 1 0.990909090909 0.611062818989 3.53798735657
-0.12623 0.35028 3.35743 -0.12979 0.55971 3.89687554842 0.78258 0.98072 0.30541 0.41196 152.77952 195.62801 147.22542 138.42519 0.3 0.3 0.0 0.0 0.0 0.0 0.0 0.0 0.72115 0.0 0.0 45.47487 -0.49999 0.07399 0.0 0.0 0.0 0.0 0.0 0.0 0.00922546027995 47 0 0.955357142857 0.683809223408 3.53798735657
-0.12623 0.35028 3.35743 -0.12979 0.55971 3.84330132989 0.78258 0.98072 0.30541 0.41196 152.77952 195.62801 147.22542 138.42519 0.3 0.3 0.0 0.0 0.0 0.0 0.0 0.0 0.72115 0.0 0.0 45.47487 -0.49999 0.07399 0.0 0.0 0.0 0.0 0.0 0.0 0.00931893622272 48 0 0.964285714286 0.73155332064 3.53798735657
-0.12623 0.35028 3.35743 -0.12979 0.55971 4.05034834299 0.78258 0.98072 0.30541 0.41196 152.77952 195.62801 147.22542 138.42519 0.3 0.3 0.0 0.0 0.0 0.0 0.0 0.0 0.72115 0.0 0.0 45.47487 -0.49999 0.07399 0.0 0.0 0.0 0.0 0.0 0.0 0.00990428827698 49 0 0.97247706422 0.519604855617 3.53798735657
-0.12623 0.35028 3.35743 -0.12979 0.55971 3.91930413849 0.78258 0.98072 0.30541 0.41196 152.77952 195.62801 147.22542 138.42519 0.3 0.3 0.0 0.0 0.0 0.0 0.0 0.0 0.72115 0.0 0.0 45.47487 -0.49999 0.07399 0.0 0.0 0.0 0.0 0.0 0.0 0.0102725134753 50 1 0.990909090909 0.611244958865 3.51303913396
