-0.12623 0.35028 3.35743 -0.12979 0.55971 4.30354380533 0.78258 0.98072 0.30541 0.41196 152.77952 195.62801 147.22542 138.42519 0.3 0.3 0.0 0.0 0.0 0.0 0.0 0.0 0.72115 0.0 0.0 45.47487 -0.49999 0.07399 0.0 0.0 0.0 0.0 0.0 0.0 0.01 0 1 0.935779816514 1.06648237411 -19.7679590971
-0.12623 0.35028 3.35743 -0.12979 0.55971 4.47828477905 0.78258 0.98072 0.30541 0.41196 152.77952 195.62801 147.22542 138.42519 0.3 0.3 0.0 0.0 0.0 0.0 0.0 0.0 0.72115 0.0 0.0 45.47487 -0.49999 0.07399 0.0 0.0 0.0 0.0 0.0 0.0 0.00966643017957 1 0 0.872727272727 1.37330405396 -19.7679590971
-0.12623 0.35028 3.35743 -0.12979 0.55971 4.12504858563 0.78258 0.98072 0.30541 0.41196 152.77952 195.62801 147.22542 138.42519 0.3 0.3 0.0 0.0 0.0 0.0 0.0 0.0 0.72115 0.0 0.0 45.47487 -0.49999 0.07399 0.0 0.0 0.0 0.0 0.0 0.0 0.00969721926903 2 1 0.963302752294 0.570958702611 1.38270292639
-0.12623 0.35028 3.35743 -0.12979 0.55971 4.10891856432 0.78258 0.98072 0.30541 0.41196 152.77952 195.62801 147.22542 138.42519 0.3 0.3 0.0 0.0 0.0 0.0 0.0 0.0 0.72115 0.0 0.0 45.47487 -0.49999 0.07399 0.0 0.0 0.0 0.0 0.0 0.0 0.00949098813512 3 0 0.954128440367 0.55790865196 1.38270292639
-0.12623 0.35028 3.35743 -0.12979 0.55971 4.14267502121 0.78258 0.98072 0.30541 0.41196 152.77952 195.62801 147.22542 138.42519 0.3 0.3 0.0 0.0 0.0 0.0 0.0 0.0 0.72115 0.0 0.0 45.47487 -0.49999 0.07399 0.0 0.0 0.0 0.0 0.0 0.0 0.00944605213197 4 1 0.963302752294 0.708255309418 -0.0422168829326
-0.12623 0.35028 3.35743 -0.12979 0.55971 4.14525104261 0.78258 0.98072 0.30541 0.41196 152.77952 195.62801 147.22542 138.42519 0.3 0.3 0.0 0.0 0.0 0.0 0.0 0.0 0.72115 0.0 0.0 45.47487 -0.49999 0.07399 0.0 0.0 0.0 0.0 0.0 0.0 0.0102074089068 5 0 0.954128440367 0.744974232013 -0.0422168829326
-0.12623 0.35028 3.35743 -0.12979 0.55971 4.12421731194 0.78258 0.98072 0.30541 0.41196 152.77952 195.62801 147.22542 138.42519 0.3 0.3 0.0 0.0 0.0 0.0 0.0 0.0 0.72115 0.0 0.0 45.47487 -0.49999 0.07399 0.0 0.0 0.0 0.0 0.0 0.0 0.0096264515884 6 1 0.963302752294 0.60715029488 1.04576938235
-0.12623 0.35028 3.35743 -0.12979 0.55971 4.05992880871 0.78258 0.98072 0.30541 0.41196 152.77952 195.62801 147.22542 138.42519 0.3 0.3 0.0 0.0 0.0 0.0 0.0 0.0 0.72115 0.0 0.0 45.47487 -0.49999 0.07399 0.0 0.0 0.0 0.0 0.0 0.0 0.00930502924184 7 1 0.97247706422 0.622867704492 2.06112956511
-0.12623 0.35028 3.35743 -0.12979 0.55971 4.09310222581 0.78258 0.98072 0.30541 0.41196 152.77952 195.62801 147.22542 138.42519 0.3 0.3 0.0 0.0 0.0 0.0 0.0 0.0 0.72115 0.0 0.0 45.47487 -0.49999 0.07399 0.0 0.0 0.0 0.0 0.0 0.0 0.00870821683985 8 1 0.97247706422 0.51738066552 2.48758038975
-0.12623 0.35028 3.35743 -0.12979 0.55971 4.23043332606 0.78258 0.98072 0.30541 0.41196 152.77952 195.62801 147.22542 138.42519 0.3 0.3 0.0 0.0 0.0 0.0 0.0 0.0 0.72115 0.0 0.0 45.47487 -0.49999 0.07399 0.0 0.0 0.0 0.0 0.0 0.0 0.00874931243958 9 0 0.935779816514 1.03850905709 2.48758038975
-0.12623 0.35028 3.35743 -0.12979 0.55971 3.9977012628 0.78258 0.98072 0.30541 0.41196 152.77952 195.62801 147.22542 138.42519 0.3 0.3 0.0 0.0 0.0 0.0 0.0 0.0 0.72115 0.0 0.0 45.47487 -0.49999 0.07399 0.0 0.0 0.0 0.0 0.0 0.0 0.00880818457464 10 1 0.981651376147 0.542995166517 3.1734062801
-0.12623 0.35028 3.35743 -0.12979 0.55971 4.07085192917 0.78258 0.98072 0.30541 0.41196 152.77952 195.62801 147.22542 138.42519 0.3 0.3 0.0 0.0 0.0 0.0 0.0 0.0 0.72115 0.0 0.0 45.47487 -0.49999 0.07399 0.0 0.0 0.0 0.0 0.0 0.0 0.00870073914611 11 0 0.97247706422 0.627718546483 3.1734062801
-0.12623 0.35028 3.35743 -0.12979 0.55971 4.02340681584 0.78258 0.98072 0.30541 0.41196 152.77952 195.62801 147.22542 138.42519 0.3 0.3 0.0 0.0 0.0 0.0 0.0 0.0 0.72115 0.0 0.0 45.47487 -0.49999 0.07399 0.0 0.0 0.0 0.0 0.0 0.0 0.00788773042249 12 1 0.990825688073 0.131074844378 3.91188708823
-0.12623 0.35028 3.35743 -0.12979 0.55971 3.96566548226 0.78258 0.98072 0.30541 0.41196 152.77952 195.62801 147.22542 138.42519 0.3 0.3 0.0 0.0 0.0 0.0 0.0 0.0 0.72115 0.0 0.0 45.47487 -0.49999 0.07399 0.0 0.0 0.0 0.0 0.0 0.0 0.00783759178392 13 0 0.981651376147 0.452245961675 3.91188708823
-0.12623 0.35028 3.35743 -0.12979 0.55971 3.91357720483 0.78258 0.98072 0.30541 0.41196 152.77952 195.62801 147.22542 138.42519 0.3 0.3 0.0 0.0 0.0 0.0 0.0 0.0 0.72115 0.0 0.0 45.47487 -0.49999 0.07399 0.0 0.0 0.0 0.0 0.0 0.0 0.00721799122147 14 0 0.973214285714 0.564254789861 3.91188708823
-0.12623 0.35028 3.35743 -0.12979 0.55971 4.14791611722 0.78258 0.98072 0.30541 0.41196 152.77952 195.62801 147.22542 138.42519 0.3 0.3 0.0 0.0 0.0 0.0 0.0 0.0 0.72115 0.0 0.0 45.47487 -0.49999 0.07399 0.0 0.0 0.0 0.0 0.0 0.0 0.00806007679426 15 0 0.954128440367 0.74673002571 3.91188708823
-0.12623 0.35028 3.35743 -0.12979 0.55971 4.04337686676 0.78258 0.98072 0.30541 0.41196 152.77952 195.62801 147.22542 138.42519 0.3 0.3 0.0 0.0 0.0 0.0 0.0 0.0 0.72115 0.0 0.0 45.47487 -0.49999 0.07399 0.0 0.0 0.0 0.0 0.0 0.0 0.00829716739027 16 0 0.97247706422 0.531858409542 3.91188708823
-0.12623 0.35028 3.35743 -0.12979 0.55971 4.1203461247 0.78258 0.98072 0.30541 0.41196 152.77952 195.62801 147.22542 138.42519 0.3 0.3 0.0 0.0 0.0 0.0 0.0 0.0 0.72115 0.0 0.0 45.47487 -0.49999 0.07399 0.0 0.0 0.0 0.0 0.0 0.0 0.00879662484906 17 0 0.963302752294 0.570960280228 3.91188708823
-0.12623 0.35028 3.35743 -0.12979 0.55971 3.92383614631 0.78258 0.98072 0.30541 0.41196 152.77952 195.62801 147.22542 138.42519 0.3 0.3 0.0 0.0 0.0 0.0 0.0 0.0 0.72115 0.0 0.0 45.47487 -0.49999 0.07399 0.0 0.0 0.0 0.0 0.0 0.0 0.0075563106967 18 1 0.990909090909 0.614078855115 3.69352753747
-0.12623 0.35028 3.35743 -0.12979 0.55971 3.89020960648 0.78258 0.98072 0.30541 0.41196 152.77952 195.62801 147.22542 138.42519 0.3 0.3 0.0 0.0 0.0 0.0 0.0 0.0 0.72115 0.0 0.0 45.47487 -0.49999 0.07399 0.0 0.0 0.0 0.0 0.0 0.0 0.00807319812917 19 0 0.955357142857 0.758415619013 3.69352753747
-0.12623 0.35028 3.35743 -0.12979 0.55971 3.93174043752 0.78258 0.98072 0.30541 0.41196 152.77952 195.62801 147.22542 138.42519 0.3 0.3 0.0 0.0 0.0 0.0 0.0 0.0 0.72115 0.0 0.0 45.47487 -0.49999 0.07399 0.0 0.0 0.0 0.0 0.0 0.0 0.00752718517751 20 1 0.990909090909 0.637809156487 3.67360693795
-0.12623 0.35028 3.35743 -0.12979 0.55971 3.79290192221 0.78258 0.98072 0.30541 0.41196 152.77952 195.62801 147.22542 138.42519 0.3 0.3 0.0 0.0 0.0 0.0 0.0 0.0 0.72115 0.0 0.0 45.47487 -0.49999 0.07399 0.0 0.0 0.0 0.0 0.0 0.0 0.00737562354246 21 0 0.947826086957 1.00577751736 3.67360693795
-0.12623 0.35028 3.35743 -0.12979 0.55971 3.85019773253 0.78258 0.98072 0.30541 0.41196 152.77952 195.62801 147.22542 138.42519 0.3 0.3 0.0 0.0 0.0 0.0 0.0 0.0 0.72115 0.0 0.0 45.47487 -0.49999 0.07399 0.0 0.0 0.0 0.0 0.0 0.0 0.00733260296653 22 0 0.964285714286 0.721565647913 3.67360693795
-0.12623 0.35028 3.35743 -0.12979 0.55971 3.8780064132 0.78258 0.98072 0.30541 0.41196 152.77952 195.62801 147.22542 138.42519 0.3 0.3 0.0 0.0 0.0 0.0 0.0 0.0 0.72115 0.0 0.0 45.47487 -0.49999 0.07399 0.0 0.0 0.0 0.0 0.0 0.0 0.00770105153743 23 0 0.973214285714 0.802484042876 3.67360693795
-0.12623 0.35028 3.35743 -0.12979 0.55971 3.90526226539 0.78258 0.98072 0.30541 0.41196 152.77952 195.62801 147.22542 138.42519 0.3 0.3 0.0 0.0 0.0 0.0 0.0 0.0 0.72115 0.0 0.0 45.47487 -0.49999 0.07399 0.0 0.0 0.0 0.0 0.0 0.0 0.00738977923935 24 0 0.964285714286 0.694852993857 3.67360693795
-0.12623 0.35028 3.35743 -0.12979 0.55971 3.82863439657 0.78258 0.98072 0.30541 0.41196 152.77952 195.62801 147.22542 138.42519 0.3 0.3 0.0 0.0 0.0 0.0 0.0 0.0 0.72115 0.0 0.0 45.47487 -0.49999 0.07399 0.0 0.0 0.0 0.0 0.0 0.0 0.00740080106157 25 0 0.956140350877 0.836152873024 3.67360693795
-0.12623 0.35028 3.35743 -0.12979 0.55971 3.794724442 0.78258 0.98072 0.30541 0.41196 152.77952 195.62801 147.22542 138.42519 0.3 0.3 0.0 0.0 0.0 0.0 0.0 0.0 0.72115 0.0 0.0 45.47487 -0.49999 0.07399 0.0 0.0 0.0 0.0 0.0 0.0 0.00705996511331 26 0 0.947826086957 1.12291408865 3.67360693795
-0.12623 0.35028 3.35743 -0.12979 0.55971 3.88119426537 0.78258 0.98072 0.30541 0.41196 152.77952 195.62801 147.22542 138.42519 0.3 0.3 0.0 0.0 0.0 0.0 0.0 0.0 0.72115 0.0 0.0 45.47487 -0.49999 0.07399 0.0 0.0 0.0 0.0 0.0 0.0 0.0078642690967 27 0 0.973214285714 0.729349453091 3.67360693795
-0.12623 0.35028 3.35743 -0.12979 0.55971 3.98840486159 0.78258 0.98072 0.30541 0.41196 152.77952 195.62801 147.22542 138.42519 0.3 0.3 0.0 0.0 0.0 0.0 0.0 0.0 0.72115 0.0 0.0 45.47487 -0.49999 0.07399 0.0 0.0 0.0 0.0 0.0 0.0 0.00749948797518 28 1 0.981651376147 0.444096994943 3.38368653831
-0.12623 0.35028 3.35743 -0.12979 0.55971 3.97267464206 0.78258 0.98072 0.30541 0.41196 152.77952 195.62801 147.22542 138.42519 0.3 0.3 0.0 0.0 0.0 0.0 0.0 0.0 0.72115 0.0 0.0 45.47487 -0.49999 0.07399 0.0 0.0 0.0 0.0 0.0 0.0 0.00814858184013 29 1 0.981651376147 0.183345051367 3.80575091965
-0.12623 0.35028 3.35743 -0.12979 0.55971 3.86653493363 0.78258 0.98072 0.30541 0.41196 152.77952 195.62801 147.22542 138.42519 0.3 0.3 0.0 0.0 0.0 0.0 0.0 0.0 0.72115 0.0 0.0 45.47487 -0.49999 0.07399 0.0 0.0 0.0 0.0 0.0 0.0 0.0083793403509 30 0 0.964285714286 0.604542258398 3.80575091965
-0.12623 0.35028 3.35743 -0.12979 0.55971 3.90355730047 0.78258 0.98072 0.30541 0.41196 152.77952 195.62801 147.22542 138.42519 0.3 0.3 0.0 0.0 0.0 0.0 0.0 0.0 0.72115 0.0 0.0 45.47487 -0.49999 0.07399 0.0 0.0 0.0 0.0 0.0 0.0 0.00808693132617 31 0 0.964285714286 0.616078874704 3.80575091965
-0.12623 0.35028 3.35743 -0.12979 0.55971 4.08490147697 0.78258 0.98072 0.30541 0.41196 152.77952 195.62801 147.22542 138.42519 0.3 0.3 0.0 0.0 0.0 0.0 0.0 0.0 0.72115 0.0 0.0 45.47487 -0.49999 0.07399 0.0 0.0 0.0 0.0 0.0 0.0 0.00796088524338 32 0 0.97247706422 0.498224184752 3.80575091965
-0.12623 0.35028 3.35743 -0.12979 0.55971 4.00441145055 0.78258 0.98072 0.30541 0.41196 152.77952 195.62801 147.22542 138.42519 0.3 0.3 0.0 0.0 0.0 0.0 0.0 0.0 0.72115 0.0 0.0 45.47487 -0.49999 0.07399 0.0 0.0 0.0 0.0 0.0 0.0 0.0087110668575 33 1 0.990825688073 0.523382724666 3.67230312994
-0.12623 0.35028 3.35743 -0.12979 0.55971 4.15869358902 0.78258 0.98072 0.30541 0.41196 152.77952 195.62801 147.22542 138.42519 0.3 0.3 0.0 0.0 0.0 0.0 0.0 0.0 0.72115 0.0 0.0 45.47487 -0.49999 0.07399 0.0 0.0 0.0 0.0 0.0 0.0 0.00836961435886 34 0 0.94495412844 0.789316345543 3.67230312994
-0.12623 0.35028 3.35743 -0.12979 0.55971 3.90153848051 0.78258 0.98072 0.30541 0.41196 152.77952 195.62801 147.22542 138.42519 0.3 0.3 0.0 0.0 0.0 0.0 0.0 0.0 0.72115 0.0 0.0 45.47487 -0.49999 0.07399 0.0 0.0 0.0 0.0 0.0 0.0 0.00871563529615 35 0 0.964285714286 0.723729587484 3.67230312994
-0.12623 0.35028 3.35743 -0.12979 0.55971 3.95132126524 0.78258 0.98072 0.30541 0.41196 152.77952 195.62801 147.22542 138.42519 0.3 0.3 0.0 0.0 0.0 0.0 0.0 0.0 0.72115 0.0 0.0 45.47487 -0.49999 0.07399 0.0 0.0 0.0 0.0 0.0 0.0 0.00844156597724 36 1 0.981818181818 0.467385601142 3.34895084829
-0.12623 0.35028 3.35743 -0.12979 0.55971 3.89218199818 0.78258 0.98072 0.30541 0.41196 152.77952 195.62801 147.22542 138.42519 0.3 0.3 0.0 0.0 0.0 0.0 0.0 0.0 0.72115 0.0 0.0 45.47487 -0.49999 0.07399 0.0 0.0 0.0 0.0 0.0 0.0 0.00831988773171 37 0 0.955357142857 0.686227158519 3.34895084829
-0.12623 0.35028 3.35743 -0.12979 0.55971 3.82865156935 0.78258 0.98072 0.30541 0.41196 152.77952 195.62801 147.22542 138.42519 0.3 0.3 0.0 0.0 0.0 0.0 0.0 0.0 0.72115 0.0 0.0 45.47487 -0.49999 0.07399 0.0 0.0 0.0 0.0 0.0 0.0 0.00842357946296 38 0 0.956140350877 0.836152735868 3.34895084829
-0.12623 0.35028 3.35743 -0.12979 0.55971 3.82886187275 0.78258 0.98072 0.30541 0.41196 152.77952 195.62801 147.22542 138.42519 0.3 0.3 0.0 0.0 0.0 0.0 0.0 0.0 0.72115 0.0 0.0 45.47487 -0.49999 0.07399 0.0 0.0 0.0 0.0 0.0 0.0 0.00873207957114 39 0 0.956140350877 0.836083694422 3.34895084829
-0.12623 0.35028 3.35743 -0.12979 0.55971 3.89537302858 0.78258 0.98072 0.30541 0.41196 152.77952 195.62801 147.22542 138.42519 0.3 0.3 0.0 0.0 0.0 0.0 0.0 0.0 0.72115 0.0 0.0 45.47487 -0.49999 0.07399 0.0 0.0 0.0 0.0 0.0 0.0 0.0089794704003 40 0 0.955357142857 0.683306779629 3.34895084829
-0.12623 0.35028 3.35743 -0.12979 0.55971 3.93178827817 0.78258 0.98072 0.30541 0.41196 152.77952 195.62801 147.22542 138.42519 0.3 0.3 0.0 0.0 0.0 0.0 0.0 0.0 0.72115 0.0 0.0 45.47487 -0.49999 0.07399 0.0 0.0 0.0 0.0 0.0 0.0 0.00852210772347 41 1 0.990909090909 0.637810601078 3.61469405591
-0.12623 0.35028 3.35743 -0.12979 0.55971 3.80203030493 0.78258 0.98072 0.30541 0.41196 152.77952 195.62801 147.22542 138.42519 0.3 0.3 0.0 0.0 0.0 0.0 0.0 0.0 0.72115 0.0 0.0 45.47487 -0.49999 0.07399 0.0 0.0 0.0 0.0 0.0 0.0 0.00846417021705 42 0 0.947826086957 1.04748245746 3.61469405591
-0.12623 0.35028 3.35743 -0.12979 0.55971 3.9864999809 0.78258 0.98072 0.30541 0.41196 152.77952 195.62801 147.22542 138.42519 0.3 0.3 0.0 0.0 0.0 0.0 0.0 0.0 0.72115 0.0 0.0 45.47487 -0.49999 0.07399 0.0 0.0 0.0 0.0 0.0 0.0 0.00880833581454 43 1 0.981651376147 0.444020389499 3.38536321625
-0.12623 0.35028 3.35743 -0.12979 0.55971 4.0529647074 0.78258 0.98072 0.30541 0.41196 152.77952 195.62801 147.22542 138.42519 0.3 0.3 0.0 0.0 0.0 0.0 0.0 0.0 0.72115 0.0 0.0 45.47487 -0.49999 0.07399 0.0 0.0 0.0 0.0 0.0 0.0 0.00895306860673 44 0 0.97247706422 0.567283203972 3.38536321625
-0.12623 0.35028 3.35743 -0.12979 0.55971 4.02618680633 0.78258 0.98072 0.30541 0.41196 152.77952 195.62801 147.22542 138.42519 0.3 0.3 0.0 0.0 0.0 0.0 0.0 0.0 0.72115 0.0 0.0 45.47487 -0.49999 0.07399 0.0 0.0 0.0 0.0 0.0 0.0 0.00883760398728 45 1 0.990825688073 0.459148583976 3.69620719901
-0.12623 0.35028 3.35743 -0.12979 0.55971 3.84785834147 0.78258 0.98072 0.30541 0.41196 152.77952 195.62801 147.22542 138.42519 0.3 0.3 0.0 0.0 0.0 0.0 0.0 0.0 0.72115 0.0 0.0 45.47487 -0.49999 0.07399 0.0 0.0 0.0 0.0 0.0 0.0 0.00886069058902 46 0 0.964285714286 0.70740332536 3.69620719901
-0.12623 0.35028 3.35743 -0.12979 0.55971 3.93735853958 0.78258 0.98072 0.30541 0.41196 152.77952 195.62801 147.22542 138.42519 0.3 0.3 0.0 0.0 0.0 0.0 0.0 0.0 0.72115 0.0 0.0 45.47487 -0.49999 0.07399 0.0 0.0 0.0 0.0 0.0 0.0 0.00902088906115 47 1 0.981818181818 0.605524639658 3.04452544677
-0.12623 0.35028 3.35743 -0.12979 0.55971 3.93378543268 0.78258 0.98072 0.30541 0.41196 152.77952 195.62801 147.22542 138.42519 0.3 0.3 0.0 0.0 0.0 0.0 0.0 0.0 0.72115 0.0 0.0 45.47487 -0.49999 0.07399 0.0 0.0 0.0 0.0 0.0 0.0 0.00788995983204 48 1 0.990909090909 0.628672444453 3.66087399165
-0.12623 0.35028 3.35743 -0.12979 0.55971 4.09351876513 0.78258 0.98072 0.30541 0.41196 152.77952 195.62801 147.22542 138.42519 0.3 0.3 0.0 0.0 0.0 0.0 0.0 0.0 0.72115 0.0 0.0 45.47487 -0.49999 0.07399 0.0 0.0 0.0 0.0 0.0 0.0 0.00824248801486 49 1 0.97247706422 0.51747441554 2.38664916542
-0.12623 0.35028 3.35743 -0.12979 0.55971 4.00253400295 0.78258 0.98072 0.30541 0.41196 152.77952 195.62801 147.22542 138.42519 0.3 0.3 0.0 0.0 0.0 0.0 0.0 0.0 0.72115 0.0 0.0 45.47487 -0.49999 0.07399 0.0 0.0 0.0 0.0 0.0 0.0 0.00839150432302 50 1 0.990825688073 0.523404672837 3.69787286348
