-0.12623 0.35028 3.35743 -0.12979 0.55971 3.52577834067 0.78258 0.98072 0.30541 0.41196 152.77952 195.62801 147.22542 138.42519 0.3 0.3 0.0 0.0 0.0 0.0 0.0 0.0 0.72115 0.0 0.0 45.47487 -0.49999 0.07399 0.0 0.0 0.0 0.0 0.0 0.0 0.01 0 1 0.915966386555 1.4793395859 -73.5839332509
-0.12623 0.35028 3.35743 -0.12979 0.55971 3.52773293732 0.78258 0.98072 0.30541 0.41196 152.77952 195.62801 147.22542 138.42519 0.3 0.3 0.0 0.0 0.0 0.0 0.0 0.0 0.72115 0.0 0.0 45.47487 -0.49999 0.07399 0.0 0.0 0.0 0.0 0.0 0.0 0.0101670027955 1 1 0.915966386555 1.48310274531 -71.4636668523
-0.12623 0.35028 3.35743 -0.12979 0.55971 3.5525841396 0.78258 0.98072 0.30541 0.41196 152.77952 195.62801 147.22542 138.42519 0.3 0.3 0.0 0.0 0.0 0.0 0.0 0.0 0.72115 0.0 0.0 45.47487 -0.49999 0.07399 0.0 0.0 0.0 0.0 0.0 0.0 0.0108047589988 2 1 0.915966386555 1.41856266313 -57.2527135097
-0.12623 0.35028 3.35743 -0.12979 0.55971 3.48189217191 0.78258 0.98072 0.30541 0.41196 152.77952 195.62801 147.22542 138.42519 0.3 0.3 0.0 0.0 0.0 0.0 0.0 0.0 0.72115 0.0 0.0 45.47487 -0.49999 0.07399 0.0 0.0 0.0 0.0 0.0 0.0 0.0106160724753 3 0 0.884297520661 1.59641326155 -57.2527135097
-0.12623 0.35028 3.35743 -0.12979 0.55971 3.56330417886 0.78258 0.98072 0.30541 0.41196 152.77952 195.62801 147.22542 138.42519 0.3 0.3 0.0 0.0 0.0 0.0 0.0 0.0 0.72115 0.0 0.0 45.47487 -0.49999 0.07399 0.0 0.0 0.0 0.0 0.0 0.0 0.0110226827321 4 0 0.915254237288 1.4773845334 -57.2527135097
-0.12623 0.35028 3.35743 -0.12979 0.55971 3.70596500183 0.78258 0.98072 0.30541 0.41196 152.77952 195.62801 147.22542 138.42519 0.3 0.3 0.0 0.0 0.0 0.0 0.0 0.0 0.72115 0.0 0.0 45.47487 -0.49999 0.07399 0.0 0.0 0.0 0.0 0.0 0.0 0.0101594363565 5 1 0.931034482759 1.28148403099 -34.1669760186
-0.12623 0.35028 3.35743 -0.12979 0.55971 3.63798424415 0.78258 0.98072 0.30541 0.41196 152.77952 195.62801 147.22542 138.42519 0.3 0.3 0.0 0.0 0.0 0.0 0.0 0.0 0.72115 0.0 0.0 45.47487 -0.49999 0.07399 0.0 0.0 0.0 0.0 0.0 0.0 0.0100602109571 6 0 0.90756302521 1.3178618945 -34.1669760186
-0.12623 0.35028 3.35743 -0.12979 0.55971 3.81375625865 0.78258 0.98072 0.30541 0.41196 152.77952 195.62801 147.22542 138.42519 0.3 0.3 0.0 0.0 0.0 0.0 0.0 0.0 0.72115 0.0 0.0 45.47487 -0.49999 0.07399 0.0 0.0 0.0 0.0 0.0 0.0 0.0107295421488 7 1 0.947826086957 0.990074829871 -7.97330477886
-0.12623 0.35028 3.35743 -0.12979 0.55971 3.83213780495 0.78258 0.98072 0.30541 0.41196 152.77952 195.62801 147.22542 138.42519 0.3 0.3 0.0 0.0 0.0 0.0 0.0 0.0 0.72115 0.0 0.0 45.47487 -0.49999 0.07399 0.0 0.0 0.0 0.0 0.0 0.0 0.0116584736907 8 1 0.964601769912 0.835888762422 0.312110126579
-0.12623 0.35028 3.35743 -0.12979 0.55971 3.94555609173 0.78258 0.98072 0.30541 0.41196 152.77952 195.62801 147.22542 138.42519 0.3 0.3 0.0 0.0 0.0 0.0 0.0 0.0 0.72115 0.0 0.0 45.47487 -0.49999 0.07399 0.0 0.0 0.0 0.0 0.0 0.0 0.0117586501864 9 1 0.981818181818 0.582436583289 3.11869386636
-0.12623 0.35028 3.35743 -0.12979 0.55971 3.77339624381 0.78258 0.98072 0.30541 0.41196 152.77952 195.62801 147.22542 138.42519 0.3 0.3 0.0 0.0 0.0 0.0 0.0 0.0 0.72115 0.0 0.0 45.47487 -0.49999 0.07399 0.0 0.0 0.0 0.0 0.0 0.0 0.0116235186998 10 0 0.956140350877 0.953360738082 3.11869386636
-0.12623 0.35028 3.35743 -0.12979 0.55971 3.81448390149 0.78258 0.98072 0.30541 0.41196 152.77952 195.62801 147.22542 138.42519 0.3 0.3 0.0 0.0 0.0 0.0 0.0 0.0 0.72115 0.0 0.0 45.47487 -0.49999 0.07399 0.0 0.0 0.0 0.0 0.0 0.0 0.0116410247509 11 0 0.947826086957 0.991746897162 3.11869386636
-0.12623 0.35028 3.35743 -0.12979 0.55971 3.96654241665 0.78258 0.98072 0.30541 0.41196 152.77952 195.62801 147.22542 138.42519 0.3 0.3 0.0 0.0 0.0 0.0 0.0 0.0 0.72115 0.0 0.0 45.47487 -0.49999 0.07399 0.0 0.0 0.0 0.0 0.0 0.0 0.0123827263581 12 1 0.981651376147 0.452261722801 3.24795856422
-0.12623 0.35028 3.35743 -0.12979 0.55971 3.9783914202 0.78258 0.98072 0.30541 0.41196 152.77952 195.62801 147.22542 138.42519 0.3 0.3 0.0 0.0 0.0 0.0 0.0 0.0 0.72115 0.0 0.0 45.47487 -0.49999 0.07399 0.0 0.0 0.0 0.0 0.0 0.0 0.0125086651225 13 1 0.981651376147 0.199963648858 3.41937644254
-0.12623 0.35028 3.35743 -0.12979 0.55971 3.89935503777 0.78258 0.98072 0.30541 0.41196 152.77952 195.62801 147.22542 138.42519 0.3 0.3 0.0 0.0 0.0 0.0 0.0 0.0 0.72115 0.0 0.0 45.47487 -0.49999 0.07399 0.0 0.0 0.0 0.0 0.0 0.0 0.0118147484159 14 0 0.955357142857 0.681998173337 3.41937644254
-0.12623 0.35028 3.35743 -0.12979 0.55971 4.01283630171 0.78258 0.98072 0.30541 0.41196 152.77952 195.62801 147.22542 138.42519 0.3 0.3 0.0 0.0 0.0 0.0 0.0 0.0 0.72115 0.0 0.0 45.47487 -0.49999 0.07399 0.0 0.0 0.0 0.0 0.0 0.0 0.0125803755637 15 1 0.990825688073 0.0480397109071 3.45606497703
-0.12623 0.35028 3.35743 -0.12979 0.55971 3.99743154965 0.78258 0.98072 0.30541 0.41196 152.77952 195.62801 147.22542 138.42519 0.3 0.3 0.0 0.0 0.0 0.0 0.0 0.0 0.72115 0.0 0.0 45.47487 -0.49999 0.07399 0.0 0.0 0.0 0.0 0.0 0.0 0.0134225273476 16 0 0.981651376147 0.542997288583 3.45606497703
-0.12623 0.35028 3.35743 -0.12979 0.55971 3.90808019368 0.78258 0.98072 0.30541 0.41196 152.77952 195.62801 147.22542 138.42519 0.3 0.3 0.0 0.0 0.0 0.0 0.0 0.0 0.72115 0.0 0.0 45.47487 -0.49999 0.07399 0.0 0.0 0.0 0.0 0.0 0.0 0.0118232990869 17 0 0.964285714286 0.606867068712 3.45606497703
-0.12623 0.35028 3.35743 -0.12979 0.55971 4.11499239445 0.78258 0.98072 0.30541 0.41196 152.77952 195.62801 147.22542 138.42519 0.3 0.3 0.0 0.0 0.0 0.0 0.0 0.0 0.72115 0.0 0.0 45.47487 -0.49999 0.07399 0.0 0.0 0.0 0.0 0.0 0.0 0.0118499146281 18 0 0.963302752294 0.568801064912 3.45606497703
-0.12623 0.35028 3.35743 -0.12979 0.55971 4.03757577118 0.78258 0.98072 0.30541 0.41196 152.77952 195.62801 147.22542 138.42519 0.3 0.3 0.0 0.0 0.0 0.0 0.0 0.0 0.72115 0.0 0.0 45.47487 -0.49999 0.07399 0.0 0.0 0.0 0.0 0.0 0.0 0.0120586623135 19 1 0.97247706422 0.528523996931 2.7714368611
-0.12623 0.35028 3.35743 -0.12979 0.55971 3.95981344989 0.78258 0.98072 0.30541 0.41196 152.77952 195.62801 147.22542 138.42519 0.3 0.3 0.0 0.0 0.0 0.0 0.0 0.0 0.72115 0.0 0.0 45.47487 -0.49999 0.07399 0.0 0.0 0.0 0.0 0.0 0.0 0.0132120675633 20 1 0.981651376147 0.46081108647 3.20290908212
-0.12623 0.35028 3.35743 -0.12979 0.55971 3.9933649346 0.78258 0.98072 0.30541 0.41196 152.77952 195.62801 147.22542 138.42519 0.3 0.3 0.0 0.0 0.0 0.0 0.0 0.0 0.72115 0.0 0.0 45.47487 -0.49999 0.07399 0.0 0.0 0.0 0.0 0.0 0.0 0.0134088682382 21 1 0.981651376147 0.443791135827 3.2085050839
-0.12623 0.35028 3.35743 -0.12979 0.55971 4.14606760969 0.78258 0.98072 0.30541 0.41196 152.77952 195.62801 147.22542 138.42519 0.3 0.3 0.0 0.0 0.0 0.0 0.0 0.0 0.72115 0.0 0.0 45.47487 -0.49999 0.07399 0.0 0.0 0.0 0.0 0.0 0.0 0.0143546746887 22 1 0.954128440367 0.721848418578 0.664246834402
-0.12623 0.35028 3.35743 -0.12979 0.55971 3.89417592923 0.78258 0.98072 0.30541 0.41196 152.77952 195.62801 147.22542 138.42519 0.3 0.3 0.0 0.0 0.0 0.0 0.0 0.0 0.72115 0.0 0.0 45.47487 -0.49999 0.07399 0.0 0.0 0.0 0.0 0.0 0.0 0.0150482942325 23 1 0.955357142857 0.683010070818 1.22471903788
-0.12623 0.35028 3.35743 -0.12979 0.55971 3.87652033591 0.78258 0.98072 0.30541 0.41196 152.77952 195.62801 147.22542 138.42519 0.3 0.3 0.0 0.0 0.0 0.0 0.0 0.0 0.72115 0.0 0.0 45.47487 -0.49999 0.07399 0.0 0.0 0.0 0.0 0.0 0.0 0.0155619104474 24 1 0.973214285714 0.643681464398 2.63023883528
-0.12623 0.35028 3.35743 -0.12979 0.55971 3.69623364733 0.78258 0.98072 0.30541 0.41196 152.77952 195.62801 147.22542 138.42519 0.3 0.3 0.0 0.0 0.0 0.0 0.0 0.0 0.72115 0.0 0.0 45.47487 -0.49999 0.07399 0.0 0.0 0.0 0.0 0.0 0.0 0.0155162023435 25 0 0.923076923077 1.34350148752 2.63023883528
-0.12623 0.35028 3.35743 -0.12979 0.55971 3.70640059585 0.78258 0.98072 0.30541 0.41196 152.77952 195.62801 147.22542 138.42519 0.3 0.3 0.0 0.0 0.0 0.0 0.0 0.0 0.72115 0.0 0.0 45.47487 -0.49999 0.07399 0.0 0.0 0.0 0.0 0.0 0.0 0.0167419338283 26 0 0.931034482759 1.28060805677 2.63023883528
-0.12623 0.35028 3.35743 -0.12979 0.55971 3.8853508671 0.78258 0.98072 0.30541 0.41196 152.77952 195.62801 147.22542 138.42519 0.3 0.3 0.0 0.0 0.0 0.0 0.0 0.0 0.72115 0.0 0.0 45.47487 -0.49999 0.07399 0.0 0.0 0.0 0.0 0.0 0.0 0.0157953549971 27 1 0.955357142857 0.766192373439 0.884381661119
-0.12623 0.35028 3.35743 -0.12979 0.55971 4.04603434774 0.78258 0.98072 0.30541 0.41196 152.77952 195.62801 147.22542 138.42519 0.3 0.3 0.0 0.0 0.0 0.0 0.0 0.0 0.72115 0.0 0.0 45.47487 -0.49999 0.07399 0.0 0.0 0.0 0.0 0.0 0.0 0.0160436743707 28 1 0.97247706422 0.533007208356 2.79546193415
-0.12623 0.35028 3.35743 -0.12979 0.55971 4.04777151601 0.78258 0.98072 0.30541 0.41196 152.77952 195.62801 147.22542 138.42519 0.3 0.3 0.0 0.0 0.0 0.0 0.0 0.0 0.72115 0.0 0.0 45.47487 -0.49999 0.07399 0.0 0.0 0.0 0.0 0.0 0.0 0.0164690161153 29 1 0.97247706422 0.519275480587 2.81078837807
-0.12623 0.35028 3.35743 -0.12979 0.55971 4.18688483089 0.78258 0.98072 0.30541 0.41196 152.77952 195.62801 147.22542 138.42519 0.3 0.3 0.0 0.0 0.0 0.0 0.0 0.0 0.72115 0.0 0.0 45.47487 -0.49999 0.07399 0.0 0.0 0.0 0.0 0.0 0.0 0.0169749221641 30 0 0.94495412844 0.959185615197 2.81078837807
-0.12623 0.35028 3.35743 -0.12979 0.55971 3.93060031076 0.78258 0.98072 0.30541 0.41196 152.77952 195.62801 147.22542 138.42519 0.3 0.3 0.0 0.0 0.0 0.0 0.0 0.0 0.72115 0.0 0.0 45.47487 -0.49999 0.07399 0.0 0.0 0.0 0.0 0.0 0.0 0.0167945642546 31 1 0.990909090909 0.63783299186 3.10815942971
-0.12623 0.35028 3.35743 -0.12979 0.55971 3.86541562363 0.78258 0.98072 0.30541 0.41196 152.77952 195.62801 147.22542 138.42519 0.3 0.3 0.0 0.0 0.0 0.0 0.0 0.0 0.72115 0.0 0.0 45.47487 -0.49999 0.07399 0.0 0.0 0.0 0.0 0.0 0.0 0.0161437045453 32 1 0.964285714286 0.646408629049 2.18479008181
-0.12623 0.35028 3.35743 -0.12979 0.55971 3.71009245104 0.78258 0.98072 0.30541 0.41196 152.77952 195.62801 147.22542 138.42519 0.3 0.3 0.0 0.0 0.0 0.0 0.0 0.0 0.72115 0.0 0.0 45.47487 -0.49999 0.07399 0.0 0.0 0.0 0.0 0.0 0.0 0.0165565611439 33 0 0.931034482759 1.27430451484 2.18479008181
-0.12623 0.35028 3.35743 -0.12979 0.55971 3.91120491564 0.78258 0.98072 0.30541 0.41196 152.77952 195.62801 147.22542 138.42519 0.3 0.3 0.0 0.0 0.0 0.0 0.0 0.0 0.72115 0.0 0.0 45.47487 -0.49999 0.07399 0.0 0.0 0.0 0.0 0.0 0.0 0.0167563264864 34 1 0.973214285714 0.603019176576 2.7054388446
-0.12623 0.35028 3.35743 -0.12979 0.55971 3.90856383672 0.78258 0.98072 0.30541 0.41196 152.77952 195.62801 147.22542 138.42519 0.3 0.3 0.0 0.0 0.0 0.0 0.0 0.0 0.72115 0.0 0.0 45.47487 -0.49999 0.07399 0.0 0.0 0.0 0.0 0.0 0.0 0.0167676691396 35 1 0.973214285714 0.598909300853 2.71169338308
-0.12623 0.35028 3.35743 -0.12979 0.55971 3.85766797244 0.78258 0.98072 0.30541 0.41196 152.77952 195.62801 147.22542 138.42519 0.3 0.3 0.0 0.0 0.0 0.0 0.0 0.0 0.72115 0.0 0.0 45.47487 -0.49999 0.07399 0.0 0.0 0.0 0.0 0.0 0.0 0.0163923315112 36 0 0.964285714286 0.674354537355 2.71169338308
-0.12623 0.35028 3.35743 -0.12979 0.55971 4.02751318936 0.78258 0.98072 0.30541 0.41196 152.77952 195.62801 147.22542 138.42519 0.3 0.3 0.0 0.0 0.0 0.0 0.0 0.0 0.72115 0.0 0.0 45.47487 -0.49999 0.07399 0.0 0.0 0.0 0.0 0.0 0.0 0.0173558173792 37 1 0.981651376147 0.132252820287 3.12511445067
-0.12623 0.35028 3.35743 -0.12979 0.55971 3.9242461351 0.78258 0.98072 0.30541 0.41196 152.77952 195.62801 147.22542 138.42519 0.3 0.3 0.0 0.0 0.0 0.0 0.0 0.0 0.72115 0.0 0.0 45.47487 -0.49999 0.07399 0.0 0.0 0.0 0.0 0.0 0.0 0.0170054539135 38 1 0.990909090909 0.614531494231 3.10131958739
-0.12623 0.35028 3.35743 -0.12979 0.55971 3.79436062335 0.78258 0.98072 0.30541 0.41196 152.77952 195.62801 147.22542 138.42519 0.3 0.3 0.0 0.0 0.0 0.0 0.0 0.0 0.72115 0.0 0.0 45.47487 -0.49999 0.07399 0.0 0.0 0.0 0.0 0.0 0.0 0.017059565774 39 0 0.947826086957 1.12285238748 3.10131958739
-0.12623 0.35028 3.35743 -0.12979 0.55971 3.82835015423 0.78258 0.98072 0.30541 0.41196 152.77952 195.62801 147.22542 138.42519 0.3 0.3 0.0 0.0 0.0 0.0 0.0 0.0 0.72115 0.0 0.0 45.47487 -0.49999 0.07399 0.0 0.0 0.0 0.0 0.0 0.0 0.0170054162407 40 1 0.956140350877 0.836232521486 0.829444588852
-0.12623 0.35028 3.35743 -0.12979 0.55971 3.74057191175 0.78258 0.98072 0.30541 0.41196 152.77952 195.62801 147.22542 138.42519 0.3 0.3 0.0 0.0 0.0 0.0 0.0 0.0 0.72115 0.0 0.0 45.47487 -0.49999 0.07399 0.0 0.0 0.0 0.0 0.0 0.0 0.0173892315847 41 0 0.939655172414 1.24182110934 0.829444588852
-0.12623 0.35028 3.35743 -0.12979 0.55971 4.01235796008 0.78258 0.98072 0.30541 0.41196 152.77952 195.62801 147.22542 138.42519 0.3 0.3 0.0 0.0 0.0 0.0 0.0 0.0 0.72115 0.0 0.0 45.47487 -0.49999 0.07399 0.0 0.0 0.0 0.0 0.0 0.0 0.0163318840524 42 1 0.990825688073 0.0554724282224 3.19521196108
-0.12623 0.35028 3.35743 -0.12979 0.55971 4.0952177544 0.78258 0.98072 0.30541 0.41196 152.77952 195.62801 147.22542 138.42519 0.3 0.3 0.0 0.0 0.0 0.0 0.0 0.0 0.72115 0.0 0.0 45.47487 -0.49999 0.07399 0.0 0.0 0.0 0.0 0.0 0.0 0.0155718862958 43 1 0.97247706422 0.518311243239 2.82372754048
-0.12623 0.35028 3.35743 -0.12979 0.55971 4.14799645211 0.78258 0.98072 0.30541 0.41196 152.77952 195.62801 147.22542 138.42519 0.3 0.3 0.0 0.0 0.0 0.0 0.0 0.0 0.72115 0.0 0.0 45.47487 -0.49999 0.07399 0.0 0.0 0.0 0.0 0.0 0.0 0.0152329419488 44 0 0.954128440367 0.750511480411 2.82372754048
-0.12623 0.35028 3.35743 -0.12979 0.55971 4.15044297905 0.78258 0.98072 0.30541 0.41196 152.77952 195.62801 147.22542 138.42519 0.3 0.3 0.0 0.0 0.0 0.0 0.0 0.0 0.72115 0.0 0.0 45.47487 -0.49999 0.07399 0.0 0.0 0.0 0.0 0.0 0.0 0.0153848948489 45 0 0.954128440367 0.751155807733 2.82372754048
-0.12623 0.35028 3.35743 -0.12979 0.55971 4.04382546634 0.78258 0.98072 0.30541 0.41196 152.77952 195.62801 147.22542 138.42519 0.3 0.3 0.0 0.0 0.0 0.0 0.0 0.0 0.72115 0.0 0.0 45.47487 -0.49999 0.07399 0.0 0.0 0.0 0.0 0.0 0.0 0.0149233302036 46 1 0.97247706422 0.532372600307 2.80387723908
-0.12623 0.35028 3.35743 -0.12979 0.55971 4.08013637865 0.78258 0.98072 0.30541 0.41196 152.77952 195.62801 147.22542 138.42519 0.3 0.3 0.0 0.0 0.0 0.0 0.0 0.0 0.72115 0.0 0.0 45.47487 -0.49999 0.07399 0.0 0.0 0.0 0.0 0.0 0.0 0.0144400617267 47 1 0.97247706422 0.624168896376 2.61114868123
-0.12623 0.35028 3.35743 -0.12979 0.55971 4.12653221996 0.78258 0.98072 0.30541 0.41196 152.77952 195.62801 147.22542 138.42519 0.3 0.3 0.0 0.0 0.0 0.0 0.0 0.0 0.72115 0.0 0.0 45.47487 -0.49999 0.07399 0.0 0.0 0.0 0.0 0.0 0.0 0.0136605674757 48 1 0.963302752294 0.610785898795 2.0282027634
-0.12623 0.35028 3.35743 -0.12979 0.55971 4.0563833625 0.78258 0.98072 0.30541 0.41196 152.77952 195.62801 147.22542 138.42519 0.3 0.3 0.0 0.0 0.0 0.0 0.0 0.0 0.72115 0.0 0.0 45.47487 -0.49999 0.07399 0.0 0.0 0.0 0.0 0.0 0.0 0.0131986470798 49 1 0.97247706422 0.595762214374 2.63700580034
-0.12623 0.35028 3.35743 -0.12979 0.55971 4.08959900557 0.78258 0.98072 0.30541 0.41196 152.77952 195.62801 147.22542 138.42519 0.3 0.3 0.0 0.0 0.0 0.0 0.0 0.0 0.72115 0.0 0.0 45.47487 -0.49999 0.07399 0.0 0.0 0.0 0.0 0.0 0.0 0.0126023585487 50 1 0.981651376147 0.520330796633 3.16796547131
