-0.12623 0.35028 3.35743 -0.12979 0.55971 3.172248584 0.78258 0.98072 0.30541 0.41196 152.77952 195.62801 147.22542 138.42519 0.3 0.3 0.0 0.0 0.0 0.0 0.0 0.0 0.72115 0.0 0.0 45.47487 -0.49999 0.07399 0.0 0.0 0.0 0.0 0.0 0.0 0.01 0 1 0.886178861789 1.95963063088 -245.06445678
-0.12623 0.35028 3.35743 -0.12979 0.55971 3.09318813831 0.78258 0.98072 0.30541 0.41196 152.77952 195.62801 147.22542 138.42519 0.3 0.3 0.0 0.0 0.0 0.0 0.0 0.0 0.72115 0.0 0.0 45.47487 -0.49999 0.07399 0.0 0.0 0.0 0.0 0.0 0.0 0.00961710087531 1 0 0.857142857143 2.09009799169 -245.06445678
-0.12623 0.35028 3.35743 -0.12979 0.55971 3.38267130902 0.78258 0.98072 0.30541 0.41196 152.77952 195.62801 147.22542 138.42519 0.3 0.3 0.0 0.0 0.0 0.0 0.0 0.0 0.72115 0.0 0.0 45.47487 -0.49999 0.07399 0.0 0.0 0.0 0.0 0.0 0.0 0.0108263689366 2 1 0.869918699187 1.81482019347 -234.132647378
-0.12623 0.35028 3.35743 -0.12979 0.55971 3.51762164179 0.78258 0.98072 0.30541 0.41196 152.77952 195.62801 147.22542 138.42519 0.3 0.3 0.0 0.0 0.0 0.0 0.0 0.0 0.72115 0.0 0.0 45.47487 -0.49999 0.07399 0.0 0.0 0.0 0.0 0.0 0.0 0.0101185068885 3 1 0.9 1.54031243178 -112.191220664
-0.12623 0.35028 3.35743 -0.12979 0.55971 3.61807414094 0.78258 0.98072 0.30541 0.41196 152.77952 195.62801 147.22542 138.42519 0.3 0.3 0.0 0.0 0.0 0.0 0.0 0.0 0.72115 0.0 0.0 45.47487 -0.49999 0.07399 0.0 0.0 0.0 0.0 0.0 0.0 0.00941426989983 4 1 0.915254237288 1.35095809674 -70.1997112841
-0.12623 0.35028 3.35743 -0.12979 0.55971 3.70474686344 0.78258 0.98072 0.30541 0.41196 152.77952 195.62801 147.22542 138.42519 0.3 0.3 0.0 0.0 0.0 0.0 0.0 0.0 0.72115 0.0 0.0 45.47487 -0.49999 0.07399 0.0 0.0 0.0 0.0 0.0 0.0 0.00976041345161 5 1 0.923076923077 1.30489249225 -49.1701132429
-0.12623 0.35028 3.35743 -0.12979 0.55971 3.87447201097 0.78258 0.98072 0.30541 0.41196 152.77952 195.62801 147.22542 138.42519 0.3 0.3 0.0 0.0 0.0 0.0 0.0 0.0 0.72115 0.0 0.0 45.47487 -0.49999 0.07399 0.0 0.0 0.0 0.0 0.0 0.0 0.00910508070883 6 1 0.973214285714 0.606680704511 2.18730157486
-0.12623 0.35028 3.35743 -0.12979 0.55971 3.74430391685 0.78258 0.98072 0.30541 0.41196 152.77952 195.62801 147.22542 138.42519 0.3 0.3 0.0 0.0 0.0 0.0 0.0 0.0 0.72115 0.0 0.0 45.47487 -0.49999 0.07399 0.0 0.0 0.0 0.0 0.0 0.0 0.00988655196334 7 0 0.939655172414 1.18612975504 2.18730157486
-0.12623 0.35028 3.35743 -0.12979 0.55971 3.87604731796 0.78258 0.98072 0.30541 0.41196 152.77952 195.62801 147.22542 138.42519 0.3 0.3 0.0 0.0 0.0 0.0 0.0 0.0 0.72115 0.0 0.0 45.47487 -0.49999 0.07399 0.0 0.0 0.0 0.0 0.0 0.0 0.00891331196906 8 1 0.973214285714 0.643545314127 1.93120664902
-0.12623 0.35028 3.35743 -0.12979 0.55971 4.10306635814 0.78258 0.98072 0.30541 0.41196 152.77952 195.62801 147.22542 138.42519 0.3 0.3 0.0 0.0 0.0 0.0 0.0 0.0 0.72115 0.0 0.0 45.47487 -0.49999 0.07399 0.0 0.0 0.0 0.0 0.0 0.0 0.00859998245718 9 0 0.963302752294 0.554663914307 1.93120664902
-0.12623 0.35028 3.35743 -0.12979 0.55971 3.8598291419 0.78258 0.98072 0.30541 0.41196 152.77952 195.62801 147.22542 138.42519 0.3 0.3 0.0 0.0 0.0 0.0 0.0 0.0 0.72115 0.0 0.0 45.47487 -0.49999 0.07399 0.0 0.0 0.0 0.0 0.0 0.0 0.00802405080934 10 0 0.964285714286 0.658206233768 1.93120664902
-0.12623 0.35028 3.35743 -0.12979 0.55971 4.03339493342 0.78258 0.98072 0.30541 0.41196 152.77952 195.62801 147.22542 138.42519 0.3 0.3 0.0 0.0 0.0 0.0 0.0 0.0 0.72115 0.0 0.0 45.47487 -0.49999 0.07399 0.0 0.0 0.0 0.0 0.0 0.0 0.00982095708311 11 1 0.97247706422 0.466050024361 2.8513611514
-0.12623 0.35028 3.35743 -0.12979 0.55971 3.91598500195 0.78258 0.98072 0.30541 0.41196 152.77952 195.62801 147.22542 138.42519 0.3 0.3 0.0 0.0 0.0 0.0 0.0 0.0 0.72115 0.0 0.0 45.47487 -0.49999 0.07399 0.0 0.0 0.0 0.0 0.0 0.0 0.0100284226564 12 1 0.981981981982 0.563643151678 3.17061794017
-0.12623 0.35028 3.35743 -0.12979 0.55971 3.96924942423 0.78258 0.98072 0.30541 0.41196 152.77952 195.62801 147.22542 138.42519 0.3 0.3 0.0 0.0 0.0 0.0 0.0 0.0 0.72115 0.0 0.0 45.47487 -0.49999 0.07399 0.0 0.0 0.0 0.0 0.0 0.0 0.0103083079829 13 1 0.981651376147 0.183807618508 3.60234495603
-0.12623 0.35028 3.35743 -0.12979 0.55971 3.94079443256 0.78258 0.98072 0.30541 0.41196 152.77952 195.62801 147.22542 138.42519 0.3 0.3 0.0 0.0 0.0 0.0 0.0 0.0 0.72115 0.0 0.0 45.47487 -0.49999 0.07399 0.0 0.0 0.0 0.0 0.0 0.0 0.0105467812217 14 1 0.981818181818 0.619003528226 3.06363072441
-0.12623 0.35028 3.35743 -0.12979 0.55971 3.82663958768 0.78258 0.98072 0.30541 0.41196 152.77952 195.62801 147.22542 138.42519 0.3 0.3 0.0 0.0 0.0 0.0 0.0 0.0 0.72115 0.0 0.0 45.47487 -0.49999 0.07399 0.0 0.0 0.0 0.0 0.0 0.0 0.0109376723854 15 0 0.956140350877 0.836558917669 3.06363072441
-0.12623 0.35028 3.35743 -0.12979 0.55971 3.91081339061 0.78258 0.98072 0.30541 0.41196 152.77952 195.62801 147.22542 138.42519 0.3 0.3 0.0 0.0 0.0 0.0 0.0 0.0 0.72115 0.0 0.0 45.47487 -0.49999 0.07399 0.0 0.0 0.0 0.0 0.0 0.0 0.0109957245685 16 0 0.973214285714 0.603055401095 3.06363072441
-0.12623 0.35028 3.35743 -0.12979 0.55971 3.88505090765 0.78258 0.98072 0.30541 0.41196 152.77952 195.62801 147.22542 138.42519 0.3 0.3 0.0 0.0 0.0 0.0 0.0 0.0 0.72115 0.0 0.0 45.47487 -0.49999 0.07399 0.0 0.0 0.0 0.0 0.0 0.0 0.00955480770587 17 0 0.955357142857 0.765926483955 3.06363072441
-0.12623 0.35028 3.35743 -0.12979 0.55971 3.87616201256 0.78258 0.98072 0.30541 0.41196 152.77952 195.62801 147.22542 138.42519 0.3 0.3 0.0 0.0 0.0 0.0 0.0 0.0 0.72115 0.0 0.0 45.47487 -0.49999 0.07399 0.0 0.0 0.0 0.0 0.0 0.0 0.0112385641182 18 0 0.973214285714 0.643596197016 3.06363072441
-0.12623 0.35028 3.35743 -0.12979 0.55971 3.8683110936 0.78258 0.98072 0.30541 0.41196 152.77952 195.62801 147.22542 138.42519 0.3 0.3 0.0 0.0 0.0 0.0 0.0 0.0 0.72115 0.0 0.0 45.47487 -0.49999 0.07399 0.0 0.0 0.0 0.0 0.0 0.0 0.00981997096725 19 0 0.964285714286 0.596877493346 3.06363072441
-0.12623 0.35028 3.35743 -0.12979 0.55971 3.74677924699 0.78258 0.98072 0.30541 0.41196 152.77952 195.62801 147.22542 138.42519 0.3 0.3 0.0 0.0 0.0 0.0 0.0 0.0 0.72115 0.0 0.0 45.47487 -0.49999 0.07399 0.0 0.0 0.0 0.0 0.0 0.0 0.0109995088819 20 0 0.939655172414 1.12972965741 3.06363072441
-0.12623 0.35028 3.35743 -0.12979 0.55971 3.86245490014 0.78258 0.98072 0.30541 0.41196 152.77952 195.62801 147.22542 138.42519 0.3 0.3 0.0 0.0 0.0 0.0 0.0 0.0 0.72115 0.0 0.0 45.47487 -0.49999 0.07399 0.0 0.0 0.0 0.0 0.0 0.0 0.0114245894488 21 0 0.964285714286 0.675396269046 3.06363072441
-0.12623 0.35028 3.35743 -0.12979 0.55971 3.82680529994 0.78258 0.98072 0.30541 0.41196 152.77952 195.62801 147.22542 138.42519 0.3 0.3 0.0 0.0 0.0 0.0 0.0 0.0 0.72115 0.0 0.0 45.47487 -0.49999 0.07399 0.0 0.0 0.0 0.0 0.0 0.0 0.0106574326737 22 0 0.956140350877 0.836532655309 3.06363072441
-0.12623 0.35028 3.35743 -0.12979 0.55971 4.00153200905 0.78258 0.98072 0.30541 0.41196 152.77952 195.62801 147.22542 138.42519 0.3 0.3 0.0 0.0 0.0 0.0 0.0 0.0 0.72115 0.0 0.0 45.47487 -0.49999 0.07399 0.0 0.0 0.0 0.0 0.0 0.0 0.0106699065591 23 1 0.981651376147 0.527296499374 3.2102723354
-0.12623 0.35028 3.35743 -0.12979 0.55971 3.93588911072 0.78258 0.98072 0.30541 0.41196 152.77952 195.62801 147.22542 138.42519 0.3 0.3 0.0 0.0 0.0 0.0 0.0 0.0 0.72115 0.0 0.0 45.47487 -0.49999 0.07399 0.0 0.0 0.0 0.0 0.0 0.0 0.0103989443309 24 1 0.981818181818 0.613885611282 3.07108785659
-0.12623 0.35028 3.35743 -0.12979 0.55971 3.96493314101 0.78258 0.98072 0.30541 0.41196 152.77952 195.62801 147.22542 138.42519 0.3 0.3 0.0 0.0 0.0 0.0 0.0 0.0 0.72115 0.0 0.0 45.47487 -0.49999 0.07399 0.0 0.0 0.0 0.0 0.0 0.0 0.0104644296022 25 1 0.981651376147 0.452224191619 3.32645594555
-0.12623 0.35028 3.35743 -0.12979 0.55971 4.01211771239 0.78258 0.98072 0.30541 0.41196 152.77952 195.62801 147.22542 138.42519 0.3 0.3 0.0 0.0 0.0 0.0 0.0 0.0 0.72115 0.0 0.0 45.47487 -0.49999 0.07399 0.0 0.0 0.0 0.0 0.0 0.0 0.00947447366898 26 1 0.990825688073 0.0554820815397 3.73877239301
-0.12623 0.35028 3.35743 -0.12979 0.55971 3.96435483692 0.78258 0.98072 0.30541 0.41196 152.77952 195.62801 147.22542 138.42519 0.3 0.3 0.0 0.0 0.0 0.0 0.0 0.0 0.72115 0.0 0.0 45.47487 -0.49999 0.07399 0.0 0.0 0.0 0.0 0.0 0.0 0.0104485312668 27 1 0.981651376147 0.45463129567 3.3236530515
-0.12623 0.35028 3.35743 -0.12979 0.55971 4.02965731588 0.78258 0.98072 0.30541 0.41196 152.77952 195.62801 147.22542 138.42519 0.3 0.3 0.0 0.0 0.0 0.0 0.0 0.0 0.72115 0.0 0.0 45.47487 -0.49999 0.07399 0.0 0.0 0.0 0.0 0.0 0.0 0.0109517727445 28 1 0.981651376147 0.457565809226 3.30147245279
-0.12623 0.35028 3.35743 -0.12979 0.55971 4.10050798256 0.78258 0.98072 0.30541 0.41196 152.77952 195.62801 147.22542 138.42519 0.3 0.3 0.0 0.0 0.0 0.0 0.0 0.0 0.72115 0.0 0.0 45.47487 -0.49999 0.07399 0.0 0.0 0.0 0.0 0.0 0.0 0.0111551930823 29 0 0.963302752294 0.56802964857 3.30147245279
-0.12623 0.35028 3.35743 -0.12979 0.55971 3.98176850866 0.78258 0.98072 0.30541 0.41196 152.77952 195.62801 147.22542 138.42519 0.3 0.3 0.0 0.0 0.0 0.0 0.0 0.0 0.72115 0.0 0.0 45.47487 -0.49999 0.07399 0.0 0.0 0.0 0.0 0.0 0.0 0.0100167259692 30 1 0.981651376147 0.183714463129 3.62793494523
-0.12623 0.35028 3.35743 -0.12979 0.55971 3.81454350063 0.78258 0.98072 0.30541 0.41196 152.77952 195.62801 147.22542 138.42519 0.3 0.3 0.0 0.0 0.0 0.0 0.0 0.0 0.72115 0.0 0.0 45.47487 -0.49999 0.07399 0.0 0.0 0.0 0.0 0.0 0.0 0.00949301000647 31 0 0.947826086957 0.991746650738 3.62793494523
-0.12623 0.35028 3.35743 -0.12979 0.55971 4.0733769238 0.78258 0.98072 0.30541 0.41196 152.77952 195.62801 147.22542 138.42519 0.3 0.3 0.0 0.0 0.0 0.0 0.0 0.0 0.72115 0.0 0.0 45.47487 -0.49999 0.07399 0.0 0.0 0.0 0.0 0.0 0.0 0.0105619454159 32 0 0.97247706422 0.621753358742 3.62793494523
-0.12623 0.35028 3.35743 -0.12979 0.55971 3.92968838778 0.78258 0.98072 0.30541 0.41196 152.77952 195.62801 147.22542 138.42519 0.3 0.3 0.0 0.0 0.0 0.0 0.0 0.0 0.72115 0.0 0.0 45.47487 -0.49999 0.07399 0.0 0.0 0.0 0.0 0.0 0.0 0.00949388278586 33 1 0.990909090909 0.609032077434 3.56811883637
-0.12623 0.35028 3.35743 -0.12979 0.55971 3.88441892411 0.78258 0.98072 0.30541 0.41196 152.77952 195.62801 147.22542 138.42519 0.3 0.3 0.0 0.0 0.0 0.0 0.0 0.0 0.72115 0.0 0.0 45.47487 -0.49999 0.07399 0.0 0.0 0.0 0.0 0.0 0.0 0.00867502617287 34 0 0.955357142857 0.76556322346 3.56811883637
-0.12623 0.35028 3.35743 -0.12979 0.55971 3.96251704449 0.78258 0.98072 0.30541 0.41196 152.77952 195.62801 147.22542 138.42519 0.3 0.3 0.0 0.0 0.0 0.0 0.0 0.0 0.72115 0.0 0.0 45.47487 -0.49999 0.07399 0.0 0.0 0.0 0.0 0.0 0.0 0.00960213475744 35 1 0.981651376147 0.458106541015 3.34367639413
-0.12623 0.35028 3.35743 -0.12979 0.55971 3.98884671199 0.78258 0.98072 0.30541 0.41196 152.77952 195.62801 147.22542 138.42519 0.3 0.3 0.0 0.0 0.0 0.0 0.0 0.0 0.72115 0.0 0.0 45.47487 -0.49999 0.07399 0.0 0.0 0.0 0.0 0.0 0.0 0.0100555248918 36 1 0.981651376147 0.444118756898 3.3523228077
-0.12623 0.35028 3.35743 -0.12979 0.55971 3.91976400338 0.78258 0.98072 0.30541 0.41196 152.77952 195.62801 147.22542 138.42519 0.3 0.3 0.0 0.0 0.0 0.0 0.0 0.0 0.72115 0.0 0.0 45.47487 -0.49999 0.07399 0.0 0.0 0.0 0.0 0.0 0.0 0.00887721276192 37 1 0.990909090909 0.611123736874 3.6094944006
-0.12623 0.35028 3.35743 -0.12979 0.55971 4.00723908746 0.78258 0.98072 0.30541 0.41196 152.77952 195.62801 147.22542 138.42519 0.3 0.3 0.0 0.0 0.0 0.0 0.0 0.0 0.72115 0.0 0.0 45.47487 -0.49999 0.07399 0.0 0.0 0.0 0.0 0.0 0.0 0.00954896376289 38 1 0.990825688073 0.511715086992 3.61153012263
-0.12623 0.35028 3.35743 -0.12979 0.55971 3.93772334117 0.78258 0.98072 0.30541 0.41196 152.77952 195.62801 147.22542 138.42519 0.3 0.3 0.0 0.0 0.0 0.0 0.0 0.0 0.72115 0.0 0.0 45.47487 -0.49999 0.07399 0.0 0.0 0.0 0.0 0.0 0.0 0.00893487757197 39 0 0.981818181818 0.605487204264 3.61153012263
-0.12623 0.35028 3.35743 -0.12979 0.55971 4.0393413541 0.78258 0.98072 0.30541 0.41196 152.77952 195.62801 147.22542 138.42519 0.3 0.3 0.0 0.0 0.0 0.0 0.0 0.0 0.72115 0.0 0.0 45.47487 -0.49999 0.07399 0.0 0.0 0.0 0.0 0.0 0.0 0.00903044714816 40 0 0.97247706422 0.529369849748 3.61153012263
-0.12623 0.35028 3.35743 -0.12979 0.55971 4.10127782346 0.78258 0.98072 0.30541 0.41196 152.77952 195.62801 147.22542 138.42519 0.3 0.3 0.0 0.0 0.0 0.0 0.0 0.0 0.72115 0.0 0.0 45.47487 -0.49999 0.07399 0.0 0.0 0.0 0.0 0.0 0.0 0.0105120480688 41 0 0.963302752294 0.548589122167 3.61153012263
-0.12623 0.35028 3.35743 -0.12979 0.55971 3.90341103835 0.78258 0.98072 0.30541 0.41196 152.77952 195.62801 147.22542 138.42519 0.3 0.3 0.0 0.0 0.0 0.0 0.0 0.0 0.72115 0.0 0.0 45.47487 -0.49999 0.07399 0.0 0.0 0.0 0.0 0.0 0.0 0.0103511208667 42 0 0.964285714286 0.607030265588 3.61153012263
-0.12623 0.35028 3.35743 -0.12979 0.55971 3.91039745357 0.78258 0.98072 0.30541 0.41196 152.77952 195.62801 147.22542 138.42519 0.3 0.3 0.0 0.0 0.0 0.0 0.0 0.0 0.72115 0.0 0.0 45.47487 -0.49999 0.07399 0.0 0.0 0.0 0.0 0.0 0.0 0.00892692432672 43 0 0.973214285714 0.603103848591 3.61153012263
-0.12623 0.35028 3.35743 -0.12979 0.55971 4.07717308789 0.78258 0.98072 0.30541 0.41196 152.77952 195.62801 147.22542 138.42519 0.3 0.3 0.0 0.0 0.0 0.0 0.0 0.0 0.72115 0.0 0.0 45.47487 -0.49999 0.07399 0.0 0.0 0.0 0.0 0.0 0.0 0.00977508522883 44 0 0.97247706422 0.624413213982 3.61153012263
-0.12623 0.35028 3.35743 -0.12979 0.55971 3.98910156568 0.78258 0.98072 0.30541 0.41196 152.77952 195.62801 147.22542 138.42519 0.3 0.3 0.0 0.0 0.0 0.0 0.0 0.0 0.72115 0.0 0.0 45.47487 -0.49999 0.07399 0.0 0.0 0.0 0.0 0.0 0.0 0.0103410377516 45 1 0.981651376147 0.444133383351 3.34218652049
-0.12623 0.35028 3.35743 -0.12979 0.55971 3.99843880238 0.78258 0.98072 0.30541 0.41196 152.77952 195.62801 147.22542 138.42519 0.3 0.3 0.0 0.0 0.0 0.0 0.0 0.0 0.72115 0.0 0.0 45.47487 -0.49999 0.07399 0.0 0.0 0.0 0.0 0.0 0.0 0.0104034579315 46 1 0.981651376147 0.542987125148 3.18811378747
-0.12623 0.35028 3.35743 -0.12979 0.55971 4.12311046818 0.78258 0.98072 0.30541 0.41196 152.77952 195.62801 147.22542 138.42519 0.3 0.3 0.0 0.0 0.0 0.0 0.0 0.0 0.72115 0.0 0.0 45.47487 -0.49999 0.07399 0.0 0.0 0.0 0.0 0.0 0.0 0.0108997157164 47 0 0.963302752294 0.611919341037 3.18811378747
-0.12623 0.35028 3.35743 -0.12979 0.55971 3.98224371167 0.78258 0.98072 0.30541 0.41196 152.77952 195.62801 147.22542 138.42519 0.3 0.3 0.0 0.0 0.0 0.0 0.0 0.0 0.72115 0.0 0.0 45.47487 -0.49999 0.07399 0.0 0.0 0.0 0.0 0.0 0.0 0.010339463094 48 1 0.981651376147 0.183644002294 3.59974391201
-0.12623 0.35028 3.35743 -0.12979 0.55971 3.88058702866 0.78258 0.98072 0.30541 0.41196 152.77952 195.62801 147.22542 138.42519 0.3 0.3 0.0 0.0 0.0 0.0 0.0 0.0 0.72115 0.0 0.0 45.47487 -0.49999 0.07399 0.0 0.0 0.0 0.0 0.0 0.0 0.0103293210113 49 0 0.973214285714 0.729208214963 3.59974391201
-0.12623 0.35028 3.35743 -0.12979 0.55971 3.95234755584 0.78258 0.98072 0.30541 0.41196 152.77952 195.62801 147.22542 138.42519 0.3 0.3 0.0 0.0 0.0 0.0 0.0 0.0 0.72115 0.0 0.0 45.47487 -0.49999 0.07399 0.0 0.0 0.0 0.0 0.0 0.0 0.0107633986709 50 0 0.972727272727 0.467847159354 3.59974391201
