-0.12623 0.35028 3.35743 -0.12979 0.55971 3.24295453534 0.78258 0.98072 0.30541 0.41196 152.77952 195.62801 147.22542 138.42519 0.3 0.3 0.0 0.0 0.0 0.0 0.0 0.0 0.72115 0.0 0.0 45.47487 -0.49999 0.07399 0.0 0.0 0.0 0.0 0.0 0.0 0.01 0 1 0.869918699187 1.89707280293 -300.800058327
-0.12623 0.35028 3.35743 -0.12979 0.55971 3.33718409363 0.78258 0.98072 0.30541 0.41196 152.77952 195.62801 147.22542 138.42519 0.3 0.3 0.0 0.0 0.0 0.0 0.0 0.0 0.72115 0.0 0.0 45.47487 -0.49999 0.07399 0.0 0.0 0.0 0.0 0.0 0.0 0.00991402343865 1 0 0.854838709677 1.83824104218 -300.800058327
-0.12623 0.35028 3.35743 -0.12979 0.55971 3.20600417162 0.78258 0.98072 0.30541 0.41196 152.77952 195.62801 147.22542 138.42519 0.3 0.3 0.0 0.0 0.0 0.0 0.0 0.0 0.72115 0.0 0.0 45.47487 -0.49999 0.07399 0.0 0.0 0.0 0.0 0.0 0.0 0.00986575095939 2 0 0.869918699187 2.06456022389 -300.800058327
-0.12623 0.35028 3.35743 -0.12979 0.55971 3.22271740657 0.78258 0.98072 0.30541 0.41196 152.77952 195.62801 147.22542 138.42519 0.3 0.3 0.0 0.0 0.0 0.0 0.0 0.0 0.72115 0.0 0.0 45.47487 -0.49999 0.07399 0.0 0.0 0.0 0.0 0.0 0.0 0.0106584486223 3 0 0.853658536585 2.00326824625 -300.800058327
-0.12623 0.35028 3.35743 -0.12979 0.55971 3.38518286789 0.78258 0.98072 0.30541 0.41196 152.77952 195.62801 147.22542 138.42519 0.3 0.3 0.0 0.0 0.0 0.0 0.0 0.0 0.72115 0.0 0.0 45.47487 -0.49999 0.07399 0.0 0.0 0.0 0.0 0.0 0.0 0.00936268634052 4 0 0.869918699187 1.84697044469 -300.800058327
-0.12623 0.35028 3.35743 -0.12979 0.55971 3.35286882698 0.78258 0.98072 0.30541 0.41196 152.77952 195.62801 147.22542 138.42519 0.3 0.3 0.0 0.0 0.0 0.0 0.0 0.0 0.72115 0.0 0.0 45.47487 -0.49999 0.07399 0.0 0.0 0.0 0.0 0.0 0.0 0.00949663202238 5 0 0.854838709677 1.78140092166 -300.800058327
-0.12623 0.35028 3.35743 -0.12979 0.55971 3.39319222713 0.78258 0.98072 0.30541 0.41196 152.77952 195.62801 147.22542 138.42519 0.3 0.3 0.0 0.0 0.0 0.0 0.0 0.0 0.72115 0.0 0.0 45.47487 -0.49999 0.07399 0.0 0.0 0.0 0.0 0.0 0.0 0.00954817448906 6 1 0.869918699187 1.74589198599 -279.142030944
-0.12623 0.35028 3.35743 -0.12979 0.55971 3.43888493989 0.78258 0.98072 0.30541 0.41196 152.77952 195.62801 147.22542 138.42519 0.3 0.3 0.0 0.0 0.0 0.0 0.0 0.0 0.72115 0.0 0.0 45.47487 -0.49999 0.07399 0.0 0.0 0.0 0.0 0.0 0.0 0.00969303179203 7 1 0.9 1.6599680816 -142.92183173
-0.12623 0.35028 3.35743 -0.12979 0.55971 3.36874532186 0.78258 0.98072 0.30541 0.41196 152.77952 195.62801 147.22542 138.42519 0.3 0.3 0.0 0.0 0.0 0.0 0.0 0.0 0.72115 0.0 0.0 45.47487 -0.49999 0.07399 0.0 0.0 0.0 0.0 0.0 0.0 0.00981083474439 8 0 0.877049180328 1.8259521194 -142.92183173
-0.12623 0.35028 3.35743 -0.12979 0.55971 3.48600893113 0.78258 0.98072 0.30541 0.41196 152.77952 195.62801 147.22542 138.42519 0.3 0.3 0.0 0.0 0.0 0.0 0.0 0.0 0.72115 0.0 0.0 45.47487 -0.49999 0.07399 0.0 0.0 0.0 0.0 0.0 0.0 0.0101430613074 9 1 0.892561983471 1.55915109889 -132.699680398
-0.12623 0.35028 3.35743 -0.12979 0.55971 3.69121459804 0.78258 0.98072 0.30541 0.41196 152.77952 195.62801 147.22542 138.42519 0.3 0.3 0.0 0.0 0.0 0.0 0.0 0.0 0.72115 0.0 0.0 45.47487 -0.49999 0.07399 0.0 0.0 0.0 0.0 0.0 0.0 0.0099364445625 10 1 0.915254237288 1.4641841569 -74.2787990557
-0.12623 0.35028 3.35743 -0.12979 0.55971 3.71167947228 0.78258 0.98072 0.30541 0.41196 152.77952 195.62801 147.22542 138.42519 0.3 0.3 0.0 0.0 0.0 0.0 0.0 0.0 0.72115 0.0 0.0 45.47487 -0.49999 0.07399 0.0 0.0 0.0 0.0 0.0 0.0 0.0105150230052 11 1 0.931034482759 1.27100474008 -31.1102339174
-0.12623 0.35028 3.35743 -0.12979 0.55971 3.69441876687 0.78258 0.98072 0.30541 0.41196 152.77952 195.62801 147.22542 138.42519 0.3 0.3 0.0 0.0 0.0 0.0 0.0 0.0 0.72115 0.0 0.0 45.47487 -0.49999 0.07399 0.0 0.0 0.0 0.0 0.0 0.0 0.0103150539295 12 0 0.915254237288 1.47635400035 -31.1102339174
-0.12623 0.35028 3.35743 -0.12979 0.55971 3.61108377834 0.78258 0.98072 0.30541 0.41196 152.77952 195.62801 147.22542 138.42519 0.3 0.3 0.0 0.0 0.0 0.0 0.0 0.0 0.72115 0.0 0.0 45.47487 -0.49999 0.07399 0.0 0.0 0.0 0.0 0.0 0.0 0.00980977969628 13 0 0.90756302521 1.47552220906 -31.1102339174
-0.12623 0.35028 3.35743 -0.12979 0.55971 3.69671793957 0.78258 0.98072 0.30541 0.41196 152.77952 195.62801 147.22542 138.42519 0.3 0.3 0.0 0.0 0.0 0.0 0.0 0.0 0.72115 0.0 0.0 45.47487 -0.49999 0.07399 0.0 0.0 0.0 0.0 0.0 0.0 0.0117663533546 14 0 0.923076923077 1.34344760727 -31.1102339174
-0.12623 0.35028 3.35743 -0.12979 0.55971 3.59629835999 0.78258 0.98072 0.30541 0.41196 152.77952 195.62801 147.22542 138.42519 0.3 0.3 0.0 0.0 0.0 0.0 0.0 0.0 0.72115 0.0 0.0 45.47487 -0.49999 0.07399 0.0 0.0 0.0 0.0 0.0 0.0 0.00950820142671 15 0 0.923728813559 1.41593912006 -31.1102339174
-0.12623 0.35028 3.35743 -0.12979 0.55971 3.85738840742 0.78258 0.98072 0.30541 0.41196 152.77952 195.62801 147.22542 138.42519 0.3 0.3 0.0 0.0 0.0 0.0 0.0 0.0 0.72115 0.0 0.0 45.47487 -0.49999 0.07399 0.0 0.0 0.0 0.0 0.0 0.0 0.0102403631077 16 1 0.964285714286 0.674379029441 0.896612347401
-0.12623 0.35028 3.35743 -0.12979 0.55971 3.75593593119 0.78258 0.98072 0.30541 0.41196 152.77952 195.62801 147.22542 138.42519 0.3 0.3 0.0 0.0 0.0 0.0 0.0 0.0 0.72115 0.0 0.0 45.47487 -0.49999 0.07399 0.0 0.0 0.0 0.0 0.0 0.0 0.0102720204415 17 0 0.956140350877 1.13044962849 0.896612347401
-0.12623 0.35028 3.35743 -0.12979 0.55971 3.67726755211 0.78258 0.98072 0.30541 0.41196 152.77952 195.62801 147.22542 138.42519 0.3 0.3 0.0 0.0 0.0 0.0 0.0 0.0 0.72115 0.0 0.0 45.47487 -0.49999 0.07399 0.0 0.0 0.0 0.0 0.0 0.0 0.010406936094 18 0 0.90756302521 1.48172554451 0.896612347401
-0.12623 0.35028 3.35743 -0.12979 0.55971 3.92201038741 0.78258 0.98072 0.30541 0.41196 152.77952 195.62801 147.22542 138.42519 0.3 0.3 0.0 0.0 0.0 0.0 0.0 0.0 0.72115 0.0 0.0 45.47487 -0.49999 0.07399 0.0 0.0 0.0 0.0 0.0 0.0 0.0104383341192 19 1 0.990909090909 0.610949826646 3.50177409529
-0.12623 0.35028 3.35743 -0.12979 0.55971 3.86850817292 0.78258 0.98072 0.30541 0.41196 152.77952 195.62801 147.22542 138.42519 0.3 0.3 0.0 0.0 0.0 0.0 0.0 0.0 0.72115 0.0 0.0 45.47487 -0.49999 0.07399 0.0 0.0 0.0 0.0 0.0 0.0 0.0104892641994 20 1 0.964285714286 0.596851519379 1.5735764688
-0.12623 0.35028 3.35743 -0.12979 0.55971 3.84988909242 0.78258 0.98072 0.30541 0.41196 152.77952 195.62801 147.22542 138.42519 0.3 0.3 0.0 0.0 0.0 0.0 0.0 0.0 0.72115 0.0 0.0 45.47487 -0.49999 0.07399 0.0 0.0 0.0 0.0 0.0 0.0 0.0107368492125 21 0 0.964285714286 0.721972091763 1.5735764688
-0.12623 0.35028 3.35743 -0.12979 0.55971 3.87637833802 0.78258 0.98072 0.30541 0.41196 152.77952 195.62801 147.22542 138.42519 0.3 0.3 0.0 0.0 0.0 0.0 0.0 0.0 0.72115 0.0 0.0 45.47487 -0.49999 0.07399 0.0 0.0 0.0 0.0 0.0 0.0 0.0107151205563 22 1 0.973214285714 0.643682690227 2.32258947314
-0.12623 0.35028 3.35743 -0.12979 0.55971 3.96460789436 0.78258 0.98072 0.30541 0.41196 152.77952 195.62801 147.22542 138.42519 0.3 0.3 0.0 0.0 0.0 0.0 0.0 0.0 0.72115 0.0 0.0 45.47487 -0.49999 0.07399 0.0 0.0 0.0 0.0 0.0 0.0 0.0113873612416 23 1 0.981651376147 0.452062164624 3.2910188539
-0.12623 0.35028 3.35743 -0.12979 0.55971 4.17293360916 0.78258 0.98072 0.30541 0.41196 152.77952 195.62801 147.22542 138.42519 0.3 0.3 0.0 0.0 0.0 0.0 0.0 0.0 0.72115 0.0 0.0 45.47487 -0.49999 0.07399 0.0 0.0 0.0 0.0 0.0 0.0 0.0118529823635 24 0 0.94495412844 0.779643468134 3.2910188539
-0.12623 0.35028 3.35743 -0.12979 0.55971 3.8807677501 0.78258 0.98072 0.30541 0.41196 152.77952 195.62801 147.22542 138.42519 0.3 0.3 0.0 0.0 0.0 0.0 0.0 0.0 0.72115 0.0 0.0 45.47487 -0.49999 0.07399 0.0 0.0 0.0 0.0 0.0 0.0 0.0115448486097 25 0 0.973214285714 0.729257438112 3.2910188539
-0.12623 0.35028 3.35743 -0.12979 0.55971 3.98081882247 0.78258 0.98072 0.30541 0.41196 152.77952 195.62801 147.22542 138.42519 0.3 0.3 0.0 0.0 0.0 0.0 0.0 0.0 0.72115 0.0 0.0 45.47487 -0.49999 0.07399 0.0 0.0 0.0 0.0 0.0 0.0 0.0122258268756 26 1 0.981651376147 0.183079068784 3.44751773045
-0.12623 0.35028 3.35743 -0.12979 0.55971 3.98603101139 0.78258 0.98072 0.30541 0.41196 152.77952 195.62801 147.22542 138.42519 0.3 0.3 0.0 0.0 0.0 0.0 0.0 0.0 0.72115 0.0 0.0 45.47487 -0.49999 0.07399 0.0 0.0 0.0 0.0 0.0 0.0 0.0116727135157 27 1 0.981651376147 0.443920602264 3.28809365095
-0.12623 0.35028 3.35743 -0.12979 0.55971 3.87600858168 0.78258 0.98072 0.30541 0.41196 152.77952 195.62801 147.22542 138.42519 0.3 0.3 0.0 0.0 0.0 0.0 0.0 0.0 0.72115 0.0 0.0 45.47487 -0.49999 0.07399 0.0 0.0 0.0 0.0 0.0 0.0 0.0116461666984 28 1 0.973214285714 0.65886355513 2.3856822439
-0.12623 0.35028 3.35743 -0.12979 0.55971 3.89279631276 0.78258 0.98072 0.30541 0.41196 152.77952 195.62801 147.22542 138.42519 0.3 0.3 0.0 0.0 0.0 0.0 0.0 0.0 0.72115 0.0 0.0 45.47487 -0.49999 0.07399 0.0 0.0 0.0 0.0 0.0 0.0 0.0116952286681 29 0 0.955357142857 0.681851990981 2.3856822439
-0.12623 0.35028 3.35743 -0.12979 0.55971 3.85852872929 0.78258 0.98072 0.30541 0.41196 152.77952 195.62801 147.22542 138.42519 0.3 0.3 0.0 0.0 0.0 0.0 0.0 0.0 0.72115 0.0 0.0 45.47487 -0.49999 0.07399 0.0 0.0 0.0 0.0 0.0 0.0 0.01168203587 30 1 0.964285714286 0.67045873226 1.43007928844
-0.12623 0.35028 3.35743 -0.12979 0.55971 3.89586872231 0.78258 0.98072 0.30541 0.41196 152.77952 195.62801 147.22542 138.42519 0.3 0.3 0.0 0.0 0.0 0.0 0.0 0.0 0.72115 0.0 0.0 45.47487 -0.49999 0.07399 0.0 0.0 0.0 0.0 0.0 0.0 0.0117402797963 31 0 0.955357142857 0.683503121393 1.43007928844
-0.12623 0.35028 3.35743 -0.12979 0.55971 3.93641719421 0.78258 0.98072 0.30541 0.41196 152.77952 195.62801 147.22542 138.42519 0.3 0.3 0.0 0.0 0.0 0.0 0.0 0.0 0.72115 0.0 0.0 45.47487 -0.49999 0.07399 0.0 0.0 0.0 0.0 0.0 0.0 0.0108476554303 32 1 0.981818181818 0.613825167098 3.07561610061
-0.12623 0.35028 3.35743 -0.12979 0.55971 3.88263659006 0.78258 0.98072 0.30541 0.41196 152.77952 195.62801 147.22542 138.42519 0.3 0.3 0.0 0.0 0.0 0.0 0.0 0.0 0.72115 0.0 0.0 45.47487 -0.49999 0.07399 0.0 0.0 0.0 0.0 0.0 0.0 0.0105209102715 33 0 0.955357142857 0.790534558557 3.07561610061
-0.12623 0.35028 3.35743 -0.12979 0.55971 3.72853787901 0.78258 0.98072 0.30541 0.41196 152.77952 195.62801 147.22542 138.42519 0.3 0.3 0.0 0.0 0.0 0.0 0.0 0.0 0.72115 0.0 0.0 45.47487 -0.49999 0.07399 0.0 0.0 0.0 0.0 0.0 0.0 0.011315469812 34 0 0.947826086957 1.22867063195 3.07561610061
-0.12623 0.35028 3.35743 -0.12979 0.55971 3.94564214226 0.78258 0.98072 0.30541 0.41196 152.77952 195.62801 147.22542 138.42519 0.3 0.3 0.0 0.0 0.0 0.0 0.0 0.0 0.72115 0.0 0.0 45.47487 -0.49999 0.07399 0.0 0.0 0.0 0.0 0.0 0.0 0.0109248936856 35 1 0.981818181818 0.582439580497 3.12797388826
-0.12623 0.35028 3.35743 -0.12979 0.55971 3.87714988903 0.78258 0.98072 0.30541 0.41196 152.77952 195.62801 147.22542 138.42519 0.3 0.3 0.0 0.0 0.0 0.0 0.0 0.0 0.72115 0.0 0.0 45.47487 -0.49999 0.07399 0.0 0.0 0.0 0.0 0.0 0.0 0.0106185268408 36 1 0.973214285714 0.800782168368 1.58599778393
-0.12623 0.35028 3.35743 -0.12979 0.55971 3.88219840109 0.78258 0.98072 0.30541 0.41196 152.77952 195.62801 147.22542 138.42519 0.3 0.3 0.0 0.0 0.0 0.0 0.0 0.0 0.72115 0.0 0.0 45.47487 -0.49999 0.07399 0.0 0.0 0.0 0.0 0.0 0.0 0.0102445052589 37 0 0.955357142857 0.789914800691 1.58599778393
-0.12623 0.35028 3.35743 -0.12979 0.55971 3.90729415237 0.78258 0.98072 0.30541 0.41196 152.77952 195.62801 147.22542 138.42519 0.3 0.3 0.0 0.0 0.0 0.0 0.0 0.0 0.72115 0.0 0.0 45.47487 -0.49999 0.07399 0.0 0.0 0.0 0.0 0.0 0.0 0.0104921554585 38 1 0.964285714286 0.704489219863 0.762954757382
-0.12623 0.35028 3.35743 -0.12979 0.55971 3.87152702151 0.78258 0.98072 0.30541 0.41196 152.77952 195.62801 147.22542 138.42519 0.3 0.3 0.0 0.0 0.0 0.0 0.0 0.0 0.72115 0.0 0.0 45.47487 -0.49999 0.07399 0.0 0.0 0.0 0.0 0.0 0.0 0.00978735603192 39 1 0.973214285714 0.619637262594 2.2698516675
-0.12623 0.35028 3.35743 -0.12979 0.55971 3.82032474778 0.78258 0.98072 0.30541 0.41196 152.77952 195.62801 147.22542 138.42519 0.3 0.3 0.0 0.0 0.0 0.0 0.0 0.0 0.72115 0.0 0.0 45.47487 -0.49999 0.07399 0.0 0.0 0.0 0.0 0.0 0.0 0.00990052131068 40 0 0.947826086957 0.827790626047 2.2698516675
-0.12623 0.35028 3.35743 -0.12979 0.55971 3.86549620315 0.78258 0.98072 0.30541 0.41196 152.77952 195.62801 147.22542 138.42519 0.3 0.3 0.0 0.0 0.0 0.0 0.0 0.0 0.72115 0.0 0.0 45.47487 -0.49999 0.07399 0.0 0.0 0.0 0.0 0.0 0.0 0.010068471222 41 0 0.964285714286 0.646384188103 2.2698516675
-0.12623 0.35028 3.35743 -0.12979 0.55971 3.93819570162 0.78258 0.98072 0.30541 0.41196 152.77952 195.62801 147.22542 138.42519 0.3 0.3 0.0 0.0 0.0 0.0 0.0 0.0 0.72115 0.0 0.0 45.47487 -0.49999 0.07399 0.0 0.0 0.0 0.0 0.0 0.0 0.00938569181506 42 1 0.981818181818 0.605504951068 3.06169530418
-0.12623 0.35028 3.35743 -0.12979 0.55971 4.00959781227 0.78258 0.98072 0.30541 0.41196 152.77952 195.62801 147.22542 138.42519 0.3 0.3 0.0 0.0 0.0 0.0 0.0 0.0 0.72115 0.0 0.0 45.47487 -0.49999 0.07399 0.0 0.0 0.0 0.0 0.0 0.0 0.00931460817575 43 1 0.990825688073 0.511918066557 3.63012016581
-0.12623 0.35028 3.35743 -0.12979 0.55971 3.85580676487 0.78258 0.98072 0.30541 0.41196 152.77952 195.62801 147.22542 138.42519 0.3 0.3 0.0 0.0 0.0 0.0 0.0 0.0 0.72115 0.0 0.0 45.47487 -0.49999 0.07399 0.0 0.0 0.0 0.0 0.0 0.0 0.00905360755743 44 0 0.964285714286 0.686835313379 3.63012016581
-0.12623 0.35028 3.35743 -0.12979 0.55971 3.84383789387 0.78258 0.98072 0.30541 0.41196 152.77952 195.62801 147.22542 138.42519 0.3 0.3 0.0 0.0 0.0 0.0 0.0 0.0 0.72115 0.0 0.0 45.47487 -0.49999 0.07399 0.0 0.0 0.0 0.0 0.0 0.0 0.00991826438291 45 0 0.964285714286 0.731414303732 3.63012016581
-0.12623 0.35028 3.35743 -0.12979 0.55971 4.02198656383 0.78258 0.98072 0.30541 0.41196 152.77952 195.62801 147.22542 138.42519 0.3 0.3 0.0 0.0 0.0 0.0 0.0 0.0 0.72115 0.0 0.0 45.47487 -0.49999 0.07399 0.0 0.0 0.0 0.0 0.0 0.0 0.00900488331652 46 1 1.0 0.12589160331 3.79104972487
-0.12623 0.35028 3.35743 -0.12979 0.55971 3.91933036398 0.78258 0.98072 0.30541 0.41196 152.77952 195.62801 147.22542 138.42519 0.3 0.3 0.0 0.0 0.0 0.0 0.0 0.0 0.72115 0.0 0.0 45.47487 -0.49999 0.07399 0.0 0.0 0.0 0.0 0.0 0.0 0.00834054452575 47 1 0.990909090909 0.611246788723 3.64575160174
-0.12623 0.35028 3.35743 -0.12979 0.55971 3.9318843488 0.78258 0.98072 0.30541 0.41196 152.77952 195.62801 147.22542 138.42519 0.3 0.3 0.0 0.0 0.0 0.0 0.0 0.0 0.72115 0.0 0.0 45.47487 -0.49999 0.07399 0.0 0.0 0.0 0.0 0.0 0.0 0.00793533963424 48 1 0.990909090909 0.610461436563 3.67293924104
-0.12623 0.35028 3.35743 -0.12979 0.55971 3.90201872216 0.78258 0.98072 0.30541 0.41196 152.77952 195.62801 147.22542 138.42519 0.3 0.3 0.0 0.0 0.0 0.0 0.0 0.0 0.72115 0.0 0.0 45.47487 -0.49999 0.07399 0.0 0.0 0.0 0.0 0.0 0.0 0.00722036243703 49 0 0.955357142857 0.727244761072 3.67293924104
-0.12623 0.35028 3.35743 -0.12979 0.55971 4.0558764908 0.78258 0.98072 0.30541 0.41196 152.77952 195.62801 147.22542 138.42519 0.3 0.3 0.0 0.0 0.0 0.0 0.0 0.0 0.72115 0.0 0.0 45.47487 -0.49999 0.07399 0.0 0.0 0.0 0.0 0.0 0.0 0.00805344630719 50 0 0.97247706422 0.595677810233 3.67293924104
