-0.12623 0.35028 3.35743 -0.12979 0.55971 3.95001404867 0.78258 0.98072 0.30541 0.41196 152.77952 195.62801 147.22542 138.42519 0.3 0.3 0.0 0.0 0.0 0.0 0.0 0.0 0.72115 0.0 0.0 45.47487 -0.49999 0.07399 0.0 0.0 0.0 0.0 0.0 0.0 0.01 0 1 0.981818181818 0.555657971998 3.1758915175
-0.12623 0.35028 3.35743 -0.12979 0.55971 3.89539959073 0.78258 0.98072 0.30541 0.41196 152.77952 195.62801 147.22542 138.42519 0.3 0.3 0.0 0.0 0.0 0.0 0.0 0.0 0.72115 0.0 0.0 45.47487 -0.49999 0.07399 0.0 0.0 0.0 0.0 0.0 0.0 0.00964826199336 1 0 0.955357142857 0.683296631662 3.1758915175
-0.12623 0.35028 3.35743 -0.12979 0.55971 3.99334956454 0.78258 0.98072 0.30541 0.41196 152.77952 195.62801 147.22542 138.42519 0.3 0.3 0.0 0.0 0.0 0.0 0.0 0.0 0.72115 0.0 0.0 45.47487 -0.49999 0.07399 0.0 0.0 0.0 0.0 0.0 0.0 0.0099134236824 2 1 0.981651376147 0.443786603522 3.35757905629
-0.12623 0.35028 3.35743 -0.12979 0.55971 3.92295594063 0.78258 0.98072 0.30541 0.41196 152.77952 195.62801 147.22542 138.42519 0.3 0.3 0.0 0.0 0.0 0.0 0.0 0.0 0.72115 0.0 0.0 45.47487 -0.49999 0.07399 0.0 0.0 0.0 0.0 0.0 0.0 0.00939756899637 3 1 0.990909090909 0.612036579801 3.57309540042
-0.12623 0.35028 3.35743 -0.12979 0.55971 3.91298557716 0.78258 0.98072 0.30541 0.41196 152.77952 195.62801 147.22542 138.42519 0.3 0.3 0.0 0.0 0.0 0.0 0.0 0.0 0.72115 0.0 0.0 45.47487 -0.49999 0.07399 0.0 0.0 0.0 0.0 0.0 0.0 0.00903926995044 4 1 0.973214285714 0.564294041877 2.38919483085
-0.12623 0.35028 3.35743 -0.12979 0.55971 3.91469623018 0.78258 0.98072 0.30541 0.41196 152.77952 195.62801 147.22542 138.42519 0.3 0.3 0.0 0.0 0.0 0.0 0.0 0.0 0.72115 0.0 0.0 45.47487 -0.49999 0.07399 0.0 0.0 0.0 0.0 0.0 0.0 0.00918207853694 5 1 0.973214285714 0.560983407229 2.43252023757
-0.12623 0.35028 3.35743 -0.12979 0.55971 3.89106949109 0.78258 0.98072 0.30541 0.41196 152.77952 195.62801 147.22542 138.42519 0.3 0.3 0.0 0.0 0.0 0.0 0.0 0.0 0.72115 0.0 0.0 45.47487 -0.49999 0.07399 0.0 0.0 0.0 0.0 0.0 0.0 0.0094582878762 6 0 0.955357142857 0.775321126908 2.43252023757
-0.12623 0.35028 3.35743 -0.12979 0.55971 3.73975521004 0.78258 0.98072 0.30541 0.41196 152.77952 195.62801 147.22542 138.42519 0.3 0.3 0.0 0.0 0.0 0.0 0.0 0.0 0.72115 0.0 0.0 45.47487 -0.49999 0.07399 0.0 0.0 0.0 0.0 0.0 0.0 0.00910499508685 7 0 0.939655172414 1.24201150921 2.43252023757
-0.12623 0.35028 3.35743 -0.12979 0.55971 3.95401580966 0.78258 0.98072 0.30541 0.41196 152.77952 195.62801 147.22542 138.42519 0.3 0.3 0.0 0.0 0.0 0.0 0.0 0.0 0.72115 0.0 0.0 45.47487 -0.49999 0.07399 0.0 0.0 0.0 0.0 0.0 0.0 0.00883539320505 8 1 0.972727272727 0.467826489782 2.76738564868
-0.12623 0.35028 3.35743 -0.12979 0.55971 3.90376980596 0.78258 0.98072 0.30541 0.41196 152.77952 195.62801 147.22542 138.42519 0.3 0.3 0.0 0.0 0.0 0.0 0.0 0.0 0.72115 0.0 0.0 45.47487 -0.49999 0.07399 0.0 0.0 0.0 0.0 0.0 0.0 0.00877999868479 9 0 0.964285714286 0.616082596388 2.76738564868
-0.12623 0.35028 3.35743 -0.12979 0.55971 3.90752456543 0.78258 0.98072 0.30541 0.41196 152.77952 195.62801 147.22542 138.42519 0.3 0.3 0.0 0.0 0.0 0.0 0.0 0.0 0.72115 0.0 0.0 45.47487 -0.49999 0.07399 0.0 0.0 0.0 0.0 0.0 0.0 0.0078690783513 10 0 0.964285714286 0.659634733971 2.76738564868
-0.12623 0.35028 3.35743 -0.12979 0.55971 4.04883886631 0.78258 0.98072 0.30541 0.41196 152.77952 195.62801 147.22542 138.42519 0.3 0.3 0.0 0.0 0.0 0.0 0.0 0.0 0.72115 0.0 0.0 45.47487 -0.49999 0.07399 0.0 0.0 0.0 0.0 0.0 0.0 0.00919630691952 11 1 0.97247706422 0.519376978584 2.56192836514
-0.12623 0.35028 3.35743 -0.12979 0.55971 3.92118206274 0.78258 0.98072 0.30541 0.41196 152.77952 195.62801 147.22542 138.42519 0.3 0.3 0.0 0.0 0.0 0.0 0.0 0.0 0.72115 0.0 0.0 45.47487 -0.49999 0.07399 0.0 0.0 0.0 0.0 0.0 0.0 0.00982256853291 12 1 0.990909090909 0.611010098115 3.54424042488
-0.12623 0.35028 3.35743 -0.12979 0.55971 4.00844505161 0.78258 0.98072 0.30541 0.41196 152.77952 195.62801 147.22542 138.42519 0.3 0.3 0.0 0.0 0.0 0.0 0.0 0.0 0.72115 0.0 0.0 45.47487 -0.49999 0.07399 0.0 0.0 0.0 0.0 0.0 0.0 0.00924058836943 13 1 0.990825688073 0.5119290588 3.6360484237
-0.12623 0.35028 3.35743 -0.12979 0.55971 4.00230638751 0.78258 0.98072 0.30541 0.41196 152.77952 195.62801 147.22542 138.42519 0.3 0.3 0.0 0.0 0.0 0.0 0.0 0.0 0.72115 0.0 0.0 45.47487 -0.49999 0.07399 0.0 0.0 0.0 0.0 0.0 0.0 0.00901923733255 14 1 0.990825688073 0.523410706063 3.64772670897
-0.12623 0.35028 3.35743 -0.12979 0.55971 4.08079809261 0.78258 0.98072 0.30541 0.41196 152.77952 195.62801 147.22542 138.42519 0.3 0.3 0.0 0.0 0.0 0.0 0.0 0.0 0.72115 0.0 0.0 45.47487 -0.49999 0.07399 0.0 0.0 0.0 0.0 0.0 0.0 0.00931581697998 15 0 0.97247706422 0.488494416998 3.64772670897
-0.12623 0.35028 3.35743 -0.12979 0.55971 3.80694569139 0.78258 0.98072 0.30541 0.41196 152.77952 195.62801 147.22542 138.42519 0.3 0.3 0.0 0.0 0.0 0.0 0.0 0.0 0.72115 0.0 0.0 45.47487 -0.49999 0.07399 0.0 0.0 0.0 0.0 0.0 0.0 0.00910830475022 16 0 0.947826086957 0.950688908513 3.64772670897
-0.12623 0.35028 3.35743 -0.12979 0.55971 4.1365972961 0.78258 0.98072 0.30541 0.41196 152.77952 195.62801 147.22542 138.42519 0.3 0.3 0.0 0.0 0.0 0.0 0.0 0.0 0.72115 0.0 0.0 45.47487 -0.49999 0.07399 0.0 0.0 0.0 0.0 0.0 0.0 0.00910102256843 17 0 0.963302752294 0.698017569871 3.64772670897
-0.12623 0.35028 3.35743 -0.12979 0.55971 3.86782505033 0.78258 0.98072 0.30541 0.41196 152.77952 195.62801 147.22542 138.42519 0.3 0.3 0.0 0.0 0.0 0.0 0.0 0.0 0.72115 0.0 0.0 45.47487 -0.49999 0.07399 0.0 0.0 0.0 0.0 0.0 0.0 0.00909012913889 18 0 0.964285714286 0.650225306583 3.64772670897
-0.12623 0.35028 3.35743 -0.12979 0.55971 3.95928043766 0.78258 0.98072 0.30541 0.41196 152.77952 195.62801 147.22542 138.42519 0.3 0.3 0.0 0.0 0.0 0.0 0.0 0.0 0.72115 0.0 0.0 45.47487 -0.49999 0.07399 0.0 0.0 0.0 0.0 0.0 0.0 0.00872487857227 19 1 0.981651376147 0.460786939156 3.35311339294
-0.12623 0.35028 3.35743 -0.12979 0.55971 4.105808439 0.78258 0.98072 0.30541 0.41196 152.77952 195.62801 147.22542 138.42519 0.3 0.3 0.0 0.0 0.0 0.0 0.0 0.0 0.72115 0.0 0.0 45.47487 -0.49999 0.07399 0.0 0.0 0.0 0.0 0.0 0.0 0.00834898410632 20 0 0.963302752294 0.554107298909 3.35311339294
-0.12623 0.35028 3.35743 -0.12979 0.55971 3.84499940505 0.78258 0.98072 0.30541 0.41196 152.77952 195.62801 147.22542 138.42519 0.3 0.3 0.0 0.0 0.0 0.0 0.0 0.0 0.72115 0.0 0.0 45.47487 -0.49999 0.07399 0.0 0.0 0.0 0.0 0.0 0.0 0.00834307499046 21 0 0.964285714286 0.731596243761 3.35311339294
-0.12623 0.35028 3.35743 -0.12979 0.55971 3.91151030758 0.78258 0.98072 0.30541 0.41196 152.77952 195.62801 147.22542 138.42519 0.3 0.3 0.0 0.0 0.0 0.0 0.0 0.0 0.72115 0.0 0.0 45.47487 -0.49999 0.07399 0.0 0.0 0.0 0.0 0.0 0.0 0.0100506154746 22 0 0.973214285714 0.604081788634 3.35311339294
-0.12623 0.35028 3.35743 -0.12979 0.55971 4.03929167081 0.78258 0.98072 0.30541 0.41196 152.77952 195.62801 147.22542 138.42519 0.3 0.3 0.0 0.0 0.0 0.0 0.0 0.0 0.72115 0.0 0.0 45.47487 -0.49999 0.07399 0.0 0.0 0.0 0.0 0.0 0.0 0.00792435440713 23 0 0.97247706422 0.52936294171 3.35311339294
-0.12623 0.35028 3.35743 -0.12979 0.55971 3.90138559311 0.78258 0.98072 0.30541 0.41196 152.77952 195.62801 147.22542 138.42519 0.3 0.3 0.0 0.0 0.0 0.0 0.0 0.0 0.72115 0.0 0.0 45.47487 -0.49999 0.07399 0.0 0.0 0.0 0.0 0.0 0.0 0.00914218159385 24 0 0.964285714286 0.722771520753 3.35311339294
-0.12623 0.35028 3.35743 -0.12979 0.55971 4.00803698926 0.78258 0.98072 0.30541 0.41196 152.77952 195.62801 147.22542 138.42519 0.3 0.3 0.0 0.0 0.0 0.0 0.0 0.0 0.72115 0.0 0.0 45.47487 -0.49999 0.07399 0.0 0.0 0.0 0.0 0.0 0.0 0.00826436202009 25 1 0.990825688073 0.511855900499 3.71543066808
-0.12623 0.35028 3.35743 -0.12979 0.55971 3.99740885685 0.78258 0.98072 0.30541 0.41196 152.77952 195.62801 147.22542 138.42519 0.3 0.3 0.0 0.0 0.0 0.0 0.0 0.0 0.72115 0.0 0.0 45.47487 -0.49999 0.07399 0.0 0.0 0.0 0.0 0.0 0.0 0.00844001814373 26 0 0.981651376147 0.542997077407 3.71543066808
-0.12623 0.35028 3.35743 -0.12979 0.55971 4.18598550936 0.78258 0.98072 0.30541 0.41196 152.77952 195.62801 147.22542 138.42519 0.3 0.3 0.0 0.0 0.0 0.0 0.0 0.0 0.72115 0.0 0.0 45.47487 -0.49999 0.07399 0.0 0.0 0.0 0.0 0.0 0.0 0.00769664416811 27 0 0.94495412844 0.958919282334 3.71543066808
-0.12623 0.35028 3.35743 -0.12979 0.55971 3.90537109847 0.78258 0.98072 0.30541 0.41196 152.77952 195.62801 147.22542 138.42519 0.3 0.3 0.0 0.0 0.0 0.0 0.0 0.0 0.72115 0.0 0.0 45.47487 -0.49999 0.07399 0.0 0.0 0.0 0.0 0.0 0.0 0.00787221267848 28 0 0.964285714286 0.69488108806 3.71543066808
-0.12623 0.35028 3.35743 -0.12979 0.55971 4.19504826016 0.78258 0.98072 0.30541 0.41196 152.77952 195.62801 147.22542 138.42519 0.3 0.3 0.0 0.0 0.0 0.0 0.0 0.0 0.72115 0.0 0.0 45.47487 -0.49999 0.07399 0.0 0.0 0.0 0.0 0.0 0.0 0.00854078423484 29 0 0.94495412844 1.00167347381 3.71543066808
-0.12623 0.35028 3.35743 -0.12979 0.55971 4.02897595484 0.78258 0.98072 0.30541 0.41196 152.77952 195.62801 147.22542 138.42519 0.3 0.3 0.0 0.0 0.0 0.0 0.0 0.0 0.72115 0.0 0.0 45.47487 -0.49999 0.07399 0.0 0.0 0.0 0.0 0.0 0.0 0.00830959607944 30 1 0.981651376147 0.475676538219 3.31978494327
-0.12623 0.35028 3.35743 -0.12979 0.55971 4.24236746914 0.78258 0.98072 0.30541 0.41196 152.77952 195.62801 147.22542 138.42519 0.3 0.3 0.0 0.0 0.0 0.0 0.0 0.0 0.72115 0.0 0.0 45.47487 -0.49999 0.07399 0.0 0.0 0.0 0.0 0.0 0.0 0.0081448993239 31 0 0.94495412844 1.04898778939 3.31978494327
-0.12623 0.35028 3.35743 -0.12979 0.55971 3.91386616849 0.78258 0.98072 0.30541 0.41196 152.77952 195.62801 147.22542 138.42519 0.3 0.3 0.0 0.0 0.0 0.0 0.0 0.0 0.72115 0.0 0.0 45.47487 -0.49999 0.07399 0.0 0.0 0.0 0.0 0.0 0.0 0.00865269498116 32 1 0.973214285714 0.626549451571 1.94996500579
-0.12623 0.35028 3.35743 -0.12979 0.55971 3.86289839243 0.78258 0.98072 0.30541 0.41196 152.77952 195.62801 147.22542 138.42519 0.3 0.3 0.0 0.0 0.0 0.0 0.0 0.0 0.72115 0.0 0.0 45.47487 -0.49999 0.07399 0.0 0.0 0.0 0.0 0.0 0.0 0.00831957060567 33 0 0.964285714286 0.666986066273 1.94996500579
-0.12623 0.35028 3.35743 -0.12979 0.55971 3.84266011048 0.78258 0.98072 0.30541 0.41196 152.77952 195.62801 147.22542 138.42519 0.3 0.3 0.0 0.0 0.0 0.0 0.0 0.0 0.72115 0.0 0.0 45.47487 -0.49999 0.07399 0.0 0.0 0.0 0.0 0.0 0.0 0.00942231266819 34 0 0.964285714286 0.73159520523 1.94996500579
-0.12623 0.35028 3.35743 -0.12979 0.55971 4.04094825121 0.78258 0.98072 0.30541 0.41196 152.77952 195.62801 147.22542 138.42519 0.3 0.3 0.0 0.0 0.0 0.0 0.0 0.0 0.72115 0.0 0.0 45.47487 -0.49999 0.07399 0.0 0.0 0.0 0.0 0.0 0.0 0.00799646791724 35 1 0.97247706422 0.531004356646 2.23965215879
-0.12623 0.35028 3.35743 -0.12979 0.55971 4.08280549316 0.78258 0.98072 0.30541 0.41196 152.77952 195.62801 147.22542 138.42519 0.3 0.3 0.0 0.0 0.0 0.0 0.0 0.0 0.72115 0.0 0.0 45.47487 -0.49999 0.07399 0.0 0.0 0.0 0.0 0.0 0.0 0.00780946093388 36 1 0.97247706422 0.491484457734 2.43332287805
-0.12623 0.35028 3.35743 -0.12979 0.55971 4.08608223257 0.78258 0.98072 0.30541 0.41196 152.77952 195.62801 147.22542 138.42519 0.3 0.3 0.0 0.0 0.0 0.0 0.0 0.0 0.72115 0.0 0.0 45.47487 -0.49999 0.07399 0.0 0.0 0.0 0.0 0.0 0.0 0.00835331528258 37 1 0.97247706422 0.498441995 2.51759592211
-0.12623 0.35028 3.35743 -0.12979 0.55971 4.19089833693 0.78258 0.98072 0.30541 0.41196 152.77952 195.62801 147.22542 138.42519 0.3 0.3 0.0 0.0 0.0 0.0 0.0 0.0 0.72115 0.0 0.0 45.47487 -0.49999 0.07399 0.0 0.0 0.0 0.0 0.0 0.0 0.00841946131583 38 0 0.94495412844 0.99453848407 2.51759592211
-0.12623 0.35028 3.35743 -0.12979 0.55971 4.04914494597 0.78258 0.98072 0.30541 0.41196 152.77952 195.62801 147.22542 138.42519 0.3 0.3 0.0 0.0 0.0 0.0 0.0 0.0 0.72115 0.0 0.0 45.47487 -0.49999 0.07399 0.0 0.0 0.0 0.0 0.0 0.0 0.00837115106322 39 1 0.97247706422 0.519425965431 2.40576028596
-0.12623 0.35028 3.35743 -0.12979 0.55971 3.91895027561 0.78258 0.98072 0.30541 0.41196 152.77952 195.62801 147.22542 138.42519 0.3 0.3 0.0 0.0 0.0 0.0 0.0 0.0 0.72115 0.0 0.0 45.47487 -0.49999 0.07399 0.0 0.0 0.0 0.0 0.0 0.0 0.00917500928872 40 1 0.990909090909 0.612922176793 3.58792426868
-0.12623 0.35028 3.35743 -0.12979 0.55971 3.84574738906 0.78258 0.98072 0.30541 0.41196 152.77952 195.62801 147.22542 138.42519 0.3 0.3 0.0 0.0 0.0 0.0 0.0 0.0 0.72115 0.0 0.0 45.47487 -0.49999 0.07399 0.0 0.0 0.0 0.0 0.0 0.0 0.00934603489269 41 0 0.964285714286 0.718398569634 3.58792426868
-0.12623 0.35028 3.35743 -0.12979 0.55971 3.9459704615 0.78258 0.98072 0.30541 0.41196 152.77952 195.62801 147.22542 138.42519 0.3 0.3 0.0 0.0 0.0 0.0 0.0 0.0 0.72115 0.0 0.0 45.47487 -0.49999 0.07399 0.0 0.0 0.0 0.0 0.0 0.0 0.0098827978626 42 0 0.981818181818 0.582370552169 3.58792426868
-0.12623 0.35028 3.35743 -0.12979 0.55971 3.91217521056 0.78258 0.98072 0.30541 0.41196 152.77952 195.62801 147.22542 138.42519 0.3 0.3 0.0 0.0 0.0 0.0 0.0 0.0 0.72115 0.0 0.0 45.47487 -0.49999 0.07399 0.0 0.0 0.0 0.0 0.0 0.0 0.00953562193922 43 1 0.973214285714 0.604044734436 2.29426585281
-0.12623 0.35028 3.35743 -0.12979 0.55971 3.75755354933 0.78258 0.98072 0.30541 0.41196 152.77952 195.62801 147.22542 138.42519 0.3 0.3 0.0 0.0 0.0 0.0 0.0 0.0 0.72115 0.0 0.0 45.47487 -0.49999 0.07399 0.0 0.0 0.0 0.0 0.0 0.0 0.00898117196336 44 0 0.956140350877 1.11946312958 2.29426585281
-0.12623 0.35028 3.35743 -0.12979 0.55971 3.94595563706 0.78258 0.98072 0.30541 0.41196 152.77952 195.62801 147.22542 138.42519 0.3 0.3 0.0 0.0 0.0 0.0 0.0 0.0 0.72115 0.0 0.0 45.47487 -0.49999 0.07399 0.0 0.0 0.0 0.0 0.0 0.0 0.00938165546093 45 1 0.981818181818 0.582371136639 3.11313982848
-0.12623 0.35028 3.35743 -0.12979 0.55971 4.06682036972 0.78258 0.98072 0.30541 0.41196 152.77952 195.62801 147.22542 138.42519 0.3 0.3 0.0 0.0 0.0 0.0 0.0 0.0 0.72115 0.0 0.0 45.47487 -0.49999 0.07399 0.0 0.0 0.0 0.0 0.0 0.0 0.00910053670642 46 0 0.97247706422 0.6238593072 3.11313982848
-0.12623 0.35028 3.35743 -0.12979 0.55971 3.85902134536 0.78258 0.98072 0.30541 0.41196 152.77952 195.62801 147.22542 138.42519 0.3 0.3 0.0 0.0 0.0 0.0 0.0 0.0 0.72115 0.0 0.0 45.47487 -0.49999 0.07399 0.0 0.0 0.0 0.0 0.0 0.0 0.00930506885071 47 0 0.964285714286 0.670406251154 3.11313982848
-0.12623 0.35028 3.35743 -0.12979 0.55971 3.97436096853 0.78258 0.98072 0.30541 0.41196 152.77952 195.62801 147.22542 138.42519 0.3 0.3 0.0 0.0 0.0 0.0 0.0 0.0 0.72115 0.0 0.0 45.47487 -0.49999 0.07399 0.0 0.0 0.0 0.0 0.0 0.0 0.00889016729605 48 1 0.981651376147 0.185031601363 3.7309504939
-0.12623 0.35028 3.35743 -0.12979 0.55971 4.08440883351 0.78258 0.98072 0.30541 0.41196 152.77952 195.62801 147.22542 138.42519 0.3 0.3 0.0 0.0 0.0 0.0 0.0 0.0 0.72115 0.0 0.0 45.47487 -0.49999 0.07399 0.0 0.0 0.0 0.0 0.0 0.0 0.00835549338631 49 1 0.97247706422 0.498102101923 2.5198758151
-0.12623 0.35028 3.35743 -0.12979 0.55971 3.96866056522 0.78258 0.98072 0.30541 0.41196 152.77952 195.62801 147.22542 138.42519 0.3 0.3 0.0 0.0 0.0 0.0 0.0 0.0 0.72115 0.0 0.0 45.47487 -0.49999 0.07399 0.0 0.0 0.0 0.0 0.0 0.0 0.00867852951374 50 1 0.981651376147 0.183834419344 3.75243135858
