-0.12623 0.35028 3.35743 -0.12979 0.55971 4.37424975666 0.78258 0.98072 0.30541 0.41196 152.77952 195.62801 147.22542 138.42519 0.3 0.3 0.0 0.0 0.0 0.0 0.0 0.0 0.72115 0.0 0.0 45.47487 -0.49999 0.07399 0.0 0.0 0.0 0.0 0.0 0.0 0.01 0 1 0.917431192661 1.11318012264 -38.5546440398
-0.12623 0.35028 3.35743 -0.12979 0.55971 4.32291656933 0.78258 0.98072 0.30541 0.41196 152.77952 195.62801 147.22542 138.42519 0.3 0.3 0.0 0.0 0.0 0.0 0.0 0.0 0.72115 0.0 0.0 45.47487 -0.49999 0.07399 0.0 0.0 0.0 0.0 0.0 0.0 0.00987514418731 1 1 0.926605504587 1.00315426672 -24.0948513874
-0.12623 0.35028 3.35743 -0.12979 0.55971 4.3426052725 0.78258 0.98072 0.30541 0.41196 152.77952 195.62801 147.22542 138.42519 0.3 0.3 0.0 0.0 0.0 0.0 0.0 0.0 0.72115 0.0 0.0 45.47487 -0.49999 0.07399 0.0 0.0 0.0 0.0 0.0 0.0 0.00941907058832 2 0 0.926605504587 0.999351690708 -24.0948513874
-0.12623 0.35028 3.35743 -0.12979 0.55971 4.29618108943 0.78258 0.98072 0.30541 0.41196 152.77952 195.62801 147.22542 138.42519 0.3 0.3 0.0 0.0 0.0 0.0 0.0 0.0 0.72115 0.0 0.0 45.47487 -0.49999 0.07399 0.0 0.0 0.0 0.0 0.0 0.0 0.00988271041675 3 1 0.935779816514 1.09612457141 -21.6696515031
-0.12623 0.35028 3.35743 -0.12979 0.55971 4.35392978204 0.78258 0.98072 0.30541 0.41196 152.77952 195.62801 147.22542 138.42519 0.3 0.3 0.0 0.0 0.0 0.0 0.0 0.0 0.72115 0.0 0.0 45.47487 -0.49999 0.07399 0.0 0.0 0.0 0.0 0.0 0.0 0.00930266070337 4 0 0.926605504587 1.00523779489 -21.6696515031
-0.12623 0.35028 3.35743 -0.12979 0.55971 4.3993804405 0.78258 0.98072 0.30541 0.41196 152.77952 195.62801 147.22542 138.42519 0.3 0.3 0.0 0.0 0.0 0.0 0.0 0.0 0.72115 0.0 0.0 45.47487 -0.49999 0.07399 0.0 0.0 0.0 0.0 0.0 0.0 0.00954423698609 5 0 0.891891891892 1.14175372051 -21.6696515031
-0.12623 0.35028 3.35743 -0.12979 0.55971 4.25342085762 0.78258 0.98072 0.30541 0.41196 152.77952 195.62801 147.22542 138.42519 0.3 0.3 0.0 0.0 0.0 0.0 0.0 0.0 0.72115 0.0 0.0 45.47487 -0.49999 0.07399 0.0 0.0 0.0 0.0 0.0 0.0 0.00987829334975 6 1 0.94495412844 1.05908891694 -13.7164042795
-0.12623 0.35028 3.35743 -0.12979 0.55971 4.18723135533 0.78258 0.98072 0.30541 0.41196 152.77952 195.62801 147.22542 138.42519 0.3 0.3 0.0 0.0 0.0 0.0 0.0 0.0 0.72115 0.0 0.0 45.47487 -0.49999 0.07399 0.0 0.0 0.0 0.0 0.0 0.0 0.0096855130278 7 1 0.94495412844 0.959223492917 -11.1416452919
-0.12623 0.35028 3.35743 -0.12979 0.55971 4.50536727416 0.78258 0.98072 0.30541 0.41196 152.77952 195.62801 147.22542 138.42519 0.3 0.3 0.0 0.0 0.0 0.0 0.0 0.0 0.72115 0.0 0.0 45.47487 -0.49999 0.07399 0.0 0.0 0.0 0.0 0.0 0.0 0.0106634681337 8 0 0.899082568807 1.38600302635 -11.1416452919
-0.12623 0.35028 3.35743 -0.12979 0.55971 4.36918154294 0.78258 0.98072 0.30541 0.41196 152.77952 195.62801 147.22542 138.42519 0.3 0.3 0.0 0.0 0.0 0.0 0.0 0.0 0.72115 0.0 0.0 45.47487 -0.49999 0.07399 0.0 0.0 0.0 0.0 0.0 0.0 0.00923788163253 9 0 0.926605504587 1.10421271929 -11.1416452919
-0.12623 0.35028 3.35743 -0.12979 0.55971 4.24406768795 0.78258 0.98072 0.30541 0.41196 152.77952 195.62801 147.22542 138.42519 0.3 0.3 0.0 0.0 0.0 0.0 0.0 0.0 0.72115 0.0 0.0 45.47487 -0.49999 0.07399 0.0 0.0 0.0 0.0 0.0 0.0 0.00969387643284 10 0 0.94495412844 1.04120429681 -11.1416452919
-0.12623 0.35028 3.35743 -0.12979 0.55971 4.15237726144 0.78258 0.98072 0.30541 0.41196 152.77952 195.62801 147.22542 138.42519 0.3 0.3 0.0 0.0 0.0 0.0 0.0 0.0 0.72115 0.0 0.0 45.47487 -0.49999 0.07399 0.0 0.0 0.0 0.0 0.0 0.0 0.00963499360375 11 1 0.94495412844 0.740999488675 -5.23750209309
-0.12623 0.35028 3.35743 -0.12979 0.55971 4.05208054675 0.78258 0.98072 0.30541 0.41196 152.77952 195.62801 147.22542 138.42519 0.3 0.3 0.0 0.0 0.0 0.0 0.0 0.0 0.72115 0.0 0.0 45.47487 -0.49999 0.07399 0.0 0.0 0.0 0.0 0.0 0.0 0.0101703804818 12 1 0.97247706422 0.568735388701 2.48491742575
-0.12623 0.35028 3.35743 -0.12979 0.55971 4.04931024565 0.78258 0.98072 0.30541 0.41196 152.77952 195.62801 147.22542 138.42519 0.3 0.3 0.0 0.0 0.0 0.0 0.0 0.0 0.72115 0.0 0.0 45.47487 -0.49999 0.07399 0.0 0.0 0.0 0.0 0.0 0.0 0.0106662811967 13 1 0.97247706422 0.519444215712 2.72345018245
-0.12623 0.35028 3.35743 -0.12979 0.55971 3.98735206111 0.78258 0.98072 0.30541 0.41196 152.77952 195.62801 147.22542 138.42519 0.3 0.3 0.0 0.0 0.0 0.0 0.0 0.0 0.72115 0.0 0.0 45.47487 -0.49999 0.07399 0.0 0.0 0.0 0.0 0.0 0.0 0.0103439722287 14 1 0.981651376147 0.444025790633 3.34222928308
-0.12623 0.35028 3.35743 -0.12979 0.55971 3.94798860527 0.78258 0.98072 0.30541 0.41196 152.77952 195.62801 147.22542 138.42519 0.3 0.3 0.0 0.0 0.0 0.0 0.0 0.0 0.72115 0.0 0.0 45.47487 -0.49999 0.07399 0.0 0.0 0.0 0.0 0.0 0.0 0.0107346278807 15 1 0.981818181818 0.467357354524 3.30203591578
-0.12623 0.35028 3.35743 -0.12979 0.55971 4.0048843347 0.78258 0.98072 0.30541 0.41196 152.77952 195.62801 147.22542 138.42519 0.3 0.3 0.0 0.0 0.0 0.0 0.0 0.0 0.72115 0.0 0.0 45.47487 -0.49999 0.07399 0.0 0.0 0.0 0.0 0.0 0.0 0.011389003191 16 1 0.990825688073 0.523413759073 3.46728197948
-0.12623 0.35028 3.35743 -0.12979 0.55971 4.04465611721 0.78258 0.98072 0.30541 0.41196 152.77952 195.62801 147.22542 138.42519 0.3 0.3 0.0 0.0 0.0 0.0 0.0 0.0 0.72115 0.0 0.0 45.47487 -0.49999 0.07399 0.0 0.0 0.0 0.0 0.0 0.0 0.0126780971867 17 1 0.97247706422 0.532494150456 2.78077998806
-0.12623 0.35028 3.35743 -0.12979 0.55971 4.02477245789 0.78258 0.98072 0.30541 0.41196 152.77952 195.62801 147.22542 138.42519 0.3 0.3 0.0 0.0 0.0 0.0 0.0 0.0 0.72115 0.0 0.0 45.47487 -0.49999 0.07399 0.0 0.0 0.0 0.0 0.0 0.0 0.0119045726853 18 1 0.990825688073 0.46447514671 3.44783011652
-0.12623 0.35028 3.35743 -0.12979 0.55971 3.8421141084 0.78258 0.98072 0.30541 0.41196 152.77952 195.62801 147.22542 138.42519 0.3 0.3 0.0 0.0 0.0 0.0 0.0 0.0 0.72115 0.0 0.0 45.47487 -0.49999 0.07399 0.0 0.0 0.0 0.0 0.0 0.0 0.0120312814376 19 0 0.964285714286 0.742152011803 3.44783011652
-0.12623 0.35028 3.35743 -0.12979 0.55971 3.73999322359 0.78258 0.98072 0.30541 0.41196 152.77952 195.62801 147.22542 138.42519 0.3 0.3 0.0 0.0 0.0 0.0 0.0 0.0 0.72115 0.0 0.0 45.47487 -0.49999 0.07399 0.0 0.0 0.0 0.0 0.0 0.0 0.0121495455515 20 0 0.939655172414 1.24193955041 3.44783011652
-0.12623 0.35028 3.35743 -0.12979 0.55971 4.09003082472 0.78258 0.98072 0.30541 0.41196 152.77952 195.62801 147.22542 138.42519 0.3 0.3 0.0 0.0 0.0 0.0 0.0 0.0 0.72115 0.0 0.0 45.47487 -0.49999 0.07399 0.0 0.0 0.0 0.0 0.0 0.0 0.0115211215911 21 0 0.981651376147 0.520426804173 3.44783011652
-0.12623 0.35028 3.35743 -0.12979 0.55971 4.09104767733 0.78258 0.98072 0.30541 0.41196 152.77952 195.62801 147.22542 138.42519 0.3 0.3 0.0 0.0 0.0 0.0 0.0 0.0 0.72115 0.0 0.0 45.47487 -0.49999 0.07399 0.0 0.0 0.0 0.0 0.0 0.0 0.0130265049118 22 0 0.981651376147 0.51171041949 3.44783011652
-0.12623 0.35028 3.35743 -0.12979 0.55971 3.90856661135 0.78258 0.98072 0.30541 0.41196 152.77952 195.62801 147.22542 138.42519 0.3 0.3 0.0 0.0 0.0 0.0 0.0 0.0 0.72115 0.0 0.0 45.47487 -0.49999 0.07399 0.0 0.0 0.0 0.0 0.0 0.0 0.0118516155985 23 0 0.973214285714 0.59890902054 3.44783011652
-0.12623 0.35028 3.35743 -0.12979 0.55971 4.00289258845 0.78258 0.98072 0.30541 0.41196 152.77952 195.62801 147.22542 138.42519 0.3 0.3 0.0 0.0 0.0 0.0 0.0 0.0 0.72115 0.0 0.0 45.47487 -0.49999 0.07399 0.0 0.0 0.0 0.0 0.0 0.0 0.0125354160269 24 1 0.990825688073 0.523414416679 3.38688673965
-0.12623 0.35028 3.35743 -0.12979 0.55971 3.75597994586 0.78258 0.98072 0.30541 0.41196 152.77952 195.62801 147.22542 138.42519 0.3 0.3 0.0 0.0 0.0 0.0 0.0 0.0 0.72115 0.0 0.0 45.47487 -0.49999 0.07399 0.0 0.0 0.0 0.0 0.0 0.0 0.0122431990669 25 0 0.956140350877 1.13044800628 3.38688673965
-0.12623 0.35028 3.35743 -0.12979 0.55971 3.91891154961 0.78258 0.98072 0.30541 0.41196 152.77952 195.62801 147.22542 138.42519 0.3 0.3 0.0 0.0 0.0 0.0 0.0 0.0 0.72115 0.0 0.0 45.47487 -0.49999 0.07399 0.0 0.0 0.0 0.0 0.0 0.0 0.0128356056799 26 1 0.990909090909 0.612922467935 3.34236942898
-0.12623 0.35028 3.35743 -0.12979 0.55971 3.92353419789 0.78258 0.98072 0.30541 0.41196 152.77952 195.62801 147.22542 138.42519 0.3 0.3 0.0 0.0 0.0 0.0 0.0 0.0 0.72115 0.0 0.0 45.47487 -0.49999 0.07399 0.0 0.0 0.0 0.0 0.0 0.0 0.0133358596862 27 1 0.990909090909 0.612804446871 3.31110590685
-0.12623 0.35028 3.35743 -0.12979 0.55971 3.80373765618 0.78258 0.98072 0.30541 0.41196 152.77952 195.62801 147.22542 138.42519 0.3 0.3 0.0 0.0 0.0 0.0 0.0 0.0 0.72115 0.0 0.0 45.47487 -0.49999 0.07399 0.0 0.0 0.0 0.0 0.0 0.0 0.0141086569185 28 0 0.947826086957 1.08940881538 3.31110590685
-0.12623 0.35028 3.35743 -0.12979 0.55971 3.99156474634 0.78258 0.98072 0.30541 0.41196 152.77952 195.62801 147.22542 138.42519 0.3 0.3 0.0 0.0 0.0 0.0 0.0 0.0 0.72115 0.0 0.0 45.47487 -0.49999 0.07399 0.0 0.0 0.0 0.0 0.0 0.0 0.0133679167241 29 1 0.981651376147 0.442803982884 3.21125676895
-0.12623 0.35028 3.35743 -0.12979 0.55971 4.04762349814 0.78258 0.98072 0.30541 0.41196 152.77952 195.62801 147.22542 138.42519 0.3 0.3 0.0 0.0 0.0 0.0 0.0 0.0 0.72115 0.0 0.0 45.47487 -0.49999 0.07399 0.0 0.0 0.0 0.0 0.0 0.0 0.0141890301853 30 1 0.97247706422 0.519217811731 2.82917795071
-0.12623 0.35028 3.35743 -0.12979 0.55971 4.14434280081 0.78258 0.98072 0.30541 0.41196 152.77952 195.62801 147.22542 138.42519 0.3 0.3 0.0 0.0 0.0 0.0 0.0 0.0 0.72115 0.0 0.0 45.47487 -0.49999 0.07399 0.0 0.0 0.0 0.0 0.0 0.0 0.0137148126108 31 1 0.954128440367 0.744696878158 0.268379326303
-0.12623 0.35028 3.35743 -0.12979 0.55971 4.09981166722 0.78258 0.98072 0.30541 0.41196 152.77952 195.62801 147.22542 138.42519 0.3 0.3 0.0 0.0 0.0 0.0 0.0 0.0 0.72115 0.0 0.0 45.47487 -0.49999 0.07399 0.0 0.0 0.0 0.0 0.0 0.0 0.014130835432 32 1 0.963302752294 0.551745144023 2.31391157283
-0.12623 0.35028 3.35743 -0.12979 0.55971 4.21083056673 0.78258 0.98072 0.30541 0.41196 152.77952 195.62801 147.22542 138.42519 0.3 0.3 0.0 0.0 0.0 0.0 0.0 0.0 0.72115 0.0 0.0 45.47487 -0.49999 0.07399 0.0 0.0 0.0 0.0 0.0 0.0 0.0141601972606 33 0 0.935779816514 1.01337212211 2.31391157283
-0.12623 0.35028 3.35743 -0.12979 0.55971 4.06381926968 0.78258 0.98072 0.30541 0.41196 152.77952 195.62801 147.22542 138.42519 0.3 0.3 0.0 0.0 0.0 0.0 0.0 0.0 0.72115 0.0 0.0 45.47487 -0.49999 0.07399 0.0 0.0 0.0 0.0 0.0 0.0 0.0146187804274 34 1 0.97247706422 0.623128446695 2.61834501922
-0.12623 0.35028 3.35743 -0.12979 0.55971 3.95188365062 0.78258 0.98072 0.30541 0.41196 152.77952 195.62801 147.22542 138.42519 0.3 0.3 0.0 0.0 0.0 0.0 0.0 0.0 0.72115 0.0 0.0 45.47487 -0.49999 0.07399 0.0 0.0 0.0 0.0 0.0 0.0 0.014461737758 35 1 0.972727272727 0.467273586433 2.92904500069
-0.12623 0.35028 3.35743 -0.12979 0.55971 4.12266013076 0.78258 0.98072 0.30541 0.41196 152.77952 195.62801 147.22542 138.42519 0.3 0.3 0.0 0.0 0.0 0.0 0.0 0.0 0.72115 0.0 0.0 45.47487 -0.49999 0.07399 0.0 0.0 0.0 0.0 0.0 0.0 0.0143477182662 36 1 0.963302752294 0.61782086792 2.0767030811
-0.12623 0.35028 3.35743 -0.12979 0.55971 4.21401100826 0.78258 0.98072 0.30541 0.41196 152.77952 195.62801 147.22542 138.42519 0.3 0.3 0.0 0.0 0.0 0.0 0.0 0.0 0.72115 0.0 0.0 45.47487 -0.49999 0.07399 0.0 0.0 0.0 0.0 0.0 0.0 0.0149294666123 37 0 0.935779816514 1.01677399453 2.0767030811
-0.12623 0.35028 3.35743 -0.12979 0.55971 4.17993294103 0.78258 0.98072 0.30541 0.41196 152.77952 195.62801 147.22542 138.42519 0.3 0.3 0.0 0.0 0.0 0.0 0.0 0.0 0.72115 0.0 0.0 45.47487 -0.49999 0.07399 0.0 0.0 0.0 0.0 0.0 0.0 0.0144372811785 38 0 0.94495412844 0.924874014236 2.0767030811
-0.12623 0.35028 3.35743 -0.12979 0.55971 4.0858301738 0.78258 0.98072 0.30541 0.41196 152.77952 195.62801 147.22542 138.42519 0.3 0.3 0.0 0.0 0.0 0.0 0.0 0.0 0.72115 0.0 0.0 45.47487 -0.49999 0.07399 0.0 0.0 0.0 0.0 0.0 0.0 0.0145261424158 39 1 0.97247706422 0.498013190651 2.86768170079
-0.12623 0.35028 3.35743 -0.12979 0.55971 4.2186633349 0.78258 0.98072 0.30541 0.41196 152.77952 195.62801 147.22542 138.42519 0.3 0.3 0.0 0.0 0.0 0.0 0.0 0.0 0.72115 0.0 0.0 45.47487 -0.49999 0.07399 0.0 0.0 0.0 0.0 0.0 0.0 0.0145554289662 40 0 0.935779816514 1.06247857992 2.86768170079
-0.12623 0.35028 3.35743 -0.12979 0.55971 4.19652302743 0.78258 0.98072 0.30541 0.41196 152.77952 195.62801 147.22542 138.42519 0.3 0.3 0.0 0.0 0.0 0.0 0.0 0.0 0.72115 0.0 0.0 45.47487 -0.49999 0.07399 0.0 0.0 0.0 0.0 0.0 0.0 0.0146901657329 41 0 0.94495412844 1.00205981744 2.86768170079
-0.12623 0.35028 3.35743 -0.12979 0.55971 4.09828853755 0.78258 0.98072 0.30541 0.41196 152.77952 195.62801 147.22542 138.42519 0.3 0.3 0.0 0.0 0.0 0.0 0.0 0.0 0.72115 0.0 0.0 45.47487 -0.49999 0.07399 0.0 0.0 0.0 0.0 0.0 0.0 0.0149917246212 42 1 0.97247706422 0.518836841433 2.82767149759
-0.12623 0.35028 3.35743 -0.12979 0.55971 4.29187265467 0.78258 0.98072 0.30541 0.41196 152.77952 195.62801 147.22542 138.42519 0.3 0.3 0.0 0.0 0.0 0.0 0.0 0.0 0.72115 0.0 0.0 45.47487 -0.49999 0.07399 0.0 0.0 0.0 0.0 0.0 0.0 0.0139231094694 43 0 0.935779816514 1.09580935556 2.82767149759
-0.12623 0.35028 3.35743 -0.12979 0.55971 4.07689001887 0.78258 0.98072 0.30541 0.41196 152.77952 195.62801 147.22542 138.42519 0.3 0.3 0.0 0.0 0.0 0.0 0.0 0.0 0.72115 0.0 0.0 45.47487 -0.49999 0.07399 0.0 0.0 0.0 0.0 0.0 0.0 0.0147171323183 44 1 0.97247706422 0.624355494883 2.6181300342
-0.12623 0.35028 3.35743 -0.12979 0.55971 4.09384585042 0.78258 0.98072 0.30541 0.41196 152.77952 195.62801 147.22542 138.42519 0.3 0.3 0.0 0.0 0.0 0.0 0.0 0.0 0.72115 0.0 0.0 45.47487 -0.49999 0.07399 0.0 0.0 0.0 0.0 0.0 0.0 0.0139713810555 45 1 0.97247706422 0.517524243683 2.83211825443
-0.12623 0.35028 3.35743 -0.12979 0.55971 4.13434164289 0.78258 0.98072 0.30541 0.41196 152.77952 195.62801 147.22542 138.42519 0.3 0.3 0.0 0.0 0.0 0.0 0.0 0.0 0.72115 0.0 0.0 45.47487 -0.49999 0.07399 0.0 0.0 0.0 0.0 0.0 0.0 0.0141101605859 46 1 0.963302752294 0.676392198917 1.79463680183
-0.12623 0.35028 3.35743 -0.12979 0.55971 4.1325246745 0.78258 0.98072 0.30541 0.41196 152.77952 195.62801 147.22542 138.42519 0.3 0.3 0.0 0.0 0.0 0.0 0.0 0.0 0.72115 0.0 0.0 45.47487 -0.49999 0.07399 0.0 0.0 0.0 0.0 0.0 0.0 0.0137568555298 47 1 0.963302752294 0.606502081961 2.05850976696
-0.12623 0.35028 3.35743 -0.12979 0.55971 4.11927361665 0.78258 0.98072 0.30541 0.41196 152.77952 195.62801 147.22542 138.42519 0.3 0.3 0.0 0.0 0.0 0.0 0.0 0.0 0.72115 0.0 0.0 45.47487 -0.49999 0.07399 0.0 0.0 0.0 0.0 0.0 0.0 0.0136629054078 48 1 0.963302752294 0.57069856191 2.19933090388
-0.12623 0.35028 3.35743 -0.12979 0.55971 4.1824438441 0.78258 0.98072 0.30541 0.41196 152.77952 195.62801 147.22542 138.42519 0.3 0.3 0.0 0.0 0.0 0.0 0.0 0.0 0.72115 0.0 0.0 45.47487 -0.49999 0.07399 0.0 0.0 0.0 0.0 0.0 0.0 0.0128815085187 49 0 0.94495412844 0.99233954312 2.19933090388
-0.12623 0.35028 3.35743 -0.12979 0.55971 4.1251183756 0.78258 0.98072 0.30541 0.41196 152.77952 195.62801 147.22542 138.42519 0.3 0.3 0.0 0.0 0.0 0.0 0.0 0.0 0.72115 0.0 0.0 45.47487 -0.49999 0.07399 0.0 0.0 0.0 0.0 0.0 0.0 0.0135887552206 50 1 0.963302752294 0.610431288423 2.02078765396
