-0.12623 0.35028 3.35743 -0.12979 0.55971 4.51566165933 0.78258 0.98072 0.30541 0.41196 152.77952 195.62801 147.22542 138.42519 0.3 0.3 0.0 0.0 0.0 0.0 0.0 0.0 0.72115 0.0 0.0 45.47487 -0.49999 0.07399 0.0 0.0 0.0 0.0 0.0 0.0 0.01 0 1 0.882882882883 1.39295019753 -129.384311615
-0.12623 0.35028 3.35743 -0.12979 0.55971 4.33529812491 0.78258 0.98072 0.30541 0.41196 152.77952 195.62801 147.22542 138.42519 0.3 0.3 0.0 0.0 0.0 0.0 0.0 0.0 0.72115 0.0 0.0 45.47487 -0.49999 0.07399 0.0 0.0 0.0 0.0 0.0 0.0 0.0107925352624 1 1 0.926605504587 1.00631017165 -19.8060943366
-0.12623 0.35028 3.35743 -0.12979 0.55971 4.33842740695 0.78258 0.98072 0.30541 0.41196 152.77952 195.62801 147.22542 138.42519 0.3 0.3 0.0 0.0 0.0 0.0 0.0 0.0 0.72115 0.0 0.0 45.47487 -0.49999 0.07399 0.0 0.0 0.0 0.0 0.0 0.0 0.00967404296104 2 0 0.926605504587 0.997826632454 -19.8060943366
-0.12623 0.35028 3.35743 -0.12979 0.55971 4.24486877559 0.78258 0.98072 0.30541 0.41196 152.77952 195.62801 147.22542 138.42519 0.3 0.3 0.0 0.0 0.0 0.0 0.0 0.0 0.72115 0.0 0.0 45.47487 -0.49999 0.07399 0.0 0.0 0.0 0.0 0.0 0.0 0.0113113309413 3 1 0.94495412844 1.04145177324 -9.2801046214
-0.12623 0.35028 3.35743 -0.12979 0.55971 4.38757038535 0.78258 0.98072 0.30541 0.41196 152.77952 195.62801 147.22542 138.42519 0.3 0.3 0.0 0.0 0.0 0.0 0.0 0.0 0.72115 0.0 0.0 45.47487 -0.49999 0.07399 0.0 0.0 0.0 0.0 0.0 0.0 0.011464434785 4 0 0.909090909091 1.12713733996 -9.2801046214
-0.12623 0.35028 3.35743 -0.12979 0.55971 4.0213976893 0.78258 0.98072 0.30541 0.41196 152.77952 195.62801 147.22542 138.42519 0.3 0.3 0.0 0.0 0.0 0.0 0.0 0.0 0.72115 0.0 0.0 45.47487 -0.49999 0.07399 0.0 0.0 0.0 0.0 0.0 0.0 0.0114132631521 5 1 1.0 0.125865542254 3.55404063225
-0.12623 0.35028 3.35743 -0.12979 0.55971 4.08416807939 0.78258 0.98072 0.30541 0.41196 152.77952 195.62801 147.22542 138.42519 0.3 0.3 0.0 0.0 0.0 0.0 0.0 0.0 0.72115 0.0 0.0 45.47487 -0.49999 0.07399 0.0 0.0 0.0 0.0 0.0 0.0 0.0115076071111 6 0 0.97247706422 0.49187087212 3.55404063225
-0.12623 0.35028 3.35743 -0.12979 0.55971 4.06210887036 0.78258 0.98072 0.30541 0.41196 152.77952 195.62801 147.22542 138.42519 0.3 0.3 0.0 0.0 0.0 0.0 0.0 0.0 0.72115 0.0 0.0 45.47487 -0.49999 0.07399 0.0 0.0 0.0 0.0 0.0 0.0 0.0116953166051 7 0 0.97247706422 0.622940528984 3.55404063225
-0.12623 0.35028 3.35743 -0.12979 0.55971 3.87046388804 0.78258 0.98072 0.30541 0.41196 152.77952 195.62801 147.22542 138.42519 0.3 0.3 0.0 0.0 0.0 0.0 0.0 0.0 0.72115 0.0 0.0 45.47487 -0.49999 0.07399 0.0 0.0 0.0 0.0 0.0 0.0 0.0108066370614 8 1 0.964285714286 0.602231578462 1.62804219514
-0.12623 0.35028 3.35743 -0.12979 0.55971 3.76554208714 0.78258 0.98072 0.30541 0.41196 152.77952 195.62801 147.22542 138.42519 0.3 0.3 0.0 0.0 0.0 0.0 0.0 0.0 0.72115 0.0 0.0 45.47487 -0.49999 0.07399 0.0 0.0 0.0 0.0 0.0 0.0 0.010862629977 9 0 0.956140350877 1.07146851174 1.62804219514
-0.12623 0.35028 3.35743 -0.12979 0.55971 3.8233820428 0.78258 0.98072 0.30541 0.41196 152.77952 195.62801 147.22542 138.42519 0.3 0.3 0.0 0.0 0.0 0.0 0.0 0.0 0.72115 0.0 0.0 45.47487 -0.49999 0.07399 0.0 0.0 0.0 0.0 0.0 0.0 0.011197199725 10 0 0.947826086957 0.831523033772 1.62804219514
-0.12623 0.35028 3.35743 -0.12979 0.55971 3.781502932 0.78258 0.98072 0.30541 0.41196 152.77952 195.62801 147.22542 138.42519 0.3 0.3 0.0 0.0 0.0 0.0 0.0 0.0 0.72115 0.0 0.0 45.47487 -0.49999 0.07399 0.0 0.0 0.0 0.0 0.0 0.0 0.0111561456386 11 0 0.956140350877 1.01573664662 1.62804219514
-0.12623 0.35028 3.35743 -0.12979 0.55971 3.92264682823 0.78258 0.98072 0.30541 0.41196 152.77952 195.62801 147.22542 138.42519 0.3 0.3 0.0 0.0 0.0 0.0 0.0 0.0 0.72115 0.0 0.0 45.47487 -0.49999 0.07399 0.0 0.0 0.0 0.0 0.0 0.0 0.0107844066356 12 1 0.990909090909 0.610876108138 3.47812926054
-0.12623 0.35028 3.35743 -0.12979 0.55971 3.72417356646 0.78258 0.98072 0.30541 0.41196 152.77952 195.62801 147.22542 138.42519 0.3 0.3 0.0 0.0 0.0 0.0 0.0 0.0 0.72115 0.0 0.0 45.47487 -0.49999 0.07399 0.0 0.0 0.0 0.0 0.0 0.0 0.0114159691286 13 0 0.939655172414 1.23636974073 3.47812926054
-0.12623 0.35028 3.35743 -0.12979 0.55971 3.93264821761 0.78258 0.98072 0.30541 0.41196 152.77952 195.62801 147.22542 138.42519 0.3 0.3 0.0 0.0 0.0 0.0 0.0 0.0 0.72115 0.0 0.0 45.47487 -0.49999 0.07399 0.0 0.0 0.0 0.0 0.0 0.0 0.010431109037 14 1 0.990909090909 0.610480304059 3.50248813149
-0.12623 0.35028 3.35743 -0.12979 0.55971 3.96010945613 0.78258 0.98072 0.30541 0.41196 152.77952 195.62801 147.22542 138.42519 0.3 0.3 0.0 0.0 0.0 0.0 0.0 0.0 0.72115 0.0 0.0 45.47487 -0.49999 0.07399 0.0 0.0 0.0 0.0 0.0 0.0 0.0098366679272 15 1 0.981651376147 0.460808354905 3.33327864192
-0.12623 0.35028 3.35743 -0.12979 0.55971 3.8018803155 0.78258 0.98072 0.30541 0.41196 152.77952 195.62801 147.22542 138.42519 0.3 0.3 0.0 0.0 0.0 0.0 0.0 0.0 0.72115 0.0 0.0 45.47487 -0.49999 0.07399 0.0 0.0 0.0 0.0 0.0 0.0 0.00941876185145 16 0 0.947826086957 1.05202600362 3.33327864192
-0.12623 0.35028 3.35743 -0.12979 0.55971 3.89712213595 0.78258 0.98072 0.30541 0.41196 152.77952 195.62801 147.22542 138.42519 0.3 0.3 0.0 0.0 0.0 0.0 0.0 0.0 0.72115 0.0 0.0 45.47487 -0.49999 0.07399 0.0 0.0 0.0 0.0 0.0 0.0 0.00912266058886 17 0 0.955357142857 0.682521265474 3.33327864192
-0.12623 0.35028 3.35743 -0.12979 0.55971 3.84335432046 0.78258 0.98072 0.30541 0.41196 152.77952 195.62801 147.22542 138.42519 0.3 0.3 0.0 0.0 0.0 0.0 0.0 0.0 0.72115 0.0 0.0 45.47487 -0.49999 0.07399 0.0 0.0 0.0 0.0 0.0 0.0 0.00909666051856 18 0 0.964285714286 0.731559350764 3.33327864192
-0.12623 0.35028 3.35743 -0.12979 0.55971 4.04706734888 0.78258 0.98072 0.30541 0.41196 152.77952 195.62801 147.22542 138.42519 0.3 0.3 0.0 0.0 0.0 0.0 0.0 0.0 0.72115 0.0 0.0 45.47487 -0.49999 0.07399 0.0 0.0 0.0 0.0 0.0 0.0 0.0103141733845 19 1 0.97247706422 0.519139891259 2.69576573275
-0.12623 0.35028 3.35743 -0.12979 0.55971 3.99526833174 0.78258 0.98072 0.30541 0.41196 152.77952 195.62801 147.22542 138.42519 0.3 0.3 0.0 0.0 0.0 0.0 0.0 0.0 0.72115 0.0 0.0 45.47487 -0.49999 0.07399 0.0 0.0 0.0 0.0 0.0 0.0 0.0105919201424 20 1 0.981651376147 0.539770893898 3.19155913396
-0.12623 0.35028 3.35743 -0.12979 0.55971 4.09569011007 0.78258 0.98072 0.30541 0.41196 152.77952 195.62801 147.22542 138.42519 0.3 0.3 0.0 0.0 0.0 0.0 0.0 0.0 0.72115 0.0 0.0 45.47487 -0.49999 0.07399 0.0 0.0 0.0 0.0 0.0 0.0 0.0106178423089 21 1 0.981651376147 0.515376241002 3.22968043463
-0.12623 0.35028 3.35743 -0.12979 0.55971 4.11788018483 0.78258 0.98072 0.30541 0.41196 152.77952 195.62801 147.22542 138.42519 0.3 0.3 0.0 0.0 0.0 0.0 0.0 0.0 0.72115 0.0 0.0 45.47487 -0.49999 0.07399 0.0 0.0 0.0 0.0 0.0 0.0 0.00954061881354 22 0 0.963302752294 0.571050307284 3.22968043463
-0.12623 0.35028 3.35743 -0.12979 0.55971 3.98299750552 0.78258 0.98072 0.30541 0.41196 152.77952 195.62801 147.22542 138.42519 0.3 0.3 0.0 0.0 0.0 0.0 0.0 0.0 0.72115 0.0 0.0 45.47487 -0.49999 0.07399 0.0 0.0 0.0 0.0 0.0 0.0 0.0107312780698 23 1 0.981651376147 0.183555659773 3.56640369564
-0.12623 0.35028 3.35743 -0.12979 0.55971 3.91536998224 0.78258 0.98072 0.30541 0.41196 152.77952 195.62801 147.22542 138.42519 0.3 0.3 0.0 0.0 0.0 0.0 0.0 0.0 0.72115 0.0 0.0 45.47487 -0.49999 0.07399 0.0 0.0 0.0 0.0 0.0 0.0 0.0103533433401 24 1 0.981981981982 0.563643271147 3.17041156858
-0.12623 0.35028 3.35743 -0.12979 0.55971 3.89738272083 0.78258 0.98072 0.30541 0.41196 152.77952 195.62801 147.22542 138.42519 0.3 0.3 0.0 0.0 0.0 0.0 0.0 0.0 0.72115 0.0 0.0 45.47487 -0.49999 0.07399 0.0 0.0 0.0 0.0 0.0 0.0 0.00973536358514 25 0 0.955357142857 0.682596586993 3.17041156858
-0.12623 0.35028 3.35743 -0.12979 0.55971 3.80196307417 0.78258 0.98072 0.30541 0.41196 152.77952 195.62801 147.22542 138.42519 0.3 0.3 0.0 0.0 0.0 0.0 0.0 0.0 0.72115 0.0 0.0 45.47487 -0.49999 0.07399 0.0 0.0 0.0 0.0 0.0 0.0 0.0104676040803 26 0 0.947826086957 1.10289034768 3.17041156858
-0.12623 0.35028 3.35743 -0.12979 0.55971 3.95562033117 0.78258 0.98072 0.30541 0.41196 152.77952 195.62801 147.22542 138.42519 0.3 0.3 0.0 0.0 0.0 0.0 0.0 0.0 0.72115 0.0 0.0 45.47487 -0.49999 0.07399 0.0 0.0 0.0 0.0 0.0 0.0 0.0104391797353 27 1 0.972727272727 0.465434826115 2.90396530814
-0.12623 0.35028 3.35743 -0.12979 0.55971 4.14822424242 0.78258 0.98072 0.30541 0.41196 152.77952 195.62801 147.22542 138.42519 0.3 0.3 0.0 0.0 0.0 0.0 0.0 0.0 0.72115 0.0 0.0 45.47487 -0.49999 0.07399 0.0 0.0 0.0 0.0 0.0 0.0 0.0110615039713 28 0 0.954128440367 0.75223875266 2.90396530814
-0.12623 0.35028 3.35743 -0.12979 0.55971 3.8841397689 0.78258 0.98072 0.30541 0.41196 152.77952 195.62801 147.22542 138.42519 0.3 0.3 0.0 0.0 0.0 0.0 0.0 0.0 0.72115 0.0 0.0 45.47487 -0.49999 0.07399 0.0 0.0 0.0 0.0 0.0 0.0 0.0109990430351 29 0 0.955357142857 0.765531996359 2.90396530814
-0.12623 0.35028 3.35743 -0.12979 0.55971 3.91065513427 0.78258 0.98072 0.30541 0.41196 152.77952 195.62801 147.22542 138.42519 0.3 0.3 0.0 0.0 0.0 0.0 0.0 0.0 0.72115 0.0 0.0 45.47487 -0.49999 0.07399 0.0 0.0 0.0 0.0 0.0 0.0 0.00994122668148 30 1 0.973214285714 0.60306043417 2.37199180571
-0.12623 0.35028 3.35743 -0.12979 0.55971 3.87729635203 0.78258 0.98072 0.30541 0.41196 152.77952 195.62801 147.22542 138.42519 0.3 0.3 0.0 0.0 0.0 0.0 0.0 0.0 0.72115 0.0 0.0 45.47487 -0.49999 0.07399 0.0 0.0 0.0 0.0 0.0 0.0 0.0101126744128 31 0 0.973214285714 0.80083528056 2.37199180571
-0.12623 0.35028 3.35743 -0.12979 0.55971 3.79189307942 0.78258 0.98072 0.30541 0.41196 152.77952 195.62801 147.22542 138.42519 0.3 0.3 0.0 0.0 0.0 0.0 0.0 0.0 0.72115 0.0 0.0 45.47487 -0.49999 0.07399 0.0 0.0 0.0 0.0 0.0 0.0 0.0100581069111 32 0 0.956140350877 0.975093770603 2.37199180571
-0.12623 0.35028 3.35743 -0.12979 0.55971 3.87043298368 0.78258 0.98072 0.30541 0.41196 152.77952 195.62801 147.22542 138.42519 0.3 0.3 0.0 0.0 0.0 0.0 0.0 0.0 0.72115 0.0 0.0 45.47487 -0.49999 0.07399 0.0 0.0 0.0 0.0 0.0 0.0 0.00942736920866 33 1 0.964285714286 0.602301518309 1.14203988807
-0.12623 0.35028 3.35743 -0.12979 0.55971 3.87883432096 0.78258 0.98072 0.30541 0.41196 152.77952 195.62801 147.22542 138.42519 0.3 0.3 0.0 0.0 0.0 0.0 0.0 0.0 0.72115 0.0 0.0 45.47487 -0.49999 0.07399 0.0 0.0 0.0 0.0 0.0 0.0 0.00972746768839 34 1 0.973214285714 0.802887084188 1.26994971214
-0.12623 0.35028 3.35743 -0.12979 0.55971 3.71438330483 0.78258 0.98072 0.30541 0.41196 152.77952 195.62801 147.22542 138.42519 0.3 0.3 0.0 0.0 0.0 0.0 0.0 0.0 0.72115 0.0 0.0 45.47487 -0.49999 0.07399 0.0 0.0 0.0 0.0 0.0 0.0 0.0100923553117 35 0 0.939655172414 1.2161212695 1.26994971214
-0.12623 0.35028 3.35743 -0.12979 0.55971 3.67249471194 0.78258 0.98072 0.30541 0.41196 152.77952 195.62801 147.22542 138.42519 0.3 0.3 0.0 0.0 0.0 0.0 0.0 0.0 0.72115 0.0 0.0 45.47487 -0.49999 0.07399 0.0 0.0 0.0 0.0 0.0 0.0 0.00954021840318 36 0 0.923728813559 1.41525566786 1.26994971214
-0.12623 0.35028 3.35743 -0.12979 0.55971 3.68839193049 0.78258 0.98072 0.30541 0.41196 152.77952 195.62801 147.22542 138.42519 0.3 0.3 0.0 0.0 0.0 0.0 0.0 0.0 0.72115 0.0 0.0 45.47487 -0.49999 0.07399 0.0 0.0 0.0 0.0 0.0 0.0 0.0105029755738 37 0 0.915254237288 1.45633955539 1.26994971214
-0.12623 0.35028 3.35743 -0.12979 0.55971 3.97306539525 0.78258 0.98072 0.30541 0.41196 152.77952 195.62801 147.22542 138.42519 0.3 0.3 0.0 0.0 0.0 0.0 0.0 0.0 0.72115 0.0 0.0 45.47487 -0.49999 0.07399 0.0 0.0 0.0 0.0 0.0 0.0 0.0101439116162 38 1 0.981651376147 0.183279056545 3.61699001531
-0.12623 0.35028 3.35743 -0.12979 0.55971 3.98693037276 0.78258 0.98072 0.30541 0.41196 152.77952 195.62801 147.22542 138.42519 0.3 0.3 0.0 0.0 0.0 0.0 0.0 0.0 0.72115 0.0 0.0 45.47487 -0.49999 0.07399 0.0 0.0 0.0 0.0 0.0 0.0 0.0107831884905 39 0 0.981651376147 0.44402517233 3.61699001531
-0.12623 0.35028 3.35743 -0.12979 0.55971 3.9759861869 0.78258 0.98072 0.30541 0.41196 152.77952 195.62801 147.22542 138.42519 0.3 0.3 0.0 0.0 0.0 0.0 0.0 0.0 0.72115 0.0 0.0 45.47487 -0.49999 0.07399 0.0 0.0 0.0 0.0 0.0 0.0 0.0107457752105 40 1 0.981651376147 0.183783353498 3.56506454872
-0.12623 0.35028 3.35743 -0.12979 0.55971 4.00192255478 0.78258 0.98072 0.30541 0.41196 152.77952 195.62801 147.22542 138.42519 0.3 0.3 0.0 0.0 0.0 0.0 0.0 0.0 0.72115 0.0 0.0 45.47487 -0.49999 0.07399 0.0 0.0 0.0 0.0 0.0 0.0 0.0104110139299 41 1 0.990825688073 0.523404628983 3.5395856737
-0.12623 0.35028 3.35743 -0.12979 0.55971 4.02099910885 0.78258 0.98072 0.30541 0.41196 152.77952 195.62801 147.22542 138.42519 0.3 0.3 0.0 0.0 0.0 0.0 0.0 0.0 0.72115 0.0 0.0 45.47487 -0.49999 0.07399 0.0 0.0 0.0 0.0 0.0 0.0 0.0116220473417 42 1 1.0 0.125849281139 3.53591281868
-0.12623 0.35028 3.35743 -0.12979 0.55971 3.99769863417 0.78258 0.98072 0.30541 0.41196 152.77952 195.62801 147.22542 138.42519 0.3 0.3 0.0 0.0 0.0 0.0 0.0 0.0 0.72115 0.0 0.0 45.47487 -0.49999 0.07399 0.0 0.0 0.0 0.0 0.0 0.0 0.0121488154662 43 1 0.981651376147 0.542994849818 3.15530545184
-0.12623 0.35028 3.35743 -0.12979 0.55971 3.99144732455 0.78258 0.98072 0.30541 0.41196 152.77952 195.62801 147.22542 138.42519 0.3 0.3 0.0 0.0 0.0 0.0 0.0 0.0 0.72115 0.0 0.0 45.47487 -0.49999 0.07399 0.0 0.0 0.0 0.0 0.0 0.0 0.0130338925044 44 1 0.981651376147 0.442797737713 3.22697855559
-0.12623 0.35028 3.35743 -0.12979 0.55971 4.06097135044 0.78258 0.98072 0.30541 0.41196 152.77952 195.62801 147.22542 138.42519 0.3 0.3 0.0 0.0 0.0 0.0 0.0 0.0 0.72115 0.0 0.0 45.47487 -0.49999 0.07399 0.0 0.0 0.0 0.0 0.0 0.0 0.012867484245 45 0 0.97247706422 0.623037467456 3.22697855559
-0.12623 0.35028 3.35743 -0.12979 0.55971 4.08839020471 0.78258 0.98072 0.30541 0.41196 152.77952 195.62801 147.22542 138.42519 0.3 0.3 0.0 0.0 0.0 0.0 0.0 0.0 0.72115 0.0 0.0 45.47487 -0.49999 0.07399 0.0 0.0 0.0 0.0 0.0 0.0 0.012753608307 46 0 0.97247706422 0.510760788427 3.22697855559
-0.12623 0.35028 3.35743 -0.12979 0.55971 3.98436610675 0.78258 0.98072 0.30541 0.41196 152.77952 195.62801 147.22542 138.42519 0.3 0.3 0.0 0.0 0.0 0.0 0.0 0.0 0.72115 0.0 0.0 45.47487 -0.49999 0.07399 0.0 0.0 0.0 0.0 0.0 0.0 0.0116540411432 47 1 0.981651376147 0.197003743386 3.48506066909
-0.12623 0.35028 3.35743 -0.12979 0.55971 3.96257573542 0.78258 0.98072 0.30541 0.41196 152.77952 195.62801 147.22542 138.42519 0.3 0.3 0.0 0.0 0.0 0.0 0.0 0.0 0.72115 0.0 0.0 45.47487 -0.49999 0.07399 0.0 0.0 0.0 0.0 0.0 0.0 0.011878464216 48 1 0.981651376147 0.459014694479 3.26272194623
-0.12623 0.35028 3.35743 -0.12979 0.55971 4.0099855403 0.78258 0.98072 0.30541 0.41196 152.77952 195.62801 147.22542 138.42519 0.3 0.3 0.0 0.0 0.0 0.0 0.0 0.0 0.72115 0.0 0.0 45.47487 -0.49999 0.07399 0.0 0.0 0.0 0.0 0.0 0.0 0.011551977817 49 1 0.990825688073 0.511931771385 3.45931281956
-0.12623 0.35028 3.35743 -0.12979 0.55971 4.04706798126 0.78258 0.98072 0.30541 0.41196 152.77952 195.62801 147.22542 138.42519 0.3 0.3 0.0 0.0 0.0 0.0 0.0 0.0 0.72115 0.0 0.0 45.47487 -0.49999 0.07399 0.0 0.0 0.0 0.0 0.0 0.0 0.0114242950799 50 0 0.97247706422 0.519139866902 3.45931281956
