-0.12623 0.35028 3.35743 -0.12979 0.55971 3.87930809733 0.78258 0.98072 0.30541 0.41196 152.77952 195.62801 147.22542 138.42519 0.3 0.3 0.0 0.0 0.0 0.0 0.0 0.0 0.72115 0.0 0.0 45.47487 -0.49999 0.07399 0.0 0.0 0.0 0.0 0.0 0.0 0.01 0 1 0.973214285714 0.785487764033 1.47285503966
-0.12623 0.35028 3.35743 -0.12979 0.55971 3.81597840313 0.78258 0.98072 0.30541 0.41196 152.77952 195.62801 147.22542 138.42519 0.3 0.3 0.0 0.0 0.0 0.0 0.0 0.0 0.72115 0.0 0.0 45.47487 -0.49999 0.07399 0.0 0.0 0.0 0.0 0.0 0.0 0.00937717134483 1 0 0.947826086957 0.994195231037 1.47285503966
-0.12623 0.35028 3.35743 -0.12979 0.55971 3.95495187812 0.78258 0.98072 0.30541 0.41196 152.77952 195.62801 147.22542 138.42519 0.3 0.3 0.0 0.0 0.0 0.0 0.0 0.0 0.72115 0.0 0.0 45.47487 -0.49999 0.07399 0.0 0.0 0.0 0.0 0.0 0.0 0.0099608175611 2 1 0.972727272727 0.46576150879 2.8770193973
-0.12623 0.35028 3.35743 -0.12979 0.55971 4.05388296628 0.78258 0.98072 0.30541 0.41196 152.77952 195.62801 147.22542 138.42519 0.3 0.3 0.0 0.0 0.0 0.0 0.0 0.0 0.72115 0.0 0.0 45.47487 -0.49999 0.07399 0.0 0.0 0.0 0.0 0.0 0.0 0.00996663634707 3 0 0.97247706422 0.573545873956 2.8770193973
-0.12623 0.35028 3.35743 -0.12979 0.55971 4.07519310286 0.78258 0.98072 0.30541 0.41196 152.77952 195.62801 147.22542 138.42519 0.3 0.3 0.0 0.0 0.0 0.0 0.0 0.0 0.72115 0.0 0.0 45.47487 -0.49999 0.07399 0.0 0.0 0.0 0.0 0.0 0.0 0.0100492705093 4 0 0.97247706422 0.623992326848 2.8770193973
-0.12623 0.35028 3.35743 -0.12979 0.55971 3.77221612746 0.78258 0.98072 0.30541 0.41196 152.77952 195.62801 147.22542 138.42519 0.3 0.3 0.0 0.0 0.0 0.0 0.0 0.0 0.72115 0.0 0.0 45.47487 -0.49999 0.07399 0.0 0.0 0.0 0.0 0.0 0.0 0.0096165919256 5 0 0.956140350877 0.991336663261 2.8770193973
-0.12623 0.35028 3.35743 -0.12979 0.55971 3.76081312592 0.78258 0.98072 0.30541 0.41196 152.77952 195.62801 147.22542 138.42519 0.3 0.3 0.0 0.0 0.0 0.0 0.0 0.0 0.72115 0.0 0.0 45.47487 -0.49999 0.07399 0.0 0.0 0.0 0.0 0.0 0.0 0.00946080095627 6 0 0.956140350877 1.07512106406 2.8770193973
-0.12623 0.35028 3.35743 -0.12979 0.55971 3.88879815693 0.78258 0.98072 0.30541 0.41196 152.77952 195.62801 147.22542 138.42519 0.3 0.3 0.0 0.0 0.0 0.0 0.0 0.0 0.72115 0.0 0.0 45.47487 -0.49999 0.07399 0.0 0.0 0.0 0.0 0.0 0.0 0.0107803232828 7 0 0.955357142857 0.757608680103 2.8770193973
-0.12623 0.35028 3.35743 -0.12979 0.55971 3.94566187934 0.78258 0.98072 0.30541 0.41196 152.77952 195.62801 147.22542 138.42519 0.3 0.3 0.0 0.0 0.0 0.0 0.0 0.0 0.72115 0.0 0.0 45.47487 -0.49999 0.07399 0.0 0.0 0.0 0.0 0.0 0.0 0.0110568748423 8 1 0.981818181818 0.582438310325 3.12711614175
-0.12623 0.35028 3.35743 -0.12979 0.55971 3.87411172632 0.78258 0.98072 0.30541 0.41196 152.77952 195.62801 147.22542 138.42519 0.3 0.3 0.0 0.0 0.0 0.0 0.0 0.0 0.72115 0.0 0.0 45.47487 -0.49999 0.07399 0.0 0.0 0.0 0.0 0.0 0.0 0.0110385164754 9 1 0.973214285714 0.606504668961 2.50443883791
-0.12623 0.35028 3.35743 -0.12979 0.55971 3.84816304456 0.78258 0.98072 0.30541 0.41196 152.77952 195.62801 147.22542 138.42519 0.3 0.3 0.0 0.0 0.0 0.0 0.0 0.0 0.72115 0.0 0.0 45.47487 -0.49999 0.07399 0.0 0.0 0.0 0.0 0.0 0.0 0.00984899226578 10 1 0.964285714286 0.70737827921 0.411615083998
-0.12623 0.35028 3.35743 -0.12979 0.55971 4.05737314693 0.78258 0.98072 0.30541 0.41196 152.77952 195.62801 147.22542 138.42519 0.3 0.3 0.0 0.0 0.0 0.0 0.0 0.0 0.72115 0.0 0.0 45.47487 -0.49999 0.07399 0.0 0.0 0.0 0.0 0.0 0.0 0.0107123449059 11 1 0.97247706422 0.595897226925 2.44540498788
-0.12623 0.35028 3.35743 -0.12979 0.55971 4.11827650912 0.78258 0.98072 0.30541 0.41196 152.77952 195.62801 147.22542 138.42519 0.3 0.3 0.0 0.0 0.0 0.0 0.0 0.0 0.72115 0.0 0.0 45.47487 -0.49999 0.07399 0.0 0.0 0.0 0.0 0.0 0.0 0.010336931856 12 0 0.963302752294 0.570449036228 2.44540498788
-0.12623 0.35028 3.35743 -0.12979 0.55971 4.16632580396 0.78258 0.98072 0.30541 0.41196 152.77952 195.62801 147.22542 138.42519 0.3 0.3 0.0 0.0 0.0 0.0 0.0 0.0 0.72115 0.0 0.0 45.47487 -0.49999 0.07399 0.0 0.0 0.0 0.0 0.0 0.0 0.0102291656076 13 0 0.935779816514 0.794948359306 2.44540498788
-0.12623 0.35028 3.35743 -0.12979 0.55971 4.01389404854 0.78258 0.98072 0.30541 0.41196 152.77952 195.62801 147.22542 138.42519 0.3 0.3 0.0 0.0 0.0 0.0 0.0 0.0 0.72115 0.0 0.0 45.47487 -0.49999 0.07399 0.0 0.0 0.0 0.0 0.0 0.0 0.0104343774216 14 1 0.990825688073 0.0418535201317 3.6430337772
-0.12623 0.35028 3.35743 -0.12979 0.55971 4.10808619409 0.78258 0.98072 0.30541 0.41196 152.77952 195.62801 147.22542 138.42519 0.3 0.3 0.0 0.0 0.0 0.0 0.0 0.0 0.72115 0.0 0.0 45.47487 -0.49999 0.07399 0.0 0.0 0.0 0.0 0.0 0.0 0.0106436967733 15 0 0.954128440367 0.55880876394 3.6430337772
-0.12623 0.35028 3.35743 -0.12979 0.55971 4.03856839885 0.78258 0.98072 0.30541 0.41196 152.77952 195.62801 147.22542 138.42519 0.3 0.3 0.0 0.0 0.0 0.0 0.0 0.0 0.72115 0.0 0.0 45.47487 -0.49999 0.07399 0.0 0.0 0.0 0.0 0.0 0.0 0.0102981457753 16 0 0.97247706422 0.528659923001 3.6430337772
-0.12623 0.35028 3.35743 -0.12979 0.55971 4.04168938219 0.78258 0.98072 0.30541 0.41196 152.77952 195.62801 147.22542 138.42519 0.3 0.3 0.0 0.0 0.0 0.0 0.0 0.0 0.72115 0.0 0.0 45.47487 -0.49999 0.07399 0.0 0.0 0.0 0.0 0.0 0.0 0.0102472996152 17 0 0.97247706422 0.531104237874 3.6430337772
-0.12623 0.35028 3.35743 -0.12979 0.55971 4.00725893151 0.78258 0.98072 0.30541 0.41196 152.77952 195.62801 147.22542 138.42519 0.3 0.3 0.0 0.0 0.0 0.0 0.0 0.0 0.72115 0.0 0.0 45.47487 -0.49999 0.07399 0.0 0.0 0.0 0.0 0.0 0.0 0.00960481593146 18 1 0.990825688073 0.5117130551 3.60710053047
-0.12623 0.35028 3.35743 -0.12979 0.55971 4.15399158615 0.78258 0.98072 0.30541 0.41196 152.77952 195.62801 147.22542 138.42519 0.3 0.3 0.0 0.0 0.0 0.0 0.0 0.0 0.72115 0.0 0.0 45.47487 -0.49999 0.07399 0.0 0.0 0.0 0.0 0.0 0.0 0.00978083812846 19 0 0.94495412844 0.733941388992 3.60710053047
-0.12623 0.35028 3.35743 -0.12979 0.55971 3.90851024795 0.78258 0.98072 0.30541 0.41196 152.77952 195.62801 147.22542 138.42519 0.3 0.3 0.0 0.0 0.0 0.0 0.0 0.0 0.72115 0.0 0.0 45.47487 -0.49999 0.07399 0.0 0.0 0.0 0.0 0.0 0.0 0.0102325463653 20 1 0.973214285714 0.598914889573 2.43427904432
-0.12623 0.35028 3.35743 -0.12979 0.55971 3.86959554941 0.78258 0.98072 0.30541 0.41196 152.77952 195.62801 147.22542 138.42519 0.3 0.3 0.0 0.0 0.0 0.0 0.0 0.0 0.72115 0.0 0.0 45.47487 -0.49999 0.07399 0.0 0.0 0.0 0.0 0.0 0.0 0.00957916114157 21 1 0.964285714286 0.552135248629 1.61042688446
-0.12623 0.35028 3.35743 -0.12979 0.55971 3.74941664967 0.78258 0.98072 0.30541 0.41196 152.77952 195.62801 147.22542 138.42519 0.3 0.3 0.0 0.0 0.0 0.0 0.0 0.0 0.72115 0.0 0.0 45.47487 -0.49999 0.07399 0.0 0.0 0.0 0.0 0.0 0.0 0.00872984302385 22 0 0.947826086957 1.14307125775 1.61042688446
-0.12623 0.35028 3.35743 -0.12979 0.55971 4.00498825089 0.78258 0.98072 0.30541 0.41196 152.77952 195.62801 147.22542 138.42519 0.3 0.3 0.0 0.0 0.0 0.0 0.0 0.0 0.72115 0.0 0.0 45.47487 -0.49999 0.07399 0.0 0.0 0.0 0.0 0.0 0.0 0.00922690612632 23 1 0.990825688073 0.523622290376 3.63116119788
-0.12623 0.35028 3.35743 -0.12979 0.55971 4.03540797914 0.78258 0.98072 0.30541 0.41196 152.77952 195.62801 147.22542 138.42519 0.3 0.3 0.0 0.0 0.0 0.0 0.0 0.0 0.72115 0.0 0.0 45.47487 -0.49999 0.07399 0.0 0.0 0.0 0.0 0.0 0.0 0.00898675196867 24 0 0.97247706422 0.477945226232 3.63116119788
-0.12623 0.35028 3.35743 -0.12979 0.55971 3.89574293004 0.78258 0.98072 0.30541 0.41196 152.77952 195.62801 147.22542 138.42519 0.3 0.3 0.0 0.0 0.0 0.0 0.0 0.0 0.72115 0.0 0.0 45.47487 -0.49999 0.07399 0.0 0.0 0.0 0.0 0.0 0.0 0.00928222905668 25 0 0.955357142857 0.683446749726 3.63116119788
-0.12623 0.35028 3.35743 -0.12979 0.55971 4.08411532034 0.78258 0.98072 0.30541 0.41196 152.77952 195.62801 147.22542 138.42519 0.3 0.3 0.0 0.0 0.0 0.0 0.0 0.0 0.72115 0.0 0.0 45.47487 -0.49999 0.07399 0.0 0.0 0.0 0.0 0.0 0.0 0.00919294407448 26 0 0.97247706422 0.491864588267 3.63116119788
-0.12623 0.35028 3.35743 -0.12979 0.55971 4.08177846003 0.78258 0.98072 0.30541 0.41196 152.77952 195.62801 147.22542 138.42519 0.3 0.3 0.0 0.0 0.0 0.0 0.0 0.0 0.72115 0.0 0.0 45.47487 -0.49999 0.07399 0.0 0.0 0.0 0.0 0.0 0.0 0.00932916043432 27 1 0.97247706422 0.491290928827 2.70527856004
-0.12623 0.35028 3.35743 -0.12979 0.55971 4.17479767 0.78258 0.98072 0.30541 0.41196 152.77952 195.62801 147.22542 138.42519 0.3 0.3 0.0 0.0 0.0 0.0 0.0 0.0 0.72115 0.0 0.0 45.47487 -0.49999 0.07399 0.0 0.0 0.0 0.0 0.0 0.0 0.00810469341686 28 0 0.94495412844 0.752074834238 2.70527856004
-0.12623 0.35028 3.35743 -0.12979 0.55971 4.00108563795 0.78258 0.98072 0.30541 0.41196 152.77952 195.62801 147.22542 138.42519 0.3 0.3 0.0 0.0 0.0 0.0 0.0 0.0 0.72115 0.0 0.0 45.47487 -0.49999 0.07399 0.0 0.0 0.0 0.0 0.0 0.0 0.00959418421022 29 1 0.981651376147 0.538908130169 3.19654244312
-0.12623 0.35028 3.35743 -0.12979 0.55971 3.98023580053 0.78258 0.98072 0.30541 0.41196 152.77952 195.62801 147.22542 138.42519 0.3 0.3 0.0 0.0 0.0 0.0 0.0 0.0 0.72115 0.0 0.0 45.47487 -0.49999 0.07399 0.0 0.0 0.0 0.0 0.0 0.0 0.00906217938857 30 1 0.981651376147 0.183155085979 3.71594492103
-0.12623 0.35028 3.35743 -0.12979 0.55971 4.05143962734 0.78258 0.98072 0.30541 0.41196 152.77952 195.62801 147.22542 138.42519 0.3 0.3 0.0 0.0 0.0 0.0 0.0 0.0 0.72115 0.0 0.0 45.47487 -0.49999 0.07399 0.0 0.0 0.0 0.0 0.0 0.0 0.00903226603373 31 0 0.97247706422 0.519724607207 3.71594492103
-0.12623 0.35028 3.35743 -0.12979 0.55971 4.03591965596 0.78258 0.98072 0.30541 0.41196 152.77952 195.62801 147.22542 138.42519 0.3 0.3 0.0 0.0 0.0 0.0 0.0 0.0 0.72115 0.0 0.0 45.47487 -0.49999 0.07399 0.0 0.0 0.0 0.0 0.0 0.0 0.00890105119277 32 1 0.97247706422 0.478018843263 2.71028443485
-0.12623 0.35028 3.35743 -0.12979 0.55971 4.08046628784 0.78258 0.98072 0.30541 0.41196 152.77952 195.62801 147.22542 138.42519 0.3 0.3 0.0 0.0 0.0 0.0 0.0 0.0 0.72115 0.0 0.0 45.47487 -0.49999 0.07399 0.0 0.0 0.0 0.0 0.0 0.0 0.00834253663552 33 0 0.97247706422 0.626586921421 2.71028443485
-0.12623 0.35028 3.35743 -0.12979 0.55971 4.05263352405 0.78258 0.98072 0.30541 0.41196 152.77952 195.62801 147.22542 138.42519 0.3 0.3 0.0 0.0 0.0 0.0 0.0 0.0 0.72115 0.0 0.0 45.47487 -0.49999 0.07399 0.0 0.0 0.0 0.0 0.0 0.0 0.00831837192019 34 1 0.97247706422 0.566974028307 2.11076953024
-0.12623 0.35028 3.35743 -0.12979 0.55971 4.03811096771 0.78258 0.98072 0.30541 0.41196 152.77952 195.62801 147.22542 138.42519 0.3 0.3 0.0 0.0 0.0 0.0 0.0 0.0 0.72115 0.0 0.0 45.47487 -0.49999 0.07399 0.0 0.0 0.0 0.0 0.0 0.0 0.00873445018663 35 1 0.97247706422 0.528605988437 2.43429878365
-0.12623 0.35028 3.35743 -0.12979 0.55971 4.02718545277 0.78258 0.98072 0.30541 0.41196 152.77952 195.62801 147.22542 138.42519 0.3 0.3 0.0 0.0 0.0 0.0 0.0 0.0 0.72115 0.0 0.0 45.47487 -0.49999 0.07399 0.0 0.0 0.0 0.0 0.0 0.0 0.00951767917511 36 1 0.990825688073 0.131830075504 3.72759180113
-0.12623 0.35028 3.35743 -0.12979 0.55971 3.71934482306 0.78258 0.98072 0.30541 0.41196 152.77952 195.62801 147.22542 138.42519 0.3 0.3 0.0 0.0 0.0 0.0 0.0 0.0 0.72115 0.0 0.0 45.47487 -0.49999 0.07399 0.0 0.0 0.0 0.0 0.0 0.0 0.0094586349694 37 0 0.939655172414 1.21975210561 3.72759180113
-0.12623 0.35028 3.35743 -0.12979 0.55971 3.93044872689 0.78258 0.98072 0.30541 0.41196 152.77952 195.62801 147.22542 138.42519 0.3 0.3 0.0 0.0 0.0 0.0 0.0 0.0 0.72115 0.0 0.0 45.47487 -0.49999 0.07399 0.0 0.0 0.0 0.0 0.0 0.0 0.00912130105492 38 1 0.990909090909 0.637792332771 3.57616788283
-0.12623 0.35028 3.35743 -0.12979 0.55971 3.95011292168 0.78258 0.98072 0.30541 0.41196 152.77952 195.62801 147.22542 138.42519 0.3 0.3 0.0 0.0 0.0 0.0 0.0 0.0 0.72115 0.0 0.0 45.47487 -0.49999 0.07399 0.0 0.0 0.0 0.0 0.0 0.0 0.00853735450702 39 1 0.981818181818 0.55635925564 3.14241160157
-0.12623 0.35028 3.35743 -0.12979 0.55971 3.9812854707 0.78258 0.98072 0.30541 0.41196 152.77952 195.62801 147.22542 138.42519 0.3 0.3 0.0 0.0 0.0 0.0 0.0 0.0 0.72115 0.0 0.0 45.47487 -0.49999 0.07399 0.0 0.0 0.0 0.0 0.0 0.0 0.00823541545972 40 1 0.981651376147 0.183791784377 3.79653160245
-0.12623 0.35028 3.35743 -0.12979 0.55971 4.03426978474 0.78258 0.98072 0.30541 0.41196 152.77952 195.62801 147.22542 138.42519 0.3 0.3 0.0 0.0 0.0 0.0 0.0 0.0 0.72115 0.0 0.0 45.47487 -0.49999 0.07399 0.0 0.0 0.0 0.0 0.0 0.0 0.00809524049066 41 1 0.981651376147 0.463922445041 3.3446892478
-0.12623 0.35028 3.35743 -0.12979 0.55971 3.88302972125 0.78258 0.98072 0.30541 0.41196 152.77952 195.62801 147.22542 138.42519 0.3 0.3 0.0 0.0 0.0 0.0 0.0 0.0 0.72115 0.0 0.0 45.47487 -0.49999 0.07399 0.0 0.0 0.0 0.0 0.0 0.0 0.00831211966357 42 0 0.955357142857 0.725139252648 3.3446892478
-0.12623 0.35028 3.35743 -0.12979 0.55971 4.05812093761 0.78258 0.98072 0.30541 0.41196 152.77952 195.62801 147.22542 138.42519 0.3 0.3 0.0 0.0 0.0 0.0 0.0 0.0 0.72115 0.0 0.0 45.47487 -0.49999 0.07399 0.0 0.0 0.0 0.0 0.0 0.0 0.00750521292038 43 0 0.97247706422 0.596123066719 3.3446892478
-0.12623 0.35028 3.35743 -0.12979 0.55971 4.1034203977 0.78258 0.98072 0.30541 0.41196 152.77952 195.62801 147.22542 138.42519 0.3 0.3 0.0 0.0 0.0 0.0 0.0 0.0 0.72115 0.0 0.0 45.47487 -0.49999 0.07399 0.0 0.0 0.0 0.0 0.0 0.0 0.00909978272891 44 0 0.963302752294 0.554775846153 3.3446892478
-0.12623 0.35028 3.35743 -0.12979 0.55971 3.96741637253 0.78258 0.98072 0.30541 0.41196 152.77952 195.62801 147.22542 138.42519 0.3 0.3 0.0 0.0 0.0 0.0 0.0 0.0 0.72115 0.0 0.0 45.47487 -0.49999 0.07399 0.0 0.0 0.0 0.0 0.0 0.0 0.00825326864361 45 1 0.981651376147 0.184597001981 3.79399535843
-0.12623 0.35028 3.35743 -0.12979 0.55971 4.18264354501 0.78258 0.98072 0.30541 0.41196 152.77952 195.62801 147.22542 138.42519 0.3 0.3 0.0 0.0 0.0 0.0 0.0 0.0 0.72115 0.0 0.0 45.47487 -0.49999 0.07399 0.0 0.0 0.0 0.0 0.0 0.0 0.00858348172968 46 0 0.94495412844 0.974931390707 3.79399535843
-0.12623 0.35028 3.35743 -0.12979 0.55971 3.93967214195 0.78258 0.98072 0.30541 0.41196 152.77952 195.62801 147.22542 138.42519 0.3 0.3 0.0 0.0 0.0 0.0 0.0 0.0 0.72115 0.0 0.0 45.47487 -0.49999 0.07399 0.0 0.0 0.0 0.0 0.0 0.0 0.0081728990931 47 1 0.981818181818 0.621598155675 2.93187441179
-0.12623 0.35028 3.35743 -0.12979 0.55971 4.06657815891 0.78258 0.98072 0.30541 0.41196 152.77952 195.62801 147.22542 138.42519 0.3 0.3 0.0 0.0 0.0 0.0 0.0 0.0 0.72115 0.0 0.0 45.47487 -0.49999 0.07399 0.0 0.0 0.0 0.0 0.0 0.0 0.00801776849483 48 0 0.97247706422 0.623808978033 2.93187441179
-0.12623 0.35028 3.35743 -0.12979 0.55971 3.91607786332 0.78258 0.98072 0.30541 0.41196 152.77952 195.62801 147.22542 138.42519 0.3 0.3 0.0 0.0 0.0 0.0 0.0 0.0 0.72115 0.0 0.0 45.47487 -0.49999 0.07399 0.0 0.0 0.0 0.0 0.0 0.0 0.00760109312547 49 1 0.981981981982 0.563640760109 3.06796612521
-0.12623 0.35028 3.35743 -0.12979 0.55971 3.86390603896 0.78258 0.98072 0.30541 0.41196 152.77952 195.62801 147.22542 138.42519 0.3 0.3 0.0 0.0 0.0 0.0 0.0 0.0 0.72115 0.0 0.0 45.47487 -0.49999 0.07399 0.0 0.0 0.0 0.0 0.0 0.0 0.00704071421299 50 0 0.964285714286 0.65469845178 3.06796612521
