-0.12623 0.35028 3.35743 -0.12979 0.55971 4.51566165933 0.78258 0.98072 0.30541 0.41196 152.77952 195.62801 147.22542 138.42519 0.3 0.3 0.0 0.0 0.0 0.0 0.0 0.0 0.72115 0.0 0.0 45.47487 -0.49999 0.07399 0.0 0.0 0.0 0.0 0.0 0.0 0.01 0 1 0.882882882883 1.39295019753 -129.384311615
-0.12623 0.35028 3.35743 -0.12979 0.55971 4.64319000632 0.78258 0.98072 0.30541 0.41196 152.77952 195.62801 147.22542 138.42519 0.3 0.3 0.0 0.0 0.0 0.0 0.0 0.0 0.72115 0.0 0.0 45.47487 -0.49999 0.07399 0.0 0.0 0.0 0.0 0.0 0.0 0.00985587362782 1 0 0.827272727273 1.63745448174 -129.384311615
-0.12623 0.35028 3.35743 -0.12979 0.55971 4.57145627549 0.78258 0.98072 0.30541 0.41196 152.77952 195.62801 147.22542 138.42519 0.3 0.3 0.0 0.0 0.0 0.0 0.0 0.0 0.72115 0.0 0.0 45.47487 -0.49999 0.07399 0.0 0.0 0.0 0.0 0.0 0.0 0.00976937841407 2 0 0.864864864865 1.44694833019 -129.384311615
-0.12623 0.35028 3.35743 -0.12979 0.55971 4.55522587375 0.78258 0.98072 0.30541 0.41196 152.77952 195.62801 147.22542 138.42519 0.3 0.3 0.0 0.0 0.0 0.0 0.0 0.0 0.72115 0.0 0.0 45.47487 -0.49999 0.07399 0.0 0.0 0.0 0.0 0.0 0.0 0.00997013513534 3 0 0.864864864865 1.49165682032 -129.384311615
-0.12623 0.35028 3.35743 -0.12979 0.55971 4.43580931611 0.78258 0.98072 0.30541 0.41196 152.77952 195.62801 147.22542 138.42519 0.3 0.3 0.0 0.0 0.0 0.0 0.0 0.0 0.72115 0.0 0.0 45.47487 -0.49999 0.07399 0.0 0.0 0.0 0.0 0.0 0.0 0.0100364550143 4 1 0.918181818182 1.29655401928 -52.1760269247
-0.12623 0.35028 3.35743 -0.12979 0.55971 4.47875469666 0.78258 0.98072 0.30541 0.41196 152.77952 195.62801 147.22542 138.42519 0.3 0.3 0.0 0.0 0.0 0.0 0.0 0.0 0.72115 0.0 0.0 45.47487 -0.49999 0.07399 0.0 0.0 0.0 0.0 0.0 0.0 0.0103672318505 5 0 0.872727272727 1.37348340216 -52.1760269247
-0.12623 0.35028 3.35743 -0.12979 0.55971 4.57816974935 0.78258 0.98072 0.30541 0.41196 152.77952 195.62801 147.22542 138.42519 0.3 0.3 0.0 0.0 0.0 0.0 0.0 0.0 0.72115 0.0 0.0 45.47487 -0.49999 0.07399 0.0 0.0 0.0 0.0 0.0 0.0 0.010127526577 6 0 0.873873873874 1.44212347849 -52.1760269247
-0.12623 0.35028 3.35743 -0.12979 0.55971 4.64998676175 0.78258 0.98072 0.30541 0.41196 152.77952 195.62801 147.22542 138.42519 0.3 0.3 0.0 0.0 0.0 0.0 0.0 0.0 0.72115 0.0 0.0 45.47487 -0.49999 0.07399 0.0 0.0 0.0 0.0 0.0 0.0 0.00962872140028 7 0 0.827272727273 1.66063463414 -52.1760269247
-0.12623 0.35028 3.35743 -0.12979 0.55971 4.63560108983 0.78258 0.98072 0.30541 0.41196 152.77952 195.62801 147.22542 138.42519 0.3 0.3 0.0 0.0 0.0 0.0 0.0 0.0 0.72115 0.0 0.0 45.47487 -0.49999 0.07399 0.0 0.0 0.0 0.0 0.0 0.0 0.0108159744914 8 0 0.845454545455 1.6130731286 -52.1760269247
-0.12623 0.35028 3.35743 -0.12979 0.55971 4.51510037924 0.78258 0.98072 0.30541 0.41196 152.77952 195.62801 147.22542 138.42519 0.3 0.3 0.0 0.0 0.0 0.0 0.0 0.0 0.72115 0.0 0.0 45.47487 -0.49999 0.07399 0.0 0.0 0.0 0.0 0.0 0.0 0.00991695728949 9 0 0.882882882883 1.39275160448 -52.1760269247
-0.12623 0.35028 3.35743 -0.12979 0.55971 4.24459014058 0.78258 0.98072 0.30541 0.41196 152.77952 195.62801 147.22542 138.42519 0.3 0.3 0.0 0.0 0.0 0.0 0.0 0.0 0.72115 0.0 0.0 45.47487 -0.49999 0.07399 0.0 0.0 0.0 0.0 0.0 0.0 0.00949951045141 10 1 0.94495412844 1.04135088416 -14.468285234
-0.12623 0.35028 3.35743 -0.12979 0.55971 4.34382934801 0.78258 0.98072 0.30541 0.41196 152.77952 195.62801 147.22542 138.42519 0.3 0.3 0.0 0.0 0.0 0.0 0.0 0.0 0.72115 0.0 0.0 45.47487 -0.49999 0.07399 0.0 0.0 0.0 0.0 0.0 0.0 0.00934890152792 11 0 0.926605504587 0.99982222753 -14.468285234
-0.12623 0.35028 3.35743 -0.12979 0.55971 4.41406148841 0.78258 0.98072 0.30541 0.41196 152.77952 195.62801 147.22542 138.42519 0.3 0.3 0.0 0.0 0.0 0.0 0.0 0.0 0.72115 0.0 0.0 45.47487 -0.49999 0.07399 0.0 0.0 0.0 0.0 0.0 0.0 0.008724971602 12 0 0.909090909091 1.17013345706 -14.468285234
-0.12623 0.35028 3.35743 -0.12979 0.55971 4.22675507045 0.78258 0.98072 0.30541 0.41196 152.77952 195.62801 147.22542 138.42519 0.3 0.3 0.0 0.0 0.0 0.0 0.0 0.0 0.72115 0.0 0.0 45.47487 -0.49999 0.07399 0.0 0.0 0.0 0.0 0.0 0.0 0.00979479123708 13 0 0.935779816514 1.08310675455 -14.468285234
-0.12623 0.35028 3.35743 -0.12979 0.55971 4.22665892833 0.78258 0.98072 0.30541 0.41196 152.77952 195.62801 147.22542 138.42519 0.3 0.3 0.0 0.0 0.0 0.0 0.0 0.0 0.72115 0.0 0.0 45.47487 -0.49999 0.07399 0.0 0.0 0.0 0.0 0.0 0.0 0.00924319119298 14 0 0.935779816514 1.08307217855 -14.468285234
-0.12623 0.35028 3.35743 -0.12979 0.55971 4.27088374232 0.78258 0.98072 0.30541 0.41196 152.77952 195.62801 147.22542 138.42519 0.3 0.3 0.0 0.0 0.0 0.0 0.0 0.0 0.72115 0.0 0.0 45.47487 -0.49999 0.07399 0.0 0.0 0.0 0.0 0.0 0.0 0.0095206928451 15 1 0.954128440367 1.06041111215 -9.31639193227
-0.12623 0.35028 3.35743 -0.12979 0.55971 4.33368098041 0.78258 0.98072 0.30541 0.41196 152.77952 195.62801 147.22542 138.42519 0.3 0.3 0.0 0.0 0.0 0.0 0.0 0.0 0.72115 0.0 0.0 45.47487 -0.49999 0.07399 0.0 0.0 0.0 0.0 0.0 0.0 0.00968114543589 16 0 0.926605504587 1.00594221054 -9.31639193227
-0.12623 0.35028 3.35743 -0.12979 0.55971 4.22269807068 0.78258 0.98072 0.30541 0.41196 152.77952 195.62801 147.22542 138.42519 0.3 0.3 0.0 0.0 0.0 0.0 0.0 0.0 0.72115 0.0 0.0 45.47487 -0.49999 0.07399 0.0 0.0 0.0 0.0 0.0 0.0 0.00961959531335 17 0 0.935779816514 1.06458586829 -9.31639193227
-0.12623 0.35028 3.35743 -0.12979 0.55971 4.35613940691 0.78258 0.98072 0.30541 0.41196 152.77952 195.62801 147.22542 138.42519 0.3 0.3 0.0 0.0 0.0 0.0 0.0 0.0 0.72115 0.0 0.0 45.47487 -0.49999 0.07399 0.0 0.0 0.0 0.0 0.0 0.0 0.0101167260937 18 0 0.926605504587 1.00732129506 -9.31639193227
-0.12623 0.35028 3.35743 -0.12979 0.55971 4.24307424801 0.78258 0.98072 0.30541 0.41196 152.77952 195.62801 147.22542 138.42519 0.3 0.3 0.0 0.0 0.0 0.0 0.0 0.0 0.72115 0.0 0.0 45.47487 -0.49999 0.07399 0.0 0.0 0.0 0.0 0.0 0.0 0.00893314289326 19 0 0.94495412844 1.05339322734 -9.31639193227
-0.12623 0.35028 3.35743 -0.12979 0.55971 4.09117110473 0.78258 0.98072 0.30541 0.41196 152.77952 195.62801 147.22542 138.42519 0.3 0.3 0.0 0.0 0.0 0.0 0.0 0.0 0.72115 0.0 0.0 45.47487 -0.49999 0.07399 0.0 0.0 0.0 0.0 0.0 0.0 0.00863623604255 20 1 0.981651376147 0.511750390408 3.24177249679
-0.12623 0.35028 3.35743 -0.12979 0.55971 4.10288521794 0.78258 0.98072 0.30541 0.41196 152.77952 195.62801 147.22542 138.42519 0.3 0.3 0.0 0.0 0.0 0.0 0.0 0.0 0.72115 0.0 0.0 45.47487 -0.49999 0.07399 0.0 0.0 0.0 0.0 0.0 0.0 0.00879394231782 21 0 0.963302752294 0.554664284052 3.24177249679
-0.12623 0.35028 3.35743 -0.12979 0.55971 3.9073649102 0.78258 0.98072 0.30541 0.41196 152.77952 195.62801 147.22542 138.42519 0.3 0.3 0.0 0.0 0.0 0.0 0.0 0.0 0.72115 0.0 0.0 45.47487 -0.49999 0.07399 0.0 0.0 0.0 0.0 0.0 0.0 0.00852654804436 22 0 0.964285714286 0.704503879547 3.24177249679
-0.12623 0.35028 3.35743 -0.12979 0.55971 4.24718967972 0.78258 0.98072 0.30541 0.41196 152.77952 195.62801 147.22542 138.42519 0.3 0.3 0.0 0.0 0.0 0.0 0.0 0.0 0.72115 0.0 0.0 45.47487 -0.49999 0.07399 0.0 0.0 0.0 0.0 0.0 0.0 0.00802057044755 23 0 0.94495412844 1.0543340683 3.24177249679
-0.12623 0.35028 3.35743 -0.12979 0.55971 4.16117363461 0.78258 0.98072 0.30541 0.41196 152.77952 195.62801 147.22542 138.42519 0.3 0.3 0.0 0.0 0.0 0.0 0.0 0.0 0.72115 0.0 0.0 45.47487 -0.49999 0.07399 0.0 0.0 0.0 0.0 0.0 0.0 0.00791677529647 24 0 0.94495412844 0.791046504131 3.24177249679
-0.12623 0.35028 3.35743 -0.12979 0.55971 4.01461548679 0.78258 0.98072 0.30541 0.41196 152.77952 195.62801 147.22542 138.42519 0.3 0.3 0.0 0.0 0.0 0.0 0.0 0.0 0.72115 0.0 0.0 45.47487 -0.49999 0.07399 0.0 0.0 0.0 0.0 0.0 0.0 0.00808717496394 25 1 0.990825688073 0.0476961535456 3.89707344871
-0.12623 0.35028 3.35743 -0.12979 0.55971 3.88437351674 0.78258 0.98072 0.30541 0.41196 152.77952 195.62801 147.22542 138.42519 0.3 0.3 0.0 0.0 0.0 0.0 0.0 0.0 0.72115 0.0 0.0 45.47487 -0.49999 0.07399 0.0 0.0 0.0 0.0 0.0 0.0 0.0082226458376 26 0 0.955357142857 0.765553767867 3.89707344871
-0.12623 0.35028 3.35743 -0.12979 0.55971 4.0989256981 0.78258 0.98072 0.30541 0.41196 152.77952 195.62801 147.22542 138.42519 0.3 0.3 0.0 0.0 0.0 0.0 0.0 0.0 0.72115 0.0 0.0 45.47487 -0.49999 0.07399 0.0 0.0 0.0 0.0 0.0 0.0 0.00773636754271 27 0 0.963302752294 0.566795793723 3.89707344871
-0.12623 0.35028 3.35743 -0.12979 0.55971 3.96036255084 0.78258 0.98072 0.30541 0.41196 152.77952 195.62801 147.22542 138.42519 0.3 0.3 0.0 0.0 0.0 0.0 0.0 0.0 0.72115 0.0 0.0 45.47487 -0.49999 0.07399 0.0 0.0 0.0 0.0 0.0 0.0 0.00876247345773 28 0 0.981651376147 0.460833385413 3.89707344871
-0.12623 0.35028 3.35743 -0.12979 0.55971 4.10705244953 0.78258 0.98072 0.30541 0.41196 152.77952 195.62801 147.22542 138.42519 0.3 0.3 0.0 0.0 0.0 0.0 0.0 0.0 0.72115 0.0 0.0 45.47487 -0.49999 0.07399 0.0 0.0 0.0 0.0 0.0 0.0 0.00708504058166 29 0 0.963302752294 0.554298375953 3.89707344871
-0.12623 0.35028 3.35743 -0.12979 0.55971 3.93400020382 0.78258 0.98072 0.30541 0.41196 152.77952 195.62801 147.22542 138.42519 0.3 0.3 0.0 0.0 0.0 0.0 0.0 0.0 0.72115 0.0 0.0 45.47487 -0.49999 0.07399 0.0 0.0 0.0 0.0 0.0 0.0 0.00880918517874 30 1 0.990909090909 0.628689039307 3.60255435143
-0.12623 0.35028 3.35743 -0.12979 0.55971 3.97508113698 0.78258 0.98072 0.30541 0.41196 152.77952 195.62801 147.22542 138.42519 0.3 0.3 0.0 0.0 0.0 0.0 0.0 0.0 0.72115 0.0 0.0 45.47487 -0.49999 0.07399 0.0 0.0 0.0 0.0 0.0 0.0 0.00802197598042 31 1 0.981651376147 0.184875278282 3.81722488123
-0.12623 0.35028 3.35743 -0.12979 0.55971 3.8018446266 0.78258 0.98072 0.30541 0.41196 152.77952 195.62801 147.22542 138.42519 0.3 0.3 0.0 0.0 0.0 0.0 0.0 0.0 0.72115 0.0 0.0 45.47487 -0.49999 0.07399 0.0 0.0 0.0 0.0 0.0 0.0 0.00824254765998 32 0 0.947826086957 1.05203155687 3.81722488123
-0.12623 0.35028 3.35743 -0.12979 0.55971 3.73616197439 0.78258 0.98072 0.30541 0.41196 152.77952 195.62801 147.22542 138.42519 0.3 0.3 0.0 0.0 0.0 0.0 0.0 0.0 0.72115 0.0 0.0 45.47487 -0.49999 0.07399 0.0 0.0 0.0 0.0 0.0 0.0 0.0088023519853 33 0 0.939655172414 1.13615897619 3.81722488123
-0.12623 0.35028 3.35743 -0.12979 0.55971 3.97862172054 0.78258 0.98072 0.30541 0.41196 152.77952 195.62801 147.22542 138.42519 0.3 0.3 0.0 0.0 0.0 0.0 0.0 0.0 0.72115 0.0 0.0 45.47487 -0.49999 0.07399 0.0 0.0 0.0 0.0 0.0 0.0 0.00759917312378 34 1 0.981651376147 0.199902628195 3.84428926595
-0.12623 0.35028 3.35743 -0.12979 0.55971 3.97118434246 0.78258 0.98072 0.30541 0.41196 152.77952 195.62801 147.22542 138.42519 0.3 0.3 0.0 0.0 0.0 0.0 0.0 0.0 0.72115 0.0 0.0 45.47487 -0.49999 0.07399 0.0 0.0 0.0 0.0 0.0 0.0 0.00819928286072 35 1 0.981651376147 0.183584510645 3.80037881798
-0.12623 0.35028 3.35743 -0.12979 0.55971 3.87100431119 0.78258 0.98072 0.30541 0.41196 152.77952 195.62801 147.22542 138.42519 0.3 0.3 0.0 0.0 0.0 0.0 0.0 0.0 0.72115 0.0 0.0 45.47487 -0.49999 0.07399 0.0 0.0 0.0 0.0 0.0 0.0 0.00839947580822 36 0 0.964285714286 0.602209566196 3.80037881798
-0.12623 0.35028 3.35743 -0.12979 0.55971 3.87631952942 0.78258 0.98072 0.30541 0.41196 152.77952 195.62801 147.22542 138.42519 0.3 0.3 0.0 0.0 0.0 0.0 0.0 0.0 0.72115 0.0 0.0 45.47487 -0.49999 0.07399 0.0 0.0 0.0 0.0 0.0 0.0 0.00804595814691 37 1 0.973214285714 0.643673008834 1.60775449429
-0.12623 0.35028 3.35743 -0.12979 0.55971 3.8013752428 0.78258 0.98072 0.30541 0.41196 152.77952 195.62801 147.22542 138.42519 0.3 0.3 0.0 0.0 0.0 0.0 0.0 0.0 0.72115 0.0 0.0 45.47487 -0.49999 0.07399 0.0 0.0 0.0 0.0 0.0 0.0 0.00826202986841 38 0 0.947826086957 1.05196280303 1.60775449429
-0.12623 0.35028 3.35743 -0.12979 0.55971 3.84444318802 0.78258 0.98072 0.30541 0.41196 152.77952 195.62801 147.22542 138.42519 0.3 0.3 0.0 0.0 0.0 0.0 0.0 0.0 0.72115 0.0 0.0 45.47487 -0.49999 0.07399 0.0 0.0 0.0 0.0 0.0 0.0 0.00857265558806 39 0 0.964285714286 0.731214457162 1.60775449429
-0.12623 0.35028 3.35743 -0.12979 0.55971 3.96893861323 0.78258 0.98072 0.30541 0.41196 152.77952 195.62801 147.22542 138.42519 0.3 0.3 0.0 0.0 0.0 0.0 0.0 0.0 0.72115 0.0 0.0 45.47487 -0.49999 0.07399 0.0 0.0 0.0 0.0 0.0 0.0 0.00829695095582 40 1 0.981651376147 0.183776529082 3.79034006469
-0.12623 0.35028 3.35743 -0.12979 0.55971 3.92637675238 0.78258 0.98072 0.30541 0.41196 152.77952 195.62801 147.22542 138.42519 0.3 0.3 0.0 0.0 0.0 0.0 0.0 0.0 0.72115 0.0 0.0 45.47487 -0.49999 0.07399 0.0 0.0 0.0 0.0 0.0 0.0 0.00818977217924 41 1 0.990909090909 0.62399659816 3.64604437051
-0.12623 0.35028 3.35743 -0.12979 0.55971 4.10413255827 0.78258 0.98072 0.30541 0.41196 152.77952 195.62801 147.22542 138.42519 0.3 0.3 0.0 0.0 0.0 0.0 0.0 0.0 0.72115 0.0 0.0 45.47487 -0.49999 0.07399 0.0 0.0 0.0 0.0 0.0 0.0 0.00832270233708 42 0 0.963302752294 0.555878479219 3.64604437051
-0.12623 0.35028 3.35743 -0.12979 0.55971 3.92724784954 0.78258 0.98072 0.30541 0.41196 152.77952 195.62801 147.22542 138.42519 0.3 0.3 0.0 0.0 0.0 0.0 0.0 0.0 0.72115 0.0 0.0 45.47487 -0.49999 0.07399 0.0 0.0 0.0 0.0 0.0 0.0 0.00773747346169 43 1 0.990909090909 0.617210293573 3.67980398881
-0.12623 0.35028 3.35743 -0.12979 0.55971 3.75994992355 0.78258 0.98072 0.30541 0.41196 152.77952 195.62801 147.22542 138.42519 0.3 0.3 0.0 0.0 0.0 0.0 0.0 0.0 0.72115 0.0 0.0 45.47487 -0.49999 0.07399 0.0 0.0 0.0 0.0 0.0 0.0 0.00777457065272 44 0 0.956140350877 0.947059232978 3.67980398881
-0.12623 0.35028 3.35743 -0.12979 0.55971 4.00227009771 0.78258 0.98072 0.30541 0.41196 152.77952 195.62801 147.22542 138.42519 0.3 0.3 0.0 0.0 0.0 0.0 0.0 0.0 0.72115 0.0 0.0 45.47487 -0.49999 0.07399 0.0 0.0 0.0 0.0 0.0 0.0 0.00797102356274 45 1 0.990825688073 0.523407527156 3.73154891332
-0.12623 0.35028 3.35743 -0.12979 0.55971 4.02141291364 0.78258 0.98072 0.30541 0.41196 152.77952 195.62801 147.22542 138.42519 0.3 0.3 0.0 0.0 0.0 0.0 0.0 0.0 0.72115 0.0 0.0 45.47487 -0.49999 0.07399 0.0 0.0 0.0 0.0 0.0 0.0 0.00809472221834 46 1 1.0 0.125861332759 3.89760447445
-0.12623 0.35028 3.35743 -0.12979 0.55971 3.99511113271 0.78258 0.98072 0.30541 0.41196 152.77952 195.62801 147.22542 138.42519 0.3 0.3 0.0 0.0 0.0 0.0 0.0 0.0 0.72115 0.0 0.0 45.47487 -0.49999 0.07399 0.0 0.0 0.0 0.0 0.0 0.0 0.00863582218869 47 1 0.981651376147 0.539771253477 3.17525646128
-0.12623 0.35028 3.35743 -0.12979 0.55971 3.92549848215 0.78258 0.98072 0.30541 0.41196 152.77952 195.62801 147.22542 138.42519 0.3 0.3 0.0 0.0 0.0 0.0 0.0 0.0 0.72115 0.0 0.0 45.47487 -0.49999 0.07399 0.0 0.0 0.0 0.0 0.0 0.0 0.00872576718847 48 1 0.990909090909 0.624006899551 3.61120877424
-0.12623 0.35028 3.35743 -0.12979 0.55971 4.00003110291 0.78258 0.98072 0.30541 0.41196 152.77952 195.62801 147.22542 138.42519 0.3 0.3 0.0 0.0 0.0 0.0 0.0 0.0 0.72115 0.0 0.0 45.47487 -0.49999 0.07399 0.0 0.0 0.0 0.0 0.0 0.0 0.00889363344825 49 0 0.981651376147 0.538471991415 3.61120877424
-0.12623 0.35028 3.35743 -0.12979 0.55971 3.67860497355 0.78258 0.98072 0.30541 0.41196 152.77952 195.62801 147.22542 138.42519 0.3 0.3 0.0 0.0 0.0 0.0 0.0 0.0 0.72115 0.0 0.0 45.47487 -0.49999 0.07399 0.0 0.0 0.0 0.0 0.0 0.0 0.00850301114721 50 0 0.90756302521 1.48126876932 3.61120877424
