-0.12623 0.35028 3.35743 -0.12979 0.55971 4.58636761066 0.78258 0.98072 0.30541 0.41196 152.77952 195.62801 147.22542 138.42519 0.3 0.3 0.0 0.0 0.0 0.0 0.0 0.0 0.72115 0.0 0.0 45.47487 -0.49999 0.07399 0.0 0.0 0.0 0.0 0.0 0.0 0.01 0 1 0.873873873874 1.43950825907 -161.133210549
-0.12623 0.35028 3.35743 -0.12979 0.55971 4.50599497964 0.78258 0.98072 0.30541 0.41196 152.77952 195.62801 147.22542 138.42519 0.3 0.3 0.0 0.0 0.0 0.0 0.0 0.0 0.72115 0.0 0.0 45.47487 -0.49999 0.07399 0.0 0.0 0.0 0.0 0.0 0.0 0.0105288536244 1 1 0.899082568807 1.38684198221 -84.7127819997
-0.12623 0.35028 3.35743 -0.12979 0.55971 4.51232972914 0.78258 0.98072 0.30541 0.41196 152.77952 195.62801 147.22542 138.42519 0.3 0.3 0.0 0.0 0.0 0.0 0.0 0.0 0.72115 0.0 0.0 45.47487 -0.49999 0.07399 0.0 0.0 0.0 0.0 0.0 0.0 0.0111954988368 2 0 0.882882882883 1.39146919778 -84.7127819997
-0.12623 0.35028 3.35743 -0.12979 0.55971 4.37057337845 0.78258 0.98072 0.30541 0.41196 152.77952 195.62801 147.22542 138.42519 0.3 0.3 0.0 0.0 0.0 0.0 0.0 0.0 0.72115 0.0 0.0 45.47487 -0.49999 0.07399 0.0 0.0 0.0 0.0 0.0 0.0 0.010722687743 3 1 0.926605504587 1.10599886579 -25.038453705
-0.12623 0.35028 3.35743 -0.12979 0.55971 4.43692647171 0.78258 0.98072 0.30541 0.41196 152.77952 195.62801 147.22542 138.42519 0.3 0.3 0.0 0.0 0.0 0.0 0.0 0.0 0.72115 0.0 0.0 45.47487 -0.49999 0.07399 0.0 0.0 0.0 0.0 0.0 0.0 0.0104671879146 4 0 0.918181818182 1.27377748311 -25.038453705
-0.12623 0.35028 3.35743 -0.12979 0.55971 4.33771070129 0.78258 0.98072 0.30541 0.41196 152.77952 195.62801 147.22542 138.42519 0.3 0.3 0.0 0.0 0.0 0.0 0.0 0.0 0.72115 0.0 0.0 45.47487 -0.49999 0.07399 0.0 0.0 0.0 0.0 0.0 0.0 0.00984951117112 5 1 0.926605504587 0.997505352554 -23.9233386288
-0.12623 0.35028 3.35743 -0.12979 0.55971 4.49642308791 0.78258 0.98072 0.30541 0.41196 152.77952 195.62801 147.22542 138.42519 0.3 0.3 0.0 0.0 0.0 0.0 0.0 0.0 0.72115 0.0 0.0 45.47487 -0.49999 0.07399 0.0 0.0 0.0 0.0 0.0 0.0 0.0104512694936 6 0 0.881818181818 1.37495130375 -23.9233386288
-0.12623 0.35028 3.35743 -0.12979 0.55971 4.25361363965 0.78258 0.98072 0.30541 0.41196 152.77952 195.62801 147.22542 138.42519 0.3 0.3 0.0 0.0 0.0 0.0 0.0 0.0 0.72115 0.0 0.0 45.47487 -0.49999 0.07399 0.0 0.0 0.0 0.0 0.0 0.0 0.00980297672028 7 1 0.94495412844 1.05917579311 -13.9802781787
-0.12623 0.35028 3.35743 -0.12979 0.55971 4.45094924262 0.78258 0.98072 0.30541 0.41196 152.77952 195.62801 147.22542 138.42519 0.3 0.3 0.0 0.0 0.0 0.0 0.0 0.0 0.72115 0.0 0.0 45.47487 -0.49999 0.07399 0.0 0.0 0.0 0.0 0.0 0.0 0.00972174693325 8 0 0.918181818182 1.2770503551 -13.9802781787
-0.12623 0.35028 3.35743 -0.12979 0.55971 4.18845865717 0.78258 0.98072 0.30541 0.41196 152.77952 195.62801 147.22542 138.42519 0.3 0.3 0.0 0.0 0.0 0.0 0.0 0.0 0.72115 0.0 0.0 45.47487 -0.49999 0.07399 0.0 0.0 0.0 0.0 0.0 0.0 0.00978373152308 9 1 0.94495412844 0.99436900624 -11.9415897135
-0.12623 0.35028 3.35743 -0.12979 0.55971 4.21873285676 0.78258 0.98072 0.30541 0.41196 152.77952 195.62801 147.22542 138.42519 0.3 0.3 0.0 0.0 0.0 0.0 0.0 0.0 0.72115 0.0 0.0 45.47487 -0.49999 0.07399 0.0 0.0 0.0 0.0 0.0 0.0 0.0100316768957 10 0 0.935779816514 1.06251667164 -11.9415897135
-0.12623 0.35028 3.35743 -0.12979 0.55971 4.25791050268 0.78258 0.98072 0.30541 0.41196 152.77952 195.62801 147.22542 138.42519 0.3 0.3 0.0 0.0 0.0 0.0 0.0 0.0 0.72115 0.0 0.0 45.47487 -0.49999 0.07399 0.0 0.0 0.0 0.0 0.0 0.0 0.010019976609 11 0 0.94495412844 1.06813122864 -11.9415897135
-0.12623 0.35028 3.35743 -0.12979 0.55971 4.08974239688 0.78258 0.98072 0.30541 0.41196 152.77952 195.62801 147.22542 138.42519 0.3 0.3 0.0 0.0 0.0 0.0 0.0 0.0 0.72115 0.0 0.0 45.47487 -0.49999 0.07399 0.0 0.0 0.0 0.0 0.0 0.0 0.00995808512989 12 1 0.981651376147 0.520376994801 3.2307457046
-0.12623 0.35028 3.35743 -0.12979 0.55971 4.01376970494 0.78258 0.98072 0.30541 0.41196 152.77952 195.62801 147.22542 138.42519 0.3 0.3 0.0 0.0 0.0 0.0 0.0 0.0 0.72115 0.0 0.0 45.47487 -0.49999 0.07399 0.0 0.0 0.0 0.0 0.0 0.0 0.0103333248545 13 1 0.990825688073 0.0418737566334 3.65275158264
-0.12623 0.35028 3.35743 -0.12979 0.55971 3.9892519125 0.78258 0.98072 0.30541 0.41196 152.77952 195.62801 147.22542 138.42519 0.3 0.3 0.0 0.0 0.0 0.0 0.0 0.0 0.72115 0.0 0.0 45.47487 -0.49999 0.07399 0.0 0.0 0.0 0.0 0.0 0.0 0.0103638563543 14 1 0.981651376147 0.44414116203 3.34133734028
-0.12623 0.35028 3.35743 -0.12979 0.55971 4.01052479874 0.78258 0.98072 0.30541 0.41196 152.77952 195.62801 147.22542 138.42519 0.3 0.3 0.0 0.0 0.0 0.0 0.0 0.0 0.72115 0.0 0.0 45.47487 -0.49999 0.07399 0.0 0.0 0.0 0.0 0.0 0.0 0.0103066740149 15 1 0.990825688073 0.0555728784409 3.65480159287
-0.12623 0.35028 3.35743 -0.12979 0.55971 4.06687552466 0.78258 0.98072 0.30541 0.41196 152.77952 195.62801 147.22542 138.42519 0.3 0.3 0.0 0.0 0.0 0.0 0.0 0.0 0.72115 0.0 0.0 45.47487 -0.49999 0.07399 0.0 0.0 0.0 0.0 0.0 0.0 0.010150403912 16 1 0.97247706422 0.623870869172 2.24049220241
-0.12623 0.35028 3.35743 -0.12979 0.55971 4.07151089555 0.78258 0.98072 0.30541 0.41196 152.77952 195.62801 147.22542 138.42519 0.3 0.3 0.0 0.0 0.0 0.0 0.0 0.0 0.72115 0.0 0.0 45.47487 -0.49999 0.07399 0.0 0.0 0.0 0.0 0.0 0.0 0.0105954254782 17 1 0.97247706422 0.627828990407 2.29853585612
-0.12623 0.35028 3.35743 -0.12979 0.55971 3.97243081244 0.78258 0.98072 0.30541 0.41196 152.77952 195.62801 147.22542 138.42519 0.3 0.3 0.0 0.0 0.0 0.0 0.0 0.0 0.72115 0.0 0.0 45.47487 -0.49999 0.07399 0.0 0.0 0.0 0.0 0.0 0.0 0.00964637640618 18 1 0.981651376147 0.183396400151 3.66138865906
-0.12623 0.35028 3.35743 -0.12979 0.55971 3.95212991654 0.78258 0.98072 0.30541 0.41196 152.77952 195.62801 147.22542 138.42519 0.3 0.3 0.0 0.0 0.0 0.0 0.0 0.0 0.72115 0.0 0.0 45.47487 -0.49999 0.07399 0.0 0.0 0.0 0.0 0.0 0.0 0.00993735678969 19 0 0.972727272727 0.467277061133 3.66138865906
-0.12623 0.35028 3.35743 -0.12979 0.55971 3.87048260342 0.78258 0.98072 0.30541 0.41196 152.77952 195.62801 147.22542 138.42519 0.3 0.3 0.0 0.0 0.0 0.0 0.0 0.0 0.72115 0.0 0.0 45.47487 -0.49999 0.07399 0.0 0.0 0.0 0.0 0.0 0.0 0.00984857288972 20 0 0.964285714286 0.602325552209 3.66138865906
-0.12623 0.35028 3.35743 -0.12979 0.55971 4.12044911247 0.78258 0.98072 0.30541 0.41196 152.77952 195.62801 147.22542 138.42519 0.3 0.3 0.0 0.0 0.0 0.0 0.0 0.0 0.72115 0.0 0.0 45.47487 -0.49999 0.07399 0.0 0.0 0.0 0.0 0.0 0.0 0.00981818193733 21 0 0.963302752294 0.570984521017 3.66138865906
-0.12623 0.35028 3.35743 -0.12979 0.55971 3.91867008527 0.78258 0.98072 0.30541 0.41196 152.77952 195.62801 147.22542 138.42519 0.3 0.3 0.0 0.0 0.0 0.0 0.0 0.0 0.72115 0.0 0.0 45.47487 -0.49999 0.07399 0.0 0.0 0.0 0.0 0.0 0.0 0.00927259354071 22 1 0.990909090909 0.611346391797 3.58213271661
-0.12623 0.35028 3.35743 -0.12979 0.55971 3.92288353057 0.78258 0.98072 0.30541 0.41196 152.77952 195.62801 147.22542 138.42519 0.3 0.3 0.0 0.0 0.0 0.0 0.0 0.0 0.72115 0.0 0.0 45.47487 -0.49999 0.07399 0.0 0.0 0.0 0.0 0.0 0.0 0.00831184433062 23 1 0.990909090909 0.612197160174 3.64696782098
-0.12623 0.35028 3.35743 -0.12979 0.55971 3.96499400542 0.78258 0.98072 0.30541 0.41196 152.77952 195.62801 147.22542 138.42519 0.3 0.3 0.0 0.0 0.0 0.0 0.0 0.0 0.72115 0.0 0.0 45.47487 -0.49999 0.07399 0.0 0.0 0.0 0.0 0.0 0.0 0.00783332477116 24 1 0.981651376147 0.452225497259 3.36938841689
-0.12623 0.35028 3.35743 -0.12979 0.55971 3.90353607613 0.78258 0.98072 0.30541 0.41196 152.77952 195.62801 147.22542 138.42519 0.3 0.3 0.0 0.0 0.0 0.0 0.0 0.0 0.72115 0.0 0.0 45.47487 -0.49999 0.07399 0.0 0.0 0.0 0.0 0.0 0.0 0.00761497932206 25 0 0.964285714286 0.616072151051 3.36938841689
-0.12623 0.35028 3.35743 -0.12979 0.55971 4.04610876836 0.78258 0.98072 0.30541 0.41196 152.77952 195.62801 147.22542 138.42519 0.3 0.3 0.0 0.0 0.0 0.0 0.0 0.0 0.72115 0.0 0.0 45.47487 -0.49999 0.07399 0.0 0.0 0.0 0.0 0.0 0.0 0.00760028211851 26 1 0.97247706422 0.531942958223 2.10526270541
-0.12623 0.35028 3.35743 -0.12979 0.55971 4.18032235098 0.78258 0.98072 0.30541 0.41196 152.77952 195.62801 147.22542 138.42519 0.3 0.3 0.0 0.0 0.0 0.0 0.0 0.0 0.72115 0.0 0.0 45.47487 -0.49999 0.07399 0.0 0.0 0.0 0.0 0.0 0.0 0.00785857086557 27 0 0.94495412844 0.925931793745 2.10526270541
-0.12623 0.35028 3.35743 -0.12979 0.55971 4.14949944162 0.78258 0.98072 0.30541 0.41196 152.77952 195.62801 147.22542 138.42519 0.3 0.3 0.0 0.0 0.0 0.0 0.0 0.0 0.72115 0.0 0.0 45.47487 -0.49999 0.07399 0.0 0.0 0.0 0.0 0.0 0.0 0.0073943645738 28 0 0.954128440367 0.750922343487 2.10526270541
-0.12623 0.35028 3.35743 -0.12979 0.55971 3.88088237803 0.78258 0.98072 0.30541 0.41196 152.77952 195.62801 147.22542 138.42519 0.3 0.3 0.0 0.0 0.0 0.0 0.0 0.0 0.72115 0.0 0.0 45.47487 -0.49999 0.07399 0.0 0.0 0.0 0.0 0.0 0.0 0.00746930897855 29 0 0.973214285714 0.729288702592 2.10526270541
-0.12623 0.35028 3.35743 -0.12979 0.55971 4.12974613484 0.78258 0.98072 0.30541 0.41196 152.77952 195.62801 147.22542 138.42519 0.3 0.3 0.0 0.0 0.0 0.0 0.0 0.0 0.72115 0.0 0.0 45.47487 -0.49999 0.07399 0.0 0.0 0.0 0.0 0.0 0.0 0.00748443177589 30 0 0.963302752294 0.613127300701 2.10526270541
-0.12623 0.35028 3.35743 -0.12979 0.55971 4.1365316882 0.78258 0.98072 0.30541 0.41196 152.77952 195.62801 147.22542 138.42519 0.3 0.3 0.0 0.0 0.0 0.0 0.0 0.0 0.72115 0.0 0.0 45.47487 -0.49999 0.07399 0.0 0.0 0.0 0.0 0.0 0.0 0.00808013480002 31 0 0.963302752294 0.697992355738 2.10526270541
-0.12623 0.35028 3.35743 -0.12979 0.55971 4.35718494003 0.78258 0.98072 0.30541 0.41196 152.77952 195.62801 147.22542 138.42519 0.3 0.3 0.0 0.0 0.0 0.0 0.0 0.0 0.72115 0.0 0.0 45.47487 -0.49999 0.07399 0.0 0.0 0.0 0.0 0.0 0.0 0.00807151831279 32 0 0.917431192661 1.01190126027 2.10526270541
-0.12623 0.35028 3.35743 -0.12979 0.55971 3.94732651558 0.78258 0.98072 0.30541 0.41196 152.77952 195.62801 147.22542 138.42519 0.3 0.3 0.0 0.0 0.0 0.0 0.0 0.0 0.72115 0.0 0.0 45.47487 -0.49999 0.07399 0.0 0.0 0.0 0.0 0.0 0.0 0.00757994204754 33 1 0.981818181818 0.46738163118 3.33488231226
-0.12623 0.35028 3.35743 -0.12979 0.55971 3.73428757772 0.78258 0.98072 0.30541 0.41196 152.77952 195.62801 147.22542 138.42519 0.3 0.3 0.0 0.0 0.0 0.0 0.0 0.0 0.72115 0.0 0.0 45.47487 -0.49999 0.07399 0.0 0.0 0.0 0.0 0.0 0.0 0.00718454140966 34 0 0.939655172414 1.14246862355 3.33488231226
-0.12623 0.35028 3.35743 -0.12979 0.55971 4.00118234836 0.78258 0.98072 0.30541 0.41196 152.77952 195.62801 147.22542 138.42519 0.3 0.3 0.0 0.0 0.0 0.0 0.0 0.0 0.72115 0.0 0.0 45.47487 -0.49999 0.07399 0.0 0.0 0.0 0.0 0.0 0.0 0.00751015632615 35 1 0.981651376147 0.538905026489 3.10579117704
-0.12623 0.35028 3.35743 -0.12979 0.55971 3.93275479075 0.78258 0.98072 0.30541 0.41196 152.77952 195.62801 147.22542 138.42519 0.3 0.3 0.0 0.0 0.0 0.0 0.0 0.0 0.72115 0.0 0.0 45.47487 -0.49999 0.07399 0.0 0.0 0.0 0.0 0.0 0.0 0.00721212732811 36 1 0.990909090909 0.610439267864 3.71701797077
-0.12623 0.35028 3.35743 -0.12979 0.55971 3.99104683487 0.78258 0.98072 0.30541 0.41196 152.77952 195.62801 147.22542 138.42519 0.3 0.3 0.0 0.0 0.0 0.0 0.0 0.0 0.72115 0.0 0.0 45.47487 -0.49999 0.07399 0.0 0.0 0.0 0.0 0.0 0.0 0.00733871101394 37 1 0.981651376147 0.442807194172 3.38278578709
-0.12623 0.35028 3.35743 -0.12979 0.55971 4.1402054686 0.78258 0.98072 0.30541 0.41196 152.77952 195.62801 147.22542 138.42519 0.3 0.3 0.0 0.0 0.0 0.0 0.0 0.0 0.72115 0.0 0.0 45.47487 -0.49999 0.07399 0.0 0.0 0.0 0.0 0.0 0.0 0.00739452400464 38 0 0.963302752294 0.71342178262 3.38278578709
-0.12623 0.35028 3.35743 -0.12979 0.55971 4.01098346043 0.78258 0.98072 0.30541 0.41196 152.77952 195.62801 147.22542 138.42519 0.3 0.3 0.0 0.0 0.0 0.0 0.0 0.0 0.72115 0.0 0.0 45.47487 -0.49999 0.07399 0.0 0.0 0.0 0.0 0.0 0.0 0.00756128667904 39 1 0.990825688073 0.0555350802713 3.96350519383
-0.12623 0.35028 3.35743 -0.12979 0.55971 3.90971569853 0.78258 0.98072 0.30541 0.41196 152.77952 195.62801 147.22542 138.42519 0.3 0.3 0.0 0.0 0.0 0.0 0.0 0.0 0.72115 0.0 0.0 45.47487 -0.49999 0.07399 0.0 0.0 0.0 0.0 0.0 0.0 0.00782380413563 40 0 0.973214285714 0.600452798813 3.96350519383
-0.12623 0.35028 3.35743 -0.12979 0.55971 4.01538021509 0.78258 0.98072 0.30541 0.41196 152.77952 195.62801 147.22542 138.42519 0.3 0.3 0.0 0.0 0.0 0.0 0.0 0.0 0.72115 0.0 0.0 45.47487 -0.49999 0.07399 0.0 0.0 0.0 0.0 0.0 0.0 0.00745109816001 41 1 0.990825688073 0.0417546738943 3.97913376099
-0.12623 0.35028 3.35743 -0.12979 0.55971 4.07567189928 0.78258 0.98072 0.30541 0.41196 152.77952 195.62801 147.22542 138.42519 0.3 0.3 0.0 0.0 0.0 0.0 0.0 0.0 0.72115 0.0 0.0 45.47487 -0.49999 0.07399 0.0 0.0 0.0 0.0 0.0 0.0 0.0084366784398 42 0 0.97247706422 0.624080745903 3.97913376099
-0.12623 0.35028 3.35743 -0.12979 0.55971 4.00258617365 0.78258 0.98072 0.30541 0.41196 152.77952 195.62801 147.22542 138.42519 0.3 0.3 0.0 0.0 0.0 0.0 0.0 0.0 0.72115 0.0 0.0 45.47487 -0.49999 0.07399 0.0 0.0 0.0 0.0 0.0 0.0 0.00716904748544 43 1 0.990825688073 0.523409661602 3.79471900506
-0.12623 0.35028 3.35743 -0.12979 0.55971 3.83144995657 0.78258 0.98072 0.30541 0.41196 152.77952 195.62801 147.22542 138.42519 0.3 0.3 0.0 0.0 0.0 0.0 0.0 0.0 0.72115 0.0 0.0 45.47487 -0.49999 0.07399 0.0 0.0 0.0 0.0 0.0 0.0 0.00781459031848 44 0 0.964601769912 0.835607423545 3.79471900506
-0.12623 0.35028 3.35743 -0.12979 0.55971 3.88785839943 0.78258 0.98072 0.30541 0.41196 152.77952 195.62801 147.22542 138.42519 0.3 0.3 0.0 0.0 0.0 0.0 0.0 0.0 0.72115 0.0 0.0 45.47487 -0.49999 0.07399 0.0 0.0 0.0 0.0 0.0 0.0 0.00714518189238 45 0 0.955357142857 0.717112687614 3.79471900506
-0.12623 0.35028 3.35743 -0.12979 0.55971 4.17979641089 0.78258 0.98072 0.30541 0.41196 152.77952 195.62801 147.22542 138.42519 0.3 0.3 0.0 0.0 0.0 0.0 0.0 0.0 0.72115 0.0 0.0 45.47487 -0.49999 0.07399 0.0 0.0 0.0 0.0 0.0 0.0 0.00674958179361 46 0 0.94495412844 0.924820240585 3.79471900506
-0.12623 0.35028 3.35743 -0.12979 0.55971 3.82415049181 0.78258 0.98072 0.30541 0.41196 152.77952 195.62801 147.22542 138.42519 0.3 0.3 0.0 0.0 0.0 0.0 0.0 0.0 0.72115 0.0 0.0 45.47487 -0.49999 0.07399 0.0 0.0 0.0 0.0 0.0 0.0 0.00690766998653 47 0 0.947826086957 0.831569956309 3.79471900506
-0.12623 0.35028 3.35743 -0.12979 0.55971 3.97026812621 0.78258 0.98072 0.30541 0.41196 152.77952 195.62801 147.22542 138.42519 0.3 0.3 0.0 0.0 0.0 0.0 0.0 0.0 0.72115 0.0 0.0 45.47487 -0.49999 0.07399 0.0 0.0 0.0 0.0 0.0 0.0 0.00617626955492 48 1 0.981651376147 0.183626124957 4.01930553527
-0.12623 0.35028 3.35743 -0.12979 0.55971 3.95889191136 0.78258 0.98072 0.30541 0.41196 152.77952 195.62801 147.22542 138.42519 0.3 0.3 0.0 0.0 0.0 0.0 0.0 0.0 0.72115 0.0 0.0 45.47487 -0.49999 0.07399 0.0 0.0 0.0 0.0 0.0 0.0 0.00509766294166 49 0 0.981651376147 0.464494282164 4.01930553527
-0.12623 0.35028 3.35743 -0.12979 0.55971 3.96613675479 0.78258 0.98072 0.30541 0.41196 152.77952 195.62801 147.22542 138.42519 0.3 0.3 0.0 0.0 0.0 0.0 0.0 0.0 0.72115 0.0 0.0 45.47487 -0.49999 0.07399 0.0 0.0 0.0 0.0 0.0 0.0 0.00586765697011 50 1 0.981651376147 0.452256142843 3.21932331574
