-0.12623 0.35028 3.35743 -0.12979 0.55971 3.172248584 0.78258 0.98072 0.30541 0.41196 152.77952 195.62801 147.22542 138.42519 0.3 0.3 0.0 0.0 0.0 0.0 0.0 0.0 0.72115 0.0 0.0 45.47487 -0.49999 0.07399 0.0 0.0 0.0 0.0 0.0 0.0 0.01 0 1 0.886178861789 1.95963063088 -245.06445678
-0.12623 0.35028 3.35743 -0.12979 0.55971 3.24488407216 0.78258 0.98072 0.30541 0.41196 152.77952 195.62801 147.22542 138.42519 0.3 0.3 0.0 0.0 0.0 0.0 0.0 0.0 0.72115 0.0 0.0 45.47487 -0.49999 0.07399 0.0 0.0 0.0 0.0 0.0 0.0 0.00929785178882 1 0 0.862903225806 1.88932945122 -245.06445678
-0.12623 0.35028 3.35743 -0.12979 0.55971 3.17682660732 0.78258 0.98072 0.30541 0.41196 152.77952 195.62801 147.22542 138.42519 0.3 0.3 0.0 0.0 0.0 0.0 0.0 0.0 0.72115 0.0 0.0 45.47487 -0.49999 0.07399 0.0 0.0 0.0 0.0 0.0 0.0 0.0104830537794 2 0 0.870967741935 2.01753677611 -245.06445678
-0.12623 0.35028 3.35743 -0.12979 0.55971 2.89214275083 0.78258 0.98072 0.30541 0.41196 152.77952 195.62801 147.22542 138.42519 0.3 0.3 0.0 0.0 0.0 0.0 0.0 0.0 0.72115 0.0 0.0 45.47487 -0.49999 0.07399 0.0 0.0 0.0 0.0 0.0 0.0 0.0103085880202 3 0 0.751879699248 2.01190052357 -245.06445678
-0.12623 0.35028 3.35743 -0.12979 0.55971 3.15005994622 0.78258 0.98072 0.30541 0.41196 152.77952 195.62801 147.22542 138.42519 0.3 0.3 0.0 0.0 0.0 0.0 0.0 0.0 0.72115 0.0 0.0 45.47487 -0.49999 0.07399 0.0 0.0 0.0 0.0 0.0 0.0 0.010036986692 4 0 0.848 2.08187699481 -245.06445678
-0.12623 0.35028 3.35743 -0.12979 0.55971 3.18491546975 0.78258 0.98072 0.30541 0.41196 152.77952 195.62801 147.22542 138.42519 0.3 0.3 0.0 0.0 0.0 0.0 0.0 0.0 0.72115 0.0 0.0 45.47487 -0.49999 0.07399 0.0 0.0 0.0 0.0 0.0 0.0 0.00949726857743 5 0 0.864 1.99287770375 -245.06445678
-0.12623 0.35028 3.35743 -0.12979 0.55971 3.19522657966 0.78258 0.98072 0.30541 0.41196 152.77952 195.62801 147.22542 138.42519 0.3 0.3 0.0 0.0 0.0 0.0 0.0 0.0 0.72115 0.0 0.0 45.47487 -0.49999 0.07399 0.0 0.0 0.0 0.0 0.0 0.0 0.00972792624821 6 0 0.864 2.14320180167 -245.06445678
-0.12623 0.35028 3.35743 -0.12979 0.55971 3.06105450924 0.78258 0.98072 0.30541 0.41196 152.77952 195.62801 147.22542 138.42519 0.3 0.3 0.0 0.0 0.0 0.0 0.0 0.0 0.72115 0.0 0.0 45.47487 -0.49999 0.07399 0.0 0.0 0.0 0.0 0.0 0.0 0.0102817833658 7 0 0.821705426357 2.00999808272 -245.06445678
-0.12623 0.35028 3.35743 -0.12979 0.55971 3.29216758721 0.78258 0.98072 0.30541 0.41196 152.77952 195.62801 147.22542 138.42519 0.3 0.3 0.0 0.0 0.0 0.0 0.0 0.0 0.72115 0.0 0.0 45.47487 -0.49999 0.07399 0.0 0.0 0.0 0.0 0.0 0.0 0.0101099783782 8 0 0.861788617886 1.93821971707 -245.06445678
-0.12623 0.35028 3.35743 -0.12979 0.55971 2.95929099707 0.78258 0.98072 0.30541 0.41196 152.77952 195.62801 147.22542 138.42519 0.3 0.3 0.0 0.0 0.0 0.0 0.0 0.0 0.72115 0.0 0.0 45.47487 -0.49999 0.07399 0.0 0.0 0.0 0.0 0.0 0.0 0.0107683530627 9 0 0.770992366412 2.08902194243 -245.06445678
-0.12623 0.35028 3.35743 -0.12979 0.55971 3.15854607828 0.78258 0.98072 0.30541 0.41196 152.77952 195.62801 147.22542 138.42519 0.3 0.3 0.0 0.0 0.0 0.0 0.0 0.0 0.72115 0.0 0.0 45.47487 -0.49999 0.07399 0.0 0.0 0.0 0.0 0.0 0.0 0.0105925369254 10 0 0.870967741935 2.0863540175 -245.06445678
-0.12623 0.35028 3.35743 -0.12979 0.55971 3.1546713448 0.78258 0.98072 0.30541 0.41196 152.77952 195.62801 147.22542 138.42519 0.3 0.3 0.0 0.0 0.0 0.0 0.0 0.0 0.72115 0.0 0.0 45.47487 -0.49999 0.07399 0.0 0.0 0.0 0.0 0.0 0.0 0.0103766354085 11 0 0.848 2.12802938593 -245.06445678
-0.12623 0.35028 3.35743 -0.12979 0.55971 3.08549153598 0.78258 0.98072 0.30541 0.41196 152.77952 195.62801 147.22542 138.42519 0.3 0.3 0.0 0.0 0.0 0.0 0.0 0.0 0.72115 0.0 0.0 45.47487 -0.49999 0.07399 0.0 0.0 0.0 0.0 0.0 0.0 0.0106774884234 12 0 0.84126984127 2.09133114281 -245.06445678
-0.12623 0.35028 3.35743 -0.12979 0.55971 3.13341358192 0.78258 0.98072 0.30541 0.41196 152.77952 195.62801 147.22542 138.42519 0.3 0.3 0.0 0.0 0.0 0.0 0.0 0.0 0.72115 0.0 0.0 45.47487 -0.49999 0.07399 0.0 0.0 0.0 0.0 0.0 0.0 0.00997458901099 13 0 0.8046875 1.96192905173 -245.06445678
-0.12623 0.35028 3.35743 -0.12979 0.55971 3.15802152167 0.78258 0.98072 0.30541 0.41196 152.77952 195.62801 147.22542 138.42519 0.3 0.3 0.0 0.0 0.0 0.0 0.0 0.0 0.72115 0.0 0.0 45.47487 -0.49999 0.07399 0.0 0.0 0.0 0.0 0.0 0.0 0.0110311771584 14 0 0.870967741935 2.08610730993 -245.06445678
-0.12623 0.35028 3.35743 -0.12979 0.55971 3.11083289664 0.78258 0.98072 0.30541 0.41196 152.77952 195.62801 147.22542 138.42519 0.3 0.3 0.0 0.0 0.0 0.0 0.0 0.0 0.72115 0.0 0.0 45.47487 -0.49999 0.07399 0.0 0.0 0.0 0.0 0.0 0.0 0.00939186098866 15 0 0.826771653543 2.02951766081 -245.06445678
-0.12623 0.35028 3.35743 -0.12979 0.55971 3.17896544409 0.78258 0.98072 0.30541 0.41196 152.77952 195.62801 147.22542 138.42519 0.3 0.3 0.0 0.0 0.0 0.0 0.0 0.0 0.72115 0.0 0.0 45.47487 -0.49999 0.07399 0.0 0.0 0.0 0.0 0.0 0.0 0.010622525732 16 0 0.864 1.98162544689 -245.06445678
-0.12623 0.35028 3.35743 -0.12979 0.55971 3.25213080369 0.78258 0.98072 0.30541 0.41196 152.77952 195.62801 147.22542 138.42519 0.3 0.3 0.0 0.0 0.0 0.0 0.0 0.0 0.72115 0.0 0.0 45.47487 -0.49999 0.07399 0.0 0.0 0.0 0.0 0.0 0.0 0.010419331387 17 0 0.869918699187 1.85807086373 -245.06445678
-0.12623 0.35028 3.35743 -0.12979 0.55971 3.33790997014 0.78258 0.98072 0.30541 0.41196 152.77952 195.62801 147.22542 138.42519 0.3 0.3 0.0 0.0 0.0 0.0 0.0 0.0 0.72115 0.0 0.0 45.47487 -0.49999 0.07399 0.0 0.0 0.0 0.0 0.0 0.0 0.00977809923124 18 0 0.854838709677 1.83633477001 -245.06445678
-0.12623 0.35028 3.35743 -0.12979 0.55971 3.16115085219 0.78258 0.98072 0.30541 0.41196 152.77952 195.62801 147.22542 138.42519 0.3 0.3 0.0 0.0 0.0 0.0 0.0 0.0 0.72115 0.0 0.0 45.47487 -0.49999 0.07399 0.0 0.0 0.0 0.0 0.0 0.0 0.00949706424146 19 0 0.870967741935 2.08688487431 -245.06445678
-0.12623 0.35028 3.35743 -0.12979 0.55971 3.187047706 0.78258 0.98072 0.30541 0.41196 152.77952 195.62801 147.22542 138.42519 0.3 0.3 0.0 0.0 0.0 0.0 0.0 0.0 0.72115 0.0 0.0 45.47487 -0.49999 0.07399 0.0 0.0 0.0 0.0 0.0 0.0 0.00914962337075 20 0 0.864 1.93716274462 -245.06445678
-0.12623 0.35028 3.35743 -0.12979 0.55971 3.17594251235 0.78258 0.98072 0.30541 0.41196 152.77952 195.62801 147.22542 138.42519 0.3 0.3 0.0 0.0 0.0 0.0 0.0 0.0 0.72115 0.0 0.0 45.47487 -0.49999 0.07399 0.0 0.0 0.0 0.0 0.0 0.0 0.00965496475793 21 0 0.870967741935 2.01233724308 -245.06445678
-0.12623 0.35028 3.35743 -0.12979 0.55971 3.22691824636 0.78258 0.98072 0.30541 0.41196 152.77952 195.62801 147.22542 138.42519 0.3 0.3 0.0 0.0 0.0 0.0 0.0 0.0 0.72115 0.0 0.0 45.47487 -0.49999 0.07399 0.0 0.0 0.0 0.0 0.0 0.0 0.0101954847895 22 0 0.861788617886 1.93345916134 -245.06445678
-0.12623 0.35028 3.35743 -0.12979 0.55971 3.15381496685 0.78258 0.98072 0.30541 0.41196 152.77952 195.62801 147.22542 138.42519 0.3 0.3 0.0 0.0 0.0 0.0 0.0 0.0 0.72115 0.0 0.0 45.47487 -0.49999 0.07399 0.0 0.0 0.0 0.0 0.0 0.0 0.0102393459079 23 0 0.848 2.12654429951 -245.06445678
-0.12623 0.35028 3.35743 -0.12979 0.55971 3.19134258771 0.78258 0.98072 0.30541 0.41196 152.77952 195.62801 147.22542 138.42519 0.3 0.3 0.0 0.0 0.0 0.0 0.0 0.0 0.72115 0.0 0.0 45.47487 -0.49999 0.07399 0.0 0.0 0.0 0.0 0.0 0.0 0.00946208735059 24 0 0.870967741935 2.11082783087 -245.06445678
-0.12623 0.35028 3.35743 -0.12979 0.55971 3.14954361186 0.78258 0.98072 0.30541 0.41196 152.77952 195.62801 147.22542 138.42519 0.3 0.3 0.0 0.0 0.0 0.0 0.0 0.0 0.72115 0.0 0.0 45.47487 -0.49999 0.07399 0.0 0.0 0.0 0.0 0.0 0.0 0.010682883529 25 0 0.848 2.08267708405 -245.06445678
-0.12623 0.35028 3.35743 -0.12979 0.55971 3.22679547947 0.78258 0.98072 0.30541 0.41196 152.77952 195.62801 147.22542 138.42519 0.3 0.3 0.0 0.0 0.0 0.0 0.0 0.0 0.72115 0.0 0.0 45.47487 -0.49999 0.07399 0.0 0.0 0.0 0.0 0.0 0.0 0.0106254747852 26 0 0.861788617886 1.93320970778 -245.06445678
-0.12623 0.35028 3.35743 -0.12979 0.55971 3.28742172234 0.78258 0.98072 0.30541 0.41196 152.77952 195.62801 147.22542 138.42519 0.3 0.3 0.0 0.0 0.0 0.0 0.0 0.0 0.72115 0.0 0.0 45.47487 -0.49999 0.07399 0.0 0.0 0.0 0.0 0.0 0.0 0.0101973023685 27 0 0.868852459016 1.95065788181 -245.06445678
-0.12623 0.35028 3.35743 -0.12979 0.55971 3.1494742103 0.78258 0.98072 0.30541 0.41196 152.77952 195.62801 147.22542 138.42519 0.3 0.3 0.0 0.0 0.0 0.0 0.0 0.0 0.72115 0.0 0.0 45.47487 -0.49999 0.07399 0.0 0.0 0.0 0.0 0.0 0.0 0.0100170710513 28 0 0.848 2.08876812901 -245.06445678
-0.12623 0.35028 3.35743 -0.12979 0.55971 3.30462502341 0.78258 0.98072 0.30541 0.41196 152.77952 195.62801 147.22542 138.42519 0.3 0.3 0.0 0.0 0.0 0.0 0.0 0.0 0.72115 0.0 0.0 45.47487 -0.49999 0.07399 0.0 0.0 0.0 0.0 0.0 0.0 0.00954265897754 29 0 0.877049180328 1.86267034976 -245.06445678
-0.12623 0.35028 3.35743 -0.12979 0.55971 3.06603969808 0.78258 0.98072 0.30541 0.41196 152.77952 195.62801 147.22542 138.42519 0.3 0.3 0.0 0.0 0.0 0.0 0.0 0.0 0.72115 0.0 0.0 45.47487 -0.49999 0.07399 0.0 0.0 0.0 0.0 0.0 0.0 0.0100898679579 30 0 0.813953488372 2.02734746431 -245.06445678
-0.12623 0.35028 3.35743 -0.12979 0.55971 3.29008666073 0.78258 0.98072 0.30541 0.41196 152.77952 195.62801 147.22542 138.42519 0.3 0.3 0.0 0.0 0.0 0.0 0.0 0.0 0.72115 0.0 0.0 45.47487 -0.49999 0.07399 0.0 0.0 0.0 0.0 0.0 0.0 0.00972683893234 31 0 0.861788617886 1.94387456063 -245.06445678
-0.12623 0.35028 3.35743 -0.12979 0.55971 3.29999305763 0.78258 0.98072 0.30541 0.41196 152.77952 195.62801 147.22542 138.42519 0.3 0.3 0.0 0.0 0.0 0.0 0.0 0.0 0.72115 0.0 0.0 45.47487 -0.49999 0.07399 0.0 0.0 0.0 0.0 0.0 0.0 0.0097945872482 32 0 0.877049180328 1.86258143627 -245.06445678
-0.12623 0.35028 3.35743 -0.12979 0.55971 3.12734128855 0.78258 0.98072 0.30541 0.41196 152.77952 195.62801 147.22542 138.42519 0.3 0.3 0.0 0.0 0.0 0.0 0.0 0.0 0.72115 0.0 0.0 45.47487 -0.49999 0.07399 0.0 0.0 0.0 0.0 0.0 0.0 0.00995423972986 33 0 0.8125 1.9840910038 -245.06445678
-0.12623 0.35028 3.35743 -0.12979 0.55971 3.17270936787 0.78258 0.98072 0.30541 0.41196 152.77952 195.62801 147.22542 138.42519 0.3 0.3 0.0 0.0 0.0 0.0 0.0 0.0 0.72115 0.0 0.0 45.47487 -0.49999 0.07399 0.0 0.0 0.0 0.0 0.0 0.0 0.0108654828657 34 1 0.886178861789 1.96131798643 -207.460603229
-0.12623 0.35028 3.35743 -0.12979 0.55971 3.31038824874 0.78258 0.98072 0.30541 0.41196 152.77952 195.62801 147.22542 138.42519 0.3 0.3 0.0 0.0 0.0 0.0 0.0 0.0 0.72115 0.0 0.0 45.47487 -0.49999 0.07399 0.0 0.0 0.0 0.0 0.0 0.0 0.0116346115961 35 1 0.868852459016 1.79307473516 -200.725160189
-0.12623 0.35028 3.35743 -0.12979 0.55971 3.24424638368 0.78258 0.98072 0.30541 0.41196 152.77952 195.62801 147.22542 138.42519 0.3 0.3 0.0 0.0 0.0 0.0 0.0 0.0 0.72115 0.0 0.0 45.47487 -0.49999 0.07399 0.0 0.0 0.0 0.0 0.0 0.0 0.0116728309915 36 0 0.862903225806 1.88794417615 -200.725160189
-0.12623 0.35028 3.35743 -0.12979 0.55971 3.19559530885 0.78258 0.98072 0.30541 0.41196 152.77952 195.62801 147.22542 138.42519 0.3 0.3 0.0 0.0 0.0 0.0 0.0 0.0 0.72115 0.0 0.0 45.47487 -0.49999 0.07399 0.0 0.0 0.0 0.0 0.0 0.0 0.0114412218005 37 0 0.864 2.14290782639 -200.725160189
-0.12623 0.35028 3.35743 -0.12979 0.55971 3.42658956512 0.78258 0.98072 0.30541 0.41196 152.77952 195.62801 147.22542 138.42519 0.3 0.3 0.0 0.0 0.0 0.0 0.0 0.0 0.72115 0.0 0.0 45.47487 -0.49999 0.07399 0.0 0.0 0.0 0.0 0.0 0.0 0.0113229952639 38 1 0.892561983471 1.67474227383 -122.696128569
-0.12623 0.35028 3.35743 -0.12979 0.55971 3.3687198036 0.78258 0.98072 0.30541 0.41196 152.77952 195.62801 147.22542 138.42519 0.3 0.3 0.0 0.0 0.0 0.0 0.0 0.0 0.72115 0.0 0.0 45.47487 -0.49999 0.07399 0.0 0.0 0.0 0.0 0.0 0.0 0.011008348707 39 0 0.877049180328 1.83008175295 -122.696128569
-0.12623 0.35028 3.35743 -0.12979 0.55971 3.5815771199 0.78258 0.98072 0.30541 0.41196 152.77952 195.62801 147.22542 138.42519 0.3 0.3 0.0 0.0 0.0 0.0 0.0 0.0 0.72115 0.0 0.0 45.47487 -0.49999 0.07399 0.0 0.0 0.0 0.0 0.0 0.0 0.0113840459141 40 1 0.923728813559 1.43257834527 -42.5045163209
-0.12623 0.35028 3.35743 -0.12979 0.55971 3.63441593039 0.78258 0.98072 0.30541 0.41196 152.77952 195.62801 147.22542 138.42519 0.3 0.3 0.0 0.0 0.0 0.0 0.0 0.0 0.72115 0.0 0.0 45.47487 -0.49999 0.07399 0.0 0.0 0.0 0.0 0.0 0.0 0.0117616417953 41 0 0.90756302521 1.34118398187 -42.5045163209
-0.12623 0.35028 3.35743 -0.12979 0.55971 3.51593436299 0.78258 0.98072 0.30541 0.41196 152.77952 195.62801 147.22542 138.42519 0.3 0.3 0.0 0.0 0.0 0.0 0.0 0.0 0.72115 0.0 0.0 45.47487 -0.49999 0.07399 0.0 0.0 0.0 0.0 0.0 0.0 0.0113204485422 42 0 0.9 1.55025912282 -42.5045163209
-0.12623 0.35028 3.35743 -0.12979 0.55971 3.57182447481 0.78258 0.98072 0.30541 0.41196 152.77952 195.62801 147.22542 138.42519 0.3 0.3 0.0 0.0 0.0 0.0 0.0 0.0 0.72115 0.0 0.0 45.47487 -0.49999 0.07399 0.0 0.0 0.0 0.0 0.0 0.0 0.012135752899 43 1 0.923728813559 1.48526626193 -40.0751953525
-0.12623 0.35028 3.35743 -0.12979 0.55971 3.57525835094 0.78258 0.98072 0.30541 0.41196 152.77952 195.62801 147.22542 138.42519 0.3 0.3 0.0 0.0 0.0 0.0 0.0 0.0 0.72115 0.0 0.0 45.47487 -0.49999 0.07399 0.0 0.0 0.0 0.0 0.0 0.0 0.012291348823 44 1 0.923728813559 1.47947032595 -38.6610402335
-0.12623 0.35028 3.35743 -0.12979 0.55971 3.64370221842 0.78258 0.98072 0.30541 0.41196 152.77952 195.62801 147.22542 138.42519 0.3 0.3 0.0 0.0 0.0 0.0 0.0 0.0 0.72115 0.0 0.0 45.47487 -0.49999 0.07399 0.0 0.0 0.0 0.0 0.0 0.0 0.0125299443787 45 0 0.90756302521 1.34822220781 -38.6610402335
-0.12623 0.35028 3.35743 -0.12979 0.55971 3.47593932799 0.78258 0.98072 0.30541 0.41196 152.77952 195.62801 147.22542 138.42519 0.3 0.3 0.0 0.0 0.0 0.0 0.0 0.0 0.72115 0.0 0.0 45.47487 -0.49999 0.07399 0.0 0.0 0.0 0.0 0.0 0.0 0.0114241637288 46 0 0.877049180328 1.61625817191 -38.6610402335
-0.12623 0.35028 3.35743 -0.12979 0.55971 3.4277583363 0.78258 0.98072 0.30541 0.41196 152.77952 195.62801 147.22542 138.42519 0.3 0.3 0.0 0.0 0.0 0.0 0.0 0.0 0.72115 0.0 0.0 45.47487 -0.49999 0.07399 0.0 0.0 0.0 0.0 0.0 0.0 0.0121861996953 47 0 0.892561983471 1.6850893821 -38.6610402335
-0.12623 0.35028 3.35743 -0.12979 0.55971 3.55900824352 0.78258 0.98072 0.30541 0.41196 152.77952 195.62801 147.22542 138.42519 0.3 0.3 0.0 0.0 0.0 0.0 0.0 0.0 0.72115 0.0 0.0 45.47487 -0.49999 0.07399 0.0 0.0 0.0 0.0 0.0 0.0 0.0130403550337 48 1 0.915966386555 1.40039095333 -37.2981138679
-0.12623 0.35028 3.35743 -0.12979 0.55971 3.59852795743 0.78258 0.98072 0.30541 0.41196 152.77952 195.62801 147.22542 138.42519 0.3 0.3 0.0 0.0 0.0 0.0 0.0 0.0 0.72115 0.0 0.0 45.47487 -0.49999 0.07399 0.0 0.0 0.0 0.0 0.0 0.0 0.0138896341993 49 1 0.915966386555 1.4160696951 -33.3421281845
-0.12623 0.35028 3.35743 -0.12979 0.55971 3.69322338521 0.78258 0.98072 0.30541 0.41196 152.77952 195.62801 147.22542 138.42519 0.3 0.3 0.0 0.0 0.0 0.0 0.0 0.0 0.72115 0.0 0.0 45.47487 -0.49999 0.07399 0.0 0.0 0.0 0.0 0.0 0.0 0.0140354929058 50 0 0.915254237288 1.47647748056 -33.3421281845
