-0.12623 0.35028 3.35743 -0.12979 0.55971 4.02072 0.531341397181 1.23195860282 0.30541 0.41196 152.77952 195.62801 147.22542 138.42519 0.3 0.3 0.0 0.0 0.0 0.0 0.0 0.0 0.72115 0.0 0.0 45.47487 -0.49999 0.07399 0.0 0.0 0.0 0.0 0.0 0.0 0.05 0 1 0.776315789474 1.78091102934 -7142.89458909
-0.12623 0.35028 3.35743 -0.12979 0.55971 4.02072 0.509853837252 1.25344616275 0.30541 0.41196 152.77952 195.62801 147.22542 138.42519 0.3 0.3 0.0 0.0 0.0 0.0 0.0 0.0 0.72115 0.0 0.0 45.47487 -0.49999 0.07399 0.0 0.0 0.0 0.0 0.0 0.0 0.0505582569281 1 0 0.745098039216 1.80794707908 -7142.89458909
-0.12623 0.35028 3.35743 -0.12979 0.55971 4.02072 0.545689287124 1.21761071288 0.30541 0.41196 152.77952 195.62801 147.22542 138.42519 0.3 0.3 0.0 0.0 0.0 0.0 0.0 0.0 0.72115 0.0 0.0 45.47487 -0.49999 0.07399 0.0 0.0 0.0 0.0 0.0 0.0 0.0490083542025 2 1 0.794701986755 1.73094473358 -5916.59562851
-0.12623 0.35028 3.35743 -0.12979 0.55971 4.02072 0.530792716756 1.23250728324 0.30541 0.41196 152.77952 195.62801 147.22542 138.42519 0.3 0.3 0.0 0.0 0.0 0.0 0.0 0.0 0.72115 0.0 0.0 45.47487 -0.49999 0.07399 0.0 0.0 0.0 0.0 0.0 0.0 0.0489713430293 3 0 0.776315789474 1.79366880415 -5916.59562851
-0.12623 0.35028 3.35743 -0.12979 0.55971 4.02072 0.568083879241 1.19521612076 0.30541 0.41196 152.77952 195.62801 147.22542 138.42519 0.3 0.3 0.0 0.0 0.0 0.0 0.0 0.0 0.72115 0.0 0.0 45.47487 -0.49999 0.07399 0.0 0.0 0.0 0.0 0.0 0.0 0.0490315380151 4 1 0.798657718121 1.6123069283 -4933.04885559
-0.12623 0.35028 3.35743 -0.12979 0.55971 4.02072 0.581551178972 1.18174882103 0.30541 0.41196 152.77952 195.62801 147.22542 138.42519 0.3 0.3 0.0 0.0 0.0 0.0 0.0 0.0 0.72115 0.0 0.0 45.47487 -0.49999 0.07399 0.0 0.0 0.0 0.0 0.0 0.0 0.0483520252886 5 1 0.818791946309 1.61255738349 -4110.37933164
-0.12623 0.35028 3.35743 -0.12979 0.55971 4.02072 0.591009888195 1.17229011181 0.30541 0.41196 152.77952 195.62801 147.22542 138.42519 0.3 0.3 0.0 0.0 0.0 0.0 0.0 0.0 0.72115 0.0 0.0 45.47487 -0.49999 0.07399 0.0 0.0 0.0 0.0 0.0 0.0 0.0483918393081 6 1 0.824324324324 1.59890098066 -3791.95267583
-0.12623 0.35028 3.35743 -0.12979 0.55971 4.02072 0.603494692236 1.15980530776 0.30541 0.41196 152.77952 195.62801 147.22542 138.42519 0.3 0.3 0.0 0.0 0.0 0.0 0.0 0.0 0.72115 0.0 0.0 45.47487 -0.49999 0.07399 0.0 0.0 0.0 0.0 0.0 0.0 0.0491025511174 7 1 0.843537414966 1.54414713016 -2725.28801032
-0.12623 0.35028 3.35743 -0.12979 0.55971 4.02072 0.624830959851 1.13846904015 0.30541 0.41196 152.77952 195.62801 147.22542 138.42519 0.3 0.3 0.0 0.0 0.0 0.0 0.0 0.0 0.72115 0.0 0.0 45.47487 -0.49999 0.07399 0.0 0.0 0.0 0.0 0.0 0.0 0.0487889600511 8 1 0.861111111111 1.46050230671 -1946.35349735
-0.12623 0.35028 3.35743 -0.12979 0.55971 4.02072 0.614956901932 1.14834309807 0.30541 0.41196 152.77952 195.62801 147.22542 138.42519 0.3 0.3 0.0 0.0 0.0 0.0 0.0 0.0 0.72115 0.0 0.0 45.47487 -0.49999 0.07399 0.0 0.0 0.0 0.0 0.0 0.0 0.0496045342167 9 0 0.850340136054 1.47435424923 -1946.35349735
-0.12623 0.35028 3.35743 -0.12979 0.55971 4.02072 0.653402990164 1.10989700984 0.30541 0.41196 152.77952 195.62801 147.22542 138.42519 0.3 0.3 0.0 0.0 0.0 0.0 0.0 0.0 0.72115 0.0 0.0 45.47487 -0.49999 0.07399 0.0 0.0 0.0 0.0 0.0 0.0 0.0480993285144 10 1 0.875 1.12116002705 -956.681544735
-0.12623 0.35028 3.35743 -0.12979 0.55971 4.02072 0.659153937339 1.10414606266 0.30541 0.41196 152.77952 195.62801 147.22542 138.42519 0.3 0.3 0.0 0.0 0.0 0.0 0.0 0.0 0.72115 0.0 0.0 45.47487 -0.49999 0.07399 0.0 0.0 0.0 0.0 0.0 0.0 0.0480594768166 11 0 0.875 1.16982491681 -956.681544735
-0.12623 0.35028 3.35743 -0.12979 0.55971 4.02072 0.686351453271 1.07694854673 0.30541 0.41196 152.77952 195.62801 147.22542 138.42519 0.3 0.3 0.0 0.0 0.0 0.0 0.0 0.0 0.72115 0.0 0.0 45.47487 -0.49999 0.07399 0.0 0.0 0.0 0.0 0.0 0.0 0.0483298669614 12 1 0.901408450704 0.907856869966 -387.504141618
-0.12623 0.35028 3.35743 -0.12979 0.55971 4.02072 0.699041108544 1.06425889146 0.30541 0.41196 152.77952 195.62801 147.22542 138.42519 0.3 0.3 0.0 0.0 0.0 0.0 0.0 0.0 0.72115 0.0 0.0 45.47487 -0.49999 0.07399 0.0 0.0 0.0 0.0 0.0 0.0 0.0481097543311 13 1 0.90780141844 0.850118131835 -300.226667117
-0.12623 0.35028 3.35743 -0.12979 0.55971 4.02072 0.68926199262 1.07403800738 0.30541 0.41196 152.77952 195.62801 147.22542 138.42519 0.3 0.3 0.0 0.0 0.0 0.0 0.0 0.0 0.72115 0.0 0.0 45.47487 -0.49999 0.07399 0.0 0.0 0.0 0.0 0.0 0.0 0.0474449490245 14 0 0.908450704225 0.884578058235 -300.226667117
-0.12623 0.35028 3.35743 -0.12979 0.55971 4.02072 0.682148922473 1.08115107753 0.30541 0.41196 152.77952 195.62801 147.22542 138.42519 0.3 0.3 0.0 0.0 0.0 0.0 0.0 0.0 0.72115 0.0 0.0 45.47487 -0.49999 0.07399 0.0 0.0 0.0 0.0 0.0 0.0 0.046179641651 15 0 0.895104895105 0.855171556255 -300.226667117
-0.12623 0.35028 3.35743 -0.12979 0.55971 4.02072 0.667619120414 1.09568087959 0.30541 0.41196 152.77952 195.62801 147.22542 138.42519 0.3 0.3 0.0 0.0 0.0 0.0 0.0 0.0 0.72115 0.0 0.0 45.47487 -0.49999 0.07399 0.0 0.0 0.0 0.0 0.0 0.0 0.047899907455 16 0 0.895104895105 1.14016996721 -300.226667117
-0.12623 0.35028 3.35743 -0.12979 0.55971 4.02072 0.703426143257 1.05987385674 0.30541 0.41196 152.77952 195.62801 147.22542 138.42519 0.3 0.3 0.0 0.0 0.0 0.0 0.0 0.0 0.72115 0.0 0.0 45.47487 -0.49999 0.07399 0.0 0.0 0.0 0.0 0.0 0.0 0.048151159817 17 1 0.914893617021 0.897654529548 -284.819546198
-0.12623 0.35028 3.35743 -0.12979 0.55971 4.02072 0.712121743694 1.05117825631 0.30541 0.41196 152.77952 195.62801 147.22542 138.42519 0.3 0.3 0.0 0.0 0.0 0.0 0.0 0.0 0.72115 0.0 0.0 45.47487 -0.49999 0.07399 0.0 0.0 0.0 0.0 0.0 0.0 0.0482813937404 18 1 0.921985815603 0.943617415653 -263.172096443
-0.12623 0.35028 3.35743 -0.12979 0.55971 4.02072 0.686785844197 1.0765141558 0.30541 0.41196 152.77952 195.62801 147.22542 138.42519 0.3 0.3 0.0 0.0 0.0 0.0 0.0 0.0 0.72115 0.0 0.0 45.47487 -0.49999 0.07399 0.0 0.0 0.0 0.0 0.0 0.0 0.048637652371 19 0 0.901408450704 0.908267018987 -263.172096443
-0.12623 0.35028 3.35743 -0.12979 0.55971 4.02072 0.728552619499 1.0347473805 0.30541 0.41196 152.77952 195.62801 147.22542 138.42519 0.3 0.3 0.0 0.0 0.0 0.0 0.0 0.0 0.72115 0.0 0.0 45.47487 -0.49999 0.07399 0.0 0.0 0.0 0.0 0.0 0.0 0.0474871900458 20 1 0.915492957746 0.544260522475 -107.11841841
-0.12623 0.35028 3.35743 -0.12979 0.55971 4.02072 0.716618992016 1.04668100798 0.30541 0.41196 152.77952 195.62801 147.22542 138.42519 0.3 0.3 0.0 0.0 0.0 0.0 0.0 0.0 0.72115 0.0 0.0 45.47487 -0.49999 0.07399 0.0 0.0 0.0 0.0 0.0 0.0 0.0465311453844 21 0 0.914893617021 0.805356423723 -107.11841841
-0.12623 0.35028 3.35743 -0.12979 0.55971 4.02072 0.750941631338 1.01235836866 0.30541 0.41196 152.77952 195.62801 147.22542 138.42519 0.3 0.3 0.0 0.0 0.0 0.0 0.0 0.0 0.72115 0.0 0.0 45.47487 -0.49999 0.07399 0.0 0.0 0.0 0.0 0.0 0.0 0.0476928940306 22 1 0.978102189781 0.483899092368 -7.14981174165
-0.12623 0.35028 3.35743 -0.12979 0.55971 4.02072 0.762240179811 1.00105982019 0.30541 0.41196 152.77952 195.62801 147.22542 138.42519 0.3 0.3 0.0 0.0 0.0 0.0 0.0 0.0 0.72115 0.0 0.0 45.47487 -0.49999 0.07399 0.0 0.0 0.0 0.0 0.0 0.0 0.0478558681682 23 1 0.992647058824 0.457140475603 -2.16231270307
-0.12623 0.35028 3.35743 -0.12979 0.55971 4.02072 0.735185883642 1.02811411636 0.30541 0.41196 152.77952 195.62801 147.22542 138.42519 0.3 0.3 0.0 0.0 0.0 0.0 0.0 0.0 0.72115 0.0 0.0 45.47487 -0.49999 0.07399 0.0 0.0 0.0 0.0 0.0 0.0 0.048449034239 24 0 0.928571428571 0.709648399122 -2.16231270307
-0.12623 0.35028 3.35743 -0.12979 0.55971 4.02072 0.795549769377 0.967750230623 0.30541 0.41196 152.77952 195.62801 147.22542 138.42519 0.3 0.3 0.0 0.0 0.0 0.0 0.0 0.0 0.72115 0.0 0.0 45.47487 -0.49999 0.07399 0.0 0.0 0.0 0.0 0.0 0.0 0.048559017832 25 0 0.985401459854 0.38206952577 -2.16231270307
-0.12623 0.35028 3.35743 -0.12979 0.55971 4.02072 0.78736002029 0.97593997971 0.30541 0.41196 152.77952 195.62801 147.22542 138.42519 0.3 0.3 0.0 0.0 0.0 0.0 0.0 0.0 0.72115 0.0 0.0 45.47487 -0.49999 0.07399 0.0 0.0 0.0 0.0 0.0 0.0 0.0488661185946 26 1 0.985294117647 0.186210367409 -2.02865446695
-0.12623 0.35028 3.35743 -0.12979 0.55971 4.02072 0.791971523637 0.971328476363 0.30541 0.41196 152.77952 195.62801 147.22542 138.42519 0.3 0.3 0.0 0.0 0.0 0.0 0.0 0.0 0.72115 0.0 0.0 45.47487 -0.49999 0.07399 0.0 0.0 0.0 0.0 0.0 0.0 0.048595793537 27 0 0.985401459854 0.521728181516 -2.02865446695
-0.12623 0.35028 3.35743 -0.12979 0.55971 4.02072 0.75721444281 1.00608555719 0.30541 0.41196 152.77952 195.62801 147.22542 138.42519 0.3 0.3 0.0 0.0 0.0 0.0 0.0 0.0 0.72115 0.0 0.0 45.47487 -0.49999 0.07399 0.0 0.0 0.0 0.0 0.0 0.0 0.0496589198122 28 0 0.985294117647 0.591618599729 -2.02865446695
-0.12623 0.35028 3.35743 -0.12979 0.55971 4.02072 0.778643484889 0.984656515111 0.30541 0.41196 152.77952 195.62801 147.22542 138.42519 0.3 0.3 0.0 0.0 0.0 0.0 0.0 0.0 0.72115 0.0 0.0 45.47487 -0.49999 0.07399 0.0 0.0 0.0 0.0 0.0 0.0 0.0489048784699 29 1 1.0 0.39603545548 -1.67800730507
-0.12623 0.35028 3.35743 -0.12979 0.55971 4.02072 0.758582203952 1.00471779605 0.30541 0.41196 152.77952 195.62801 147.22542 138.42519 0.3 0.3 0.0 0.0 0.0 0.0 0.0 0.0 0.72115 0.0 0.0 45.47487 -0.49999 0.07399 0.0 0.0 0.0 0.0 0.0 0.0 0.0492027742466 30 1 0.992647058824 0.441498998748 -2.18808619523
-0.12623 0.35028 3.35743 -0.12979 0.55971 4.02072 0.768940075446 0.994359924554 0.30541 0.41196 152.77952 195.62801 147.22542 138.42519 0.3 0.3 0.0 0.0 0.0 0.0 0.0 0.0 0.72115 0.0 0.0 45.47487 -0.49999 0.07399 0.0 0.0 0.0 0.0 0.0 0.0 0.0487446175903 31 1 1.0 0.425785626743 -1.66710864306
-0.12623 0.35028 3.35743 -0.12979 0.55971 4.02072 0.74959262752 1.01370737248 0.30541 0.41196 152.77952 195.62801 147.22542 138.42519 0.3 0.3 0.0 0.0 0.0 0.0 0.0 0.0 0.72115 0.0 0.0 45.47487 -0.49999 0.07399 0.0 0.0 0.0 0.0 0.0 0.0 0.0491276180058 32 0 0.978102189781 0.593367359908 -1.66710864306
-0.12623 0.35028 3.35743 -0.12979 0.55971 4.02072 0.762239189691 1.00106081031 0.30541 0.41196 152.77952 195.62801 147.22542 138.42519 0.3 0.3 0.0 0.0 0.0 0.0 0.0 0.0 0.72115 0.0 0.0 45.47487 -0.49999 0.07399 0.0 0.0 0.0 0.0 0.0 0.0 0.0489145601066 33 0 0.992647058824 0.457140307793 -1.66710864306
-0.12623 0.35028 3.35743 -0.12979 0.55971 4.02072 0.781922558351 0.981377441649 0.30541 0.41196 152.77952 195.62801 147.22542 138.42519 0.3 0.3 0.0 0.0 0.0 0.0 0.0 0.0 0.72115 0.0 0.0 45.47487 -0.49999 0.07399 0.0 0.0 0.0 0.0 0.0 0.0 0.0482637259975 34 1 1.0 0.394653739754 -1.63461370705
-0.12623 0.35028 3.35743 -0.12979 0.55971 4.02072 0.766391752725 0.996908247275 0.30541 0.41196 152.77952 195.62801 147.22542 138.42519 0.3 0.3 0.0 0.0 0.0 0.0 0.0 0.0 0.72115 0.0 0.0 45.47487 -0.49999 0.07399 0.0 0.0 0.0 0.0 0.0 0.0 0.0472522541025 35 1 0.992647058824 0.424836968063 -2.05895844926
-0.12623 0.35028 3.35743 -0.12979 0.55971 4.02072 0.760739516528 1.00256048347 0.30541 0.41196 152.77952 195.62801 147.22542 138.42519 0.3 0.3 0.0 0.0 0.0 0.0 0.0 0.0 0.72115 0.0 0.0 45.47487 -0.49999 0.07399 0.0 0.0 0.0 0.0 0.0 0.0 0.0468311190861 36 1 0.992647058824 0.46554410027 -2.14073801724
-0.12623 0.35028 3.35743 -0.12979 0.55971 4.02072 0.78177377468 0.98152622532 0.30541 0.41196 152.77952 195.62801 147.22542 138.42519 0.3 0.3 0.0 0.0 0.0 0.0 0.0 0.0 0.72115 0.0 0.0 45.47487 -0.49999 0.07399 0.0 0.0 0.0 0.0 0.0 0.0 0.0475013486376 37 1 1.0 0.394660200153 -1.58373952131
-0.12623 0.35028 3.35743 -0.12979 0.55971 4.02072 0.78908437588 0.97421562412 0.30541 0.41196 152.77952 195.62801 147.22542 138.42519 0.3 0.3 0.0 0.0 0.0 0.0 0.0 0.0 0.72115 0.0 0.0 45.47487 -0.49999 0.07399 0.0 0.0 0.0 0.0 0.0 0.0 0.0473776298778 38 1 0.977941176471 0.279127775933 -3.47565879116
-0.12623 0.35028 3.35743 -0.12979 0.55971 4.02072 0.797321082796 0.965978917204 0.30541 0.41196 152.77952 195.62801 147.22542 138.42519 0.3 0.3 0.0 0.0 0.0 0.0 0.0 0.0 0.72115 0.0 0.0 45.47487 -0.49999 0.07399 0.0 0.0 0.0 0.0 0.0 0.0 0.0484298918309 39 1 0.985401459854 0.386262687993 -3.17094719689
-0.12623 0.35028 3.35743 -0.12979 0.55971 4.02072 0.769611312157 0.993688687843 0.30541 0.41196 152.77952 195.62801 147.22542 138.42519 0.3 0.3 0.0 0.0 0.0 0.0 0.0 0.0 0.72115 0.0 0.0 45.47487 -0.49999 0.07399 0.0 0.0 0.0 0.0 0.0 0.0 0.0484970687452 40 1 1.0 0.426019137663 -1.650342142
-0.12623 0.35028 3.35743 -0.12979 0.55971 4.02072 0.780250401928 0.983049598072 0.30541 0.41196 152.77952 195.62801 147.22542 138.42519 0.3 0.3 0.0 0.0 0.0 0.0 0.0 0.0 0.72115 0.0 0.0 45.47487 -0.49999 0.07399 0.0 0.0 0.0 0.0 0.0 0.0 0.0488050920856 41 1 1.0 0.394882207292 -1.67121717811
-0.12623 0.35028 3.35743 -0.12979 0.55971 4.02072 0.789165160304 0.974134839696 0.30541 0.41196 152.77952 195.62801 147.22542 138.42519 0.3 0.3 0.0 0.0 0.0 0.0 0.0 0.0 0.72115 0.0 0.0 45.47487 -0.49999 0.07399 0.0 0.0 0.0 0.0 0.0 0.0 0.0490655306235 42 0 0.977941176471 0.279141916277 -1.67121717811
-0.12623 0.35028 3.35743 -0.12979 0.55971 4.02072 0.772259633968 0.991040366032 0.30541 0.41196 152.77952 195.62801 147.22542 138.42519 0.3 0.3 0.0 0.0 0.0 0.0 0.0 0.0 0.72115 0.0 0.0 45.47487 -0.49999 0.07399 0.0 0.0 0.0 0.0 0.0 0.0 0.0484245385581 43 1 1.0 0.183044560304 -1.64544536559
-0.12623 0.35028 3.35743 -0.12979 0.55971 4.02072 0.763446383212 0.999853616788 0.30541 0.41196 152.77952 195.62801 147.22542 138.42519 0.3 0.3 0.0 0.0 0.0 0.0 0.0 0.0 0.72115 0.0 0.0 45.47487 -0.49999 0.07399 0.0 0.0 0.0 0.0 0.0 0.0 0.0488962254619 44 0 0.992647058824 0.451992851528 -1.64544536559
-0.12623 0.35028 3.35743 -0.12979 0.55971 4.02072 0.787461802797 0.975838197203 0.30541 0.41196 152.77952 195.62801 147.22542 138.42519 0.3 0.3 0.0 0.0 0.0 0.0 0.0 0.0 0.72115 0.0 0.0 45.47487 -0.49999 0.07399 0.0 0.0 0.0 0.0 0.0 0.0 0.0479249515877 45 0 0.985294117647 0.186777819631 -1.64544536559
-0.12623 0.35028 3.35743 -0.12979 0.55971 4.02072 0.752300539576 1.01099946042 0.30541 0.41196 152.77952 195.62801 147.22542 138.42519 0.3 0.3 0.0 0.0 0.0 0.0 0.0 0.0 0.72115 0.0 0.0 45.47487 -0.49999 0.07399 0.0 0.0 0.0 0.0 0.0 0.0 0.0489936926959 46 0 0.978102189781 0.477797901906 -1.64544536559
-0.12623 0.35028 3.35743 -0.12979 0.55971 4.02072 0.763910827564 0.999389172436 0.30541 0.41196 152.77952 195.62801 147.22542 138.42519 0.3 0.3 0.0 0.0 0.0 0.0 0.0 0.0 0.72115 0.0 0.0 45.47487 -0.49999 0.07399 0.0 0.0 0.0 0.0 0.0 0.0 0.0482862461265 47 0 0.992647058824 0.44881869881 -1.64544536559
-0.12623 0.35028 3.35743 -0.12979 0.55971 4.02072 0.750144649832 1.01315535017 0.30541 0.41196 152.77952 195.62801 147.22542 138.42519 0.3 0.3 0.0 0.0 0.0 0.0 0.0 0.0 0.72115 0.0 0.0 45.47487 -0.49999 0.07399 0.0 0.0 0.0 0.0 0.0 0.0 0.0483973031342 48 0 0.978102189781 0.581618946762 -1.64544536559
-0.12623 0.35028 3.35743 -0.12979 0.55971 4.02072 0.765942199796 0.997357800204 0.30541 0.41196 152.77952 195.62801 147.22542 138.42519 0.3 0.3 0.0 0.0 0.0 0.0 0.0 0.0 0.72115 0.0 0.0 45.47487 -0.49999 0.07399 0.0 0.0 0.0 0.0 0.0 0.0 0.0481173041952 49 0 0.992647058824 0.425964949981 -1.64544536559
-0.12623 0.35028 3.35743 -0.12979 0.55971 4.02072 0.73862621426 1.02467378574 0.30541 0.41196 152.77952 195.62801 147.22542 138.42519 0.3 0.3 0.0 0.0 0.0 0.0 0.0 0.0 0.72115 0.0 0.0 45.47487 -0.49999 0.07399 0.0 0.0 0.0 0.0 0.0 0.0 0.0482913390974 50 0 0.942857142857 0.61495867845 -1.64544536559
