-0.12623 0.35028 3.35743 -0.12979 0.55971 4.02072 0.880751901662 0.882548098338 0.30541 0.41196 152.77952 195.62801 147.22542 138.42519 0.3 0.3 0.0 0.0 0.0 0.0 0.0 0.0 0.72115 0.0 0.0 45.47487 -0.49999 0.07399 0.0 0.0 0.0 0.0 0.0 0.0 0.05 0 1 0.93006993007 0.774426110454 -133.731067118
-0.12623 0.35028 3.35743 -0.12979 0.55971 4.02072 0.897116856209 0.866183143791 0.30541 0.41196 152.77952 195.62801 147.22542 138.42519 0.3 0.3 0.0 0.0 0.0 0.0 0.0 0.0 0.72115 0.0 0.0 45.47487 -0.49999 0.07399 0.0 0.0 0.0 0.0 0.0 0.0 0.0498521563629 1 0 0.929577464789 0.892038819378 -133.731067118
-0.12623 0.35028 3.35743 -0.12979 0.55971 4.02072 0.878496775007 0.884803224993 0.30541 0.41196 152.77952 195.62801 147.22542 138.42519 0.3 0.3 0.0 0.0 0.0 0.0 0.0 0.0 0.72115 0.0 0.0 45.47487 -0.49999 0.07399 0.0 0.0 0.0 0.0 0.0 0.0 0.0501911454944 2 0 0.923076923077 0.768230922559 -133.731067118
-0.12623 0.35028 3.35743 -0.12979 0.55971 4.02072 0.882130242111 0.881169757889 0.30541 0.41196 152.77952 195.62801 147.22542 138.42519 0.3 0.3 0.0 0.0 0.0 0.0 0.0 0.0 0.72115 0.0 0.0 45.47487 -0.49999 0.07399 0.0 0.0 0.0 0.0 0.0 0.0 0.0491143507901 3 0 0.93006993007 0.78881188222 -133.731067118
-0.12623 0.35028 3.35743 -0.12979 0.55971 4.02072 0.896957064923 0.866342935077 0.30541 0.41196 152.77952 195.62801 147.22542 138.42519 0.3 0.3 0.0 0.0 0.0 0.0 0.0 0.0 0.72115 0.0 0.0 45.47487 -0.49999 0.07399 0.0 0.0 0.0 0.0 0.0 0.0 0.0504771145274 4 0 0.929577464789 0.891996865762 -133.731067118
-0.12623 0.35028 3.35743 -0.12979 0.55971 4.02072 0.863513075041 0.899786924959 0.30541 0.41196 152.77952 195.62801 147.22542 138.42519 0.3 0.3 0.0 0.0 0.0 0.0 0.0 0.0 0.72115 0.0 0.0 45.47487 -0.49999 0.07399 0.0 0.0 0.0 0.0 0.0 0.0 0.051058213607 5 1 0.93661971831 0.645828664528 -74.1321304124
-0.12623 0.35028 3.35743 -0.12979 0.55971 4.02072 0.861043156191 0.902256843809 0.30541 0.41196 152.77952 195.62801 147.22542 138.42519 0.3 0.3 0.0 0.0 0.0 0.0 0.0 0.0 0.72115 0.0 0.0 45.47487 -0.49999 0.07399 0.0 0.0 0.0 0.0 0.0 0.0 0.0510172995094 6 1 0.93661971831 0.63423258228 -71.6679257758
-0.12623 0.35028 3.35743 -0.12979 0.55971 4.02072 0.872722761773 0.890577238227 0.30541 0.41196 152.77952 195.62801 147.22542 138.42519 0.3 0.3 0.0 0.0 0.0 0.0 0.0 0.0 0.72115 0.0 0.0 45.47487 -0.49999 0.07399 0.0 0.0 0.0 0.0 0.0 0.0 0.0508722030317 7 0 0.93006993007 0.775341961465 -71.6679257758
-0.12623 0.35028 3.35743 -0.12979 0.55971 4.02072 0.865871176501 0.897428823499 0.30541 0.41196 152.77952 195.62801 147.22542 138.42519 0.3 0.3 0.0 0.0 0.0 0.0 0.0 0.0 0.72115 0.0 0.0 45.47487 -0.49999 0.07399 0.0 0.0 0.0 0.0 0.0 0.0 0.0498962273748 8 0 0.93006993007 0.724755715291 -71.6679257758
-0.12623 0.35028 3.35743 -0.12979 0.55971 4.02072 0.848380664663 0.914919335337 0.30541 0.41196 152.77952 195.62801 147.22542 138.42519 0.3 0.3 0.0 0.0 0.0 0.0 0.0 0.0 0.72115 0.0 0.0 45.47487 -0.49999 0.07399 0.0 0.0 0.0 0.0 0.0 0.0 0.0513765290984 9 1 0.956834532374 0.586823897675 -29.1975964514
-0.12623 0.35028 3.35743 -0.12979 0.55971 4.02072 0.829942133828 0.933357866172 0.30541 0.41196 152.77952 195.62801 147.22542 138.42519 0.3 0.3 0.0 0.0 0.0 0.0 0.0 0.0 0.72115 0.0 0.0 45.47487 -0.49999 0.07399 0.0 0.0 0.0 0.0 0.0 0.0 0.0513234672629 10 1 0.957142857143 0.4925242733 -20.8759697555
-0.12623 0.35028 3.35743 -0.12979 0.55971 4.02072 0.831698183545 0.931601816455 0.30541 0.41196 152.77952 195.62801 147.22542 138.42519 0.3 0.3 0.0 0.0 0.0 0.0 0.0 0.0 0.72115 0.0 0.0 45.47487 -0.49999 0.07399 0.0 0.0 0.0 0.0 0.0 0.0 0.0516050620978 11 1 0.957142857143 0.492769454764 -20.7077577238
-0.12623 0.35028 3.35743 -0.12979 0.55971 4.02072 0.81382705273 0.94947294727 0.30541 0.41196 152.77952 195.62801 147.22542 138.42519 0.3 0.3 0.0 0.0 0.0 0.0 0.0 0.0 0.72115 0.0 0.0 45.47487 -0.49999 0.07399 0.0 0.0 0.0 0.0 0.0 0.0 0.0515890048458 12 1 0.964028776978 0.425237167314 -11.7560309866
-0.12623 0.35028 3.35743 -0.12979 0.55971 4.02072 0.835245097333 0.928054902667 0.30541 0.41196 152.77952 195.62801 147.22542 138.42519 0.3 0.3 0.0 0.0 0.0 0.0 0.0 0.0 0.72115 0.0 0.0 45.47487 -0.49999 0.07399 0.0 0.0 0.0 0.0 0.0 0.0 0.0507233480841 13 0 0.957142857143 0.544330704683 -11.7560309866
-0.12623 0.35028 3.35743 -0.12979 0.55971 4.02072 0.842706864943 0.920593135057 0.30541 0.41196 152.77952 195.62801 147.22542 138.42519 0.3 0.3 0.0 0.0 0.0 0.0 0.0 0.0 0.72115 0.0 0.0 45.47487 -0.49999 0.07399 0.0 0.0 0.0 0.0 0.0 0.0 0.0511979103608 14 0 0.94964028777 0.574474806375 -11.7560309866
-0.12623 0.35028 3.35743 -0.12979 0.55971 4.02072 0.832329269008 0.930970730992 0.30541 0.41196 152.77952 195.62801 147.22542 138.42519 0.3 0.3 0.0 0.0 0.0 0.0 0.0 0.0 0.72115 0.0 0.0 45.47487 -0.49999 0.07399 0.0 0.0 0.0 0.0 0.0 0.0 0.0517931755123 15 0 0.957142857143 0.492964128832 -11.7560309866
-0.12623 0.35028 3.35743 -0.12979 0.55971 4.02072 0.760449050789 1.00285094921 0.30541 0.41196 152.77952 195.62801 147.22542 138.42519 0.3 0.3 0.0 0.0 0.0 0.0 0.0 0.0 0.72115 0.0 0.0 45.47487 -0.49999 0.07399 0.0 0.0 0.0 0.0 0.0 0.0 0.0502121939233 16 1 0.992647058824 0.466034329832 -2.29216064915
-0.12623 0.35028 3.35743 -0.12979 0.55971 4.02072 0.793162384368 0.970137615632 0.30541 0.41196 152.77952 195.62801 147.22542 138.42519 0.3 0.3 0.0 0.0 0.0 0.0 0.0 0.0 0.72115 0.0 0.0 45.47487 -0.49999 0.07399 0.0 0.0 0.0 0.0 0.0 0.0 0.0499464706477 17 0 0.985401459854 0.522173839832 -2.29216064915
-0.12623 0.35028 3.35743 -0.12979 0.55971 4.02072 0.754284499181 1.00901550082 0.30541 0.41196 152.77952 195.62801 147.22542 138.42519 0.3 0.3 0.0 0.0 0.0 0.0 0.0 0.0 0.72115 0.0 0.0 45.47487 -0.49999 0.07399 0.0 0.0 0.0 0.0 0.0 0.0 0.0494643188704 18 1 0.985294117647 0.473556216506 -3.94626724894
-0.12623 0.35028 3.35743 -0.12979 0.55971 4.02072 0.777071865055 0.986228134945 0.30541 0.41196 152.77952 195.62801 147.22542 138.42519 0.3 0.3 0.0 0.0 0.0 0.0 0.0 0.0 0.72115 0.0 0.0 45.47487 -0.49999 0.07399 0.0 0.0 0.0 0.0 0.0 0.0 0.0488180434799 19 1 1.0 0.399934861275 -1.67209771673
-0.12623 0.35028 3.35743 -0.12979 0.55971 4.02072 0.743351003893 1.01994899611 0.30541 0.41196 152.77952 195.62801 147.22542 138.42519 0.3 0.3 0.0 0.0 0.0 0.0 0.0 0.0 0.72115 0.0 0.0 45.47487 -0.49999 0.07399 0.0 0.0 0.0 0.0 0.0 0.0 0.0480882912297 20 0 0.963768115942 0.600014797719 -1.67209771673
-0.12623 0.35028 3.35743 -0.12979 0.55971 4.02072 0.742157411108 1.02114258889 0.30541 0.41196 152.77952 195.62801 147.22542 138.42519 0.3 0.3 0.0 0.0 0.0 0.0 0.0 0.0 0.72115 0.0 0.0 45.47487 -0.49999 0.07399 0.0 0.0 0.0 0.0 0.0 0.0 0.0491975182967 21 0 0.94964028777 0.605354360016 -1.67209771673
-0.12623 0.35028 3.35743 -0.12979 0.55971 4.02072 0.773201074653 0.990098925347 0.30541 0.41196 152.77952 195.62801 147.22542 138.42519 0.3 0.3 0.0 0.0 0.0 0.0 0.0 0.0 0.72115 0.0 0.0 45.47487 -0.49999 0.07399 0.0 0.0 0.0 0.0 0.0 0.0 0.0488087209728 22 1 1.0 0.185307370988 -1.67146387581
-0.12623 0.35028 3.35743 -0.12979 0.55971 4.02072 0.779493807409 0.983806192591 0.30541 0.41196 152.77952 195.62801 147.22542 138.42519 0.3 0.3 0.0 0.0 0.0 0.0 0.0 0.0 0.72115 0.0 0.0 45.47487 -0.49999 0.07399 0.0 0.0 0.0 0.0 0.0 0.0 0.0492078937567 23 1 1.0 0.395270908102 -1.69870894479
-0.12623 0.35028 3.35743 -0.12979 0.55971 4.02072 0.774686046529 0.988613953471 0.30541 0.41196 152.77952 195.62801 147.22542 138.42519 0.3 0.3 0.0 0.0 0.0 0.0 0.0 0.0 0.72115 0.0 0.0 45.47487 -0.49999 0.07399 0.0 0.0 0.0 0.0 0.0 0.0 0.0493961881854 24 1 1.0 0.398460893539 -1.71163547946
-0.12623 0.35028 3.35743 -0.12979 0.55971 4.02072 0.781259272267 0.982040727733 0.30541 0.41196 152.77952 195.62801 147.22542 138.42519 0.3 0.3 0.0 0.0 0.0 0.0 0.0 0.0 0.72115 0.0 0.0 45.47487 -0.49999 0.07399 0.0 0.0 0.0 0.0 0.0 0.0 0.0493449871606 25 1 1.0 0.394679093179 -1.70811575602
-0.12623 0.35028 3.35743 -0.12979 0.55971 4.02072 0.773471792043 0.989828207957 0.30541 0.41196 152.77952 195.62801 147.22542 138.42519 0.3 0.3 0.0 0.0 0.0 0.0 0.0 0.0 0.72115 0.0 0.0 45.47487 -0.49999 0.07399 0.0 0.0 0.0 0.0 0.0 0.0 0.0493728640272 26 1 1.0 0.184939028619 -1.71003166266
-0.12623 0.35028 3.35743 -0.12979 0.55971 4.02072 0.73831234141 1.02498765859 0.30541 0.41196 152.77952 195.62801 147.22542 138.42519 0.3 0.3 0.0 0.0 0.0 0.0 0.0 0.0 0.72115 0.0 0.0 45.47487 -0.49999 0.07399 0.0 0.0 0.0 0.0 0.0 0.0 0.0503163115577 27 0 0.942857142857 0.613903840328 -1.71003166266
-0.12623 0.35028 3.35743 -0.12979 0.55971 4.02072 0.747047481382 1.01625251862 0.30541 0.41196 152.77952 195.62801 147.22542 138.42519 0.3 0.3 0.0 0.0 0.0 0.0 0.0 0.0 0.72115 0.0 0.0 45.47487 -0.49999 0.07399 0.0 0.0 0.0 0.0 0.0 0.0 0.0491413856636 28 0 0.971014492754 0.601018704171 -1.71003166266
-0.12623 0.35028 3.35743 -0.12979 0.55971 4.02072 0.779981576778 0.983318423222 0.30541 0.41196 152.77952 195.62801 147.22542 138.42519 0.3 0.3 0.0 0.0 0.0 0.0 0.0 0.0 0.72115 0.0 0.0 45.47487 -0.49999 0.07399 0.0 0.0 0.0 0.0 0.0 0.0 0.0493556102802 29 1 1.0 0.395268470415 -1.70884573245
-0.12623 0.35028 3.35743 -0.12979 0.55971 4.02072 0.799494452036 0.963805547964 0.30541 0.41196 152.77952 195.62801 147.22542 138.42519 0.3 0.3 0.0 0.0 0.0 0.0 0.0 0.0 0.72115 0.0 0.0 45.47487 -0.49999 0.07399 0.0 0.0 0.0 0.0 0.0 0.0 0.0499767373784 30 0 0.978102189781 0.404997261033 -1.70884573245
-0.12623 0.35028 3.35743 -0.12979 0.55971 4.02072 0.771851602074 0.991448397926 0.30541 0.41196 152.77952 195.62801 147.22542 138.42519 0.3 0.3 0.0 0.0 0.0 0.0 0.0 0.0 0.72115 0.0 0.0 45.47487 -0.49999 0.07399 0.0 0.0 0.0 0.0 0.0 0.0 0.0502771259984 31 1 1.0 0.18425575226 -1.7727481113
-0.12623 0.35028 3.35743 -0.12979 0.55971 4.02072 0.792855692562 0.970444307438 0.30541 0.41196 152.77952 195.62801 147.22542 138.42519 0.3 0.3 0.0 0.0 0.0 0.0 0.0 0.0 0.72115 0.0 0.0 45.47487 -0.49999 0.07399 0.0 0.0 0.0 0.0 0.0 0.0 0.0504144380682 32 0 0.985401459854 0.522066152141 -1.7727481113
-0.12623 0.35028 3.35743 -0.12979 0.55971 4.02072 0.794059328293 0.969240671707 0.30541 0.41196 152.77952 195.62801 147.22542 138.42519 0.3 0.3 0.0 0.0 0.0 0.0 0.0 0.0 0.72115 0.0 0.0 45.47487 -0.49999 0.07399 0.0 0.0 0.0 0.0 0.0 0.0 0.0502927640143 33 0 0.985401459854 0.527926936945 -1.7727481113
-0.12623 0.35028 3.35743 -0.12979 0.55971 4.02072 0.759012758283 1.00428724172 0.30541 0.41196 152.77952 195.62801 147.22542 138.42519 0.3 0.3 0.0 0.0 0.0 0.0 0.0 0.0 0.72115 0.0 0.0 45.47487 -0.49999 0.07399 0.0 0.0 0.0 0.0 0.0 0.0 0.0498146406478 34 1 0.992647058824 0.440849874805 -2.21690143156
-0.12623 0.35028 3.35743 -0.12979 0.55971 4.02072 0.742035759914 1.02126424009 0.30541 0.41196 152.77952 195.62801 147.22542 138.42519 0.3 0.3 0.0 0.0 0.0 0.0 0.0 0.0 0.72115 0.0 0.0 45.47487 -0.49999 0.07399 0.0 0.0 0.0 0.0 0.0 0.0 0.0500794684284 35 0 0.94964028777 0.605078259301 -2.21690143156
-0.12623 0.35028 3.35743 -0.12979 0.55971 4.02072 0.738186822127 1.02511317787 0.30541 0.41196 152.77952 195.62801 147.22542 138.42519 0.3 0.3 0.0 0.0 0.0 0.0 0.0 0.0 0.72115 0.0 0.0 45.47487 -0.49999 0.07399 0.0 0.0 0.0 0.0 0.0 0.0 0.0501767077272 36 0 0.942857142857 0.614554336654 -2.21690143156
-0.12623 0.35028 3.35743 -0.12979 0.55971 4.02072 0.779484069917 0.983815930083 0.30541 0.41196 152.77952 195.62801 147.22542 138.42519 0.3 0.3 0.0 0.0 0.0 0.0 0.0 0.0 0.72115 0.0 0.0 45.47487 -0.49999 0.07399 0.0 0.0 0.0 0.0 0.0 0.0 0.049652190535 37 1 1.0 0.395272505107 -1.72928699716
-0.12623 0.35028 3.35743 -0.12979 0.55971 4.02072 0.756287579277 1.00701242072 0.30541 0.41196 152.77952 195.62801 147.22542 138.42519 0.3 0.3 0.0 0.0 0.0 0.0 0.0 0.0 0.72115 0.0 0.0 45.47487 -0.49999 0.07399 0.0 0.0 0.0 0.0 0.0 0.0 0.0489938107447 38 0 0.985294117647 0.463567684282 -1.72928699716
-0.12623 0.35028 3.35743 -0.12979 0.55971 4.02072 0.819246530078 0.944053469922 0.30541 0.41196 152.77952 195.62801 147.22542 138.42519 0.3 0.3 0.0 0.0 0.0 0.0 0.0 0.0 0.72115 0.0 0.0 45.47487 -0.49999 0.07399 0.0 0.0 0.0 0.0 0.0 0.0 0.0483798000235 39 0 0.964028776978 0.424926930481 -1.72928699716
-0.12623 0.35028 3.35743 -0.12979 0.55971 4.02072 0.763112592784 1.00018740722 0.30541 0.41196 152.77952 195.62801 147.22542 138.42519 0.3 0.3 0.0 0.0 0.0 0.0 0.0 0.0 0.72115 0.0 0.0 45.47487 -0.49999 0.07399 0.0 0.0 0.0 0.0 0.0 0.0 0.0495928956369 40 0 0.992647058824 0.451879722168 -1.72928699716
-0.12623 0.35028 3.35743 -0.12979 0.55971 4.02072 0.805131382587 0.958168617413 0.30541 0.41196 152.77952 195.62801 147.22542 138.42519 0.3 0.3 0.0 0.0 0.0 0.0 0.0 0.0 0.72115 0.0 0.0 45.47487 -0.49999 0.07399 0.0 0.0 0.0 0.0 0.0 0.0 0.0494967515566 41 0 0.964028776978 0.419500273409 -1.72928699716
-0.12623 0.35028 3.35743 -0.12979 0.55971 4.02072 0.768052084476 0.995247915524 0.30541 0.41196 152.77952 195.62801 147.22542 138.42519 0.3 0.3 0.0 0.0 0.0 0.0 0.0 0.0 0.72115 0.0 0.0 45.47487 -0.49999 0.07399 0.0 0.0 0.0 0.0 0.0 0.0 0.0498660655679 42 1 1.0 0.425014729453 -1.7441016306
-0.12623 0.35028 3.35743 -0.12979 0.55971 4.02072 0.76470820025 0.99859179975 0.30541 0.41196 152.77952 195.62801 147.22542 138.42519 0.3 0.3 0.0 0.0 0.0 0.0 0.0 0.0 0.72115 0.0 0.0 45.47487 -0.49999 0.07399 0.0 0.0 0.0 0.0 0.0 0.0 0.0489587399599 43 0 0.992647058824 0.42544148265 -1.7441016306
-0.12623 0.35028 3.35743 -0.12979 0.55971 4.02072 0.766168038353 0.997131961647 0.30541 0.41196 152.77952 195.62801 147.22542 138.42519 0.3 0.3 0.0 0.0 0.0 0.0 0.0 0.0 0.72115 0.0 0.0 45.47487 -0.49999 0.07399 0.0 0.0 0.0 0.0 0.0 0.0 0.0500690576696 44 1 0.992647058824 0.425620977769 -2.19774282907
-0.12623 0.35028 3.35743 -0.12979 0.55971 4.02072 0.746231023876 1.01706897612 0.30541 0.41196 152.77952 195.62801 147.22542 138.42519 0.3 0.3 0.0 0.0 0.0 0.0 0.0 0.0 0.72115 0.0 0.0 45.47487 -0.49999 0.07399 0.0 0.0 0.0 0.0 0.0 0.0 0.0496892906617 45 0 0.971014492754 0.624729031683 -2.19774282907
-0.12623 0.35028 3.35743 -0.12979 0.55971 4.02072 0.756796785527 1.00650321447 0.30541 0.41196 152.77952 195.62801 147.22542 138.42519 0.3 0.3 0.0 0.0 0.0 0.0 0.0 0.0 0.72115 0.0 0.0 45.47487 -0.49999 0.07399 0.0 0.0 0.0 0.0 0.0 0.0 0.0497271906865 46 1 0.985294117647 0.463167308584 -3.84515626994
-0.12623 0.35028 3.35743 -0.12979 0.55971 4.02072 0.763223398726 1.00007660127 0.30541 0.41196 152.77952 195.62801 147.22542 138.42519 0.3 0.3 0.0 0.0 0.0 0.0 0.0 0.0 0.72115 0.0 0.0 45.47487 -0.49999 0.07399 0.0 0.0 0.0 0.0 0.0 0.0 0.0500985938672 47 1 0.992647058824 0.451885919884 -2.25513710125
-0.12623 0.35028 3.35743 -0.12979 0.55971 4.02072 0.759512495931 1.00378750407 0.30541 0.41196 152.77952 195.62801 147.22542 138.42519 0.3 0.3 0.0 0.0 0.0 0.0 0.0 0.0 0.72115 0.0 0.0 45.47487 -0.49999 0.07399 0.0 0.0 0.0 0.0 0.0 0.0 0.0498009419266 48 1 0.992647058824 0.573150252439 -2.54521586872
-0.12623 0.35028 3.35743 -0.12979 0.55971 4.02072 0.72613044217 1.03716955783 0.30541 0.41196 152.77952 195.62801 147.22542 138.42519 0.3 0.3 0.0 0.0 0.0 0.0 0.0 0.0 0.72115 0.0 0.0 45.47487 -0.49999 0.07399 0.0 0.0 0.0 0.0 0.0 0.0 0.0493795804023 49 0 0.921985815603 0.585988907524 -2.54521586872
-0.12623 0.35028 3.35743 -0.12979 0.55971 4.02072 0.723940046327 1.03935995367 0.30541 0.41196 152.77952 195.62801 147.22542 138.42519 0.3 0.3 0.0 0.0 0.0 0.0 0.0 0.0 0.72115 0.0 0.0 45.47487 -0.49999 0.07399 0.0 0.0 0.0 0.0 0.0 0.0 0.0511522348738 50 0 0.914893617021 0.726934038024 -2.54521586872
