-0.12623 0.35028 3.35743 -0.12979 0.55971 4.02072 0.764054507276 0.999245492724 0.30541 0.41196 152.77952 195.62801 147.22542 138.42519 0.3 0.3 0.0 0.0 0.0 0.0 0.0 0.0 0.72115 0.0 0.0 45.47487 -0.49999 0.07399 0.0 0.0 0.0 0.0 0.0 0.0 0.05 0 1 0.992647058824 0.448552600908 -2.2429202603
-0.12623 0.35028 3.35743 -0.12979 0.55971 4.02072 0.764383988973 0.998916011027 0.30541 0.41196 152.77952 195.62801 147.22542 138.42519 0.3 0.3 0.0 0.0 0.0 0.0 0.0 0.0 0.72115 0.0 0.0 45.47487 -0.49999 0.07399 0.0 0.0 0.0 0.0 0.0 0.0 0.0490621632502 1 1 0.992647058824 0.425455975823 -2.14613144471
-0.12623 0.35028 3.35743 -0.12979 0.55971 4.02072 0.774013169197 0.989286830803 0.30541 0.41196 152.77952 195.62801 147.22542 138.42519 0.3 0.3 0.0 0.0 0.0 0.0 0.0 0.0 0.72115 0.0 0.0 45.47487 -0.49999 0.07399 0.0 0.0 0.0 0.0 0.0 0.0 0.0491581612021 2 1 1.0 0.405867676191 -1.6953027671
-0.12623 0.35028 3.35743 -0.12979 0.55971 4.02072 0.793365282334 0.969934717666 0.30541 0.41196 152.77952 195.62801 147.22542 138.42519 0.3 0.3 0.0 0.0 0.0 0.0 0.0 0.0 0.72115 0.0 0.0 45.47487 -0.49999 0.07399 0.0 0.0 0.0 0.0 0.0 0.0 0.0491798060825 3 0 0.985401459854 0.522224490528 -1.6953027671
-0.12623 0.35028 3.35743 -0.12979 0.55971 4.02072 0.782522241776 0.980777758224 0.30541 0.41196 152.77952 195.62801 147.22542 138.42519 0.3 0.3 0.0 0.0 0.0 0.0 0.0 0.0 0.72115 0.0 0.0 45.47487 -0.49999 0.07399 0.0 0.0 0.0 0.0 0.0 0.0 0.0483991068787 4 1 1.0 0.000431257876229 -1.64373006554
-0.12623 0.35028 3.35743 -0.12979 0.55971 4.02072 0.772127008098 0.991172991902 0.30541 0.41196 152.77952 195.62801 147.22542 138.42519 0.3 0.3 0.0 0.0 0.0 0.0 0.0 0.0 0.72115 0.0 0.0 45.47487 -0.49999 0.07399 0.0 0.0 0.0 0.0 0.0 0.0 0.0486177544491 5 1 1.0 0.183024666391 -1.65850584153
-0.12623 0.35028 3.35743 -0.12979 0.55971 4.02072 0.774034664845 0.989265335155 0.30541 0.41196 152.77952 195.62801 147.22542 138.42519 0.3 0.3 0.0 0.0 0.0 0.0 0.0 0.0 0.72115 0.0 0.0 45.47487 -0.49999 0.07399 0.0 0.0 0.0 0.0 0.0 0.0 0.0486457682524 6 1 1.0 0.405887811994 -1.66040363221
-0.12623 0.35028 3.35743 -0.12979 0.55971 4.02072 0.761743420152 1.00155657985 0.30541 0.41196 152.77952 195.62801 147.22542 138.42519 0.3 0.3 0.0 0.0 0.0 0.0 0.0 0.0 0.72115 0.0 0.0 45.47487 -0.49999 0.07399 0.0 0.0 0.0 0.0 0.0 0.0 0.0474267126463 7 0 0.992647058824 0.465332408941 -1.66040363221
-0.12623 0.35028 3.35743 -0.12979 0.55971 4.02072 0.798863364123 0.964436635877 0.30541 0.41196 152.77952 195.62801 147.22542 138.42519 0.3 0.3 0.0 0.0 0.0 0.0 0.0 0.0 0.72115 0.0 0.0 45.47487 -0.49999 0.07399 0.0 0.0 0.0 0.0 0.0 0.0 0.0498233438505 8 1 0.985401459854 0.406219139237 -3.33491022138
-0.12623 0.35028 3.35743 -0.12979 0.55971 4.02072 0.793372991271 0.969927008729 0.30541 0.41196 152.77952 195.62801 147.22542 138.42519 0.3 0.3 0.0 0.0 0.0 0.0 0.0 0.0 0.72115 0.0 0.0 45.47487 -0.49999 0.07399 0.0 0.0 0.0 0.0 0.0 0.0 0.0496728240902 9 0 0.985401459854 0.522225443049 -3.33491022138
-0.12623 0.35028 3.35743 -0.12979 0.55971 4.02072 0.792530982353 0.970769017647 0.30541 0.41196 152.77952 195.62801 147.22542 138.42519 0.3 0.3 0.0 0.0 0.0 0.0 0.0 0.0 0.72115 0.0 0.0 45.47487 -0.49999 0.07399 0.0 0.0 0.0 0.0 0.0 0.0 0.0499337394669 10 0 0.985401459854 0.522114276981 -3.33491022138
-0.12623 0.35028 3.35743 -0.12979 0.55971 4.02072 0.816605691132 0.946694308868 0.30541 0.41196 152.77952 195.62801 147.22542 138.42519 0.3 0.3 0.0 0.0 0.0 0.0 0.0 0.0 0.72115 0.0 0.0 45.47487 -0.49999 0.07399 0.0 0.0 0.0 0.0 0.0 0.0 0.049562032351 11 0 0.964028776978 0.420814017829 -3.33491022138
-0.12623 0.35028 3.35743 -0.12979 0.55971 4.02072 0.776712256438 0.986587743562 0.30541 0.41196 152.77952 195.62801 147.22542 138.42519 0.3 0.3 0.0 0.0 0.0 0.0 0.0 0.0 0.72115 0.0 0.0 45.47487 -0.49999 0.07399 0.0 0.0 0.0 0.0 0.0 0.0 0.049647041981 12 1 1.0 0.399848014593 -1.7289311295
-0.12623 0.35028 3.35743 -0.12979 0.55971 4.02072 0.771593909953 0.991706090047 0.30541 0.41196 152.77952 195.62801 147.22542 138.42519 0.3 0.3 0.0 0.0 0.0 0.0 0.0 0.0 0.72115 0.0 0.0 45.47487 -0.49999 0.07399 0.0 0.0 0.0 0.0 0.0 0.0 0.0495947026348 13 1 1.0 0.184225704806 -1.72531546858
-0.12623 0.35028 3.35743 -0.12979 0.55971 4.02072 0.75893410971 1.00436589029 0.30541 0.41196 152.77952 195.62801 147.22542 138.42519 0.3 0.3 0.0 0.0 0.0 0.0 0.0 0.0 0.72115 0.0 0.0 45.47487 -0.49999 0.07399 0.0 0.0 0.0 0.0 0.0 0.0 0.0494534428472 14 0 0.992647058824 0.441024109609 -1.72531546858
-0.12623 0.35028 3.35743 -0.12979 0.55971 4.02072 0.779326197825 0.983973802175 0.30541 0.41196 152.77952 195.62801 147.22542 138.42519 0.3 0.3 0.0 0.0 0.0 0.0 0.0 0.0 0.72115 0.0 0.0 45.47487 -0.49999 0.07399 0.0 0.0 0.0 0.0 0.0 0.0 0.0492107454851 15 1 1.0 0.395953527064 -1.69890436066
-0.12623 0.35028 3.35743 -0.12979 0.55971 4.02072 0.799418785736 0.963881214264 0.30541 0.41196 152.77952 195.62801 147.22542 138.42519 0.3 0.3 0.0 0.0 0.0 0.0 0.0 0.0 0.72115 0.0 0.0 45.47487 -0.49999 0.07399 0.0 0.0 0.0 0.0 0.0 0.0 0.049353594664 16 0 0.978102189781 0.405070093404 -1.69890436066
-0.12623 0.35028 3.35743 -0.12979 0.55971 4.02072 0.749051417468 1.01424858253 0.30541 0.41196 152.77952 195.62801 147.22542 138.42519 0.3 0.3 0.0 0.0 0.0 0.0 0.0 0.0 0.72115 0.0 0.0 45.47487 -0.49999 0.07399 0.0 0.0 0.0 0.0 0.0 0.0 0.0482748153866 17 0 0.978102189781 0.592867276748 -1.69890436066
-0.12623 0.35028 3.35743 -0.12979 0.55971 4.02072 0.795367093726 0.967932906274 0.30541 0.41196 152.77952 195.62801 147.22542 138.42519 0.3 0.3 0.0 0.0 0.0 0.0 0.0 0.0 0.72115 0.0 0.0 45.47487 -0.49999 0.07399 0.0 0.0 0.0 0.0 0.0 0.0 0.0502257096929 18 0 0.985401459854 0.382137421512 -1.69890436066
-0.12623 0.35028 3.35743 -0.12979 0.55971 4.02072 0.789768933509 0.973531066491 0.30541 0.41196 152.77952 195.62801 147.22542 138.42519 0.3 0.3 0.0 0.0 0.0 0.0 0.0 0.0 0.72115 0.0 0.0 45.47487 -0.49999 0.07399 0.0 0.0 0.0 0.0 0.0 0.0 0.0482635388188 19 0 0.977941176471 0.376789788168 -1.69890436066
-0.12623 0.35028 3.35743 -0.12979 0.55971 4.02072 0.777628476473 0.985671523527 0.30541 0.41196 152.77952 195.62801 147.22542 138.42519 0.3 0.3 0.0 0.0 0.0 0.0 0.0 0.0 0.72115 0.0 0.0 45.47487 -0.49999 0.07399 0.0 0.0 0.0 0.0 0.0 0.0 0.0494067760045 20 1 1.0 0.399881593054 -1.71236376198
-0.12623 0.35028 3.35743 -0.12979 0.55971 4.02072 0.777893071904 0.985406928096 0.30541 0.41196 152.77952 195.62801 147.22542 138.42519 0.3 0.3 0.0 0.0 0.0 0.0 0.0 0.0 0.72115 0.0 0.0 45.47487 -0.49999 0.07399 0.0 0.0 0.0 0.0 0.0 0.0 0.04955894763 21 1 1.0 0.397688180882 -1.72284759844
-0.12623 0.35028 3.35743 -0.12979 0.55971 4.02072 0.815304224153 0.947995775847 0.30541 0.41196 152.77952 195.62801 147.22542 138.42519 0.3 0.3 0.0 0.0 0.0 0.0 0.0 0.0 0.72115 0.0 0.0 45.47487 -0.49999 0.07399 0.0 0.0 0.0 0.0 0.0 0.0 0.0496328511013 22 0 0.964028776978 0.420276859013 -1.72284759844
-0.12623 0.35028 3.35743 -0.12979 0.55971 4.02072 0.771564061238 0.991735938762 0.30541 0.41196 152.77952 195.62801 147.22542 138.42519 0.3 0.3 0.0 0.0 0.0 0.0 0.0 0.0 0.72115 0.0 0.0 45.47487 -0.49999 0.07399 0.0 0.0 0.0 0.0 0.0 0.0 0.049458978371 23 1 1.0 0.184220526338 -1.71595671162
-0.12623 0.35028 3.35743 -0.12979 0.55971 4.02072 0.769588176815 0.993711823185 0.30541 0.41196 152.77952 195.62801 147.22542 138.42519 0.3 0.3 0.0 0.0 0.0 0.0 0.0 0.0 0.72115 0.0 0.0 45.47487 -0.49999 0.07399 0.0 0.0 0.0 0.0 0.0 0.0 0.0500526333877 24 1 1.0 0.425999478367 -1.75707515384
-0.12623 0.35028 3.35743 -0.12979 0.55971 4.02072 0.771391258913 0.991908741087 0.30541 0.41196 152.77952 195.62801 147.22542 138.42519 0.3 0.3 0.0 0.0 0.0 0.0 0.0 0.0 0.72115 0.0 0.0 45.47487 -0.49999 0.07399 0.0 0.0 0.0 0.0 0.0 0.0 0.049857073754 25 1 1.0 0.185968662987 -1.74347754534
-0.12623 0.35028 3.35743 -0.12979 0.55971 4.02072 0.778768543675 0.984531456325 0.30541 0.41196 152.77952 195.62801 147.22542 138.42519 0.3 0.3 0.0 0.0 0.0 0.0 0.0 0.0 0.72115 0.0 0.0 45.47487 -0.49999 0.07399 0.0 0.0 0.0 0.0 0.0 0.0 0.0502284224698 26 1 1.0 0.395991863994 -1.76934210127
-0.12623 0.35028 3.35743 -0.12979 0.55971 4.02072 0.782317578495 0.980982421505 0.30541 0.41196 152.77952 195.62801 147.22542 138.42519 0.3 0.3 0.0 0.0 0.0 0.0 0.0 0.0 0.72115 0.0 0.0 45.47487 -0.49999 0.07399 0.0 0.0 0.0 0.0 0.0 0.0 0.0496186347173 27 1 1.0 0.422761469567 -1.72696826495
-0.12623 0.35028 3.35743 -0.12979 0.55971 4.02072 0.762861508133 1.00043849187 0.30541 0.41196 152.77952 195.62801 147.22542 138.42519 0.3 0.3 0.0 0.0 0.0 0.0 0.0 0.0 0.72115 0.0 0.0 45.47487 -0.49999 0.07399 0.0 0.0 0.0 0.0 0.0 0.0 0.0495764318841 28 0 0.992647058824 0.457043135187 -1.72696826495
-0.12623 0.35028 3.35743 -0.12979 0.55971 4.02072 0.751454155623 1.01184584438 0.30541 0.41196 152.77952 195.62801 147.22542 138.42519 0.3 0.3 0.0 0.0 0.0 0.0 0.0 0.0 0.72115 0.0 0.0 45.47487 -0.49999 0.07399 0.0 0.0 0.0 0.0 0.0 0.0 0.0500967790187 29 0 0.978102189781 0.481701989574 -1.72696826495
-0.12623 0.35028 3.35743 -0.12979 0.55971 4.02072 0.770822588191 0.992477411809 0.30541 0.41196 152.77952 195.62801 147.22542 138.42519 0.3 0.3 0.0 0.0 0.0 0.0 0.0 0.0 0.72115 0.0 0.0 45.47487 -0.49999 0.07399 0.0 0.0 0.0 0.0 0.0 0.0 0.0500707581386 30 1 1.0 0.18592789786 -1.75833801191
-0.12623 0.35028 3.35743 -0.12979 0.55971 4.02072 0.808732810426 0.954567189574 0.30541 0.41196 152.77952 195.62801 147.22542 138.42519 0.3 0.3 0.0 0.0 0.0 0.0 0.0 0.0 0.72115 0.0 0.0 45.47487 -0.49999 0.07399 0.0 0.0 0.0 0.0 0.0 0.0 0.0506876861929 31 0 0.964028776978 0.418426854851 -1.75833801191
-0.12623 0.35028 3.35743 -0.12979 0.55971 4.02072 0.787762800185 0.975537199815 0.30541 0.41196 152.77952 195.62801 147.22542 138.42519 0.3 0.3 0.0 0.0 0.0 0.0 0.0 0.0 0.72115 0.0 0.0 45.47487 -0.49999 0.07399 0.0 0.0 0.0 0.0 0.0 0.0 0.0500005470207 32 0 0.977941176471 0.188091634098 -1.75833801191
-0.12623 0.35028 3.35743 -0.12979 0.55971 4.02072 0.773985698878 0.989314301122 0.30541 0.41196 152.77952 195.62801 147.22542 138.42519 0.3 0.3 0.0 0.0 0.0 0.0 0.0 0.0 0.72115 0.0 0.0 45.47487 -0.49999 0.07399 0.0 0.0 0.0 0.0 0.0 0.0 0.0504421652529 33 1 1.0 0.405861802962 -1.78431366614
-0.12623 0.35028 3.35743 -0.12979 0.55971 4.02072 0.773744132962 0.989555867038 0.30541 0.41196 152.77952 195.62801 147.22542 138.42519 0.3 0.3 0.0 0.0 0.0 0.0 0.0 0.0 0.72115 0.0 0.0 45.47487 -0.49999 0.07399 0.0 0.0 0.0 0.0 0.0 0.0 0.0506720498782 34 1 1.0 0.410075311007 -1.80048460231
-0.12623 0.35028 3.35743 -0.12979 0.55971 4.02072 0.751446826807 1.01185317319 0.30541 0.41196 152.77952 195.62801 147.22542 138.42519 0.3 0.3 0.0 0.0 0.0 0.0 0.0 0.0 0.72115 0.0 0.0 45.47487 -0.49999 0.07399 0.0 0.0 0.0 0.0 0.0 0.0 0.0506192429076 35 0 0.978102189781 0.481701318761 -1.80048460231
-0.12623 0.35028 3.35743 -0.12979 0.55971 4.02072 0.74954319582 1.01375680418 0.30541 0.41196 152.77952 195.62801 147.22542 138.42519 0.3 0.3 0.0 0.0 0.0 0.0 0.0 0.0 0.72115 0.0 0.0 45.47487 -0.49999 0.07399 0.0 0.0 0.0 0.0 0.0 0.0 0.0505758392336 36 0 0.978102189781 0.593232020392 -1.80048460231
-0.12623 0.35028 3.35743 -0.12979 0.55971 4.02072 0.764378212279 0.998921787721 0.30541 0.41196 152.77952 195.62801 147.22542 138.42519 0.3 0.3 0.0 0.0 0.0 0.0 0.0 0.0 0.72115 0.0 0.0 45.47487 -0.49999 0.07399 0.0 0.0 0.0 0.0 0.0 0.0 0.0503217602161 37 1 0.992647058824 0.425456469274 -2.21065611531
-0.12623 0.35028 3.35743 -0.12979 0.55971 4.02072 0.787966228077 0.975333771923 0.30541 0.41196 152.77952 195.62801 147.22542 138.42519 0.3 0.3 0.0 0.0 0.0 0.0 0.0 0.0 0.72115 0.0 0.0 45.47487 -0.49999 0.07399 0.0 0.0 0.0 0.0 0.0 0.0 0.0497179537191 38 1 0.977941176471 0.188071065784 -2.51714753732
-0.12623 0.35028 3.35743 -0.12979 0.55971 4.02072 0.757833884241 1.00546611576 0.30541 0.41196 152.77952 195.62801 147.22542 138.42519 0.3 0.3 0.0 0.0 0.0 0.0 0.0 0.0 0.72115 0.0 0.0 45.47487 -0.49999 0.07399 0.0 0.0 0.0 0.0 0.0 0.0 0.0498197422264 39 1 0.985294117647 0.44310290887 -3.66548974531
-0.12623 0.35028 3.35743 -0.12979 0.55971 4.02072 0.756002579249 1.00729742075 0.30541 0.41196 152.77952 195.62801 147.22542 138.42519 0.3 0.3 0.0 0.0 0.0 0.0 0.0 0.0 0.72115 0.0 0.0 45.47487 -0.49999 0.07399 0.0 0.0 0.0 0.0 0.0 0.0 0.0496173516876 40 1 0.985294117647 0.463513208002 -3.85008383739
-0.12623 0.35028 3.35743 -0.12979 0.55971 4.02072 0.751964130154 1.01133586985 0.30541 0.41196 152.77952 195.62801 147.22542 138.42519 0.3 0.3 0.0 0.0 0.0 0.0 0.0 0.0 0.72115 0.0 0.0 45.47487 -0.49999 0.07399 0.0 0.0 0.0 0.0 0.0 0.0 0.0495569537483 41 0 0.978102189781 0.477232934792 -3.85008383739
-0.12623 0.35028 3.35743 -0.12979 0.55971 4.02072 0.787127868171 0.976172131829 0.30541 0.41196 152.77952 195.62801 147.22542 138.42519 0.3 0.3 0.0 0.0 0.0 0.0 0.0 0.0 0.72115 0.0 0.0 45.47487 -0.49999 0.07399 0.0 0.0 0.0 0.0 0.0 0.0 0.0496257353584 42 1 0.985294117647 0.193607195776 -2.09776737879
-0.12623 0.35028 3.35743 -0.12979 0.55971 4.02072 0.782433884539 0.980866115461 0.30541 0.41196 152.77952 195.62801 147.22542 138.42519 0.3 0.3 0.0 0.0 0.0 0.0 0.0 0.0 0.72115 0.0 0.0 45.47487 -0.49999 0.07399 0.0 0.0 0.0 0.0 0.0 0.0 0.0491313177268 43 1 1.0 0.000488193607459 -1.6934656486
-0.12623 0.35028 3.35743 -0.12979 0.55971 4.02072 0.775083719792 0.988216280208 0.30541 0.41196 152.77952 195.62801 147.22542 138.42519 0.3 0.3 0.0 0.0 0.0 0.0 0.0 0.0 0.72115 0.0 0.0 45.47487 -0.49999 0.07399 0.0 0.0 0.0 0.0 0.0 0.0 0.0489081744665 44 1 1.0 0.398642501539 -1.67823181613
-0.12623 0.35028 3.35743 -0.12979 0.55971 4.02072 0.752157641747 1.01114235825 0.30541 0.41196 152.77952 195.62801 147.22542 138.42519 0.3 0.3 0.0 0.0 0.0 0.0 0.0 0.0 0.72115 0.0 0.0 45.47487 -0.49999 0.07399 0.0 0.0 0.0 0.0 0.0 0.0 0.0482220220142 45 0 0.978102189781 0.477260193847 -1.67823181613
-0.12623 0.35028 3.35743 -0.12979 0.55971 4.02072 0.8120480282 0.9512519718 0.30541 0.41196 152.77952 195.62801 147.22542 138.42519 0.3 0.3 0.0 0.0 0.0 0.0 0.0 0.0 0.72115 0.0 0.0 45.47487 -0.49999 0.07399 0.0 0.0 0.0 0.0 0.0 0.0 0.0495415122289 46 0 0.964028776978 0.423171035358 -1.67823181613
-0.12623 0.35028 3.35743 -0.12979 0.55971 4.02072 0.791596329528 0.971703670472 0.30541 0.41196 152.77952 195.62801 147.22542 138.42519 0.3 0.3 0.0 0.0 0.0 0.0 0.0 0.0 0.72115 0.0 0.0 45.47487 -0.49999 0.07399 0.0 0.0 0.0 0.0 0.0 0.0 0.0486807834857 47 0 0.985401459854 0.522610032797 -1.67823181613
-0.12623 0.35028 3.35743 -0.12979 0.55971 4.02072 0.795031132724 0.968268867276 0.30541 0.41196 152.77952 195.62801 147.22542 138.42519 0.3 0.3 0.0 0.0 0.0 0.0 0.0 0.0 0.72115 0.0 0.0 45.47487 -0.49999 0.07399 0.0 0.0 0.0 0.0 0.0 0.0 0.049614283466 48 0 0.985401459854 0.382035201266 -1.67823181613
-0.12623 0.35028 3.35743 -0.12979 0.55971 4.02072 0.782127750528 0.981172249472 0.30541 0.41196 152.77952 195.62801 147.22542 138.42519 0.3 0.3 0.0 0.0 0.0 0.0 0.0 0.0 0.72115 0.0 0.0 45.47487 -0.49999 0.07399 0.0 0.0 0.0 0.0 0.0 0.0 0.0489877651689 49 1 1.0 0.42286291395 -1.68365769753
-0.12623 0.35028 3.35743 -0.12979 0.55971 4.02072 0.790937676338 0.972362323662 0.30541 0.41196 152.77952 195.62801 147.22542 138.42519 0.3 0.3 0.0 0.0 0.0 0.0 0.0 0.0 0.72115 0.0 0.0 45.47487 -0.49999 0.07399 0.0 0.0 0.0 0.0 0.0 0.0 0.0492633419701 50 0 0.985294117647 0.524457602004 -1.68365769753
