-0.12623 0.35028 3.35743 -0.12979 0.55971 4.02072 0.531341397181 1.23195860282 0.30541 0.41196 152.77952 195.62801 147.22542 138.42519 0.3 0.3 0.0 0.0 0.0 0.0 0.0 0.0 0.72115 0.0 0.0 45.47487 -0.49999 0.07399 0.0 0.0 0.0 0.0 0.0 0.0 0.05 0 1 0.776315789474 1.78091102934 -7142.89458909
-0.12623 0.35028 3.35743 -0.12979 0.55971 4.02072 0.530715243747 1.23258475625 0.30541 0.41196 152.77952 195.62801 147.22542 138.42519 0.3 0.3 0.0 0.0 0.0 0.0 0.0 0.0 0.72115 0.0 0.0 45.47487 -0.49999 0.07399 0.0 0.0 0.0 0.0 0.0 0.0 0.0504985454428 1 1 0.776315789474 1.79366368095 -7103.24543566
-0.12623 0.35028 3.35743 -0.12979 0.55971 4.02072 0.533689853261 1.22961014674 0.30541 0.41196 152.77952 195.62801 147.22542 138.42519 0.3 0.3 0.0 0.0 0.0 0.0 0.0 0.0 0.72115 0.0 0.0 45.47487 -0.49999 0.07399 0.0 0.0 0.0 0.0 0.0 0.0 0.0498681518632 2 1 0.776315789474 1.75356429723 -6961.9170653
-0.12623 0.35028 3.35743 -0.12979 0.55971 4.02072 0.505600148813 1.25769985119 0.30541 0.41196 152.77952 195.62801 147.22542 138.42519 0.3 0.3 0.0 0.0 0.0 0.0 0.0 0.0 0.72115 0.0 0.0 45.47487 -0.49999 0.07399 0.0 0.0 0.0 0.0 0.0 0.0 0.0497410157772 3 0 0.746753246753 1.80180772807 -6961.9170653
-0.12623 0.35028 3.35743 -0.12979 0.55971 4.02072 0.553749774501 1.2095502255 0.30541 0.41196 152.77952 195.62801 147.22542 138.42519 0.3 0.3 0.0 0.0 0.0 0.0 0.0 0.0 0.72115 0.0 0.0 45.47487 -0.49999 0.07399 0.0 0.0 0.0 0.0 0.0 0.0 0.0489667139577 4 1 0.794701986755 1.75448366597 -6088.89879059
-0.12623 0.35028 3.35743 -0.12979 0.55971 4.02072 0.526361757944 1.23693824206 0.30541 0.41196 152.77952 195.62801 147.22542 138.42519 0.3 0.3 0.0 0.0 0.0 0.0 0.0 0.0 0.72115 0.0 0.0 45.47487 -0.49999 0.07399 0.0 0.0 0.0 0.0 0.0 0.0 0.0484143081195 5 0 0.776315789474 1.78319889818 -6088.89879059
-0.12623 0.35028 3.35743 -0.12979 0.55971 4.02072 0.536108524749 1.22719147525 0.30541 0.41196 152.77952 195.62801 147.22542 138.42519 0.3 0.3 0.0 0.0 0.0 0.0 0.0 0.0 0.72115 0.0 0.0 45.47487 -0.49999 0.07399 0.0 0.0 0.0 0.0 0.0 0.0 0.0484902583857 6 0 0.782894736842 1.77584306726 -6088.89879059
-0.12623 0.35028 3.35743 -0.12979 0.55971 4.02072 0.543467561687 1.21983243831 0.30541 0.41196 152.77952 195.62801 147.22542 138.42519 0.3 0.3 0.0 0.0 0.0 0.0 0.0 0.0 0.72115 0.0 0.0 45.47487 -0.49999 0.07399 0.0 0.0 0.0 0.0 0.0 0.0 0.0490122807985 7 1 0.794701986755 1.68435370741 -5601.56613773
-0.12623 0.35028 3.35743 -0.12979 0.55971 4.02072 0.543118955331 1.22018104467 0.30541 0.41196 152.77952 195.62801 147.22542 138.42519 0.3 0.3 0.0 0.0 0.0 0.0 0.0 0.0 0.72115 0.0 0.0 45.47487 -0.49999 0.07399 0.0 0.0 0.0 0.0 0.0 0.0 0.0484005300087 8 0 0.794701986755 1.68394262558 -5601.56613773
-0.12623 0.35028 3.35743 -0.12979 0.55971 4.02072 0.487339023564 1.27596097644 0.30541 0.41196 152.77952 195.62801 147.22542 138.42519 0.3 0.3 0.0 0.0 0.0 0.0 0.0 0.0 0.72115 0.0 0.0 45.47487 -0.49999 0.07399 0.0 0.0 0.0 0.0 0.0 0.0 0.0484802283877 9 0 0.738562091503 1.99657030023 -5601.56613773
-0.12623 0.35028 3.35743 -0.12979 0.55971 4.02072 0.512334668469 1.25096533153 0.30541 0.41196 152.77952 195.62801 147.22542 138.42519 0.3 0.3 0.0 0.0 0.0 0.0 0.0 0.0 0.72115 0.0 0.0 45.47487 -0.49999 0.07399 0.0 0.0 0.0 0.0 0.0 0.0 0.04849823776 10 0 0.758169934641 1.78031971751 -5601.56613773
-0.12623 0.35028 3.35743 -0.12979 0.55971 4.02072 0.4962914129 1.2670085871 0.30541 0.41196 152.77952 195.62801 147.22542 138.42519 0.3 0.3 0.0 0.0 0.0 0.0 0.0 0.0 0.72115 0.0 0.0 45.47487 -0.49999 0.07399 0.0 0.0 0.0 0.0 0.0 0.0 0.0500861484943 11 0 0.746753246753 1.9076297901 -5601.56613773
-0.12623 0.35028 3.35743 -0.12979 0.55971 4.02072 0.522352633968 1.24094736603 0.30541 0.41196 152.77952 195.62801 147.22542 138.42519 0.3 0.3 0.0 0.0 0.0 0.0 0.0 0.0 0.72115 0.0 0.0 45.47487 -0.49999 0.07399 0.0 0.0 0.0 0.0 0.0 0.0 0.0496296633118 12 0 0.781456953642 1.78440397948 -5601.56613773
-0.12623 0.35028 3.35743 -0.12979 0.55971 4.02072 0.568640615447 1.19465938455 0.30541 0.41196 152.77952 195.62801 147.22542 138.42519 0.3 0.3 0.0 0.0 0.0 0.0 0.0 0.0 0.72115 0.0 0.0 45.47487 -0.49999 0.07399 0.0 0.0 0.0 0.0 0.0 0.0 0.0486128564778 13 1 0.798657718121 1.61072797894 -5008.50861217
-0.12623 0.35028 3.35743 -0.12979 0.55971 4.02072 0.528090887351 1.23520911265 0.30541 0.41196 152.77952 195.62801 147.22542 138.42519 0.3 0.3 0.0 0.0 0.0 0.0 0.0 0.0 0.72115 0.0 0.0 45.47487 -0.49999 0.07399 0.0 0.0 0.0 0.0 0.0 0.0 0.0485831157425 14 0 0.776315789474 1.77722960933 -5008.50861217
-0.12623 0.35028 3.35743 -0.12979 0.55971 4.02072 0.631514401732 1.13178559827 0.30541 0.41196 152.77952 195.62801 147.22542 138.42519 0.3 0.3 0.0 0.0 0.0 0.0 0.0 0.0 0.72115 0.0 0.0 45.47487 -0.49999 0.07399 0.0 0.0 0.0 0.0 0.0 0.0 0.048772789044 15 1 0.868055555556 1.36410821033 -1533.73406537
-0.12623 0.35028 3.35743 -0.12979 0.55971 4.02072 0.642052555315 1.12124744468 0.30541 0.41196 152.77952 195.62801 147.22542 138.42519 0.3 0.3 0.0 0.0 0.0 0.0 0.0 0.0 0.72115 0.0 0.0 45.47487 -0.49999 0.07399 0.0 0.0 0.0 0.0 0.0 0.0 0.0489056515832 16 0 0.854166666667 1.24709766607 -1533.73406537
-0.12623 0.35028 3.35743 -0.12979 0.55971 4.02072 0.612077721122 1.15122227888 0.30541 0.41196 152.77952 195.62801 147.22542 138.42519 0.3 0.3 0.0 0.0 0.0 0.0 0.0 0.0 0.72115 0.0 0.0 45.47487 -0.49999 0.07399 0.0 0.0 0.0 0.0 0.0 0.0 0.0472697882615 17 0 0.844594594595 1.45988077407 -1533.73406537
-0.12623 0.35028 3.35743 -0.12979 0.55971 4.02072 0.619911986803 1.1433880132 0.30541 0.41196 152.77952 195.62801 147.22542 138.42519 0.3 0.3 0.0 0.0 0.0 0.0 0.0 0.0 0.72115 0.0 0.0 45.47487 -0.49999 0.07399 0.0 0.0 0.0 0.0 0.0 0.0 0.0477167695945 18 0 0.862068965517 1.4580605395 -1533.73406537
-0.12623 0.35028 3.35743 -0.12979 0.55971 4.02072 0.612923614504 1.1503763855 0.30541 0.41196 152.77952 195.62801 147.22542 138.42519 0.3 0.3 0.0 0.0 0.0 0.0 0.0 0.0 0.72115 0.0 0.0 45.47487 -0.49999 0.07399 0.0 0.0 0.0 0.0 0.0 0.0 0.048585233929 19 0 0.844594594595 1.46332713114 -1533.73406537
-0.12623 0.35028 3.35743 -0.12979 0.55971 4.02072 0.630288484264 1.13301151574 0.30541 0.41196 152.77952 195.62801 147.22542 138.42519 0.3 0.3 0.0 0.0 0.0 0.0 0.0 0.0 0.72115 0.0 0.0 45.47487 -0.49999 0.07399 0.0 0.0 0.0 0.0 0.0 0.0 0.047938999508 20 0 0.861111111111 1.41162810783 -1533.73406537
-0.12623 0.35028 3.35743 -0.12979 0.55971 4.02072 0.665897386986 1.09740261301 0.30541 0.41196 152.77952 195.62801 147.22542 138.42519 0.3 0.3 0.0 0.0 0.0 0.0 0.0 0.0 0.72115 0.0 0.0 45.47487 -0.49999 0.07399 0.0 0.0 0.0 0.0 0.0 0.0 0.0495316902565 21 1 0.888888888889 1.15637005809 -758.719229788
-0.12623 0.35028 3.35743 -0.12979 0.55971 4.02072 0.64530673453 1.11799326547 0.30541 0.41196 152.77952 195.62801 147.22542 138.42519 0.3 0.3 0.0 0.0 0.0 0.0 0.0 0.0 0.72115 0.0 0.0 45.47487 -0.49999 0.07399 0.0 0.0 0.0 0.0 0.0 0.0 0.0498456402067 22 0 0.868055555556 1.2514582636 -758.719229788
-0.12623 0.35028 3.35743 -0.12979 0.55971 4.02072 0.688000756209 1.07529924379 0.30541 0.41196 152.77952 195.62801 147.22542 138.42519 0.3 0.3 0.0 0.0 0.0 0.0 0.0 0.0 0.72115 0.0 0.0 45.47487 -0.49999 0.07399 0.0 0.0 0.0 0.0 0.0 0.0 0.0489743768666 23 1 0.901408450704 0.907538225641 -377.194831291
-0.12623 0.35028 3.35743 -0.12979 0.55971 4.02072 0.693864727771 1.06943527223 0.30541 0.41196 152.77952 195.62801 147.22542 138.42519 0.3 0.3 0.0 0.0 0.0 0.0 0.0 0.0 0.72115 0.0 0.0 45.47487 -0.49999 0.07399 0.0 0.0 0.0 0.0 0.0 0.0 0.0490357093041 24 1 0.901408450704 0.882128056551 -355.578528423
-0.12623 0.35028 3.35743 -0.12979 0.55971 4.02072 0.672085062835 1.09121493717 0.30541 0.41196 152.77952 195.62801 147.22542 138.42519 0.3 0.3 0.0 0.0 0.0 0.0 0.0 0.0 0.72115 0.0 0.0 45.47487 -0.49999 0.07399 0.0 0.0 0.0 0.0 0.0 0.0 0.0483009101426 25 0 0.902097902098 1.06224408987 -355.578528423
-0.12623 0.35028 3.35743 -0.12979 0.55971 4.02072 0.699115169612 1.06418483039 0.30541 0.41196 152.77952 195.62801 147.22542 138.42519 0.3 0.3 0.0 0.0 0.0 0.0 0.0 0.0 0.72115 0.0 0.0 45.47487 -0.49999 0.07399 0.0 0.0 0.0 0.0 0.0 0.0 0.049224451611 26 1 0.90780141844 0.850077417584 -286.904221287
-0.12623 0.35028 3.35743 -0.12979 0.55971 4.02072 0.66707754899 1.09622245101 0.30541 0.41196 152.77952 195.62801 147.22542 138.42519 0.3 0.3 0.0 0.0 0.0 0.0 0.0 0.0 0.72115 0.0 0.0 45.47487 -0.49999 0.07399 0.0 0.0 0.0 0.0 0.0 0.0 0.0488845121238 27 0 0.895104895105 1.15753438385 -286.904221287
-0.12623 0.35028 3.35743 -0.12979 0.55971 4.02072 0.687225948919 1.07607405108 0.30541 0.41196 152.77952 195.62801 147.22542 138.42519 0.3 0.3 0.0 0.0 0.0 0.0 0.0 0.0 0.72115 0.0 0.0 45.47487 -0.49999 0.07399 0.0 0.0 0.0 0.0 0.0 0.0 0.0492453974301 28 0 0.901408450704 0.908210743421 -286.904221287
-0.12623 0.35028 3.35743 -0.12979 0.55971 4.02072 0.74039542714 1.02290457286 0.30541 0.41196 152.77952 195.62801 147.22542 138.42519 0.3 0.3 0.0 0.0 0.0 0.0 0.0 0.0 0.72115 0.0 0.0 45.47487 -0.49999 0.07399 0.0 0.0 0.0 0.0 0.0 0.0 0.0489230794728 29 1 0.942857142857 0.61122412278 -59.0182090436
-0.12623 0.35028 3.35743 -0.12979 0.55971 4.02072 0.743681220934 1.01961877907 0.30541 0.41196 152.77952 195.62801 147.22542 138.42519 0.3 0.3 0.0 0.0 0.0 0.0 0.0 0.0 0.72115 0.0 0.0 45.47487 -0.49999 0.07399 0.0 0.0 0.0 0.0 0.0 0.0 0.0489920468437 30 1 0.963768115942 0.60000332342 -23.8348052132
-0.12623 0.35028 3.35743 -0.12979 0.55971 4.02072 0.752039678278 1.01126032172 0.30541 0.41196 152.77952 195.62801 147.22542 138.42519 0.3 0.3 0.0 0.0 0.0 0.0 0.0 0.0 0.72115 0.0 0.0 45.47487 -0.49999 0.07399 0.0 0.0 0.0 0.0 0.0 0.0 0.0495780263963 31 1 0.978102189781 0.477243516855 -6.7228461679
-0.12623 0.35028 3.35743 -0.12979 0.55971 4.02072 0.751980463353 1.01131953665 0.30541 0.41196 152.77952 195.62801 147.22542 138.42519 0.3 0.3 0.0 0.0 0.0 0.0 0.0 0.0 0.72115 0.0 0.0 45.47487 -0.49999 0.07399 0.0 0.0 0.0 0.0 0.0 0.0 0.049373882209 32 1 0.978102189781 0.47723527171 -6.75003059453
-0.12623 0.35028 3.35743 -0.12979 0.55971 4.02072 0.778878553948 0.984421446052 0.30541 0.41196 152.77952 195.62801 147.22542 138.42519 0.3 0.3 0.0 0.0 0.0 0.0 0.0 0.0 0.72115 0.0 0.0 45.47487 -0.49999 0.07399 0.0 0.0 0.0 0.0 0.0 0.0 0.0489616806314 33 1 1.0 0.395985944092 -1.68187851148
-0.12623 0.35028 3.35743 -0.12979 0.55971 4.02072 0.764033058127 0.999266941873 0.30541 0.41196 152.77952 195.62801 147.22542 138.42519 0.3 0.3 0.0 0.0 0.0 0.0 0.0 0.0 0.72115 0.0 0.0 45.47487 -0.49999 0.07399 0.0 0.0 0.0 0.0 0.0 0.0 0.0492231804082 34 1 0.992647058824 0.448551136265 -2.2048355674
-0.12623 0.35028 3.35743 -0.12979 0.55971 4.02072 0.745482313705 1.0178176863 0.30541 0.41196 152.77952 195.62801 147.22542 138.42519 0.3 0.3 0.0 0.0 0.0 0.0 0.0 0.0 0.72115 0.0 0.0 45.47487 -0.49999 0.07399 0.0 0.0 0.0 0.0 0.0 0.0 0.048981156995 35 0 0.963768115942 0.62723680609 -2.2048355674
-0.12623 0.35028 3.35743 -0.12979 0.55971 4.02072 0.770654941084 0.992645058916 0.30541 0.41196 152.77952 195.62801 147.22542 138.42519 0.3 0.3 0.0 0.0 0.0 0.0 0.0 0.0 0.72115 0.0 0.0 45.47487 -0.49999 0.07399 0.0 0.0 0.0 0.0 0.0 0.0 0.0472447910771 36 1 1.0 0.185924360128 -1.5667962379
-0.12623 0.35028 3.35743 -0.12979 0.55971 4.02072 0.766872058532 0.996427941468 0.30541 0.41196 152.77952 195.62801 147.22542 138.42519 0.3 0.3 0.0 0.0 0.0 0.0 0.0 0.0 0.72115 0.0 0.0 45.47487 -0.49999 0.07399 0.0 0.0 0.0 0.0 0.0 0.0 0.0474273461644 37 1 0.992647058824 0.424812800015 -2.06683466629
-0.12623 0.35028 3.35743 -0.12979 0.55971 4.02072 0.774681762361 0.988618237639 0.30541 0.41196 152.77952 195.62801 147.22542 138.42519 0.3 0.3 0.0 0.0 0.0 0.0 0.0 0.0 0.72115 0.0 0.0 45.47487 -0.49999 0.07399 0.0 0.0 0.0 0.0 0.0 0.0 0.0471618098125 38 1 1.0 0.398460853049 -1.56133517865
-0.12623 0.35028 3.35743 -0.12979 0.55971 4.02072 0.753712160349 1.00958783965 0.30541 0.41196 152.77952 195.62801 147.22542 138.42519 0.3 0.3 0.0 0.0 0.0 0.0 0.0 0.0 0.72115 0.0 0.0 45.47487 -0.49999 0.07399 0.0 0.0 0.0 0.0 0.0 0.0 0.0474109453551 39 0 0.985294117647 0.478796101575 -1.56133517865
-0.12623 0.35028 3.35743 -0.12979 0.55971 4.02072 0.760839401828 1.00246059817 0.30541 0.41196 152.77952 195.62801 147.22542 138.42519 0.3 0.3 0.0 0.0 0.0 0.0 0.0 0.0 0.72115 0.0 0.0 45.47487 -0.49999 0.07399 0.0 0.0 0.0 0.0 0.0 0.0 0.0460291187529 40 0 0.992647058824 0.465559191688 -1.56133517865
-0.12623 0.35028 3.35743 -0.12979 0.55971 4.02072 0.761157101551 1.00214289845 0.30541 0.41196 152.77952 195.62801 147.22542 138.42519 0.3 0.3 0.0 0.0 0.0 0.0 0.0 0.0 0.72115 0.0 0.0 45.47487 -0.49999 0.07399 0.0 0.0 0.0 0.0 0.0 0.0 0.0473543491624 41 1 0.992647058824 0.465431873737 -2.16160090492
-0.12623 0.35028 3.35743 -0.12979 0.55971 4.02072 0.743208437067 1.02009156293 0.30541 0.41196 152.77952 195.62801 147.22542 138.42519 0.3 0.3 0.0 0.0 0.0 0.0 0.0 0.0 0.72115 0.0 0.0 45.47487 -0.49999 0.07399 0.0 0.0 0.0 0.0 0.0 0.0 0.0481134606689 42 0 0.963768115942 0.5999904146 -2.16160090492
-0.12623 0.35028 3.35743 -0.12979 0.55971 4.02072 0.776007452628 0.987292547372 0.30541 0.41196 152.77952 195.62801 147.22542 138.42519 0.3 0.3 0.0 0.0 0.0 0.0 0.0 0.0 0.72115 0.0 0.0 45.47487 -0.49999 0.07399 0.0 0.0 0.0 0.0 0.0 0.0 0.0487444532987 43 1 1.0 0.398529043467 -1.6670974881
-0.12623 0.35028 3.35743 -0.12979 0.55971 4.02072 0.779960461466 0.983339538534 0.30541 0.41196 152.77952 195.62801 147.22542 138.42519 0.3 0.3 0.0 0.0 0.0 0.0 0.0 0.0 0.72115 0.0 0.0 45.47487 -0.49999 0.07399 0.0 0.0 0.0 0.0 0.0 0.0 0.0478337060465 44 1 1.0 0.395268779218 -1.6058212918
-0.12623 0.35028 3.35743 -0.12979 0.55971 4.02072 0.794411709789 0.968888290211 0.30541 0.41196 152.77952 195.62801 147.22542 138.42519 0.3 0.3 0.0 0.0 0.0 0.0 0.0 0.0 0.72115 0.0 0.0 45.47487 -0.49999 0.07399 0.0 0.0 0.0 0.0 0.0 0.0 0.0471937788245 45 0 0.985401459854 0.528064692389 -1.6058212918
-0.12623 0.35028 3.35743 -0.12979 0.55971 4.02072 0.7881097354 0.9751902646 0.30541 0.41196 152.77952 195.62801 147.22542 138.42519 0.3 0.3 0.0 0.0 0.0 0.0 0.0 0.0 0.72115 0.0 0.0 45.47487 -0.49999 0.07399 0.0 0.0 0.0 0.0 0.0 0.0 0.0475048322544 46 1 0.977941176471 0.189044010406 -2.45086715861
-0.12623 0.35028 3.35743 -0.12979 0.55971 4.02072 0.76105004126 1.00224995874 0.30541 0.41196 152.77952 195.62801 147.22542 138.42519 0.3 0.3 0.0 0.0 0.0 0.0 0.0 0.0 0.72115 0.0 0.0 45.47487 -0.49999 0.07399 0.0 0.0 0.0 0.0 0.0 0.0 0.0470222294229 47 1 0.992647058824 0.465577135513 -2.14845215886
-0.12623 0.35028 3.35743 -0.12979 0.55971 4.02072 0.761314144928 1.00198585507 0.30541 0.41196 152.77952 195.62801 147.22542 138.42519 0.3 0.3 0.0 0.0 0.0 0.0 0.0 0.0 0.72115 0.0 0.0 45.47487 -0.49999 0.07399 0.0 0.0 0.0 0.0 0.0 0.0 0.046902159406 48 1 0.992647058824 0.465442089372 -2.14329875947
-0.12623 0.35028 3.35743 -0.12979 0.55971 4.02072 0.748093211092 1.01520678891 0.30541 0.41196 152.77952 195.62801 147.22542 138.42519 0.3 0.3 0.0 0.0 0.0 0.0 0.0 0.0 0.72115 0.0 0.0 45.47487 -0.49999 0.07399 0.0 0.0 0.0 0.0 0.0 0.0 0.0472065479232 49 0 0.978102189781 0.592847516909 -2.14329875947
-0.12623 0.35028 3.35743 -0.12979 0.55971 4.02072 0.767395162836 0.995904837164 0.30541 0.41196 152.77952 195.62801 147.22542 138.42519 0.3 0.3 0.0 0.0 0.0 0.0 0.0 0.0 0.72115 0.0 0.0 45.47487 -0.49999 0.07399 0.0 0.0 0.0 0.0 0.0 0.0 0.0470536991593 50 1 1.0 0.425059531913 -1.55423434047
