-0.12623 0.35028 3.35743 -0.12979 0.55971 4.02072 0.404788541487 1.35851145851 0.30541 0.41196 152.77952 195.62801 147.22542 138.42519 0.3 0.3 0.0 0.0 0.0 0.0 0.0 0.0 0.72115 0.0 0.0 45.47487 -0.49999 0.07399 0.0 0.0 0.0 0.0 0.0 0.0 0.05 0 1 0.683544303797 2.26867844114 -23196.2118424
-0.12623 0.35028 3.35743 -0.12979 0.55971 4.02072 0.357358456978 1.40594154302 0.30541 0.41196 152.77952 195.62801 147.22542 138.42519 0.3 0.3 0.0 0.0 0.0 0.0 0.0 0.0 0.72115 0.0 0.0 45.47487 -0.49999 0.07399 0.0 0.0 0.0 0.0 0.0 0.0 0.0499181220645 1 0 0.660256410256 2.42793328846 -23196.2118424
-0.12623 0.35028 3.35743 -0.12979 0.55971 4.02072 0.427383404238 1.33591659576 0.30541 0.41196 152.77952 195.62801 147.22542 138.42519 0.3 0.3 0.0 0.0 0.0 0.0 0.0 0.0 0.72115 0.0 0.0 45.47487 -0.49999 0.07399 0.0 0.0 0.0 0.0 0.0 0.0 0.0499698796495 2 1 0.716129032258 2.05817843057 -15381.3115449
-0.12623 0.35028 3.35743 -0.12979 0.55971 4.02072 0.43643248015 1.32686751985 0.30541 0.41196 152.77952 195.62801 147.22542 138.42519 0.3 0.3 0.0 0.0 0.0 0.0 0.0 0.0 0.72115 0.0 0.0 45.47487 -0.49999 0.07399 0.0 0.0 0.0 0.0 0.0 0.0 0.0501368909445 3 1 0.714285714286 2.00419870241 -14676.9345557
-0.12623 0.35028 3.35743 -0.12979 0.55971 4.02072 0.457488120249 1.30581187975 0.30541 0.41196 152.77952 195.62801 147.22542 138.42519 0.3 0.3 0.0 0.0 0.0 0.0 0.0 0.0 0.72115 0.0 0.0 45.47487 -0.49999 0.07399 0.0 0.0 0.0 0.0 0.0 0.0 0.0502571754501 4 1 0.74025974026 2.03180413818 -12406.8234053
-0.12623 0.35028 3.35743 -0.12979 0.55971 4.02072 0.411642538319 1.35165746168 0.30541 0.41196 152.77952 195.62801 147.22542 138.42519 0.3 0.3 0.0 0.0 0.0 0.0 0.0 0.0 0.72115 0.0 0.0 45.47487 -0.49999 0.07399 0.0 0.0 0.0 0.0 0.0 0.0 0.0502583776153 5 0 0.677215189873 2.18268626093 -12406.8234053
-0.12623 0.35028 3.35743 -0.12979 0.55971 4.02072 0.482482327789 1.28081767221 0.30541 0.41196 152.77952 195.62801 147.22542 138.42519 0.3 0.3 0.0 0.0 0.0 0.0 0.0 0.0 0.72115 0.0 0.0 45.47487 -0.49999 0.07399 0.0 0.0 0.0 0.0 0.0 0.0 0.0499173570125 6 0 0.732026143791 1.98602272181 -12406.8234053
-0.12623 0.35028 3.35743 -0.12979 0.55971 4.02072 0.439237278082 1.32406272192 0.30541 0.41196 152.77952 195.62801 147.22542 138.42519 0.3 0.3 0.0 0.0 0.0 0.0 0.0 0.0 0.72115 0.0 0.0 45.47487 -0.49999 0.07399 0.0 0.0 0.0 0.0 0.0 0.0 0.050069303136 7 0 0.720779220779 2.02379338023 -12406.8234053
-0.12623 0.35028 3.35743 -0.12979 0.55971 4.02072 0.502391743223 1.26090825678 0.30541 0.41196 152.77952 195.62801 147.22542 138.42519 0.3 0.3 0.0 0.0 0.0 0.0 0.0 0.0 0.72115 0.0 0.0 45.47487 -0.49999 0.07399 0.0 0.0 0.0 0.0 0.0 0.0 0.0496395692249 8 1 0.74025974026 1.85206425 -10567.1578275
-0.12623 0.35028 3.35743 -0.12979 0.55971 4.02072 0.498981369117 1.26431863088 0.30541 0.41196 152.77952 195.62801 147.22542 138.42519 0.3 0.3 0.0 0.0 0.0 0.0 0.0 0.0 0.72115 0.0 0.0 45.47487 -0.49999 0.07399 0.0 0.0 0.0 0.0 0.0 0.0 0.0492791424682 9 0 0.746753246753 1.88724557967 -10567.1578275
-0.12623 0.35028 3.35743 -0.12979 0.55971 4.02072 0.471100691138 1.29219930886 0.30541 0.41196 152.77952 195.62801 147.22542 138.42519 0.3 0.3 0.0 0.0 0.0 0.0 0.0 0.0 0.72115 0.0 0.0 45.47487 -0.49999 0.07399 0.0 0.0 0.0 0.0 0.0 0.0 0.0477873854161 10 0 0.732026143791 2.03632402461 -10567.1578275
-0.12623 0.35028 3.35743 -0.12979 0.55971 4.02072 0.514319104383 1.24898089562 0.30541 0.41196 152.77952 195.62801 147.22542 138.42519 0.3 0.3 0.0 0.0 0.0 0.0 0.0 0.0 0.72115 0.0 0.0 45.47487 -0.49999 0.07399 0.0 0.0 0.0 0.0 0.0 0.0 0.0500862617875 11 1 0.769736842105 1.76562094876 -7414.16446466
-0.12623 0.35028 3.35743 -0.12979 0.55971 4.02072 0.503653254602 1.2596467454 0.30541 0.41196 152.77952 195.62801 147.22542 138.42519 0.3 0.3 0.0 0.0 0.0 0.0 0.0 0.0 0.72115 0.0 0.0 45.47487 -0.49999 0.07399 0.0 0.0 0.0 0.0 0.0 0.0 0.0498222489631 12 0 0.74025974026 1.80856481554 -7414.16446466
-0.12623 0.35028 3.35743 -0.12979 0.55971 4.02072 0.400788263994 1.36251173601 0.30541 0.41196 152.77952 195.62801 147.22542 138.42519 0.3 0.3 0.0 0.0 0.0 0.0 0.0 0.0 0.72115 0.0 0.0 45.47487 -0.49999 0.07399 0.0 0.0 0.0 0.0 0.0 0.0 0.0501017612883 13 0 0.687898089172 2.27980939417 -7414.16446466
-0.12623 0.35028 3.35743 -0.12979 0.55971 4.02072 0.506433393662 1.25686660634 0.30541 0.41196 152.77952 195.62801 147.22542 138.42519 0.3 0.3 0.0 0.0 0.0 0.0 0.0 0.0 0.72115 0.0 0.0 45.47487 -0.49999 0.07399 0.0 0.0 0.0 0.0 0.0 0.0 0.0500759702762 14 0 0.746753246753 1.78067467503 -7414.16446466
-0.12623 0.35028 3.35743 -0.12979 0.55971 4.02072 0.493449812573 1.26985018743 0.30541 0.41196 152.77952 195.62801 147.22542 138.42519 0.3 0.3 0.0 0.0 0.0 0.0 0.0 0.0 0.72115 0.0 0.0 45.47487 -0.49999 0.07399 0.0 0.0 0.0 0.0 0.0 0.0 0.0510329991592 15 0 0.733766233766 1.95635896904 -7414.16446466
-0.12623 0.35028 3.35743 -0.12979 0.55971 4.02072 0.526394769106 1.23690523089 0.30541 0.41196 152.77952 195.62801 147.22542 138.42519 0.3 0.3 0.0 0.0 0.0 0.0 0.0 0.0 0.72115 0.0 0.0 45.47487 -0.49999 0.07399 0.0 0.0 0.0 0.0 0.0 0.0 0.050449107887 16 1 0.776315789474 1.78315714588 -7034.05316152
-0.12623 0.35028 3.35743 -0.12979 0.55971 4.02072 0.519833181224 1.24346681878 0.30541 0.41196 152.77952 195.62801 147.22542 138.42519 0.3 0.3 0.0 0.0 0.0 0.0 0.0 0.0 0.72115 0.0 0.0 45.47487 -0.49999 0.07399 0.0 0.0 0.0 0.0 0.0 0.0 0.051200457384 17 0 0.769736842105 1.81234155296 -7034.05316152
-0.12623 0.35028 3.35743 -0.12979 0.55971 4.02072 0.499628773157 1.26367122684 0.30541 0.41196 152.77952 195.62801 147.22542 138.42519 0.3 0.3 0.0 0.0 0.0 0.0 0.0 0.0 0.72115 0.0 0.0 45.47487 -0.49999 0.07399 0.0 0.0 0.0 0.0 0.0 0.0 0.0511203658443 18 0 0.746753246753 1.8778185771 -7034.05316152
-0.12623 0.35028 3.35743 -0.12979 0.55971 4.02072 0.582386399192 1.18091360081 0.30541 0.41196 152.77952 195.62801 147.22542 138.42519 0.3 0.3 0.0 0.0 0.0 0.0 0.0 0.0 0.72115 0.0 0.0 45.47487 -0.49999 0.07399 0.0 0.0 0.0 0.0 0.0 0.0 0.050419794387 19 1 0.818791946309 1.61260808701 -3780.66221521
-0.12623 0.35028 3.35743 -0.12979 0.55971 4.02072 0.596982086205 1.1663179138 0.30541 0.41196 152.77952 195.62801 147.22542 138.42519 0.3 0.3 0.0 0.0 0.0 0.0 0.0 0.0 0.72115 0.0 0.0 45.47487 -0.49999 0.07399 0.0 0.0 0.0 0.0 0.0 0.0 0.0509687300239 20 1 0.836734693878 1.52680530662 -2692.73678922
-0.12623 0.35028 3.35743 -0.12979 0.55971 4.02072 0.574501232993 1.18879876701 0.30541 0.41196 152.77952 195.62801 147.22542 138.42519 0.3 0.3 0.0 0.0 0.0 0.0 0.0 0.0 0.72115 0.0 0.0 45.47487 -0.49999 0.07399 0.0 0.0 0.0 0.0 0.0 0.0 0.05036020732 21 0 0.812080536913 1.63174255545 -2692.73678922
-0.12623 0.35028 3.35743 -0.12979 0.55971 4.02072 0.582767899398 1.1805321006 0.30541 0.41196 152.77952 195.62801 147.22542 138.42519 0.3 0.3 0.0 0.0 0.0 0.0 0.0 0.0 0.72115 0.0 0.0 45.47487 -0.49999 0.07399 0.0 0.0 0.0 0.0 0.0 0.0 0.0517043537159 22 0 0.818791946309 1.61828901133 -2692.73678922
-0.12623 0.35028 3.35743 -0.12979 0.55971 4.02072 0.602764188583 1.16053581142 0.30541 0.41196 152.77952 195.62801 147.22542 138.42519 0.3 0.3 0.0 0.0 0.0 0.0 0.0 0.0 0.72115 0.0 0.0 45.47487 -0.49999 0.07399 0.0 0.0 0.0 0.0 0.0 0.0 0.0518621200786 23 1 0.843537414966 1.55846790525 -2488.84486604
-0.12623 0.35028 3.35743 -0.12979 0.55971 4.02072 0.578018637494 1.18528136251 0.30541 0.41196 152.77952 195.62801 147.22542 138.42519 0.3 0.3 0.0 0.0 0.0 0.0 0.0 0.0 0.72115 0.0 0.0 45.47487 -0.49999 0.07399 0.0 0.0 0.0 0.0 0.0 0.0 0.0516497431976 24 0 0.812080536913 1.59059809898 -2488.84486604
-0.12623 0.35028 3.35743 -0.12979 0.55971 4.02072 0.655787144315 1.10751285568 0.30541 0.41196 152.77952 195.62801 147.22542 138.42519 0.3 0.3 0.0 0.0 0.0 0.0 0.0 0.0 0.72115 0.0 0.0 45.47487 -0.49999 0.07399 0.0 0.0 0.0 0.0 0.0 0.0 0.0526754857628 25 1 0.868055555556 1.10410044952 -862.412604337
-0.12623 0.35028 3.35743 -0.12979 0.55971 4.02072 0.659823051716 1.10347694828 0.30541 0.41196 152.77952 195.62801 147.22542 138.42519 0.3 0.3 0.0 0.0 0.0 0.0 0.0 0.0 0.72115 0.0 0.0 45.47487 -0.49999 0.07399 0.0 0.0 0.0 0.0 0.0 0.0 0.0522850960714 26 1 0.881944444444 1.15772135381 -770.652710851
-0.12623 0.35028 3.35743 -0.12979 0.55971 4.02072 0.652080907034 1.11121909297 0.30541 0.41196 152.77952 195.62801 147.22542 138.42519 0.3 0.3 0.0 0.0 0.0 0.0 0.0 0.0 0.72115 0.0 0.0 45.47487 -0.49999 0.07399 0.0 0.0 0.0 0.0 0.0 0.0 0.051454914749 27 0 0.868055555556 1.14449214086 -770.652710851
-0.12623 0.35028 3.35743 -0.12979 0.55971 4.02072 0.659138032842 1.10416196716 0.30541 0.41196 152.77952 195.62801 147.22542 138.42519 0.3 0.3 0.0 0.0 0.0 0.0 0.0 0.0 0.72115 0.0 0.0 45.47487 -0.49999 0.07399 0.0 0.0 0.0 0.0 0.0 0.0 0.0530582951216 28 0 0.875 1.16982804026 -770.652710851
-0.12623 0.35028 3.35743 -0.12979 0.55971 4.02072 0.639085656916 1.12421434308 0.30541 0.41196 152.77952 195.62801 147.22542 138.42519 0.3 0.3 0.0 0.0 0.0 0.0 0.0 0.0 0.72115 0.0 0.0 45.47487 -0.49999 0.07399 0.0 0.0 0.0 0.0 0.0 0.0 0.0523075677017 29 0 0.854166666667 1.23282261014 -770.652710851
-0.12623 0.35028 3.35743 -0.12979 0.55971 4.02072 0.667765913861 1.09553408614 0.30541 0.41196 152.77952 195.62801 147.22542 138.42519 0.3 0.3 0.0 0.0 0.0 0.0 0.0 0.0 0.72115 0.0 0.0 45.47487 -0.49999 0.07399 0.0 0.0 0.0 0.0 0.0 0.0 0.0525794098965 30 1 0.895104895105 1.14004975718 -583.878675683
-0.12623 0.35028 3.35743 -0.12979 0.55971 4.02072 0.67801050803 1.08528949197 0.30541 0.41196 152.77952 195.62801 147.22542 138.42519 0.3 0.3 0.0 0.0 0.0 0.0 0.0 0.0 0.72115 0.0 0.0 45.47487 -0.49999 0.07399 0.0 0.0 0.0 0.0 0.0 0.0 0.0524341418597 31 1 0.895104895105 1.04278302607 -491.505530168
-0.12623 0.35028 3.35743 -0.12979 0.55971 4.02072 0.681666635899 1.0816333641 0.30541 0.41196 152.77952 195.62801 147.22542 138.42519 0.3 0.3 0.0 0.0 0.0 0.0 0.0 0.0 0.72115 0.0 0.0 45.47487 -0.49999 0.07399 0.0 0.0 0.0 0.0 0.0 0.0 0.05269330744 32 1 0.895104895105 0.997585828721 -445.60809325
-0.12623 0.35028 3.35743 -0.12979 0.55971 4.02072 0.667089557153 1.09621044285 0.30541 0.41196 152.77952 195.62801 147.22542 138.42519 0.3 0.3 0.0 0.0 0.0 0.0 0.0 0.0 0.72115 0.0 0.0 45.47487 -0.49999 0.07399 0.0 0.0 0.0 0.0 0.0 0.0 0.0535654548212 33 0 0.895104895105 1.15752194436 -445.60809325
-0.12623 0.35028 3.35743 -0.12979 0.55971 4.02072 0.669021903923 1.09427809608 0.30541 0.41196 152.77952 195.62801 147.22542 138.42519 0.3 0.3 0.0 0.0 0.0 0.0 0.0 0.0 0.72115 0.0 0.0 45.47487 -0.49999 0.07399 0.0 0.0 0.0 0.0 0.0 0.0 0.0518742401813 34 0 0.895104895105 1.11672813108 -445.60809325
-0.12623 0.35028 3.35743 -0.12979 0.55971 4.02072 0.651343261904 1.1119567381 0.30541 0.41196 152.77952 195.62801 147.22542 138.42519 0.3 0.3 0.0 0.0 0.0 0.0 0.0 0.0 0.72115 0.0 0.0 45.47487 -0.49999 0.07399 0.0 0.0 0.0 0.0 0.0 0.0 0.0528592729395 35 0 0.868055555556 1.13306901387 -445.60809325
-0.12623 0.35028 3.35743 -0.12979 0.55971 4.02072 0.674101248169 1.08919875183 0.30541 0.41196 152.77952 195.62801 147.22542 138.42519 0.3 0.3 0.0 0.0 0.0 0.0 0.0 0.0 0.72115 0.0 0.0 45.47487 -0.49999 0.07399 0.0 0.0 0.0 0.0 0.0 0.0 0.0524636489523 36 1 0.902097902098 1.0622946453 -444.017753665
-0.12623 0.35028 3.35743 -0.12979 0.55971 4.02072 0.626323949879 1.13697605012 0.30541 0.41196 152.77952 195.62801 147.22542 138.42519 0.3 0.3 0.0 0.0 0.0 0.0 0.0 0.0 0.72115 0.0 0.0 45.47487 -0.49999 0.07399 0.0 0.0 0.0 0.0 0.0 0.0 0.0521921965641 37 0 0.861111111111 1.46280795302 -444.017753665
-0.12623 0.35028 3.35743 -0.12979 0.55971 4.02072 0.7103772447 1.0529227553 0.30541 0.41196 152.77952 195.62801 147.22542 138.42519 0.3 0.3 0.0 0.0 0.0 0.0 0.0 0.0 0.72115 0.0 0.0 45.47487 -0.49999 0.07399 0.0 0.0 0.0 0.0 0.0 0.0 0.0532841653317 38 1 0.921985815603 0.935108771218 -212.865436328
-0.12623 0.35028 3.35743 -0.12979 0.55971 4.02072 0.755621551116 1.00767844888 0.30541 0.41196 152.77952 195.62801 147.22542 138.42519 0.3 0.3 0.0 0.0 0.0 0.0 0.0 0.0 0.72115 0.0 0.0 45.47487 -0.49999 0.07399 0.0 0.0 0.0 0.0 0.0 0.0 0.0540091059972 39 1 0.985294117647 0.467931850242 -3.86950074666
-0.12623 0.35028 3.35743 -0.12979 0.55971 4.02072 0.771588003022 0.991711996978 0.30541 0.41196 152.77952 195.62801 147.22542 138.42519 0.3 0.3 0.0 0.0 0.0 0.0 0.0 0.0 0.72115 0.0 0.0 45.47487 -0.49999 0.07399 0.0 0.0 0.0 0.0 0.0 0.0 0.0542960761708 40 1 1.0 0.184223101811 -2.0647986916
-0.12623 0.35028 3.35743 -0.12979 0.55971 4.02072 0.770110663319 0.993189336681 0.30541 0.41196 152.77952 195.62801 147.22542 138.42519 0.3 0.3 0.0 0.0 0.0 0.0 0.0 0.0 0.72115 0.0 0.0 45.47487 -0.49999 0.07399 0.0 0.0 0.0 0.0 0.0 0.0 0.0542318441473 41 1 1.0 0.426449030944 -2.05996071376
-0.12623 0.35028 3.35743 -0.12979 0.55971 4.02072 0.778202671854 0.985097328146 0.30541 0.41196 152.77952 195.62801 147.22542 138.42519 0.3 0.3 0.0 0.0 0.0 0.0 0.0 0.0 0.72115 0.0 0.0 45.47487 -0.49999 0.07399 0.0 0.0 0.0 0.0 0.0 0.0 0.0540618863302 42 1 1.0 0.397216921527 -2.04718605688
-0.12623 0.35028 3.35743 -0.12979 0.55971 4.02072 0.76769663082 0.99560336918 0.30541 0.41196 152.77952 195.62801 147.22542 138.42519 0.3 0.3 0.0 0.0 0.0 0.0 0.0 0.0 0.72115 0.0 0.0 45.47487 -0.49999 0.07399 0.0 0.0 0.0 0.0 0.0 0.0 0.053929527375 43 1 1.0 0.425036559285 -2.03726424128
-0.12623 0.35028 3.35743 -0.12979 0.55971 4.02072 0.773831191345 0.989468808655 0.30541 0.41196 152.77952 195.62801 147.22542 138.42519 0.3 0.3 0.0 0.0 0.0 0.0 0.0 0.0 0.72115 0.0 0.0 45.47487 -0.49999 0.07399 0.0 0.0 0.0 0.0 0.0 0.0 0.0538973788729 44 1 1.0 0.410061285038 -2.03485788307
-0.12623 0.35028 3.35743 -0.12979 0.55971 4.02072 0.780316667427 0.982983332573 0.30541 0.41196 152.77952 195.62801 147.22542 138.42519 0.3 0.3 0.0 0.0 0.0 0.0 0.0 0.0 0.72115 0.0 0.0 45.47487 -0.49999 0.07399 0.0 0.0 0.0 0.0 0.0 0.0 0.0533425101002 45 1 1.0 0.394879140521 -1.99354329592
-0.12623 0.35028 3.35743 -0.12979 0.55971 4.02072 0.80003987863 0.96326012137 0.30541 0.41196 152.77952 195.62801 147.22542 138.42519 0.3 0.3 0.0 0.0 0.0 0.0 0.0 0.0 0.72115 0.0 0.0 45.47487 -0.49999 0.07399 0.0 0.0 0.0 0.0 0.0 0.0 0.0522844755361 46 0 0.978102189781 0.405752706845 -1.99354329592
-0.12623 0.35028 3.35743 -0.12979 0.55971 4.02072 0.758460981538 1.00483901846 0.30541 0.41196 152.77952 195.62801 147.22542 138.42519 0.3 0.3 0.0 0.0 0.0 0.0 0.0 0.0 0.72115 0.0 0.0 45.47487 -0.49999 0.07399 0.0 0.0 0.0 0.0 0.0 0.0 0.0522849630314 47 1 0.992647058824 0.44149450317 -2.34962538499
-0.12623 0.35028 3.35743 -0.12979 0.55971 4.02072 0.760956006304 1.0023439937 0.30541 0.41196 152.77952 195.62801 147.22542 138.42519 0.3 0.3 0.0 0.0 0.0 0.0 0.0 0.0 0.72115 0.0 0.0 45.47487 -0.49999 0.07399 0.0 0.0 0.0 0.0 0.0 0.0 0.052671255218 48 1 0.992647058824 0.46556365518 -2.41932424675
-0.12623 0.35028 3.35743 -0.12979 0.55971 4.02072 0.747251296383 1.01604870362 0.30541 0.41196 152.77952 195.62801 147.22542 138.42519 0.3 0.3 0.0 0.0 0.0 0.0 0.0 0.0 0.72115 0.0 0.0 45.47487 -0.49999 0.07399 0.0 0.0 0.0 0.0 0.0 0.0 0.0522022168533 49 0 0.971014492754 0.601027036431 -2.41932424675
-0.12623 0.35028 3.35743 -0.12979 0.55971 4.02072 0.755844721966 1.00745527803 0.30541 0.41196 152.77952 195.62801 147.22542 138.42519 0.3 0.3 0.0 0.0 0.0 0.0 0.0 0.0 0.72115 0.0 0.0 45.47487 -0.49999 0.07399 0.0 0.0 0.0 0.0 0.0 0.0 0.0529615888697 50 0 0.985294117647 0.465599500673 -2.41932424675
