-0.12623 0.35028 3.35743 -0.12979 0.55971 4.02072 0.834252192254 0.929047807746 0.30541 0.41196 152.77952 195.62801 147.22542 138.42519 0.3 0.3 0.0 0.0 0.0 0.0 0.0 0.0 0.72115 0.0 0.0 45.47487 -0.49999 0.07399 0.0 0.0 0.0 0.0 0.0 0.0 0.05 0 1 0.950354609929 0.546653297134 -34.8966008267
-0.12623 0.35028 3.35743 -0.12979 0.55971 4.02072 0.850061638137 0.913238361863 0.30541 0.41196 152.77952 195.62801 147.22542 138.42519 0.3 0.3 0.0 0.0 0.0 0.0 0.0 0.0 0.72115 0.0 0.0 45.47487 -0.49999 0.07399 0.0 0.0 0.0 0.0 0.0 0.0 0.050092181053 1 1 0.956834532374 0.582424299003 -30.097525532
-0.12623 0.35028 3.35743 -0.12979 0.55971 4.02072 0.834014701139 0.929285298861 0.30541 0.41196 152.77952 195.62801 147.22542 138.42519 0.3 0.3 0.0 0.0 0.0 0.0 0.0 0.0 0.72115 0.0 0.0 45.47487 -0.49999 0.07399 0.0 0.0 0.0 0.0 0.0 0.0 0.0513439918552 2 0 0.950354609929 0.543487595276 -30.097525532
-0.12623 0.35028 3.35743 -0.12979 0.55971 4.02072 0.847775222893 0.915524777107 0.30541 0.41196 152.77952 195.62801 147.22542 138.42519 0.3 0.3 0.0 0.0 0.0 0.0 0.0 0.0 0.72115 0.0 0.0 45.47487 -0.49999 0.07399 0.0 0.0 0.0 0.0 0.0 0.0 0.0500349061619 3 1 0.956834532374 0.573657501486 -29.3098368369
-0.12623 0.35028 3.35743 -0.12979 0.55971 4.02072 0.834359645874 0.928940354126 0.30541 0.41196 152.77952 195.62801 147.22542 138.42519 0.3 0.3 0.0 0.0 0.0 0.0 0.0 0.0 0.72115 0.0 0.0 45.47487 -0.49999 0.07399 0.0 0.0 0.0 0.0 0.0 0.0 0.0506706540338 4 1 0.957142857143 0.544933361023 -25.6990007409
-0.12623 0.35028 3.35743 -0.12979 0.55971 4.02072 0.81756379765 0.94573620235 0.30541 0.41196 152.77952 195.62801 147.22542 138.42519 0.3 0.3 0.0 0.0 0.0 0.0 0.0 0.0 0.72115 0.0 0.0 45.47487 -0.49999 0.07399 0.0 0.0 0.0 0.0 0.0 0.0 0.0501098294088 5 1 0.964028776978 0.42169362829 -12.0699341473
-0.12623 0.35028 3.35743 -0.12979 0.55971 4.02072 0.803849376668 0.959450623332 0.30541 0.41196 152.77952 195.62801 147.22542 138.42519 0.3 0.3 0.0 0.0 0.0 0.0 0.0 0.0 0.72115 0.0 0.0 45.47487 -0.49999 0.07399 0.0 0.0 0.0 0.0 0.0 0.0 0.049979440078 6 1 0.964028776978 0.407398903043 -11.4240595937
-0.12623 0.35028 3.35743 -0.12979 0.55971 4.02072 0.798392846332 0.964907153668 0.30541 0.41196 152.77952 195.62801 147.22542 138.42519 0.3 0.3 0.0 0.0 0.0 0.0 0.0 0.0 0.72115 0.0 0.0 45.47487 -0.49999 0.07399 0.0 0.0 0.0 0.0 0.0 0.0 0.0499035659336 7 1 0.985401459854 0.38430793334 -3.16859856465
-0.12623 0.35028 3.35743 -0.12979 0.55971 4.02072 0.803038409541 0.960261590459 0.30541 0.41196 152.77952 195.62801 147.22542 138.42519 0.3 0.3 0.0 0.0 0.0 0.0 0.0 0.0 0.72115 0.0 0.0 45.47487 -0.49999 0.07399 0.0 0.0 0.0 0.0 0.0 0.0 0.0504121759999 8 0 0.971223021583 0.403971010579 -3.16859856465
-0.12623 0.35028 3.35743 -0.12979 0.55971 4.02072 0.792134761352 0.971165238648 0.30541 0.41196 152.77952 195.62801 147.22542 138.42519 0.3 0.3 0.0 0.0 0.0 0.0 0.0 0.0 0.72115 0.0 0.0 45.47487 -0.49999 0.07399 0.0 0.0 0.0 0.0 0.0 0.0 0.0505818047375 9 1 0.985401459854 0.521751135262 -4.34512255944
-0.12623 0.35028 3.35743 -0.12979 0.55971 4.02072 0.765869900381 0.997430099619 0.30541 0.41196 152.77952 195.62801 147.22542 138.42519 0.3 0.3 0.0 0.0 0.0 0.0 0.0 0.0 0.72115 0.0 0.0 45.47487 -0.49999 0.07399 0.0 0.0 0.0 0.0 0.0 0.0 0.0501277577735 10 1 0.992647058824 0.42596485791 -2.20151579627
-0.12623 0.35028 3.35743 -0.12979 0.55971 4.02072 0.766167409232 0.997132590768 0.30541 0.41196 152.77952 195.62801 147.22542 138.42519 0.3 0.3 0.0 0.0 0.0 0.0 0.0 0.0 0.72115 0.0 0.0 45.47487 -0.49999 0.07399 0.0 0.0 0.0 0.0 0.0 0.0 0.0499362376816 11 1 0.992647058824 0.425620882925 -2.19084005004
-0.12623 0.35028 3.35743 -0.12979 0.55971 4.02072 0.772267151862 0.991032848138 0.30541 0.41196 152.77952 195.62801 147.22542 138.42519 0.3 0.3 0.0 0.0 0.0 0.0 0.0 0.0 0.72115 0.0 0.0 45.47487 -0.49999 0.07399 0.0 0.0 0.0 0.0 0.0 0.0 0.0499423223464 12 1 1.0 0.183046465183 -1.74939868874
-0.12623 0.35028 3.35743 -0.12979 0.55971 4.02072 0.753604175882 1.00969582412 0.30541 0.41196 152.77952 195.62801 147.22542 138.42519 0.3 0.3 0.0 0.0 0.0 0.0 0.0 0.0 0.72115 0.0 0.0 45.47487 -0.49999 0.07399 0.0 0.0 0.0 0.0 0.0 0.0 0.0504174771614 13 0 0.985294117647 0.478789700314 -1.74939868874
-0.12623 0.35028 3.35743 -0.12979 0.55971 4.02072 0.737751071503 1.0255489285 0.30541 0.41196 152.77952 195.62801 147.22542 138.42519 0.3 0.3 0.0 0.0 0.0 0.0 0.0 0.0 0.72115 0.0 0.0 45.47487 -0.49999 0.07399 0.0 0.0 0.0 0.0 0.0 0.0 0.049711929159 14 0 0.942857142857 0.610344807672 -1.74939868874
-0.12623 0.35028 3.35743 -0.12979 0.55971 4.02072 0.763198540003 1.00010146 0.30541 0.41196 152.77952 195.62801 147.22542 138.42519 0.3 0.3 0.0 0.0 0.0 0.0 0.0 0.0 0.72115 0.0 0.0 45.47487 -0.49999 0.07399 0.0 0.0 0.0 0.0 0.0 0.0 0.0500337800291 15 1 0.992647058824 0.451870378307 -2.25186953241
-0.12623 0.35028 3.35743 -0.12979 0.55971 4.02072 0.740317843733 1.02298215627 0.30541 0.41196 152.77952 195.62801 147.22542 138.42519 0.3 0.3 0.0 0.0 0.0 0.0 0.0 0.0 0.72115 0.0 0.0 45.47487 -0.49999 0.07399 0.0 0.0 0.0 0.0 0.0 0.0 0.0502861841354 16 0 0.942857142857 0.61127765453 -2.25186953241
-0.12623 0.35028 3.35743 -0.12979 0.55971 4.02072 0.72408808876 1.03921191124 0.30541 0.41196 152.77952 195.62801 147.22542 138.42519 0.3 0.3 0.0 0.0 0.0 0.0 0.0 0.0 0.72115 0.0 0.0 45.47487 -0.49999 0.07399 0.0 0.0 0.0 0.0 0.0 0.0 0.0502165638661 17 0 0.914893617021 0.726977965397 -2.25186953241
-0.12623 0.35028 3.35743 -0.12979 0.55971 4.02072 0.778636868272 0.984663131728 0.30541 0.41196 152.77952 195.62801 147.22542 138.42519 0.3 0.3 0.0 0.0 0.0 0.0 0.0 0.0 0.72115 0.0 0.0 45.47487 -0.49999 0.07399 0.0 0.0 0.0 0.0 0.0 0.0 0.0504198038631 18 1 1.0 0.396035877766 -1.78274448349
-0.12623 0.35028 3.35743 -0.12979 0.55971 4.02072 0.779782585086 0.983517414914 0.30541 0.41196 152.77952 195.62801 147.22542 138.42519 0.3 0.3 0.0 0.0 0.0 0.0 0.0 0.0 0.72115 0.0 0.0 45.47487 -0.49999 0.07399 0.0 0.0 0.0 0.0 0.0 0.0 0.0504961122152 19 1 1.0 0.395274181487 -1.78810210085
-0.12623 0.35028 3.35743 -0.12979 0.55971 4.02072 0.788376073879 0.974923926121 0.30541 0.41196 152.77952 195.62801 147.22542 138.42519 0.3 0.3 0.0 0.0 0.0 0.0 0.0 0.0 0.72115 0.0 0.0 45.47487 -0.49999 0.07399 0.0 0.0 0.0 0.0 0.0 0.0 0.0504439377743 20 0 0.977941176471 0.18935046469 -1.78810210085
-0.12623 0.35028 3.35743 -0.12979 0.55971 4.02072 0.775384117134 0.987915882866 0.30541 0.41196 152.77952 195.62801 147.22542 138.42519 0.3 0.3 0.0 0.0 0.0 0.0 0.0 0.0 0.72115 0.0 0.0 45.47487 -0.49999 0.07399 0.0 0.0 0.0 0.0 0.0 0.0 0.0504879133361 21 1 1.0 0.398569998823 -1.78752608042
-0.12623 0.35028 3.35743 -0.12979 0.55971 4.02072 0.795063281744 0.968236718256 0.30541 0.41196 152.77952 195.62801 147.22542 138.42519 0.3 0.3 0.0 0.0 0.0 0.0 0.0 0.0 0.72115 0.0 0.0 45.47487 -0.49999 0.07399 0.0 0.0 0.0 0.0 0.0 0.0 0.0506308730953 22 0 0.985401459854 0.382045441277 -1.78752608042
-0.12623 0.35028 3.35743 -0.12979 0.55971 4.02072 0.787732333159 0.975567666841 0.30541 0.41196 152.77952 195.62801 147.22542 138.42519 0.3 0.3 0.0 0.0 0.0 0.0 0.0 0.0 0.72115 0.0 0.0 45.47487 -0.49999 0.07399 0.0 0.0 0.0 0.0 0.0 0.0 0.0505176563026 23 1 0.985294117647 0.187192341961 -2.12367612477
-0.12623 0.35028 3.35743 -0.12979 0.55971 4.02072 0.797088996991 0.966211003009 0.30541 0.41196 152.77952 195.62801 147.22542 138.42519 0.3 0.3 0.0 0.0 0.0 0.0 0.0 0.0 0.72115 0.0 0.0 45.47487 -0.49999 0.07399 0.0 0.0 0.0 0.0 0.0 0.0 0.0505964261516 24 0 0.985401459854 0.383678517204 -2.12367612477
-0.12623 0.35028 3.35743 -0.12979 0.55971 4.02072 0.781015963852 0.982284036148 0.30541 0.41196 152.77952 195.62801 147.22542 138.42519 0.3 0.3 0.0 0.0 0.0 0.0 0.0 0.0 0.72115 0.0 0.0 45.47487 -0.49999 0.07399 0.0 0.0 0.0 0.0 0.0 0.0 0.0501212263217 25 1 1.0 0.394764369962 -1.76185676155
-0.12623 0.35028 3.35743 -0.12979 0.55971 4.02072 0.769836579258 0.993463420742 0.30541 0.41196 152.77952 195.62801 147.22542 138.42519 0.3 0.3 0.0 0.0 0.0 0.0 0.0 0.0 0.72115 0.0 0.0 45.47487 -0.49999 0.07399 0.0 0.0 0.0 0.0 0.0 0.0 0.0510259303594 26 1 1.0 0.426042226201 -1.82551699868
-0.12623 0.35028 3.35743 -0.12979 0.55971 4.02072 0.759290001036 1.00400999896 0.30541 0.41196 152.77952 195.62801 147.22542 138.42519 0.3 0.3 0.0 0.0 0.0 0.0 0.0 0.0 0.72115 0.0 0.0 45.47487 -0.49999 0.07399 0.0 0.0 0.0 0.0 0.0 0.0 0.0513235825245 27 0 0.992647058824 0.573161904761 -1.82551699868
-0.12623 0.35028 3.35743 -0.12979 0.55971 4.02072 0.789491127765 0.973808872235 0.30541 0.41196 152.77952 195.62801 147.22542 138.42519 0.3 0.3 0.0 0.0 0.0 0.0 0.0 0.0 0.72115 0.0 0.0 45.47487 -0.49999 0.07399 0.0 0.0 0.0 0.0 0.0 0.0 0.0503497749969 28 0 0.977941176471 0.347393652411 -1.82551699868
-0.12623 0.35028 3.35743 -0.12979 0.55971 4.02072 0.755441544913 1.00785845509 0.30541 0.41196 152.77952 195.62801 147.22542 138.42519 0.3 0.3 0.0 0.0 0.0 0.0 0.0 0.0 0.72115 0.0 0.0 45.47487 -0.49999 0.07399 0.0 0.0 0.0 0.0 0.0 0.0 0.0512387675931 29 0 0.985294117647 0.469849407266 -1.82551699868
-0.12623 0.35028 3.35743 -0.12979 0.55971 4.02072 0.735478506368 1.02782149363 0.30541 0.41196 152.77952 195.62801 147.22542 138.42519 0.3 0.3 0.0 0.0 0.0 0.0 0.0 0.0 0.72115 0.0 0.0 45.47487 -0.49999 0.07399 0.0 0.0 0.0 0.0 0.0 0.0 0.0511085888893 30 0 0.928571428571 0.709611245968 -1.82551699868
-0.12623 0.35028 3.35743 -0.12979 0.55971 4.02072 0.758018833311 1.00528116669 0.30541 0.41196 152.77952 195.62801 147.22542 138.42519 0.3 0.3 0.0 0.0 0.0 0.0 0.0 0.0 0.72115 0.0 0.0 45.47487 -0.49999 0.07399 0.0 0.0 0.0 0.0 0.0 0.0 0.0504648259167 31 0 0.985294117647 0.443125754589 -1.82551699868
-0.12623 0.35028 3.35743 -0.12979 0.55971 4.02072 0.793151004241 0.970148995759 0.30541 0.41196 152.77952 195.62801 147.22542 138.42519 0.3 0.3 0.0 0.0 0.0 0.0 0.0 0.0 0.72115 0.0 0.0 45.47487 -0.49999 0.07399 0.0 0.0 0.0 0.0 0.0 0.0 0.0512293370147 32 0 0.985401459854 0.52219134331 -1.82551699868
-0.12623 0.35028 3.35743 -0.12979 0.55971 4.02072 0.759914531857 1.00338546814 0.30541 0.41196 152.77952 195.62801 147.22542 138.42519 0.3 0.3 0.0 0.0 0.0 0.0 0.0 0.0 0.72115 0.0 0.0 45.47487 -0.49999 0.07399 0.0 0.0 0.0 0.0 0.0 0.0 0.0504561061831 33 0 0.992647058824 0.573134563443 -1.82551699868
-0.12623 0.35028 3.35743 -0.12979 0.55971 4.02072 0.764018059515 0.999281940485 0.30541 0.41196 152.77952 195.62801 147.22542 138.42519 0.3 0.3 0.0 0.0 0.0 0.0 0.0 0.0 0.72115 0.0 0.0 45.47487 -0.49999 0.07399 0.0 0.0 0.0 0.0 0.0 0.0 0.0511019507239 34 1 0.992647058824 0.448550247252 -2.29953766078
-0.12623 0.35028 3.35743 -0.12979 0.55971 4.02072 0.772454863193 0.990845136807 0.30541 0.41196 152.77952 195.62801 147.22542 138.42519 0.3 0.3 0.0 0.0 0.0 0.0 0.0 0.0 0.72115 0.0 0.0 45.47487 -0.49999 0.07399 0.0 0.0 0.0 0.0 0.0 0.0 0.0509888005949 35 1 1.0 0.183063042854 -1.82288263735
-0.12623 0.35028 3.35743 -0.12979 0.55971 4.02072 0.769131382464 0.994168617536 0.30541 0.41196 152.77952 195.62801 147.22542 138.42519 0.3 0.3 0.0 0.0 0.0 0.0 0.0 0.0 0.72115 0.0 0.0 45.47487 -0.49999 0.07399 0.0 0.0 0.0 0.0 0.0 0.0 0.0506931389017 36 1 1.0 0.426287951924 -1.80197164776
-0.12623 0.35028 3.35743 -0.12979 0.55971 4.02072 0.74920498951 1.01409501049 0.30541 0.41196 152.77952 195.62801 147.22542 138.42519 0.3 0.3 0.0 0.0 0.0 0.0 0.0 0.0 0.72115 0.0 0.0 45.47487 -0.49999 0.07399 0.0 0.0 0.0 0.0 0.0 0.0 0.0516624841539 37 0 0.978102189781 0.593213195911 -1.80197164776
-0.12623 0.35028 3.35743 -0.12979 0.55971 4.02072 0.710017642558 1.05328235744 0.30541 0.41196 152.77952 195.62801 147.22542 138.42519 0.3 0.3 0.0 0.0 0.0 0.0 0.0 0.0 0.72115 0.0 0.0 45.47487 -0.49999 0.07399 0.0 0.0 0.0 0.0 0.0 0.0 0.0505249774507 38 0 0.921985815603 0.935131379158 -1.80197164776
-0.12623 0.35028 3.35743 -0.12979 0.55971 4.02072 0.774075069363 0.989224930637 0.30541 0.41196 152.77952 195.62801 147.22542 138.42519 0.3 0.3 0.0 0.0 0.0 0.0 0.0 0.0 0.72115 0.0 0.0 45.47487 -0.49999 0.07399 0.0 0.0 0.0 0.0 0.0 0.0 0.0511541647553 39 1 1.0 0.405867749178 -1.83462951705
-0.12623 0.35028 3.35743 -0.12979 0.55971 4.02072 0.826474883088 0.936825116912 0.30541 0.41196 152.77952 195.62801 147.22542 138.42519 0.3 0.3 0.0 0.0 0.0 0.0 0.0 0.0 0.72115 0.0 0.0 45.47487 -0.49999 0.07399 0.0 0.0 0.0 0.0 0.0 0.0 0.0513455536701 40 0 0.964028776978 0.492533831742 -1.83462951705
-0.12623 0.35028 3.35743 -0.12979 0.55971 4.02072 0.762518523546 1.00078147645 0.30541 0.41196 152.77952 195.62801 147.22542 138.42519 0.3 0.3 0.0 0.0 0.0 0.0 0.0 0.0 0.72115 0.0 0.0 45.47487 -0.49999 0.07399 0.0 0.0 0.0 0.0 0.0 0.0 0.0509683089413 41 1 0.992647058824 0.457148737694 -2.31074542245
-0.12623 0.35028 3.35743 -0.12979 0.55971 4.02072 0.74770829951 1.01559170049 0.30541 0.41196 152.77952 195.62801 147.22542 138.42519 0.3 0.3 0.0 0.0 0.0 0.0 0.0 0.0 0.72115 0.0 0.0 45.47487 -0.49999 0.07399 0.0 0.0 0.0 0.0 0.0 0.0 0.0514321099173 42 0 0.978102189781 0.601001897817 -2.31074542245
-0.12623 0.35028 3.35743 -0.12979 0.55971 4.02072 0.763924577258 0.999375422742 0.30541 0.41196 152.77952 195.62801 147.22542 138.42519 0.3 0.3 0.0 0.0 0.0 0.0 0.0 0.0 0.72115 0.0 0.0 45.47487 -0.49999 0.07399 0.0 0.0 0.0 0.0 0.0 0.0 0.0508270525897 43 1 0.992647058824 0.448818023249 -2.28569800794
-0.12623 0.35028 3.35743 -0.12979 0.55971 4.02072 0.735515845579 1.02778415442 0.30541 0.41196 152.77952 195.62801 147.22542 138.42519 0.3 0.3 0.0 0.0 0.0 0.0 0.0 0.0 0.72115 0.0 0.0 45.47487 -0.49999 0.07399 0.0 0.0 0.0 0.0 0.0 0.0 0.0499310924636 44 0 0.928571428571 0.709610572139 -2.28569800794
-0.12623 0.35028 3.35743 -0.12979 0.55971 4.02072 0.73617462278 1.02712537722 0.30541 0.41196 152.77952 195.62801 147.22542 138.42519 0.3 0.3 0.0 0.0 0.0 0.0 0.0 0.0 0.72115 0.0 0.0 45.47487 -0.49999 0.07399 0.0 0.0 0.0 0.0 0.0 0.0 0.050693539282 45 0 0.935714285714 0.61063942512 -2.28569800794
-0.12623 0.35028 3.35743 -0.12979 0.55971 4.02072 0.785453360658 0.977846639342 0.30541 0.41196 152.77952 195.62801 147.22542 138.42519 0.3 0.3 0.0 0.0 0.0 0.0 0.0 0.0 0.72115 0.0 0.0 45.47487 -0.49999 0.07399 0.0 0.0 0.0 0.0 0.0 0.0 0.0514285838466 46 1 0.985294117647 0.119194259754 -1.98489263743
-0.12623 0.35028 3.35743 -0.12979 0.55971 4.02072 0.775702567267 0.987597432733 0.30541 0.41196 152.77952 195.62801 147.22542 138.42519 0.3 0.3 0.0 0.0 0.0 0.0 0.0 0.0 0.72115 0.0 0.0 45.47487 -0.49999 0.07399 0.0 0.0 0.0 0.0 0.0 0.0 0.0516973030545 47 1 1.0 0.398542346288 -1.87347101259
-0.12623 0.35028 3.35743 -0.12979 0.55971 4.02072 0.752379047097 1.0109209529 0.30541 0.41196 152.77952 195.62801 147.22542 138.42519 0.3 0.3 0.0 0.0 0.0 0.0 0.0 0.0 0.72115 0.0 0.0 45.47487 -0.49999 0.07399 0.0 0.0 0.0 0.0 0.0 0.0 0.052481451336 48 0 0.978102189781 0.477809089979 -1.87347101259
-0.12623 0.35028 3.35743 -0.12979 0.55971 4.02072 0.749740868353 1.01355913165 0.30541 0.41196 152.77952 195.62801 147.22542 138.42519 0.3 0.3 0.0 0.0 0.0 0.0 0.0 0.0 0.72115 0.0 0.0 45.47487 -0.49999 0.07399 0.0 0.0 0.0 0.0 0.0 0.0 0.0525026248571 49 0 0.978102189781 0.593381009667 -1.87347101259
-0.12623 0.35028 3.35743 -0.12979 0.55971 4.02072 0.777107073436 0.986192926564 0.30541 0.41196 152.77952 195.62801 147.22542 138.42519 0.3 0.3 0.0 0.0 0.0 0.0 0.0 0.0 0.72115 0.0 0.0 45.47487 -0.49999 0.07399 0.0 0.0 0.0 0.0 0.0 0.0 0.0517329072369 50 1 1.0 0.399933234664 -1.87603103364
