-0.12623 0.35028 3.35743 -0.12979 0.55971 4.02072 0.948704047173 0.814595952827 0.30541 0.41196 152.77952 195.62801 147.22542 138.42519 0.3 0.3 0.0 0.0 0.0 0.0 0.0 0.0 0.72115 0.0 0.0 45.47487 -0.49999 0.07399 0.0 0.0 0.0 0.0 0.0 0.0 0.05 0 1 0.908450704225 0.981565688397 -365.133616738
-0.12623 0.35028 3.35743 -0.12979 0.55971 4.02072 0.956951110817 0.806348889183 0.30541 0.41196 152.77952 195.62801 147.22542 138.42519 0.3 0.3 0.0 0.0 0.0 0.0 0.0 0.0 0.72115 0.0 0.0 45.47487 -0.49999 0.07399 0.0 0.0 0.0 0.0 0.0 0.0 0.0508671965723 1 1 0.908450704225 0.9931433215 -361.241339767
-0.12623 0.35028 3.35743 -0.12979 0.55971 4.02072 0.94629261687 0.81700738313 0.30541 0.41196 152.77952 195.62801 147.22542 138.42519 0.3 0.3 0.0 0.0 0.0 0.0 0.0 0.0 0.72115 0.0 0.0 45.47487 -0.49999 0.07399 0.0 0.0 0.0 0.0 0.0 0.0 0.0500637277237 2 1 0.908450704225 0.968992173074 -354.987138437
-0.12623 0.35028 3.35743 -0.12979 0.55971 4.02072 0.927123302955 0.836176697045 0.30541 0.41196 152.77952 195.62801 147.22542 138.42519 0.3 0.3 0.0 0.0 0.0 0.0 0.0 0.0 0.72115 0.0 0.0 45.47487 -0.49999 0.07399 0.0 0.0 0.0 0.0 0.0 0.0 0.0494700087846 3 1 0.915492957746 0.864561856919 -247.100858586
-0.12623 0.35028 3.35743 -0.12979 0.55971 4.02072 0.938061264898 0.825238735102 0.30541 0.41196 152.77952 195.62801 147.22542 138.42519 0.3 0.3 0.0 0.0 0.0 0.0 0.0 0.0 0.72115 0.0 0.0 45.47487 -0.49999 0.07399 0.0 0.0 0.0 0.0 0.0 0.0 0.0496934931545 4 0 0.908450704225 0.909330810111 -247.100858586
-0.12623 0.35028 3.35743 -0.12979 0.55971 4.02072 0.928125214013 0.835174785987 0.30541 0.41196 152.77952 195.62801 147.22542 138.42519 0.3 0.3 0.0 0.0 0.0 0.0 0.0 0.0 0.72115 0.0 0.0 45.47487 -0.49999 0.07399 0.0 0.0 0.0 0.0 0.0 0.0 0.0480656926975 5 0 0.915492957746 0.866447672049 -247.100858586
-0.12623 0.35028 3.35743 -0.12979 0.55971 4.02072 0.931620110363 0.831679889637 0.30541 0.41196 152.77952 195.62801 147.22542 138.42519 0.3 0.3 0.0 0.0 0.0 0.0 0.0 0.0 0.72115 0.0 0.0 45.47487 -0.49999 0.07399 0.0 0.0 0.0 0.0 0.0 0.0 0.049531683921 6 0 0.908450704225 0.874031951107 -247.100858586
-0.12623 0.35028 3.35743 -0.12979 0.55971 4.02072 0.909840155148 0.853459844852 0.30541 0.41196 152.77952 195.62801 147.22542 138.42519 0.3 0.3 0.0 0.0 0.0 0.0 0.0 0.0 0.72115 0.0 0.0 45.47487 -0.49999 0.07399 0.0 0.0 0.0 0.0 0.0 0.0 0.0496619146682 7 1 0.922535211268 0.832423068008 -191.401642717
-0.12623 0.35028 3.35743 -0.12979 0.55971 4.02072 0.903356846449 0.859943153551 0.30541 0.41196 152.77952 195.62801 147.22542 138.42519 0.3 0.3 0.0 0.0 0.0 0.0 0.0 0.0 0.72115 0.0 0.0 45.47487 -0.49999 0.07399 0.0 0.0 0.0 0.0 0.0 0.0 0.0489570458757 8 0 0.922535211268 0.852727536916 -191.401642717
-0.12623 0.35028 3.35743 -0.12979 0.55971 4.02072 0.913399038039 0.849900961961 0.30541 0.41196 152.77952 195.62801 147.22542 138.42519 0.3 0.3 0.0 0.0 0.0 0.0 0.0 0.0 0.72115 0.0 0.0 45.47487 -0.49999 0.07399 0.0 0.0 0.0 0.0 0.0 0.0 0.0504075907075 9 0 0.915492957746 0.828202774785 -191.401642717
-0.12623 0.35028 3.35743 -0.12979 0.55971 4.02072 0.905114020977 0.858185979023 0.30541 0.41196 152.77952 195.62801 147.22542 138.42519 0.3 0.3 0.0 0.0 0.0 0.0 0.0 0.0 0.72115 0.0 0.0 45.47487 -0.49999 0.07399 0.0 0.0 0.0 0.0 0.0 0.0 0.0489983175652 10 0 0.922535211268 0.854198428699 -191.401642717
-0.12623 0.35028 3.35743 -0.12979 0.55971 4.02072 0.903779259087 0.859520740913 0.30541 0.41196 152.77952 195.62801 147.22542 138.42519 0.3 0.3 0.0 0.0 0.0 0.0 0.0 0.0 0.72115 0.0 0.0 45.47487 -0.49999 0.07399 0.0 0.0 0.0 0.0 0.0 0.0 0.049532495812 11 0 0.922535211268 0.854382604047 -191.401642717
-0.12623 0.35028 3.35743 -0.12979 0.55971 4.02072 0.890207189802 0.873092810198 0.30541 0.41196 152.77952 195.62801 147.22542 138.42519 0.3 0.3 0.0 0.0 0.0 0.0 0.0 0.0 0.72115 0.0 0.0 45.47487 -0.49999 0.07399 0.0 0.0 0.0 0.0 0.0 0.0 0.0502048419078 12 1 0.923076923077 0.825079305374 -181.557887215
-0.12623 0.35028 3.35743 -0.12979 0.55971 4.02072 0.881736841876 0.881563158124 0.30541 0.41196 152.77952 195.62801 147.22542 138.42519 0.3 0.3 0.0 0.0 0.0 0.0 0.0 0.0 0.72115 0.0 0.0 45.47487 -0.49999 0.07399 0.0 0.0 0.0 0.0 0.0 0.0 0.0504334060179 13 1 0.93006993007 0.7737717522 -131.283646072
-0.12623 0.35028 3.35743 -0.12979 0.55971 4.02072 0.876899109195 0.886400890805 0.30541 0.41196 152.77952 195.62801 147.22542 138.42519 0.3 0.3 0.0 0.0 0.0 0.0 0.0 0.0 0.72115 0.0 0.0 45.47487 -0.49999 0.07399 0.0 0.0 0.0 0.0 0.0 0.0 0.0495012060055 14 0 0.93006993007 0.789046492974 -131.283646072
-0.12623 0.35028 3.35743 -0.12979 0.55971 4.02072 0.877804079869 0.885495920131 0.30541 0.41196 152.77952 195.62801 147.22542 138.42519 0.3 0.3 0.0 0.0 0.0 0.0 0.0 0.0 0.72115 0.0 0.0 45.47487 -0.49999 0.07399 0.0 0.0 0.0 0.0 0.0 0.0 0.0506511848053 15 0 0.93006993007 0.792424298611 -131.283646072
-0.12623 0.35028 3.35743 -0.12979 0.55971 4.02072 0.897789337106 0.865510662894 0.30541 0.41196 152.77952 195.62801 147.22542 138.42519 0.3 0.3 0.0 0.0 0.0 0.0 0.0 0.0 0.72115 0.0 0.0 45.47487 -0.49999 0.07399 0.0 0.0 0.0 0.0 0.0 0.0 0.0510307474524 16 0 0.929577464789 0.877424934072 -131.283646072
-0.12623 0.35028 3.35743 -0.12979 0.55971 4.02072 0.900025688694 0.863274311306 0.30541 0.41196 152.77952 195.62801 147.22542 138.42519 0.3 0.3 0.0 0.0 0.0 0.0 0.0 0.0 0.72115 0.0 0.0 45.47487 -0.49999 0.07399 0.0 0.0 0.0 0.0 0.0 0.0 0.0505017044101 17 0 0.929577464789 0.879663774515 -131.283646072
-0.12623 0.35028 3.35743 -0.12979 0.55971 4.02072 0.881462823885 0.881837176115 0.30541 0.41196 152.77952 195.62801 147.22542 138.42519 0.3 0.3 0.0 0.0 0.0 0.0 0.0 0.0 0.72115 0.0 0.0 45.47487 -0.49999 0.07399 0.0 0.0 0.0 0.0 0.0 0.0 0.0500489988032 18 0 0.93006993007 0.774587049165 -131.283646072
-0.12623 0.35028 3.35743 -0.12979 0.55971 4.02072 0.89549586593 0.86780413407 0.30541 0.41196 152.77952 195.62801 147.22542 138.42519 0.3 0.3 0.0 0.0 0.0 0.0 0.0 0.0 0.72115 0.0 0.0 45.47487 -0.49999 0.07399 0.0 0.0 0.0 0.0 0.0 0.0 0.0495930186337 19 0 0.923076923077 0.890841567645 -131.283646072
-0.12623 0.35028 3.35743 -0.12979 0.55971 4.02072 0.870109940203 0.893190059797 0.30541 0.41196 152.77952 195.62801 147.22542 138.42519 0.3 0.3 0.0 0.0 0.0 0.0 0.0 0.0 0.72115 0.0 0.0 45.47487 -0.49999 0.07399 0.0 0.0 0.0 0.0 0.0 0.0 0.0512058548271 20 1 0.93006993007 0.771340419726 -126.672452463
-0.12623 0.35028 3.35743 -0.12979 0.55971 4.02072 0.875867222852 0.887432777148 0.30541 0.41196 152.77952 195.62801 147.22542 138.42519 0.3 0.3 0.0 0.0 0.0 0.0 0.0 0.0 0.72115 0.0 0.0 45.47487 -0.49999 0.07399 0.0 0.0 0.0 0.0 0.0 0.0 0.0517151196156 21 0 0.93006993007 0.788847933505 -126.672452463
-0.12623 0.35028 3.35743 -0.12979 0.55971 4.02072 0.871179107011 0.892120892989 0.30541 0.41196 152.77952 195.62801 147.22542 138.42519 0.3 0.3 0.0 0.0 0.0 0.0 0.0 0.0 0.72115 0.0 0.0 45.47487 -0.49999 0.07399 0.0 0.0 0.0 0.0 0.0 0.0 0.0521623768676 22 1 0.93006993007 0.771617097677 -122.291216248
-0.12623 0.35028 3.35743 -0.12979 0.55971 4.02072 0.874046809534 0.889253190466 0.30541 0.41196 152.77952 195.62801 147.22542 138.42519 0.3 0.3 0.0 0.0 0.0 0.0 0.0 0.0 0.72115 0.0 0.0 45.47487 -0.49999 0.07399 0.0 0.0 0.0 0.0 0.0 0.0 0.051877560724 23 0 0.93006993007 0.783907338859 -122.291216248
-0.12623 0.35028 3.35743 -0.12979 0.55971 4.02072 0.872158161586 0.891141838414 0.30541 0.41196 152.77952 195.62801 147.22542 138.42519 0.3 0.3 0.0 0.0 0.0 0.0 0.0 0.0 0.72115 0.0 0.0 45.47487 -0.49999 0.07399 0.0 0.0 0.0 0.0 0.0 0.0 0.0531094457631 24 1 0.93006993007 0.775788747478 -119.364355365
-0.12623 0.35028 3.35743 -0.12979 0.55971 4.02072 0.861362656354 0.901937343646 0.30541 0.41196 152.77952 195.62801 147.22542 138.42519 0.3 0.3 0.0 0.0 0.0 0.0 0.0 0.0 0.72115 0.0 0.0 45.47487 -0.49999 0.07399 0.0 0.0 0.0 0.0 0.0 0.0 0.0534167281423 25 1 0.93661971831 0.63432939587 -65.7278779349
-0.12623 0.35028 3.35743 -0.12979 0.55971 4.02072 0.88320837038 0.88009162962 0.30541 0.41196 152.77952 195.62801 147.22542 138.42519 0.3 0.3 0.0 0.0 0.0 0.0 0.0 0.0 0.72115 0.0 0.0 45.47487 -0.49999 0.07399 0.0 0.0 0.0 0.0 0.0 0.0 0.0531122577087 26 0 0.93006993007 0.790031695974 -65.7278779349
-0.12623 0.35028 3.35743 -0.12979 0.55971 4.02072 0.858241102852 0.905058897148 0.30541 0.41196 152.77952 195.62801 147.22542 138.42519 0.3 0.3 0.0 0.0 0.0 0.0 0.0 0.0 0.72115 0.0 0.0 45.47487 -0.49999 0.07399 0.0 0.0 0.0 0.0 0.0 0.0 0.0534199857467 27 1 0.943262411348 0.630351921012 -52.4250988301
-0.12623 0.35028 3.35743 -0.12979 0.55971 4.02072 0.843906493382 0.919393506618 0.30541 0.41196 152.77952 195.62801 147.22542 138.42519 0.3 0.3 0.0 0.0 0.0 0.0 0.0 0.0 0.72115 0.0 0.0 45.47487 -0.49999 0.07399 0.0 0.0 0.0 0.0 0.0 0.0 0.0537395854158 28 1 0.956834532374 0.571613708145 -25.7391012018
-0.12623 0.35028 3.35743 -0.12979 0.55971 4.02072 0.83232479842 0.93097520158 0.30541 0.41196 152.77952 195.62801 147.22542 138.42519 0.3 0.3 0.0 0.0 0.0 0.0 0.0 0.0 0.72115 0.0 0.0 45.47487 -0.49999 0.07399 0.0 0.0 0.0 0.0 0.0 0.0 0.0540761398276 29 1 0.957142857143 0.492972106563 -19.2207067045
-0.12623 0.35028 3.35743 -0.12979 0.55971 4.02072 0.811812193595 0.951487806405 0.30541 0.41196 152.77952 195.62801 147.22542 138.42519 0.3 0.3 0.0 0.0 0.0 0.0 0.0 0.0 0.72115 0.0 0.0 45.47487 -0.49999 0.07399 0.0 0.0 0.0 0.0 0.0 0.0 0.0540086733087 30 1 0.964028776978 0.422832956811 -10.9654275599
-0.12623 0.35028 3.35743 -0.12979 0.55971 4.02072 0.812540513999 0.950759486001 0.30541 0.41196 152.77952 195.62801 147.22542 138.42519 0.3 0.3 0.0 0.0 0.0 0.0 0.0 0.0 0.72115 0.0 0.0 45.47487 -0.49999 0.07399 0.0 0.0 0.0 0.0 0.0 0.0 0.0540059758788 31 1 0.964028776978 0.423193239436 -10.9813293167
-0.12623 0.35028 3.35743 -0.12979 0.55971 4.02072 0.816015718485 0.947284281515 0.30541 0.41196 152.77952 195.62801 147.22542 138.42519 0.3 0.3 0.0 0.0 0.0 0.0 0.0 0.0 0.72115 0.0 0.0 45.47487 -0.49999 0.07399 0.0 0.0 0.0 0.0 0.0 0.0 0.0539872837287 32 1 0.964028776978 0.420529897685 -10.8738892106
-0.12623 0.35028 3.35743 -0.12979 0.55971 4.02072 0.800355974166 0.962944025834 0.30541 0.41196 152.77952 195.62801 147.22542 138.42519 0.3 0.3 0.0 0.0 0.0 0.0 0.0 0.0 0.72115 0.0 0.0 45.47487 -0.49999 0.07399 0.0 0.0 0.0 0.0 0.0 0.0 0.0530096908759 33 1 0.978102189781 0.40586108528 -5.13122447096
-0.12623 0.35028 3.35743 -0.12979 0.55971 4.02072 0.801309264294 0.961990735706 0.30541 0.41196 152.77952 195.62801 147.22542 138.42519 0.3 0.3 0.0 0.0 0.0 0.0 0.0 0.0 0.72115 0.0 0.0 45.47487 -0.49999 0.07399 0.0 0.0 0.0 0.0 0.0 0.0 0.0532462531204 34 1 0.978102189781 0.416248955734 -5.28313848107
-0.12623 0.35028 3.35743 -0.12979 0.55971 4.02072 0.796162747508 0.967137252492 0.30541 0.41196 152.77952 195.62801 147.22542 138.42519 0.3 0.3 0.0 0.0 0.0 0.0 0.0 0.0 0.72115 0.0 0.0 45.47487 -0.49999 0.07399 0.0 0.0 0.0 0.0 0.0 0.0 0.053474217778 35 1 0.985401459854 0.383026003901 -3.23340873133
-0.12623 0.35028 3.35743 -0.12979 0.55971 4.02072 0.795885464829 0.967414535171 0.30541 0.41196 152.77952 195.62801 147.22542 138.42519 0.3 0.3 0.0 0.0 0.0 0.0 0.0 0.0 0.72115 0.0 0.0 45.47487 -0.49999 0.07399 0.0 0.0 0.0 0.0 0.0 0.0 0.0536225433353 36 1 0.985401459854 0.383202872589 -3.23877287078
-0.12623 0.35028 3.35743 -0.12979 0.55971 4.02072 0.824462419964 0.938837580036 0.30541 0.41196 152.77952 195.62801 147.22542 138.42519 0.3 0.3 0.0 0.0 0.0 0.0 0.0 0.0 0.72115 0.0 0.0 45.47487 -0.49999 0.07399 0.0 0.0 0.0 0.0 0.0 0.0 0.0532999057338 37 0 0.964028776978 0.492671190806 -3.23877287078
-0.12623 0.35028 3.35743 -0.12979 0.55971 4.02072 0.794363900949 0.968936099051 0.30541 0.41196 152.77952 195.62801 147.22542 138.42519 0.3 0.3 0.0 0.0 0.0 0.0 0.0 0.0 0.72115 0.0 0.0 45.47487 -0.49999 0.07399 0.0 0.0 0.0 0.0 0.0 0.0 0.0529709361277 38 1 0.985401459854 0.528061181558 -4.34878085064
-0.12623 0.35028 3.35743 -0.12979 0.55971 4.02072 0.770615052754 0.992684947246 0.30541 0.41196 152.77952 195.62801 147.22542 138.42519 0.3 0.3 0.0 0.0 0.0 0.0 0.0 0.0 0.72115 0.0 0.0 45.47487 -0.49999 0.07399 0.0 0.0 0.0 0.0 0.0 0.0 0.0522971593437 39 1 1.0 0.185925829865 -1.91682946671
-0.12623 0.35028 3.35743 -0.12979 0.55971 4.02072 0.754905873598 1.0083941264 0.30541 0.41196 152.77952 195.62801 147.22542 138.42519 0.3 0.3 0.0 0.0 0.0 0.0 0.0 0.0 0.72115 0.0 0.0 45.47487 -0.49999 0.07399 0.0 0.0 0.0 0.0 0.0 0.0 0.0531315798468 40 1 0.985294117647 0.471257170641 -3.89196030626
-0.12623 0.35028 3.35743 -0.12979 0.55971 4.02072 0.744928486901 1.0183715131 0.30541 0.41196 152.77952 195.62801 147.22542 138.42519 0.3 0.3 0.0 0.0 0.0 0.0 0.0 0.0 0.72115 0.0 0.0 45.47487 -0.49999 0.07399 0.0 0.0 0.0 0.0 0.0 0.0 0.0525806547815 41 0 0.963768115942 0.622794869388 -3.89196030626
-0.12623 0.35028 3.35743 -0.12979 0.55971 4.02072 0.725385692225 1.03791430777 0.30541 0.41196 152.77952 195.62801 147.22542 138.42519 0.3 0.3 0.0 0.0 0.0 0.0 0.0 0.0 0.72115 0.0 0.0 45.47487 -0.49999 0.07399 0.0 0.0 0.0 0.0 0.0 0.0 0.053025144389 42 0 0.921985815603 0.579471796531 -3.89196030626
-0.12623 0.35028 3.35743 -0.12979 0.55971 4.02072 0.746866721285 1.01643327872 0.30541 0.41196 152.77952 195.62801 147.22542 138.42519 0.3 0.3 0.0 0.0 0.0 0.0 0.0 0.0 0.72115 0.0 0.0 45.47487 -0.49999 0.07399 0.0 0.0 0.0 0.0 0.0 0.0 0.0534323020636 43 0 0.971014492754 0.601276261609 -3.89196030626
-0.12623 0.35028 3.35743 -0.12979 0.55971 4.02072 0.743656558442 1.01964344156 0.30541 0.41196 152.77952 195.62801 147.22542 138.42519 0.3 0.3 0.0 0.0 0.0 0.0 0.0 0.0 0.72115 0.0 0.0 45.47487 -0.49999 0.07399 0.0 0.0 0.0 0.0 0.0 0.0 0.0545998508447 44 0 0.963768115942 0.600003137326 -3.89196030626
-0.12623 0.35028 3.35743 -0.12979 0.55971 4.02072 0.78509743767 0.97820256233 0.30541 0.41196 152.77952 195.62801 147.22542 138.42519 0.3 0.3 0.0 0.0 0.0 0.0 0.0 0.0 0.72115 0.0 0.0 45.47487 -0.49999 0.07399 0.0 0.0 0.0 0.0 0.0 0.0 0.0535374059504 45 1 0.992592592593 0.119002826735 -2.03850687526
-0.12623 0.35028 3.35743 -0.12979 0.55971 4.02072 0.765783541487 0.997516458513 0.30541 0.41196 152.77952 195.62801 147.22542 138.42519 0.3 0.3 0.0 0.0 0.0 0.0 0.0 0.0 0.72115 0.0 0.0 45.47487 -0.49999 0.07399 0.0 0.0 0.0 0.0 0.0 0.0 0.0530312104543 46 1 0.992647058824 0.425949529245 -2.36294411039
-0.12623 0.35028 3.35743 -0.12979 0.55971 4.02072 0.756753801892 1.00654619811 0.30541 0.41196 152.77952 195.62801 147.22542 138.42519 0.3 0.3 0.0 0.0 0.0 0.0 0.0 0.0 0.72115 0.0 0.0 45.47487 -0.49999 0.07399 0.0 0.0 0.0 0.0 0.0 0.0 0.0539416232604 47 0 0.985294117647 0.463165678908 -2.36294411039
-0.12623 0.35028 3.35743 -0.12979 0.55971 4.02072 0.807535565602 0.955764434398 0.30541 0.41196 152.77952 195.62801 147.22542 138.42519 0.3 0.3 0.0 0.0 0.0 0.0 0.0 0.0 0.72115 0.0 0.0 45.47487 -0.49999 0.07399 0.0 0.0 0.0 0.0 0.0 0.0 0.0533321078595 48 0 0.964028776978 0.418206033213 -2.36294411039
-0.12623 0.35028 3.35743 -0.12979 0.55971 4.02072 0.789924507457 0.973375492543 0.30541 0.41196 152.77952 195.62801 147.22542 138.42519 0.3 0.3 0.0 0.0 0.0 0.0 0.0 0.0 0.72115 0.0 0.0 45.47487 -0.49999 0.07399 0.0 0.0 0.0 0.0 0.0 0.0 0.0525881315304 49 0 0.977941176471 0.376832226011 -2.36294411039
-0.12623 0.35028 3.35743 -0.12979 0.55971 4.02072 0.778977483294 0.984322516706 0.30541 0.41196 152.77952 195.62801 147.22542 138.42519 0.3 0.3 0.0 0.0 0.0 0.0 0.0 0.0 0.72115 0.0 0.0 45.47487 -0.49999 0.07399 0.0 0.0 0.0 0.0 0.0 0.0 0.0539389260923 50 1 1.0 0.395979579739 -2.03796800914
