-0.12623 0.35028 3.35743 -0.12979 0.55971 4.02072 0.800431089768 0.962868910232 0.30541 0.41196 152.77952 195.62801 147.22542 138.42519 0.3 0.3 0.0 0.0 0.0 0.0 0.0 0.0 0.72115 0.0 0.0 45.47487 -0.49999 0.07399 0.0 0.0 0.0 0.0 0.0 0.0 0.05 0 1 0.978102189781 0.405873372758 -5.30804536307
-0.12623 0.35028 3.35743 -0.12979 0.55971 4.02072 0.785027206403 0.978272793597 0.30541 0.41196 152.77952 195.62801 147.22542 138.42519 0.3 0.3 0.0 0.0 0.0 0.0 0.0 0.0 0.72115 0.0 0.0 45.47487 -0.49999 0.07399 0.0 0.0 0.0 0.0 0.0 0.0 0.0501194421963 1 1 0.992592592593 0.118990338579 -1.79652563451
-0.12623 0.35028 3.35743 -0.12979 0.55971 4.02072 0.795514392939 0.967785607061 0.30541 0.41196 152.77952 195.62801 147.22542 138.42519 0.3 0.3 0.0 0.0 0.0 0.0 0.0 0.0 0.72115 0.0 0.0 45.47487 -0.49999 0.07399 0.0 0.0 0.0 0.0 0.0 0.0 0.0497420122228 2 0 0.985401459854 0.382056221358 -1.79652563451
-0.12623 0.35028 3.35743 -0.12979 0.55971 4.02072 0.836632408757 0.926667591243 0.30541 0.41196 152.77952 195.62801 147.22542 138.42519 0.3 0.3 0.0 0.0 0.0 0.0 0.0 0.0 0.72115 0.0 0.0 45.47487 -0.49999 0.07399 0.0 0.0 0.0 0.0 0.0 0.0 0.0494902045382 3 0 0.964028776978 0.599809997378 -1.79652563451
-0.12623 0.35028 3.35743 -0.12979 0.55971 4.02072 0.765676868094 0.997623131906 0.30541 0.41196 152.77952 195.62801 147.22542 138.42519 0.3 0.3 0.0 0.0 0.0 0.0 0.0 0.0 0.72115 0.0 0.0 45.47487 -0.49999 0.07399 0.0 0.0 0.0 0.0 0.0 0.0 0.0506655341498 4 1 0.992647058824 0.42599224213 -2.23000981523
-0.12623 0.35028 3.35743 -0.12979 0.55971 4.02072 0.797175230436 0.966124769564 0.30541 0.41196 152.77952 195.62801 147.22542 138.42519 0.3 0.3 0.0 0.0 0.0 0.0 0.0 0.0 0.72115 0.0 0.0 45.47487 -0.49999 0.07399 0.0 0.0 0.0 0.0 0.0 0.0 0.0502689501241 5 1 0.985401459854 0.383375671264 -3.16668360063
-0.12623 0.35028 3.35743 -0.12979 0.55971 4.02072 0.776571962056 0.986728037944 0.30541 0.41196 152.77952 195.62801 147.22542 138.42519 0.3 0.3 0.0 0.0 0.0 0.0 0.0 0.0 0.72115 0.0 0.0 45.47487 -0.49999 0.07399 0.0 0.0 0.0 0.0 0.0 0.0 0.0501805889534 6 1 1.0 0.399852846757 -1.76600004714
-0.12623 0.35028 3.35743 -0.12979 0.55971 4.02072 0.79125986871 0.97204013129 0.30541 0.41196 152.77952 195.62801 147.22542 138.42519 0.3 0.3 0.0 0.0 0.0 0.0 0.0 0.0 0.72115 0.0 0.0 45.47487 -0.49999 0.07399 0.0 0.0 0.0 0.0 0.0 0.0 0.0508824434913 7 1 0.985401459854 0.522516815511 -4.34368993924
-0.12623 0.35028 3.35743 -0.12979 0.55971 4.02072 0.787049977285 0.976250022715 0.30541 0.41196 152.77952 195.62801 147.22542 138.42519 0.3 0.3 0.0 0.0 0.0 0.0 0.0 0.0 0.72115 0.0 0.0 45.47487 -0.49999 0.07399 0.0 0.0 0.0 0.0 0.0 0.0 0.0517154803535 8 1 0.985294117647 0.193592738774 -2.21571287578
-0.12623 0.35028 3.35743 -0.12979 0.55971 4.02072 0.796360691212 0.966939308788 0.30541 0.41196 152.77952 195.62801 147.22542 138.42519 0.3 0.3 0.0 0.0 0.0 0.0 0.0 0.0 0.72115 0.0 0.0 45.47487 -0.49999 0.07399 0.0 0.0 0.0 0.0 0.0 0.0 0.0513382209992 9 0 0.985401459854 0.381365191241 -2.21571287578
-0.12623 0.35028 3.35743 -0.12979 0.55971 4.02072 0.773124603946 0.990175396054 0.30541 0.41196 152.77952 195.62801 147.22542 138.42519 0.3 0.3 0.0 0.0 0.0 0.0 0.0 0.0 0.72115 0.0 0.0 45.47487 -0.49999 0.07399 0.0 0.0 0.0 0.0 0.0 0.0 0.049914762151 10 1 1.0 0.185299751694 -1.7474833575
-0.12623 0.35028 3.35743 -0.12979 0.55971 4.02072 0.777969148031 0.985330851969 0.30541 0.41196 152.77952 195.62801 147.22542 138.42519 0.3 0.3 0.0 0.0 0.0 0.0 0.0 0.0 0.72115 0.0 0.0 45.47487 -0.49999 0.07399 0.0 0.0 0.0 0.0 0.0 0.0 0.0506029607491 11 1 1.0 0.397670307599 -1.79561713303
-0.12623 0.35028 3.35743 -0.12979 0.55971 4.02072 0.774004712865 0.989295287135 0.30541 0.41196 152.77952 195.62801 147.22542 138.42519 0.3 0.3 0.0 0.0 0.0 0.0 0.0 0.0 0.72115 0.0 0.0 45.47487 -0.49999 0.07399 0.0 0.0 0.0 0.0 0.0 0.0 0.0507374675141 12 1 1.0 0.405867833508 -1.80509933407
-0.12623 0.35028 3.35743 -0.12979 0.55971 4.02072 0.776776009805 0.986523990195 0.30541 0.41196 152.77952 195.62801 147.22542 138.42519 0.3 0.3 0.0 0.0 0.0 0.0 0.0 0.0 0.72115 0.0 0.0 45.47487 -0.49999 0.07399 0.0 0.0 0.0 0.0 0.0 0.0 0.0509032159339 13 1 1.0 0.399846503092 -1.81681746506
-0.12623 0.35028 3.35743 -0.12979 0.55971 4.02072 0.779878491911 0.983421508089 0.30541 0.41196 152.77952 195.62801 147.22542 138.42519 0.3 0.3 0.0 0.0 0.0 0.0 0.0 0.0 0.72115 0.0 0.0 45.47487 -0.49999 0.07399 0.0 0.0 0.0 0.0 0.0 0.0 0.0498059703828 14 1 1.0 0.395271284103 -1.73993273977
-0.12623 0.35028 3.35743 -0.12979 0.55971 4.02072 0.81076730442 0.95253269558 0.30541 0.41196 152.77952 195.62801 147.22542 138.42519 0.3 0.3 0.0 0.0 0.0 0.0 0.0 0.0 0.72115 0.0 0.0 45.47487 -0.49999 0.07399 0.0 0.0 0.0 0.0 0.0 0.0 0.0488545577747 15 0 0.964028776978 0.422508829468 -1.73993273977
-0.12623 0.35028 3.35743 -0.12979 0.55971 4.02072 0.776614902564 0.986685097436 0.30541 0.41196 152.77952 195.62801 147.22542 138.42519 0.3 0.3 0.0 0.0 0.0 0.0 0.0 0.0 0.72115 0.0 0.0 45.47487 -0.49999 0.07399 0.0 0.0 0.0 0.0 0.0 0.0 0.0491041504271 16 1 1.0 0.399852139222 -1.69160735931
-0.12623 0.35028 3.35743 -0.12979 0.55971 4.02072 0.75740393577 1.00589606423 0.30541 0.41196 152.77952 195.62801 147.22542 138.42519 0.3 0.3 0.0 0.0 0.0 0.0 0.0 0.0 0.72115 0.0 0.0 45.47487 -0.49999 0.07399 0.0 0.0 0.0 0.0 0.0 0.0 0.0491845398656 17 0 0.985294117647 0.563467142488 -1.69160735931
-0.12623 0.35028 3.35743 -0.12979 0.55971 4.02072 0.780327368087 0.982972631913 0.30541 0.41196 152.77952 195.62801 147.22542 138.42519 0.3 0.3 0.0 0.0 0.0 0.0 0.0 0.0 0.72115 0.0 0.0 45.47487 -0.49999 0.07399 0.0 0.0 0.0 0.0 0.0 0.0 0.0494789589575 18 1 1.0 0.394878778806 -1.71733289576
-0.12623 0.35028 3.35743 -0.12979 0.55971 4.02072 0.797419087837 0.965880912163 0.30541 0.41196 152.77952 195.62801 147.22542 138.42519 0.3 0.3 0.0 0.0 0.0 0.0 0.0 0.0 0.72115 0.0 0.0 45.47487 -0.49999 0.07399 0.0 0.0 0.0 0.0 0.0 0.0 0.0506642920187 19 0 0.985401459854 0.386293407767 -1.71733289576
-0.12623 0.35028 3.35743 -0.12979 0.55971 4.02072 0.80060099383 0.96269900617 0.30541 0.41196 152.77952 195.62801 147.22542 138.42519 0.3 0.3 0.0 0.0 0.0 0.0 0.0 0.0 0.72115 0.0 0.0 45.47487 -0.49999 0.07399 0.0 0.0 0.0 0.0 0.0 0.0 0.0486492111296 20 0 0.978102189781 0.405359144229 -1.71733289576
-0.12623 0.35028 3.35743 -0.12979 0.55971 4.02072 0.802398083343 0.960901916657 0.30541 0.41196 152.77952 195.62801 147.22542 138.42519 0.3 0.3 0.0 0.0 0.0 0.0 0.0 0.0 0.72115 0.0 0.0 45.47487 -0.49999 0.07399 0.0 0.0 0.0 0.0 0.0 0.0 0.0499767458384 21 0 0.978260869565 0.40146019127 -1.71733289576
-0.12623 0.35028 3.35743 -0.12979 0.55971 4.02072 0.765518305715 0.997781694285 0.30541 0.41196 152.77952 195.62801 147.22542 138.42519 0.3 0.3 0.0 0.0 0.0 0.0 0.0 0.0 0.72115 0.0 0.0 45.47487 -0.49999 0.07399 0.0 0.0 0.0 0.0 0.0 0.0 0.0491498426923 22 1 0.992647058824 0.426084692973 -2.15184502671
-0.12623 0.35028 3.35743 -0.12979 0.55971 4.02072 0.795758566779 0.967541433221 0.30541 0.41196 152.77952 195.62801 147.22542 138.42519 0.3 0.3 0.0 0.0 0.0 0.0 0.0 0.0 0.72115 0.0 0.0 45.47487 -0.49999 0.07399 0.0 0.0 0.0 0.0 0.0 0.0 0.0496841228375 23 0 0.985401459854 0.383166883168 -2.15184502671
-0.12623 0.35028 3.35743 -0.12979 0.55971 4.02072 0.774547292916 0.988752707084 0.30541 0.41196 152.77952 195.62801 147.22542 138.42519 0.3 0.3 0.0 0.0 0.0 0.0 0.0 0.0 0.72115 0.0 0.0 45.47487 -0.49999 0.07399 0.0 0.0 0.0 0.0 0.0 0.0 0.0503047682534 24 1 1.0 0.398452640609 -1.77468265448
-0.12623 0.35028 3.35743 -0.12979 0.55971 4.02072 0.756639248482 1.00666075152 0.30541 0.41196 152.77952 195.62801 147.22542 138.42519 0.3 0.3 0.0 0.0 0.0 0.0 0.0 0.0 0.72115 0.0 0.0 45.47487 -0.49999 0.07399 0.0 0.0 0.0 0.0 0.0 0.0 0.0503855607981 25 0 0.985294117647 0.463080136042 -1.77468265448
-0.12623 0.35028 3.35743 -0.12979 0.55971 4.02072 0.769124391183 0.994175608817 0.30541 0.41196 152.77952 195.62801 147.22542 138.42519 0.3 0.3 0.0 0.0 0.0 0.0 0.0 0.0 0.72115 0.0 0.0 45.47487 -0.49999 0.07399 0.0 0.0 0.0 0.0 0.0 0.0 0.050101478141 26 1 1.0 0.426287959832 -1.7604794671
-0.12623 0.35028 3.35743 -0.12979 0.55971 4.02072 0.760122163434 1.00317783657 0.30541 0.41196 152.77952 195.62801 147.22542 138.42519 0.3 0.3 0.0 0.0 0.0 0.0 0.0 0.0 0.72115 0.0 0.0 45.47487 -0.49999 0.07399 0.0 0.0 0.0 0.0 0.0 0.0 0.0493671226186 27 0 0.992647058824 0.573128372616 -1.7604794671
-0.12623 0.35028 3.35743 -0.12979 0.55971 4.02072 0.795848362128 0.967451637872 0.30541 0.41196 152.77952 195.62801 147.22542 138.42519 0.3 0.3 0.0 0.0 0.0 0.0 0.0 0.0 0.72115 0.0 0.0 45.47487 -0.49999 0.07399 0.0 0.0 0.0 0.0 0.0 0.0 0.0499394324405 28 0 0.985401459854 0.383196116825 -1.7604794671
-0.12623 0.35028 3.35743 -0.12979 0.55971 4.02072 0.761349288598 1.0019507114 0.30541 0.41196 152.77952 195.62801 147.22542 138.42519 0.3 0.3 0.0 0.0 0.0 0.0 0.0 0.0 0.72115 0.0 0.0 45.47487 -0.49999 0.07399 0.0 0.0 0.0 0.0 0.0 0.0 0.0501545656948 29 0 0.992647058824 0.465444345487 -1.7604794671
-0.12623 0.35028 3.35743 -0.12979 0.55971 4.02072 0.748910676297 1.0143893237 0.30541 0.41196 152.77952 195.62801 147.22542 138.42519 0.3 0.3 0.0 0.0 0.0 0.0 0.0 0.0 0.72115 0.0 0.0 45.47487 -0.49999 0.07399 0.0 0.0 0.0 0.0 0.0 0.0 0.0494005774509 30 0 0.978102189781 0.59288108671 -1.7604794671
-0.12623 0.35028 3.35743 -0.12979 0.55971 4.02072 0.765103929045 0.998196070955 0.30541 0.41196 152.77952 195.62801 147.22542 138.42519 0.3 0.3 0.0 0.0 0.0 0.0 0.0 0.0 0.72115 0.0 0.0 45.47487 -0.49999 0.07399 0.0 0.0 0.0 0.0 0.0 0.0 0.0499826641278 31 1 0.992647058824 0.425427350523 -2.19284698094
-0.12623 0.35028 3.35743 -0.12979 0.55971 4.02072 0.768777843228 0.994522156772 0.30541 0.41196 152.77952 195.62801 147.22542 138.42519 0.3 0.3 0.0 0.0 0.0 0.0 0.0 0.0 0.72115 0.0 0.0 45.47487 -0.49999 0.07399 0.0 0.0 0.0 0.0 0.0 0.0 0.050254836432 32 1 1.0 0.425529615147 -1.77118892621
-0.12623 0.35028 3.35743 -0.12979 0.55971 4.02072 0.744812201154 1.01848779885 0.30541 0.41196 152.77952 195.62801 147.22542 138.42519 0.3 0.3 0.0 0.0 0.0 0.0 0.0 0.0 0.72115 0.0 0.0 45.47487 -0.49999 0.07399 0.0 0.0 0.0 0.0 0.0 0.0 0.0494343591843 33 0 0.963768115942 0.604773798963 -1.77118892621
-0.12623 0.35028 3.35743 -0.12979 0.55971 4.02072 0.759605541057 1.00369445894 0.30541 0.41196 152.77952 195.62801 147.22542 138.42519 0.3 0.3 0.0 0.0 0.0 0.0 0.0 0.0 0.72115 0.0 0.0 45.47487 -0.49999 0.07399 0.0 0.0 0.0 0.0 0.0 0.0 0.0498205098567 34 1 0.992647058824 0.573144116283 -2.54592269094
-0.12623 0.35028 3.35743 -0.12979 0.55971 4.02072 0.774847575374 0.988452424626 0.30541 0.41196 152.77952 195.62801 147.22542 138.42519 0.3 0.3 0.0 0.0 0.0 0.0 0.0 0.0 0.72115 0.0 0.0 45.47487 -0.49999 0.07399 0.0 0.0 0.0 0.0 0.0 0.0 0.0501817999284 35 1 1.0 0.398609546245 -1.76608461803
-0.12623 0.35028 3.35743 -0.12979 0.55971 4.02072 0.779620374996 0.983679625004 0.30541 0.41196 152.77952 195.62801 147.22542 138.42519 0.3 0.3 0.0 0.0 0.0 0.0 0.0 0.0 0.72115 0.0 0.0 45.47487 -0.49999 0.07399 0.0 0.0 0.0 0.0 0.0 0.0 0.0510285315578 36 1 1.0 0.395268012867 -1.82570162359
-0.12623 0.35028 3.35743 -0.12979 0.55971 4.02072 0.805743630393 0.957556369607 0.30541 0.41196 152.77952 195.62801 147.22542 138.42519 0.3 0.3 0.0 0.0 0.0 0.0 0.0 0.0 0.72115 0.0 0.0 45.47487 -0.49999 0.07399 0.0 0.0 0.0 0.0 0.0 0.0 0.0511862459857 37 0 0.964028776978 0.419658743677 -1.82570162359
-0.12623 0.35028 3.35743 -0.12979 0.55971 4.02072 0.713168722688 1.05013127731 0.30541 0.41196 152.77952 195.62801 147.22542 138.42519 0.3 0.3 0.0 0.0 0.0 0.0 0.0 0.0 0.72115 0.0 0.0 45.47487 -0.49999 0.07399 0.0 0.0 0.0 0.0 0.0 0.0 0.0506816364146 38 0 0.921985815603 0.873112713223 -1.82570162359
-0.12623 0.35028 3.35743 -0.12979 0.55971 4.02072 0.760735676777 1.00256432322 0.30541 0.41196 152.77952 195.62801 147.22542 138.42519 0.3 0.3 0.0 0.0 0.0 0.0 0.0 0.0 0.72115 0.0 0.0 45.47487 -0.49999 0.07399 0.0 0.0 0.0 0.0 0.0 0.0 0.0517000635351 39 1 0.992647058824 0.465544178752 -2.36685953972
-0.12623 0.35028 3.35743 -0.12979 0.55971 4.02072 0.752315519219 1.01098448078 0.30541 0.41196 152.77952 195.62801 147.22542 138.42519 0.3 0.3 0.0 0.0 0.0 0.0 0.0 0.0 0.72115 0.0 0.0 45.47487 -0.49999 0.07399 0.0 0.0 0.0 0.0 0.0 0.0 0.0518120882058 40 0 0.978102189781 0.477798365639 -2.36685953972
-0.12623 0.35028 3.35743 -0.12979 0.55971 4.02072 0.773277989935 0.990022010065 0.30541 0.41196 152.77952 195.62801 147.22542 138.42519 0.3 0.3 0.0 0.0 0.0 0.0 0.0 0.0 0.72115 0.0 0.0 45.47487 -0.49999 0.07399 0.0 0.0 0.0 0.0 0.0 0.0 0.0519153230263 41 1 1.0 0.18532038565 -1.88917387055
-0.12623 0.35028 3.35743 -0.12979 0.55971 4.02072 0.768595979866 0.994704020134 0.30541 0.41196 152.77952 195.62801 147.22542 138.42519 0.3 0.3 0.0 0.0 0.0 0.0 0.0 0.0 0.72115 0.0 0.0 45.47487 -0.49999 0.07399 0.0 0.0 0.0 0.0 0.0 0.0 0.0513521181808 42 1 1.0 0.427287645873 -1.84873981767
-0.12623 0.35028 3.35743 -0.12979 0.55971 4.02072 0.732739153488 1.03056084651 0.30541 0.41196 152.77952 195.62801 147.22542 138.42519 0.3 0.3 0.0 0.0 0.0 0.0 0.0 0.0 0.72115 0.0 0.0 45.47487 -0.49999 0.07399 0.0 0.0 0.0 0.0 0.0 0.0 0.050853732299 43 0 0.921985815603 0.516259571928 -1.84873981767
-0.12623 0.35028 3.35743 -0.12979 0.55971 4.02072 0.767863985254 0.995436014746 0.30541 0.41196 152.77952 195.62801 147.22542 138.42519 0.3 0.3 0.0 0.0 0.0 0.0 0.0 0.0 0.72115 0.0 0.0 45.47487 -0.49999 0.07399 0.0 0.0 0.0 0.0 0.0 0.0 0.0528716945039 44 1 1.0 0.424997589518 -1.95881071897
-0.12623 0.35028 3.35743 -0.12979 0.55971 4.02072 0.730322148786 1.03297785121 0.30541 0.41196 152.77952 195.62801 147.22542 138.42519 0.3 0.3 0.0 0.0 0.0 0.0 0.0 0.0 0.72115 0.0 0.0 45.47487 -0.49999 0.07399 0.0 0.0 0.0 0.0 0.0 0.0 0.0528842795298 45 0 0.915492957746 0.543619318601 -1.95881071897
-0.12623 0.35028 3.35743 -0.12979 0.55971 4.02072 0.755991791298 1.0073082087 0.30541 0.41196 152.77952 195.62801 147.22542 138.42519 0.3 0.3 0.0 0.0 0.0 0.0 0.0 0.0 0.72115 0.0 0.0 45.47487 -0.49999 0.07399 0.0 0.0 0.0 0.0 0.0 0.0 0.0526311970351 46 0 0.985294117647 0.463899068619 -1.95881071897
-0.12623 0.35028 3.35743 -0.12979 0.55971 4.02072 0.732334698736 1.03096530126 0.30541 0.41196 152.77952 195.62801 147.22542 138.42519 0.3 0.3 0.0 0.0 0.0 0.0 0.0 0.0 0.72115 0.0 0.0 45.47487 -0.49999 0.07399 0.0 0.0 0.0 0.0 0.0 0.0 0.0535245943693 47 0 0.921985815603 0.513536679942 -1.95881071897
-0.12623 0.35028 3.35743 -0.12979 0.55971 4.02072 0.763799861584 0.999500138416 0.30541 0.41196 152.77952 195.62801 147.22542 138.42519 0.3 0.3 0.0 0.0 0.0 0.0 0.0 0.0 0.72115 0.0 0.0 45.47487 -0.49999 0.07399 0.0 0.0 0.0 0.0 0.0 0.0 0.0522684055109 48 1 0.992647058824 0.449633328788 -2.36484440134
-0.12623 0.35028 3.35743 -0.12979 0.55971 4.02072 0.7834379145 0.9798620855 0.30541 0.41196 152.77952 195.62801 147.22542 138.42519 0.3 0.3 0.0 0.0 0.0 0.0 0.0 0.0 0.72115 0.0 0.0 45.47487 -0.49999 0.07399 0.0 0.0 0.0 0.0 0.0 0.0 0.0523111692218 49 1 0.992592592593 0.11807373189 -1.94929659801
-0.12623 0.35028 3.35743 -0.12979 0.55971 4.02072 0.799743508029 0.963556491971 0.30541 0.41196 152.77952 195.62801 147.22542 138.42519 0.3 0.3 0.0 0.0 0.0 0.0 0.0 0.0 0.72115 0.0 0.0 45.47487 -0.49999 0.07399 0.0 0.0 0.0 0.0 0.0 0.0 0.0526242285197 50 0 0.978102189781 0.405678079555 -1.94929659801
