-0.12623 0.35028 3.35743 -0.12979 0.55971 4.02072 0.704026474862 1.05927352514 0.30541 0.41196 152.77952 195.62801 147.22542 138.42519 0.3 0.3 0.0 0.0 0.0 0.0 0.0 0.0 0.72115 0.0 0.0 45.47487 -0.49999 0.07399 0.0 0.0 0.0 0.0 0.0 0.0 0.05 0 1 0.914893617021 0.896329448977 -263.615187841
-0.12623 0.35028 3.35743 -0.12979 0.55971 4.02072 0.670767449362 1.09253255064 0.30541 0.41196 152.77952 195.62801 147.22542 138.42519 0.3 0.3 0.0 0.0 0.0 0.0 0.0 0.0 0.72115 0.0 0.0 45.47487 -0.49999 0.07399 0.0 0.0 0.0 0.0 0.0 0.0 0.0495958535838 1 0 0.902097902098 1.09480392767 -263.615187841
-0.12623 0.35028 3.35743 -0.12979 0.55971 4.02072 0.724789383031 1.03851061697 0.30541 0.41196 152.77952 195.62801 147.22542 138.42519 0.3 0.3 0.0 0.0 0.0 0.0 0.0 0.0 0.72115 0.0 0.0 45.47487 -0.49999 0.07399 0.0 0.0 0.0 0.0 0.0 0.0 0.0493485395693 2 1 0.914893617021 0.615745684259 -128.570178542
-0.12623 0.35028 3.35743 -0.12979 0.55971 4.02072 0.752840142246 1.01045985775 0.30541 0.41196 152.77952 195.62801 147.22542 138.42519 0.3 0.3 0.0 0.0 0.0 0.0 0.0 0.0 0.72115 0.0 0.0 45.47487 -0.49999 0.07399 0.0 0.0 0.0 0.0 0.0 0.0 0.049221502356 3 1 0.978102189781 0.477865289876 -6.78422222131
-0.12623 0.35028 3.35743 -0.12979 0.55971 4.02072 0.744520307686 1.01877969231 0.30541 0.41196 152.77952 195.62801 147.22542 138.42519 0.3 0.3 0.0 0.0 0.0 0.0 0.0 0.0 0.72115 0.0 0.0 45.47487 -0.49999 0.07399 0.0 0.0 0.0 0.0 0.0 0.0 0.0500902014429 4 0 0.963768115942 0.603094438963 -6.78422222131
-0.12623 0.35028 3.35743 -0.12979 0.55971 4.02072 0.765214748652 0.998085251348 0.30541 0.41196 152.77952 195.62801 147.22542 138.42519 0.3 0.3 0.0 0.0 0.0 0.0 0.0 0.0 0.72115 0.0 0.0 45.47487 -0.49999 0.07399 0.0 0.0 0.0 0.0 0.0 0.0 0.0493981544957 5 1 0.992647058824 0.426087320052 -2.16430395321
-0.12623 0.35028 3.35743 -0.12979 0.55971 4.02072 0.739766466589 1.02353353341 0.30541 0.41196 152.77952 195.62801 147.22542 138.42519 0.3 0.3 0.0 0.0 0.0 0.0 0.0 0.0 0.72115 0.0 0.0 45.47487 -0.49999 0.07399 0.0 0.0 0.0 0.0 0.0 0.0 0.0493251270284 6 0 0.942857142857 0.611540102804 -2.16430395321
-0.12623 0.35028 3.35743 -0.12979 0.55971 4.02072 0.747584836486 1.01571516351 0.30541 0.41196 152.77952 195.62801 147.22542 138.42519 0.3 0.3 0.0 0.0 0.0 0.0 0.0 0.0 0.72115 0.0 0.0 45.47487 -0.49999 0.07399 0.0 0.0 0.0 0.0 0.0 0.0 0.0496353544381 7 0 0.978102189781 0.601025977447 -2.16430395321
-0.12623 0.35028 3.35743 -0.12979 0.55971 4.02072 0.799445646943 0.963854353057 0.30541 0.41196 152.77952 195.62801 147.22542 138.42519 0.3 0.3 0.0 0.0 0.0 0.0 0.0 0.0 0.72115 0.0 0.0 45.47487 -0.49999 0.07399 0.0 0.0 0.0 0.0 0.0 0.0 0.049976025705 8 0 0.978102189781 0.404981571632 -2.16430395321
-0.12623 0.35028 3.35743 -0.12979 0.55971 4.02072 0.788714169744 0.974585830256 0.30541 0.41196 152.77952 195.62801 147.22542 138.42519 0.3 0.3 0.0 0.0 0.0 0.0 0.0 0.0 0.72115 0.0 0.0 45.47487 -0.49999 0.07399 0.0 0.0 0.0 0.0 0.0 0.0 0.0497438212421 9 0 0.977941176471 0.279003005131 -2.16430395321
-0.12623 0.35028 3.35743 -0.12979 0.55971 4.02072 0.779362278763 0.983937721237 0.30541 0.41196 152.77952 195.62801 147.22542 138.42519 0.3 0.3 0.0 0.0 0.0 0.0 0.0 0.0 0.72115 0.0 0.0 45.47487 -0.49999 0.07399 0.0 0.0 0.0 0.0 0.0 0.0 0.049813861623 10 1 1.0 0.395955696459 -1.74047988872
-0.12623 0.35028 3.35743 -0.12979 0.55971 4.02072 0.780764226802 0.982535773198 0.30541 0.41196 152.77952 195.62801 147.22542 138.42519 0.3 0.3 0.0 0.0 0.0 0.0 0.0 0.0 0.72115 0.0 0.0 45.47487 -0.49999 0.07399 0.0 0.0 0.0 0.0 0.0 0.0 0.0494241537374 11 1 1.0 0.394864432708 -1.71355941642
-0.12623 0.35028 3.35743 -0.12979 0.55971 4.02072 0.779664025248 0.983635974752 0.30541 0.41196 152.77952 195.62801 147.22542 138.42519 0.3 0.3 0.0 0.0 0.0 0.0 0.0 0.0 0.72115 0.0 0.0 45.47487 -0.49999 0.07399 0.0 0.0 0.0 0.0 0.0 0.0 0.0492358072181 12 1 1.0 0.395275964985 -1.70062219881
-0.12623 0.35028 3.35743 -0.12979 0.55971 4.02072 0.745741021934 1.01755897807 0.30541 0.41196 152.77952 195.62801 147.22542 138.42519 0.3 0.3 0.0 0.0 0.0 0.0 0.0 0.0 0.72115 0.0 0.0 45.47487 -0.49999 0.07399 0.0 0.0 0.0 0.0 0.0 0.0 0.0496634776856 13 0 0.963768115942 0.6272501926 -1.70062219881
-0.12623 0.35028 3.35743 -0.12979 0.55971 4.02072 0.781379624389 0.981920375611 0.30541 0.41196 152.77952 195.62801 147.22542 138.42519 0.3 0.3 0.0 0.0 0.0 0.0 0.0 0.0 0.72115 0.0 0.0 45.47487 -0.49999 0.07399 0.0 0.0 0.0 0.0 0.0 0.0 0.0489258886365 14 1 1.0 0.394675361555 -1.67943869122
-0.12623 0.35028 3.35743 -0.12979 0.55971 4.02072 0.795257363336 0.968042636664 0.30541 0.41196 152.77952 195.62801 147.22542 138.42519 0.3 0.3 0.0 0.0 0.0 0.0 0.0 0.0 0.72115 0.0 0.0 45.47487 -0.49999 0.07399 0.0 0.0 0.0 0.0 0.0 0.0 0.0482285468937 15 0 0.985401459854 0.382090134043 -1.67943869122
-0.12623 0.35028 3.35743 -0.12979 0.55971 4.02072 0.851344267575 0.911955732425 0.30541 0.41196 152.77952 195.62801 147.22542 138.42519 0.3 0.3 0.0 0.0 0.0 0.0 0.0 0.0 0.72115 0.0 0.0 45.47487 -0.49999 0.07399 0.0 0.0 0.0 0.0 0.0 0.0 0.0480604271392 16 0 0.95 0.616498319095 -1.67943869122
-0.12623 0.35028 3.35743 -0.12979 0.55971 4.02072 0.783482594519 0.979817405481 0.30541 0.41196 152.77952 195.62801 147.22542 138.42519 0.3 0.3 0.0 0.0 0.0 0.0 0.0 0.0 0.72115 0.0 0.0 45.47487 -0.49999 0.07399 0.0 0.0 0.0 0.0 0.0 0.0 0.0483713582189 17 1 0.992592592593 0.118087956758 -1.67864862954
-0.12623 0.35028 3.35743 -0.12979 0.55971 4.02072 0.774012169588 0.989287830412 0.30541 0.41196 152.77952 195.62801 147.22542 138.42519 0.3 0.3 0.0 0.0 0.0 0.0 0.0 0.0 0.72115 0.0 0.0 45.47487 -0.49999 0.07399 0.0 0.0 0.0 0.0 0.0 0.0 0.0490600987022 18 1 1.0 0.405867728743 -1.68859626611
-0.12623 0.35028 3.35743 -0.12979 0.55971 4.02072 0.751405066648 1.01189493335 0.30541 0.41196 152.77952 195.62801 147.22542 138.42519 0.3 0.3 0.0 0.0 0.0 0.0 0.0 0.0 0.72115 0.0 0.0 45.47487 -0.49999 0.07399 0.0 0.0 0.0 0.0 0.0 0.0 0.0497992125432 19 0 0.978102189781 0.481694787061 -1.68859626611
-0.12623 0.35028 3.35743 -0.12979 0.55971 4.02072 0.733593644148 1.02970635585 0.30541 0.41196 152.77952 195.62801 147.22542 138.42519 0.3 0.3 0.0 0.0 0.0 0.0 0.0 0.0 0.72115 0.0 0.0 45.47487 -0.49999 0.07399 0.0 0.0 0.0 0.0 0.0 0.0 0.0485057723538 20 0 0.928571428571 0.61576224827 -1.68859626611
-0.12623 0.35028 3.35743 -0.12979 0.55971 4.02072 0.779253446303 0.984046553697 0.30541 0.41196 152.77952 195.62801 147.22542 138.42519 0.3 0.3 0.0 0.0 0.0 0.0 0.0 0.0 0.72115 0.0 0.0 45.47487 -0.49999 0.07399 0.0 0.0 0.0 0.0 0.0 0.0 0.0490824470324 21 1 1.0 0.395956001807 -1.69012352687
-0.12623 0.35028 3.35743 -0.12979 0.55971 4.02072 0.755646976179 1.00765302382 0.30541 0.41196 152.77952 195.62801 147.22542 138.42519 0.3 0.3 0.0 0.0 0.0 0.0 0.0 0.0 0.72115 0.0 0.0 45.47487 -0.49999 0.07399 0.0 0.0 0.0 0.0 0.0 0.0 0.0488846944045 22 0 0.985294117647 0.46793541664 -1.69012352687
-0.12623 0.35028 3.35743 -0.12979 0.55971 4.02072 0.781699103201 0.981600896799 0.30541 0.41196 152.77952 195.62801 147.22542 138.42519 0.3 0.3 0.0 0.0 0.0 0.0 0.0 0.0 0.72115 0.0 0.0 45.47487 -0.49999 0.07399 0.0 0.0 0.0 0.0 0.0 0.0 0.0489552120997 23 1 1.0 0.394662017599 -1.68143744519
-0.12623 0.35028 3.35743 -0.12979 0.55971 4.02072 0.769419110994 0.993880889006 0.30541 0.41196 152.77952 195.62801 147.22542 138.42519 0.3 0.3 0.0 0.0 0.0 0.0 0.0 0.0 0.72115 0.0 0.0 45.47487 -0.49999 0.07399 0.0 0.0 0.0 0.0 0.0 0.0 0.0491009343496 24 1 1.0 0.426296086866 -1.69138744017
-0.12623 0.35028 3.35743 -0.12979 0.55971 4.02072 0.779291821398 0.984008178602 0.30541 0.41196 152.77952 195.62801 147.22542 138.42519 0.3 0.3 0.0 0.0 0.0 0.0 0.0 0.0 0.72115 0.0 0.0 45.47487 -0.49999 0.07399 0.0 0.0 0.0 0.0 0.0 0.0 0.0494120687885 25 1 1.0 0.395956111962 -1.71272788256
-0.12623 0.35028 3.35743 -0.12979 0.55971 4.02072 0.791255729435 0.972044270565 0.30541 0.41196 152.77952 195.62801 147.22542 138.42519 0.3 0.3 0.0 0.0 0.0 0.0 0.0 0.0 0.72115 0.0 0.0 45.47487 -0.49999 0.07399 0.0 0.0 0.0 0.0 0.0 0.0 0.0495133805017 26 0 0.985401459854 0.522555021835 -1.71272788256
-0.12623 0.35028 3.35743 -0.12979 0.55971 4.02072 0.779166460936 0.984133539064 0.30541 0.41196 152.77952 195.62801 147.22542 138.42519 0.3 0.3 0.0 0.0 0.0 0.0 0.0 0.0 0.72115 0.0 0.0 45.47487 -0.49999 0.07399 0.0 0.0 0.0 0.0 0.0 0.0 0.0503735405906 27 1 1.0 0.395960130136 -1.77950015545
-0.12623 0.35028 3.35743 -0.12979 0.55971 4.02072 0.781567560873 0.981732439127 0.30541 0.41196 152.77952 195.62801 147.22542 138.42519 0.3 0.3 0.0 0.0 0.0 0.0 0.0 0.0 0.72115 0.0 0.0 45.47487 -0.49999 0.07399 0.0 0.0 0.0 0.0 0.0 0.0 0.0502541665848 28 1 1.0 0.394669419422 -1.77114207987
-0.12623 0.35028 3.35743 -0.12979 0.55971 4.02072 0.776532342582 0.986767657418 0.30541 0.41196 152.77952 195.62801 147.22542 138.42519 0.3 0.3 0.0 0.0 0.0 0.0 0.0 0.0 0.72115 0.0 0.0 45.47487 -0.49999 0.07399 0.0 0.0 0.0 0.0 0.0 0.0 0.0504194307254 29 1 1.0 0.39985414942 -1.78271830473
-0.12623 0.35028 3.35743 -0.12979 0.55971 4.02072 0.767673289645 0.995626710355 0.30541 0.41196 152.77952 195.62801 147.22542 138.42519 0.3 0.3 0.0 0.0 0.0 0.0 0.0 0.0 0.72115 0.0 0.0 45.47487 -0.49999 0.07399 0.0 0.0 0.0 0.0 0.0 0.0 0.0511075103121 30 1 1.0 0.425035646892 -1.83131162454
-0.12623 0.35028 3.35743 -0.12979 0.55971 4.02072 0.778148935673 0.985151064327 0.30541 0.41196 152.77952 195.62801 147.22542 138.42519 0.3 0.3 0.0 0.0 0.0 0.0 0.0 0.0 0.72115 0.0 0.0 45.47487 -0.49999 0.07399 0.0 0.0 0.0 0.0 0.0 0.0 0.0505445852098 31 1 1.0 0.397560466629 -1.79150947024
-0.12623 0.35028 3.35743 -0.12979 0.55971 4.02072 0.754645170314 1.00865482969 0.30541 0.41196 152.77952 195.62801 147.22542 138.42519 0.3 0.3 0.0 0.0 0.0 0.0 0.0 0.0 0.72115 0.0 0.0 45.47487 -0.49999 0.07399 0.0 0.0 0.0 0.0 0.0 0.0 0.0512908616536 32 0 0.985294117647 0.473617610349 -1.79150947024
-0.12623 0.35028 3.35743 -0.12979 0.55971 4.02072 0.726526367041 1.03677363296 0.30541 0.41196 152.77952 195.62801 147.22542 138.42519 0.3 0.3 0.0 0.0 0.0 0.0 0.0 0.0 0.72115 0.0 0.0 45.47487 -0.49999 0.07399 0.0 0.0 0.0 0.0 0.0 0.0 0.0517096988211 33 0 0.921985815603 0.587968031042 -1.79150947024
-0.12623 0.35028 3.35743 -0.12979 0.55971 4.02072 0.749829508116 1.01347049188 0.30541 0.41196 152.77952 195.62801 147.22542 138.42519 0.3 0.3 0.0 0.0 0.0 0.0 0.0 0.0 0.72115 0.0 0.0 45.47487 -0.49999 0.07399 0.0 0.0 0.0 0.0 0.0 0.0 0.049513591896 34 0 0.978102189781 0.593382630523 -1.79150947024
-0.12623 0.35028 3.35743 -0.12979 0.55971 4.02072 0.775585467472 0.987714532528 0.30541 0.41196 152.77952 195.62801 147.22542 138.42519 0.3 0.3 0.0 0.0 0.0 0.0 0.0 0.0 0.72115 0.0 0.0 45.47487 -0.49999 0.07399 0.0 0.0 0.0 0.0 0.0 0.0 0.0504986633087 35 1 1.0 0.398546420866 -1.78828134894
-0.12623 0.35028 3.35743 -0.12979 0.55971 4.02072 0.773794032082 0.989505967918 0.30541 0.41196 152.77952 195.62801 147.22542 138.42519 0.3 0.3 0.0 0.0 0.0 0.0 0.0 0.0 0.72115 0.0 0.0 45.47487 -0.49999 0.07399 0.0 0.0 0.0 0.0 0.0 0.0 0.0513342913416 36 1 1.0 0.410045925829 -1.84746694402
-0.12623 0.35028 3.35743 -0.12979 0.55971 4.02072 0.756014336777 1.00728566322 0.30541 0.41196 152.77952 195.62801 147.22542 138.42519 0.3 0.3 0.0 0.0 0.0 0.0 0.0 0.0 0.72115 0.0 0.0 45.47487 -0.49999 0.07399 0.0 0.0 0.0 0.0 0.0 0.0 0.0505256238052 37 0 0.985294117647 0.463515984427 -1.84746694402
-0.12623 0.35028 3.35743 -0.12979 0.55971 4.02072 0.77131454927 0.99198545073 0.30541 0.41196 152.77952 195.62801 147.22542 138.42519 0.3 0.3 0.0 0.0 0.0 0.0 0.0 0.0 0.72115 0.0 0.0 45.47487 -0.49999 0.07399 0.0 0.0 0.0 0.0 0.0 0.0 0.0520863815323 38 1 1.0 0.185945092653 -1.90153905779
-0.12623 0.35028 3.35743 -0.12979 0.55971 4.02072 0.771988712528 0.991311287472 0.30541 0.41196 152.77952 195.62801 147.22542 138.42519 0.3 0.3 0.0 0.0 0.0 0.0 0.0 0.0 0.72115 0.0 0.0 45.47487 -0.49999 0.07399 0.0 0.0 0.0 0.0 0.0 0.0 0.0521355329603 39 1 1.0 0.184274772601 -1.90509930384
-0.12623 0.35028 3.35743 -0.12979 0.55971 4.02072 0.760125450339 1.00317454966 0.30541 0.41196 152.77952 195.62801 147.22542 138.42519 0.3 0.3 0.0 0.0 0.0 0.0 0.0 0.0 0.72115 0.0 0.0 45.47487 -0.49999 0.07399 0.0 0.0 0.0 0.0 0.0 0.0 0.0519476370484 40 1 0.992647058824 0.573128298517 -2.63187331523
-0.12623 0.35028 3.35743 -0.12979 0.55971 4.02072 0.77312778241 0.99017221759 0.30541 0.41196 152.77952 195.62801 147.22542 138.42519 0.3 0.3 0.0 0.0 0.0 0.0 0.0 0.0 0.72115 0.0 0.0 45.47487 -0.49999 0.07399 0.0 0.0 0.0 0.0 0.0 0.0 0.0517365846231 41 1 1.0 0.185299990691 -1.8762955431
-0.12623 0.35028 3.35743 -0.12979 0.55971 4.02072 0.778947599841 0.984352400159 0.30541 0.41196 152.77952 195.62801 147.22542 138.42519 0.3 0.3 0.0 0.0 0.0 0.0 0.0 0.0 0.72115 0.0 0.0 45.47487 -0.49999 0.07399 0.0 0.0 0.0 0.0 0.0 0.0 0.0516154693946 42 1 1.0 0.395981846271 -1.86759344831
-0.12623 0.35028 3.35743 -0.12979 0.55971 4.02072 0.785144376502 0.978155623498 0.30541 0.41196 152.77952 195.62801 147.22542 138.42519 0.3 0.3 0.0 0.0 0.0 0.0 0.0 0.0 0.72115 0.0 0.0 45.47487 -0.49999 0.07399 0.0 0.0 0.0 0.0 0.0 0.0 0.0520856508373 43 1 0.992592592593 0.119171981072 -1.93380063056
-0.12623 0.35028 3.35743 -0.12979 0.55971 4.02072 0.762313530633 1.00098646937 0.30541 0.41196 152.77952 195.62801 147.22542 138.42519 0.3 0.3 0.0 0.0 0.0 0.0 0.0 0.0 0.72115 0.0 0.0 45.47487 -0.49999 0.07399 0.0 0.0 0.0 0.0 0.0 0.0 0.0519036478524 44 1 0.992647058824 0.45714432765 -2.36016141629
-0.12623 0.35028 3.35743 -0.12979 0.55971 4.02072 0.771193230738 0.992106769262 0.30541 0.41196 152.77952 195.62801 147.22542 138.42519 0.3 0.3 0.0 0.0 0.0 0.0 0.0 0.0 0.72115 0.0 0.0 45.47487 -0.49999 0.07399 0.0 0.0 0.0 0.0 0.0 0.0 0.0522555449621 45 1 1.0 0.185987430939 -1.91380591623
-0.12623 0.35028 3.35743 -0.12979 0.55971 4.02072 0.748821445165 1.01447855483 0.30541 0.41196 152.77952 195.62801 147.22542 138.42519 0.3 0.3 0.0 0.0 0.0 0.0 0.0 0.0 0.72115 0.0 0.0 45.47487 -0.49999 0.07399 0.0 0.0 0.0 0.0 0.0 0.0 0.052096475989 46 0 0.978102189781 0.592913315892 -1.91380591623
-0.12623 0.35028 3.35743 -0.12979 0.55971 4.02072 0.817814276282 0.945485723718 0.30541 0.41196 152.77952 195.62801 147.22542 138.42519 0.3 0.3 0.0 0.0 0.0 0.0 0.0 0.0 0.72115 0.0 0.0 45.47487 -0.49999 0.07399 0.0 0.0 0.0 0.0 0.0 0.0 0.0530107523202 47 0 0.964028776978 0.421794082374 -1.91380591623
-0.12623 0.35028 3.35743 -0.12979 0.55971 4.02072 0.772179327747 0.991120672253 0.30541 0.41196 152.77952 195.62801 147.22542 138.42519 0.3 0.3 0.0 0.0 0.0 0.0 0.0 0.0 0.72115 0.0 0.0 45.47487 -0.49999 0.07399 0.0 0.0 0.0 0.0 0.0 0.0 0.0519124659777 48 1 1.0 0.183031824228 -1.88896767891
-0.12623 0.35028 3.35743 -0.12979 0.55971 4.02072 0.77249565134 0.99080434866 0.30541 0.41196 152.77952 195.62801 147.22542 138.42519 0.3 0.3 0.0 0.0 0.0 0.0 0.0 0.0 0.72115 0.0 0.0 45.47487 -0.49999 0.07399 0.0 0.0 0.0 0.0 0.0 0.0 0.0516032853346 49 1 1.0 0.183098297142 -1.86671911892
-0.12623 0.35028 3.35743 -0.12979 0.55971 4.02072 0.77131656436 0.99198343564 0.30541 0.41196 152.77952 195.62801 147.22542 138.42519 0.3 0.3 0.0 0.0 0.0 0.0 0.0 0.0 0.72115 0.0 0.0 45.47487 -0.49999 0.07399 0.0 0.0 0.0 0.0 0.0 0.0 0.0511894868926 50 1 1.0 0.185945144386 -1.83714344616
