-0.12623 0.35028 3.35743 -0.12979 0.55971 4.02072 0.817643944744 0.945656055256 0.30541 0.41196 152.77952 195.62801 147.22542 138.42519 0.3 0.3 0.0 0.0 0.0 0.0 0.0 0.0 0.72115 0.0 0.0 45.47487 -0.49999 0.07399 0.0 0.0 0.0 0.0 0.0 0.0 0.05 0 1 0.964028776978 0.421729048845 -12.1093606213
-0.12623 0.35028 3.35743 -0.12979 0.55971 4.02072 0.823774913596 0.939525086404 0.30541 0.41196 152.77952 195.62801 147.22542 138.42519 0.3 0.3 0.0 0.0 0.0 0.0 0.0 0.0 0.72115 0.0 0.0 45.47487 -0.49999 0.07399 0.0 0.0 0.0 0.0 0.0 0.0 0.0492632836297 1 0 0.964028776978 0.492481340167 -12.1093606213
-0.12623 0.35028 3.35743 -0.12979 0.55971 4.02072 0.810243762109 0.953056237891 0.30541 0.41196 152.77952 195.62801 147.22542 138.42519 0.3 0.3 0.0 0.0 0.0 0.0 0.0 0.0 0.72115 0.0 0.0 45.47487 -0.49999 0.07399 0.0 0.0 0.0 0.0 0.0 0.0 0.0502051059301 2 0 0.964028776978 0.537123652518 -12.1093606213
-0.12623 0.35028 3.35743 -0.12979 0.55971 4.02072 0.815846431502 0.947453568498 0.30541 0.41196 152.77952 195.62801 147.22542 138.42519 0.3 0.3 0.0 0.0 0.0 0.0 0.0 0.0 0.72115 0.0 0.0 45.47487 -0.49999 0.07399 0.0 0.0 0.0 0.0 0.0 0.0 0.0501748118827 3 1 0.964028776978 0.420473888888 -11.9883877647
-0.12623 0.35028 3.35743 -0.12979 0.55971 4.02072 0.822538628613 0.940761371387 0.30541 0.41196 152.77952 195.62801 147.22542 138.42519 0.3 0.3 0.0 0.0 0.0 0.0 0.0 0.0 0.72115 0.0 0.0 45.47487 -0.49999 0.07399 0.0 0.0 0.0 0.0 0.0 0.0 0.0504590139818 4 0 0.964028776978 0.4434563307 -11.9883877647
-0.12623 0.35028 3.35743 -0.12979 0.55971 4.02072 0.801941903078 0.961358096922 0.30541 0.41196 152.77952 195.62801 147.22542 138.42519 0.3 0.3 0.0 0.0 0.0 0.0 0.0 0.0 0.72115 0.0 0.0 45.47487 -0.49999 0.07399 0.0 0.0 0.0 0.0 0.0 0.0 0.0501438393889 5 1 0.978260869565 0.415007127976 -5.40520693623
-0.12623 0.35028 3.35743 -0.12979 0.55971 4.02072 0.825234494669 0.938065505331 0.30541 0.41196 152.77952 195.62801 147.22542 138.42519 0.3 0.3 0.0 0.0 0.0 0.0 0.0 0.0 0.72115 0.0 0.0 45.47487 -0.49999 0.07399 0.0 0.0 0.0 0.0 0.0 0.0 0.0498042256876 6 0 0.964028776978 0.493378213806 -5.40520693623
-0.12623 0.35028 3.35743 -0.12979 0.55971 4.02072 0.832899549131 0.930400450869 0.30541 0.41196 152.77952 195.62801 147.22542 138.42519 0.3 0.3 0.0 0.0 0.0 0.0 0.0 0.0 0.72115 0.0 0.0 45.47487 -0.49999 0.07399 0.0 0.0 0.0 0.0 0.0 0.0 0.0492685006236 7 0 0.957142857143 0.493117993962 -5.40520693623
-0.12623 0.35028 3.35743 -0.12979 0.55971 4.02072 0.791917570425 0.971382429575 0.30541 0.41196 152.77952 195.62801 147.22542 138.42519 0.3 0.3 0.0 0.0 0.0 0.0 0.0 0.0 0.72115 0.0 0.0 45.47487 -0.49999 0.07399 0.0 0.0 0.0 0.0 0.0 0.0 0.0498852647413 8 1 0.985401459854 0.521724719068 -4.36789919278
-0.12623 0.35028 3.35743 -0.12979 0.55971 4.02072 0.795712841334 0.967587158666 0.30541 0.41196 152.77952 195.62801 147.22542 138.42519 0.3 0.3 0.0 0.0 0.0 0.0 0.0 0.0 0.72115 0.0 0.0 45.47487 -0.49999 0.07399 0.0 0.0 0.0 0.0 0.0 0.0 0.049680779031 9 1 0.985401459854 0.383024803385 -3.15637366294
-0.12623 0.35028 3.35743 -0.12979 0.55971 4.02072 0.771237011446 0.992062988554 0.30541 0.41196 152.77952 195.62801 147.22542 138.42519 0.3 0.3 0.0 0.0 0.0 0.0 0.0 0.0 0.72115 0.0 0.0 45.47487 -0.49999 0.07399 0.0 0.0 0.0 0.0 0.0 0.0 0.0497754028913 10 1 1.0 0.185917958107 -1.73781409784
-0.12623 0.35028 3.35743 -0.12979 0.55971 4.02072 0.76499303687 0.99830696313 0.30541 0.41196 152.77952 195.62801 147.22542 138.42519 0.3 0.3 0.0 0.0 0.0 0.0 0.0 0.0 0.72115 0.0 0.0 45.47487 -0.49999 0.07399 0.0 0.0 0.0 0.0 0.0 0.0 0.0494702503219 11 0 0.992647058824 0.42542617912 -1.73781409784
-0.12623 0.35028 3.35743 -0.12979 0.55971 4.02072 0.794771206383 0.968528793617 0.30541 0.41196 152.77952 195.62801 147.22542 138.42519 0.3 0.3 0.0 0.0 0.0 0.0 0.0 0.0 0.72115 0.0 0.0 45.47487 -0.49999 0.07399 0.0 0.0 0.0 0.0 0.0 0.0 0.0503171419104 12 0 0.985401459854 0.381821511231 -1.73781409784
-0.12623 0.35028 3.35743 -0.12979 0.55971 4.02072 0.745742915456 1.01755708454 0.30541 0.41196 152.77952 195.62801 147.22542 138.42519 0.3 0.3 0.0 0.0 0.0 0.0 0.0 0.0 0.72115 0.0 0.0 45.47487 -0.49999 0.07399 0.0 0.0 0.0 0.0 0.0 0.0 0.0493485479146 13 0 0.963768115942 0.627250856991 -1.73781409784
-0.12623 0.35028 3.35743 -0.12979 0.55971 4.02072 0.740579271917 1.02272072808 0.30541 0.41196 152.77952 195.62801 147.22542 138.42519 0.3 0.3 0.0 0.0 0.0 0.0 0.0 0.0 0.72115 0.0 0.0 45.47487 -0.49999 0.07399 0.0 0.0 0.0 0.0 0.0 0.0 0.051590653341 14 0 0.942857142857 0.611220001707 -1.73781409784
-0.12623 0.35028 3.35743 -0.12979 0.55971 4.02072 0.763227809082 1.00007219092 0.30541 0.41196 152.77952 195.62801 147.22542 138.42519 0.3 0.3 0.0 0.0 0.0 0.0 0.0 0.0 0.72115 0.0 0.0 45.47487 -0.49999 0.07399 0.0 0.0 0.0 0.0 0.0 0.0 0.0503316397827 15 1 0.992647058824 0.451886534253 -2.26685233875
-0.12623 0.35028 3.35743 -0.12979 0.55971 4.02072 0.756045012886 1.00725498711 0.30541 0.41196 152.77952 195.62801 147.22542 138.42519 0.3 0.3 0.0 0.0 0.0 0.0 0.0 0.0 0.72115 0.0 0.0 45.47487 -0.49999 0.07399 0.0 0.0 0.0 0.0 0.0 0.0 0.0503600854129 16 0 0.985294117647 0.463519160119 -2.26685233875
-0.12623 0.35028 3.35743 -0.12979 0.55971 4.02072 0.731076297712 1.03222370229 0.30541 0.41196 152.77952 195.62801 147.22542 138.42519 0.3 0.3 0.0 0.0 0.0 0.0 0.0 0.0 0.72115 0.0 0.0 45.47487 -0.49999 0.07399 0.0 0.0 0.0 0.0 0.0 0.0 0.0510948819804 17 0 0.915492957746 0.513696003557 -2.26685233875
-0.12623 0.35028 3.35743 -0.12979 0.55971 4.02072 0.729162038844 1.03413796116 0.30541 0.41196 152.77952 195.62801 147.22542 138.42519 0.3 0.3 0.0 0.0 0.0 0.0 0.0 0.0 0.72115 0.0 0.0 45.47487 -0.49999 0.07399 0.0 0.0 0.0 0.0 0.0 0.0 0.0500451570005 18 0 0.915492957746 0.536075425258 -2.26685233875
-0.12623 0.35028 3.35743 -0.12979 0.55971 4.02072 0.736350991608 1.02694900839 0.30541 0.41196 152.77952 195.62801 147.22542 138.42519 0.3 0.3 0.0 0.0 0.0 0.0 0.0 0.0 0.72115 0.0 0.0 45.47487 -0.49999 0.07399 0.0 0.0 0.0 0.0 0.0 0.0 0.0492444047759 19 0 0.935714285714 0.611309771197 -2.26685233875
-0.12623 0.35028 3.35743 -0.12979 0.55971 4.02072 0.77352664571 0.98977335429 0.30541 0.41196 152.77952 195.62801 147.22542 138.42519 0.3 0.3 0.0 0.0 0.0 0.0 0.0 0.0 0.72115 0.0 0.0 45.47487 -0.49999 0.07399 0.0 0.0 0.0 0.0 0.0 0.0 0.0503571078766 20 1 1.0 0.184947051576 -1.77834846447
-0.12623 0.35028 3.35743 -0.12979 0.55971 4.02072 0.756677909099 1.0066220909 0.30541 0.41196 152.77952 195.62801 147.22542 138.42519 0.3 0.3 0.0 0.0 0.0 0.0 0.0 0.0 0.72115 0.0 0.0 45.47487 -0.49999 0.07399 0.0 0.0 0.0 0.0 0.0 0.0 0.0513300945876 21 1 0.985294117647 0.463084079858 -3.82737288206
-0.12623 0.35028 3.35743 -0.12979 0.55971 4.02072 0.746044437355 1.01725556265 0.30541 0.41196 152.77952 195.62801 147.22542 138.42519 0.3 0.3 0.0 0.0 0.0 0.0 0.0 0.0 0.72115 0.0 0.0 45.47487 -0.49999 0.07399 0.0 0.0 0.0 0.0 0.0 0.0 0.0511309357506 22 0 0.971014492754 0.624951085784 -3.82737288206
-0.12623 0.35028 3.35743 -0.12979 0.55971 4.02072 0.747903229996 1.01539677 0.30541 0.41196 152.77952 195.62801 147.22542 138.42519 0.3 0.3 0.0 0.0 0.0 0.0 0.0 0.0 0.72115 0.0 0.0 45.47487 -0.49999 0.07399 0.0 0.0 0.0 0.0 0.0 0.0 0.0524040392556 23 0 0.978102189781 0.593848045475 -3.82737288206
-0.12623 0.35028 3.35743 -0.12979 0.55971 4.02072 0.748895548867 1.01440445113 0.30541 0.41196 152.77952 195.62801 147.22542 138.42519 0.3 0.3 0.0 0.0 0.0 0.0 0.0 0.0 0.72115 0.0 0.0 45.47487 -0.49999 0.07399 0.0 0.0 0.0 0.0 0.0 0.0 0.0513962254577 24 0 0.978102189781 0.5928803445 -3.82737288206
-0.12623 0.35028 3.35743 -0.12979 0.55971 4.02072 0.729356447364 1.03394355264 0.30541 0.41196 152.77952 195.62801 147.22542 138.42519 0.3 0.3 0.0 0.0 0.0 0.0 0.0 0.0 0.72115 0.0 0.0 45.47487 -0.49999 0.07399 0.0 0.0 0.0 0.0 0.0 0.0 0.0501437008055 25 0 0.915492957746 0.536058301132 -3.82737288206
-0.12623 0.35028 3.35743 -0.12979 0.55971 4.02072 0.755480043904 1.0078199561 0.30541 0.41196 152.77952 195.62801 147.22542 138.42519 0.3 0.3 0.0 0.0 0.0 0.0 0.0 0.0 0.72115 0.0 0.0 45.47487 -0.49999 0.07399 0.0 0.0 0.0 0.0 0.0 0.0 0.0518310519264 26 1 0.985294117647 0.469819868653 -3.88211792383
-0.12623 0.35028 3.35743 -0.12979 0.55971 4.02072 0.77950674677 0.98379325323 0.30541 0.41196 152.77952 195.62801 147.22542 138.42519 0.3 0.3 0.0 0.0 0.0 0.0 0.0 0.0 0.72115 0.0 0.0 45.47487 -0.49999 0.07399 0.0 0.0 0.0 0.0 0.0 0.0 0.0517951132704 27 1 1.0 0.395271423306 -1.88050787751
-0.12623 0.35028 3.35743 -0.12979 0.55971 4.02072 0.780729505372 0.982570494628 0.30541 0.41196 152.77952 195.62801 147.22542 138.42519 0.3 0.3 0.0 0.0 0.0 0.0 0.0 0.0 0.72115 0.0 0.0 45.47487 -0.49999 0.07399 0.0 0.0 0.0 0.0 0.0 0.0 0.0511695794534 28 1 1.0 0.394865329662 -1.83572639758
-0.12623 0.35028 3.35743 -0.12979 0.55971 4.02072 0.752070898106 1.01122910189 0.30541 0.41196 152.77952 195.62801 147.22542 138.42519 0.3 0.3 0.0 0.0 0.0 0.0 0.0 0.0 0.72115 0.0 0.0 45.47487 -0.49999 0.07399 0.0 0.0 0.0 0.0 0.0 0.0 0.0517798495174 29 0 0.978102189781 0.477245323449 -1.83572639758
-0.12623 0.35028 3.35743 -0.12979 0.55971 4.02072 0.763216348701 1.0000836513 0.30541 0.41196 152.77952 195.62801 147.22542 138.42519 0.3 0.3 0.0 0.0 0.0 0.0 0.0 0.0 0.72115 0.0 0.0 45.47487 -0.49999 0.07399 0.0 0.0 0.0 0.0 0.0 0.0 0.0509284799405 30 0 0.992647058824 0.45187082445 -1.83572639758
-0.12623 0.35028 3.35743 -0.12979 0.55971 4.02072 0.80703018098 0.95626981902 0.30541 0.41196 152.77952 195.62801 147.22542 138.42519 0.3 0.3 0.0 0.0 0.0 0.0 0.0 0.0 0.72115 0.0 0.0 45.47487 -0.49999 0.07399 0.0 0.0 0.0 0.0 0.0 0.0 0.0515262095397 31 0 0.964028776978 0.424058368828 -1.83572639758
-0.12623 0.35028 3.35743 -0.12979 0.55971 4.02072 0.801127290415 0.962172709585 0.30541 0.41196 152.77952 195.62801 147.22542 138.42519 0.3 0.3 0.0 0.0 0.0 0.0 0.0 0.0 0.72115 0.0 0.0 45.47487 -0.49999 0.07399 0.0 0.0 0.0 0.0 0.0 0.0 0.0532451246596 32 0 0.978102189781 0.416161727337 -1.83572639758
-0.12623 0.35028 3.35743 -0.12979 0.55971 4.02072 0.762552112699 1.0007478873 0.30541 0.41196 152.77952 195.62801 147.22542 138.42519 0.3 0.3 0.0 0.0 0.0 0.0 0.0 0.0 0.72115 0.0 0.0 45.47487 -0.49999 0.07399 0.0 0.0 0.0 0.0 0.0 0.0 0.0507071719014 33 1 0.992647058824 0.457179176074 -2.29739603283
-0.12623 0.35028 3.35743 -0.12979 0.55971 4.02072 0.75592140733 1.00737859267 0.30541 0.41196 152.77952 195.62801 147.22542 138.42519 0.3 0.3 0.0 0.0 0.0 0.0 0.0 0.0 0.72115 0.0 0.0 45.47487 -0.49999 0.07399 0.0 0.0 0.0 0.0 0.0 0.0 0.0501139847383 34 0 0.985294117647 0.465607457223 -2.29739603283
-0.12623 0.35028 3.35743 -0.12979 0.55971 4.02072 0.779653053445 0.983646946555 0.30541 0.41196 152.77952 195.62801 147.22542 138.42519 0.3 0.3 0.0 0.0 0.0 0.0 0.0 0.0 0.72115 0.0 0.0 45.47487 -0.49999 0.07399 0.0 0.0 0.0 0.0 0.0 0.0 0.0504689595364 35 1 1.0 0.395276356839 -1.78619480909
-0.12623 0.35028 3.35743 -0.12979 0.55971 4.02072 0.774089663813 0.989210336187 0.30541 0.41196 152.77952 195.62801 147.22542 138.42519 0.3 0.3 0.0 0.0 0.0 0.0 0.0 0.0 0.72115 0.0 0.0 45.47487 -0.49999 0.07399 0.0 0.0 0.0 0.0 0.0 0.0 0.0507807828538 36 1 1.0 0.405867504965 -1.80815808377
-0.12623 0.35028 3.35743 -0.12979 0.55971 4.02072 0.749097695367 1.01420230463 0.30541 0.41196 152.77952 195.62801 147.22542 138.42519 0.3 0.3 0.0 0.0 0.0 0.0 0.0 0.0 0.72115 0.0 0.0 45.47487 -0.49999 0.07399 0.0 0.0 0.0 0.0 0.0 0.0 0.0502390848327 37 0 0.978102189781 0.592867741733 -1.80815808377
-0.12623 0.35028 3.35743 -0.12979 0.55971 4.02072 0.793101634076 0.970198365924 0.30541 0.41196 152.77952 195.62801 147.22542 138.42519 0.3 0.3 0.0 0.0 0.0 0.0 0.0 0.0 0.72115 0.0 0.0 45.47487 -0.49999 0.07399 0.0 0.0 0.0 0.0 0.0 0.0 0.0506265236897 38 0 0.985401459854 0.522107973015 -1.80815808377
-0.12623 0.35028 3.35743 -0.12979 0.55971 4.02072 0.774253711186 0.989046288814 0.30541 0.41196 152.77952 195.62801 147.22542 138.42519 0.3 0.3 0.0 0.0 0.0 0.0 0.0 0.0 0.72115 0.0 0.0 45.47487 -0.49999 0.07399 0.0 0.0 0.0 0.0 0.0 0.0 0.0507070731435 39 1 1.0 0.406566937672 -1.80295451843
-0.12623 0.35028 3.35743 -0.12979 0.55971 4.02072 0.771285522162 0.992014477838 0.30541 0.41196 152.77952 195.62801 147.22542 138.42519 0.3 0.3 0.0 0.0 0.0 0.0 0.0 0.0 0.72115 0.0 0.0 45.47487 -0.49999 0.07399 0.0 0.0 0.0 0.0 0.0 0.0 0.051036436609 40 1 1.0 0.185945035875 -1.82626275524
-0.12623 0.35028 3.35743 -0.12979 0.55971 4.02072 0.780208115612 0.983091884388 0.30541 0.41196 152.77952 195.62801 147.22542 138.42519 0.3 0.3 0.0 0.0 0.0 0.0 0.0 0.0 0.72115 0.0 0.0 45.47487 -0.49999 0.07399 0.0 0.0 0.0 0.0 0.0 0.0 0.052034452831 41 1 1.0 0.39488459151 -1.89778116789
-0.12623 0.35028 3.35743 -0.12979 0.55971 4.02072 0.760846215963 1.00245378404 0.30541 0.41196 152.77952 195.62801 147.22542 138.42519 0.3 0.3 0.0 0.0 0.0 0.0 0.0 0.0 0.72115 0.0 0.0 45.47487 -0.49999 0.07399 0.0 0.0 0.0 0.0 0.0 0.0 0.0524556893794 42 1 0.992647058824 0.465559677905 -2.40748449344
-0.12623 0.35028 3.35743 -0.12979 0.55971 4.02072 0.768251798546 0.995048201454 0.30541 0.41196 152.77952 195.62801 147.22542 138.42519 0.3 0.3 0.0 0.0 0.0 0.0 0.0 0.0 0.72115 0.0 0.0 45.47487 -0.49999 0.07399 0.0 0.0 0.0 0.0 0.0 0.0 0.052186871673 43 1 1.0 0.426918626642 -1.90882144924
-0.12623 0.35028 3.35743 -0.12979 0.55971 4.02072 0.742694667454 1.02060533255 0.30541 0.41196 152.77952 195.62801 147.22542 138.42519 0.3 0.3 0.0 0.0 0.0 0.0 0.0 0.0 0.72115 0.0 0.0 45.47487 -0.49999 0.07399 0.0 0.0 0.0 0.0 0.0 0.0 0.0527168187018 44 0 0.963768115942 0.600000579065 -1.90882144924
-0.12623 0.35028 3.35743 -0.12979 0.55971 4.02072 0.773320593887 0.989979406113 0.30541 0.41196 152.77952 195.62801 147.22542 138.42519 0.3 0.3 0.0 0.0 0.0 0.0 0.0 0.0 0.72115 0.0 0.0 45.47487 -0.49999 0.07399 0.0 0.0 0.0 0.0 0.0 0.0 0.0525590594268 45 1 1.0 0.185327711477 -1.93591154473
-0.12623 0.35028 3.35743 -0.12979 0.55971 4.02072 0.784066763429 0.979233236571 0.30541 0.41196 152.77952 195.62801 147.22542 138.42519 0.3 0.3 0.0 0.0 0.0 0.0 0.0 0.0 0.72115 0.0 0.0 45.47487 -0.49999 0.07399 0.0 0.0 0.0 0.0 0.0 0.0 0.0523413177325 46 1 0.992592592593 0.118518852491 -1.95169016857
-0.12623 0.35028 3.35743 -0.12979 0.55971 4.02072 0.782048588743 0.981251411257 0.30541 0.41196 152.77952 195.62801 147.22542 138.42519 0.3 0.3 0.0 0.0 0.0 0.0 0.0 0.0 0.72115 0.0 0.0 45.47487 -0.49999 0.07399 0.0 0.0 0.0 0.0 0.0 0.0 0.0523834624678 47 1 1.0 0.422865206038 -1.92310735183
-0.12623 0.35028 3.35743 -0.12979 0.55971 4.02072 0.760923223825 1.00237677617 0.30541 0.41196 152.77952 195.62801 147.22542 138.42519 0.3 0.3 0.0 0.0 0.0 0.0 0.0 0.0 0.72115 0.0 0.0 45.47487 -0.49999 0.07399 0.0 0.0 0.0 0.0 0.0 0.0 0.0524401116786 48 0 0.992647058824 0.465565022692 -1.92310735183
-0.12623 0.35028 3.35743 -0.12979 0.55971 4.02072 0.771930657831 0.991369342169 0.30541 0.41196 152.77952 195.62801 147.22542 138.42519 0.3 0.3 0.0 0.0 0.0 0.0 0.0 0.0 0.72115 0.0 0.0 45.47487 -0.49999 0.07399 0.0 0.0 0.0 0.0 0.0 0.0 0.0524371097571 49 1 1.0 0.184265101465 -1.92701481778
-0.12623 0.35028 3.35743 -0.12979 0.55971 4.02072 0.76997107974 0.99332892026 0.30541 0.41196 152.77952 195.62801 147.22542 138.42519 0.3 0.3 0.0 0.0 0.0 0.0 0.0 0.0 0.72115 0.0 0.0 45.47487 -0.49999 0.07399 0.0 0.0 0.0 0.0 0.0 0.0 0.0527191897856 50 1 1.0 0.425790431389 -1.94762402116
