-0.12623 0.35028 3.35743 -0.12979 0.55971 4.02072 0.909249259162 0.854050740838 0.30541 0.41196 152.77952 195.62801 147.22542 138.42519 0.3 0.3 0.0 0.0 0.0 0.0 0.0 0.0 0.72115 0.0 0.0 45.47487 -0.49999 0.07399 0.0 0.0 0.0 0.0 0.0 0.0 0.05 0 1 0.922535211268 0.832269551788 -188.799747632
-0.12623 0.35028 3.35743 -0.12979 0.55971 4.02072 0.904247838744 0.859052161256 0.30541 0.41196 152.77952 195.62801 147.22542 138.42519 0.3 0.3 0.0 0.0 0.0 0.0 0.0 0.0 0.72115 0.0 0.0 45.47487 -0.49999 0.07399 0.0 0.0 0.0 0.0 0.0 0.0 0.050691498859 1 0 0.922535211268 0.85434207983 -188.799747632
-0.12623 0.35028 3.35743 -0.12979 0.55971 4.02072 0.93109688951 0.83220311049 0.30541 0.41196 152.77952 195.62801 147.22542 138.42519 0.3 0.3 0.0 0.0 0.0 0.0 0.0 0.0 0.72115 0.0 0.0 45.47487 -0.49999 0.07399 0.0 0.0 0.0 0.0 0.0 0.0 0.0495461955143 2 0 0.908450704225 0.88816357519 -188.799747632
-0.12623 0.35028 3.35743 -0.12979 0.55971 4.02072 0.908852020074 0.854447979926 0.30541 0.41196 152.77952 195.62801 147.22542 138.42519 0.3 0.3 0.0 0.0 0.0 0.0 0.0 0.0 0.72115 0.0 0.0 45.47487 -0.49999 0.07399 0.0 0.0 0.0 0.0 0.0 0.0 0.05006528033 3 1 0.922535211268 0.833044674197 -188.664490261
-0.12623 0.35028 3.35743 -0.12979 0.55971 4.02072 0.923122000781 0.840177999219 0.30541 0.41196 152.77952 195.62801 147.22542 138.42519 0.3 0.3 0.0 0.0 0.0 0.0 0.0 0.0 0.72115 0.0 0.0 45.47487 -0.49999 0.07399 0.0 0.0 0.0 0.0 0.0 0.0 0.0503694819324 4 0 0.915492957746 0.84072417236 -188.664490261
-0.12623 0.35028 3.35743 -0.12979 0.55971 4.02072 0.893964528263 0.869335471737 0.30541 0.41196 152.77952 195.62801 147.22542 138.42519 0.3 0.3 0.0 0.0 0.0 0.0 0.0 0.0 0.72115 0.0 0.0 45.47487 -0.49999 0.07399 0.0 0.0 0.0 0.0 0.0 0.0 0.0497442569985 5 0 0.923076923077 0.890643241456 -188.664490261
-0.12623 0.35028 3.35743 -0.12979 0.55971 4.02072 0.907721009524 0.855578990476 0.30541 0.41196 152.77952 195.62801 147.22542 138.42519 0.3 0.3 0.0 0.0 0.0 0.0 0.0 0.0 0.72115 0.0 0.0 45.47487 -0.49999 0.07399 0.0 0.0 0.0 0.0 0.0 0.0 0.0498225721404 6 0 0.922535211268 0.832947460069 -188.664490261
-0.12623 0.35028 3.35743 -0.12979 0.55971 4.02072 0.924876713081 0.838423286919 0.30541 0.41196 152.77952 195.62801 147.22542 138.42519 0.3 0.3 0.0 0.0 0.0 0.0 0.0 0.0 0.72115 0.0 0.0 45.47487 -0.49999 0.07399 0.0 0.0 0.0 0.0 0.0 0.0 0.050517605527 7 0 0.915492957746 0.840927691451 -188.664490261
-0.12623 0.35028 3.35743 -0.12979 0.55971 4.02072 0.916422595186 0.846877404814 0.30541 0.41196 152.77952 195.62801 147.22542 138.42519 0.3 0.3 0.0 0.0 0.0 0.0 0.0 0.0 0.72115 0.0 0.0 45.47487 -0.49999 0.07399 0.0 0.0 0.0 0.0 0.0 0.0 0.0507269215008 8 0 0.915492957746 0.826144475694 -188.664490261
-0.12623 0.35028 3.35743 -0.12979 0.55971 4.02072 0.923107788635 0.840192211365 0.30541 0.41196 152.77952 195.62801 147.22542 138.42519 0.3 0.3 0.0 0.0 0.0 0.0 0.0 0.0 0.72115 0.0 0.0 45.47487 -0.49999 0.07399 0.0 0.0 0.0 0.0 0.0 0.0 0.0488154074208 9 0 0.915492957746 0.840724071022 -188.664490261
-0.12623 0.35028 3.35743 -0.12979 0.55971 4.02072 0.921311373137 0.841988626863 0.30541 0.41196 152.77952 195.62801 147.22542 138.42519 0.3 0.3 0.0 0.0 0.0 0.0 0.0 0.0 0.72115 0.0 0.0 45.47487 -0.49999 0.07399 0.0 0.0 0.0 0.0 0.0 0.0 0.0500381215959 10 0 0.915492957746 0.837989977866 -188.664490261
-0.12623 0.35028 3.35743 -0.12979 0.55971 4.02072 0.926885722681 0.836414277319 0.30541 0.41196 152.77952 195.62801 147.22542 138.42519 0.3 0.3 0.0 0.0 0.0 0.0 0.0 0.0 0.72115 0.0 0.0 45.47487 -0.49999 0.07399 0.0 0.0 0.0 0.0 0.0 0.0 0.0498494074559 11 0 0.915492957746 0.864480564337 -188.664490261
-0.12623 0.35028 3.35743 -0.12979 0.55971 4.02072 0.911408806391 0.851891193609 0.30541 0.41196 152.77952 195.62801 147.22542 138.42519 0.3 0.3 0.0 0.0 0.0 0.0 0.0 0.0 0.72115 0.0 0.0 45.47487 -0.49999 0.07399 0.0 0.0 0.0 0.0 0.0 0.0 0.0504732331774 12 0 0.915492957746 0.875103575388 -188.664490261
-0.12623 0.35028 3.35743 -0.12979 0.55971 4.02072 0.879593284649 0.883706715351 0.30541 0.41196 152.77952 195.62801 147.22542 138.42519 0.3 0.3 0.0 0.0 0.0 0.0 0.0 0.0 0.72115 0.0 0.0 45.47487 -0.49999 0.07399 0.0 0.0 0.0 0.0 0.0 0.0 0.0486954326604 13 1 0.93006993007 0.761570927879 -136.226474161
-0.12623 0.35028 3.35743 -0.12979 0.55971 4.02072 0.861124951965 0.902175048035 0.30541 0.41196 152.77952 195.62801 147.22542 138.42519 0.3 0.3 0.0 0.0 0.0 0.0 0.0 0.0 0.72115 0.0 0.0 45.47487 -0.49999 0.07399 0.0 0.0 0.0 0.0 0.0 0.0 0.0492348475628 14 1 0.93661971831 0.634211560055 -76.6872086306
-0.12623 0.35028 3.35743 -0.12979 0.55971 4.02072 0.857157627516 0.906142372484 0.30541 0.41196 152.77952 195.62801 147.22542 138.42519 0.3 0.3 0.0 0.0 0.0 0.0 0.0 0.0 0.72115 0.0 0.0 45.47487 -0.49999 0.07399 0.0 0.0 0.0 0.0 0.0 0.0 0.0489522762475 15 1 0.93661971831 0.629106337107 -76.3197866981
-0.12623 0.35028 3.35743 -0.12979 0.55971 4.02072 0.834624985617 0.928675014383 0.30541 0.41196 152.77952 195.62801 147.22542 138.42519 0.3 0.3 0.0 0.0 0.0 0.0 0.0 0.0 0.72115 0.0 0.0 45.47487 -0.49999 0.07399 0.0 0.0 0.0 0.0 0.0 0.0 0.0486716010184 16 1 0.957142857143 0.54504387073 -27.5747317274
-0.12623 0.35028 3.35743 -0.12979 0.55971 4.02072 0.811022512297 0.952277487703 0.30541 0.41196 152.77952 195.62801 147.22542 138.42519 0.3 0.3 0.0 0.0 0.0 0.0 0.0 0.0 0.72115 0.0 0.0 45.47487 -0.49999 0.07399 0.0 0.0 0.0 0.0 0.0 0.0 0.0488493173423 17 1 0.964028776978 0.422594370245 -12.568374804
-0.12623 0.35028 3.35743 -0.12979 0.55971 4.02072 0.78253404217 0.98076595783 0.30541 0.41196 152.77952 195.62801 147.22542 138.42519 0.3 0.3 0.0 0.0 0.0 0.0 0.0 0.0 0.72115 0.0 0.0 45.47487 -0.49999 0.07399 0.0 0.0 0.0 0.0 0.0 0.0 0.049248225083 18 1 1.0 0.00042963151945 -1.70147368661
-0.12623 0.35028 3.35743 -0.12979 0.55971 4.02072 0.789204843825 0.974095156175 0.30541 0.41196 152.77952 195.62801 147.22542 138.42519 0.3 0.3 0.0 0.0 0.0 0.0 0.0 0.0 0.72115 0.0 0.0 45.47487 -0.49999 0.07399 0.0 0.0 0.0 0.0 0.0 0.0 0.0492397805266 19 0 0.977941176471 0.279151704103 -1.70147368661
-0.12623 0.35028 3.35743 -0.12979 0.55971 4.02072 0.757202375576 1.00609762442 0.30541 0.41196 152.77952 195.62801 147.22542 138.42519 0.3 0.3 0.0 0.0 0.0 0.0 0.0 0.0 0.72115 0.0 0.0 45.47487 -0.49999 0.07399 0.0 0.0 0.0 0.0 0.0 0.0 0.0483167711854 20 0 0.985294117647 0.591617781411 -1.70147368661
-0.12623 0.35028 3.35743 -0.12979 0.55971 4.02072 0.792373100035 0.970926899965 0.30541 0.41196 152.77952 195.62801 147.22542 138.42519 0.3 0.3 0.0 0.0 0.0 0.0 0.0 0.0 0.72115 0.0 0.0 45.47487 -0.49999 0.07399 0.0 0.0 0.0 0.0 0.0 0.0 0.0500451312387 21 0 0.985401459854 0.522037674206 -1.70147368661
-0.12623 0.35028 3.35743 -0.12979 0.55971 4.02072 0.829700502934 0.933599497066 0.30541 0.41196 152.77952 195.62801 147.22542 138.42519 0.3 0.3 0.0 0.0 0.0 0.0 0.0 0.0 0.72115 0.0 0.0 45.47487 -0.49999 0.07399 0.0 0.0 0.0 0.0 0.0 0.0 0.0488735116995 22 0 0.957142857143 0.492464835064 -1.70147368661
-0.12623 0.35028 3.35743 -0.12979 0.55971 4.02072 0.786028987608 0.977271012392 0.30541 0.41196 152.77952 195.62801 147.22542 138.42519 0.3 0.3 0.0 0.0 0.0 0.0 0.0 0.0 0.72115 0.0 0.0 45.47487 -0.49999 0.07399 0.0 0.0 0.0 0.0 0.0 0.0 0.0488765089509 23 1 0.985294117647 0.121568372481 -1.82658901701
-0.12623 0.35028 3.35743 -0.12979 0.55971 4.02072 0.793924860787 0.969375139213 0.30541 0.41196 152.77952 195.62801 147.22542 138.42519 0.3 0.3 0.0 0.0 0.0 0.0 0.0 0.0 0.72115 0.0 0.0 45.47487 -0.49999 0.07399 0.0 0.0 0.0 0.0 0.0 0.0 0.0482999755573 24 0 0.985401459854 0.527917323375 -1.82658901701
-0.12623 0.35028 3.35743 -0.12979 0.55971 4.02072 0.812494524636 0.950805475364 0.30541 0.41196 152.77952 195.62801 147.22542 138.42519 0.3 0.3 0.0 0.0 0.0 0.0 0.0 0.0 0.72115 0.0 0.0 45.47487 -0.49999 0.07399 0.0 0.0 0.0 0.0 0.0 0.0 0.0483584462596 25 0 0.964028776978 0.42323187263 -1.82658901701
-0.12623 0.35028 3.35743 -0.12979 0.55971 4.02072 0.818961249636 0.944338750364 0.30541 0.41196 152.77952 195.62801 147.22542 138.42519 0.3 0.3 0.0 0.0 0.0 0.0 0.0 0.0 0.72115 0.0 0.0 45.47487 -0.49999 0.07399 0.0 0.0 0.0 0.0 0.0 0.0 0.0481477949066 26 0 0.964028776978 0.424811449924 -1.82658901701
-0.12623 0.35028 3.35743 -0.12979 0.55971 4.02072 0.815157693988 0.948142306012 0.30541 0.41196 152.77952 195.62801 147.22542 138.42519 0.3 0.3 0.0 0.0 0.0 0.0 0.0 0.0 0.72115 0.0 0.0 45.47487 -0.49999 0.07399 0.0 0.0 0.0 0.0 0.0 0.0 0.0487761440149 27 0 0.964028776978 0.425825586491 -1.82658901701
-0.12623 0.35028 3.35743 -0.12979 0.55971 4.02072 0.766903347875 0.996396652125 0.30541 0.41196 152.77952 195.62801 147.22542 138.42519 0.3 0.3 0.0 0.0 0.0 0.0 0.0 0.0 0.72115 0.0 0.0 45.47487 -0.49999 0.07399 0.0 0.0 0.0 0.0 0.0 0.0 0.0485506325104 28 1 0.992647058824 0.424811106283 -2.11963126348
-0.12623 0.35028 3.35743 -0.12979 0.55971 4.02072 0.789609464707 0.973690535293 0.30541 0.41196 152.77952 195.62801 147.22542 138.42519 0.3 0.3 0.0 0.0 0.0 0.0 0.0 0.0 0.72115 0.0 0.0 45.47487 -0.49999 0.07399 0.0 0.0 0.0 0.0 0.0 0.0 0.0480670057513 29 0 0.977941176471 0.347438311424 -2.11963126348
-0.12623 0.35028 3.35743 -0.12979 0.55971 4.02072 0.772156514163 0.991143485837 0.30541 0.41196 152.77952 195.62801 147.22542 138.42519 0.3 0.3 0.0 0.0 0.0 0.0 0.0 0.0 0.72115 0.0 0.0 45.47487 -0.49999 0.07399 0.0 0.0 0.0 0.0 0.0 0.0 0.0494919320959 30 1 1.0 0.183028529815 -1.71822672306
-0.12623 0.35028 3.35743 -0.12979 0.55971 4.02072 0.762935291338 1.00036470866 0.30541 0.41196 152.77952 195.62801 147.22542 138.42519 0.3 0.3 0.0 0.0 0.0 0.0 0.0 0.0 0.72115 0.0 0.0 45.47487 -0.49999 0.07399 0.0 0.0 0.0 0.0 0.0 0.0 0.0503250101499 31 1 0.992647058824 0.457043345027 -2.27777410893
-0.12623 0.35028 3.35743 -0.12979 0.55971 4.02072 0.760217644423 1.00308235558 0.30541 0.41196 152.77952 195.62801 147.22542 138.42519 0.3 0.3 0.0 0.0 0.0 0.0 0.0 0.0 0.72115 0.0 0.0 45.47487 -0.49999 0.07399 0.0 0.0 0.0 0.0 0.0 0.0 0.0504663847153 32 1 0.992647058824 0.466004423065 -2.30463535147
-0.12623 0.35028 3.35743 -0.12979 0.55971 4.02072 0.745108496641 1.01819150336 0.30541 0.41196 152.77952 195.62801 147.22542 138.42519 0.3 0.3 0.0 0.0 0.0 0.0 0.0 0.0 0.72115 0.0 0.0 45.47487 -0.49999 0.07399 0.0 0.0 0.0 0.0 0.0 0.0 0.0510406224298 33 0 0.963768115942 0.638239298859 -2.30463535147
-0.12623 0.35028 3.35743 -0.12979 0.55971 4.02072 0.791430963772 0.971869036228 0.30541 0.41196 152.77952 195.62801 147.22542 138.42519 0.3 0.3 0.0 0.0 0.0 0.0 0.0 0.0 0.72115 0.0 0.0 45.47487 -0.49999 0.07399 0.0 0.0 0.0 0.0 0.0 0.0 0.0494801705114 34 0 0.985401459854 0.522591889667 -2.30463535147
-0.12623 0.35028 3.35743 -0.12979 0.55971 4.02072 0.744979016321 1.01832098368 0.30541 0.41196 152.77952 195.62801 147.22542 138.42519 0.3 0.3 0.0 0.0 0.0 0.0 0.0 0.0 0.72115 0.0 0.0 45.47487 -0.49999 0.07399 0.0 0.0 0.0 0.0 0.0 0.0 0.0494231565327 35 0 0.963768115942 0.622788178242 -2.30463535147
-0.12623 0.35028 3.35743 -0.12979 0.55971 4.02072 0.798607680712 0.964692319288 0.30541 0.41196 152.77952 195.62801 147.22542 138.42519 0.3 0.3 0.0 0.0 0.0 0.0 0.0 0.0 0.72115 0.0 0.0 45.47487 -0.49999 0.07399 0.0 0.0 0.0 0.0 0.0 0.0 0.0504732704201 36 0 0.985401459854 0.409085379697 -2.30463535147
-0.12623 0.35028 3.35743 -0.12979 0.55971 4.02072 0.755168748646 1.00813125135 0.30541 0.41196 152.77952 195.62801 147.22542 138.42519 0.3 0.3 0.0 0.0 0.0 0.0 0.0 0.0 0.72115 0.0 0.0 45.47487 -0.49999 0.07399 0.0 0.0 0.0 0.0 0.0 0.0 0.0505103428419 37 1 0.985294117647 0.469244225923 -3.88887313002
-0.12623 0.35028 3.35743 -0.12979 0.55971 4.02072 0.770566723087 0.992733276913 0.30541 0.41196 152.77952 195.62801 147.22542 138.42519 0.3 0.3 0.0 0.0 0.0 0.0 0.0 0.0 0.72115 0.0 0.0 45.47487 -0.49999 0.07399 0.0 0.0 0.0 0.0 0.0 0.0 0.0509029282541 38 1 1.0 0.185945327599 -1.81679709454
-0.12623 0.35028 3.35743 -0.12979 0.55971 4.02072 0.754813634126 1.00848636587 0.30541 0.41196 152.77952 195.62801 147.22542 138.42519 0.3 0.3 0.0 0.0 0.0 0.0 0.0 0.0 0.72115 0.0 0.0 45.47487 -0.49999 0.07399 0.0 0.0 0.0 0.0 0.0 0.0 0.0509317946033 39 1 0.985294117647 0.471247767263 -3.90167898506
-0.12623 0.35028 3.35743 -0.12979 0.55971 4.02072 0.767411208564 0.995888791436 0.30541 0.41196 152.77952 195.62801 147.22542 138.42519 0.3 0.3 0.0 0.0 0.0 0.0 0.0 0.0 0.72115 0.0 0.0 45.47487 -0.49999 0.07399 0.0 0.0 0.0 0.0 0.0 0.0 0.0500826649457 40 1 1.0 0.425059751968 -1.75916787037
-0.12623 0.35028 3.35743 -0.12979 0.55971 4.02072 0.755419609361 1.00788039064 0.30541 0.41196 152.77952 195.62801 147.22542 138.42519 0.3 0.3 0.0 0.0 0.0 0.0 0.0 0.0 0.72115 0.0 0.0 45.47487 -0.49999 0.07399 0.0 0.0 0.0 0.0 0.0 0.0 0.0496990613797 41 0 0.985294117647 0.469846704838 -1.75916787037
-0.12623 0.35028 3.35743 -0.12979 0.55971 4.02072 0.771374643864 0.991925356136 0.30541 0.41196 152.77952 195.62801 147.22542 138.42519 0.3 0.3 0.0 0.0 0.0 0.0 0.0 0.0 0.72115 0.0 0.0 45.47487 -0.49999 0.07399 0.0 0.0 0.0 0.0 0.0 0.0 0.0509068494183 42 1 1.0 0.185946262081 -1.81707476062
-0.12623 0.35028 3.35743 -0.12979 0.55971 4.02072 0.776253735272 0.987046264728 0.30541 0.41196 152.77952 195.62801 147.22542 138.42519 0.3 0.3 0.0 0.0 0.0 0.0 0.0 0.0 0.72115 0.0 0.0 45.47487 -0.49999 0.07399 0.0 0.0 0.0 0.0 0.0 0.0 0.0504868455938 43 1 1.0 0.398182146656 -1.78745107179
-0.12623 0.35028 3.35743 -0.12979 0.55971 4.02072 0.803960205571 0.959339794429 0.30541 0.41196 152.77952 195.62801 147.22542 138.42519 0.3 0.3 0.0 0.0 0.0 0.0 0.0 0.0 0.72115 0.0 0.0 45.47487 -0.49999 0.07399 0.0 0.0 0.0 0.0 0.0 0.0 0.0511480293544 44 0 0.964028776978 0.407420953132 -1.78745107179
-0.12623 0.35028 3.35743 -0.12979 0.55971 4.02072 0.833400206769 0.929899793231 0.30541 0.41196 152.77952 195.62801 147.22542 138.42519 0.3 0.3 0.0 0.0 0.0 0.0 0.0 0.0 0.72115 0.0 0.0 45.47487 -0.49999 0.07399 0.0 0.0 0.0 0.0 0.0 0.0 0.0504964651979 45 0 0.957142857143 0.543355881676 -1.78745107179
-0.12623 0.35028 3.35743 -0.12979 0.55971 4.02072 0.761361200882 1.00193879912 0.30541 0.41196 152.77952 195.62801 147.22542 138.42519 0.3 0.3 0.0 0.0 0.0 0.0 0.0 0.0 0.72115 0.0 0.0 45.47487 -0.49999 0.07399 0.0 0.0 0.0 0.0 0.0 0.0 0.0514327521279 46 0 0.992647058824 0.465445278838 -1.78745107179
-0.12623 0.35028 3.35743 -0.12979 0.55971 4.02072 0.749771168237 1.01352883176 0.30541 0.41196 152.77952 195.62801 147.22542 138.42519 0.3 0.3 0.0 0.0 0.0 0.0 0.0 0.0 0.72115 0.0 0.0 45.47487 -0.49999 0.07399 0.0 0.0 0.0 0.0 0.0 0.0 0.049515393182 47 0 0.978102189781 0.593381110853 -1.78745107179
-0.12623 0.35028 3.35743 -0.12979 0.55971 4.02072 0.769875873238 0.993424126762 0.30541 0.41196 152.77952 195.62801 147.22542 138.42519 0.3 0.3 0.0 0.0 0.0 0.0 0.0 0.0 0.72115 0.0 0.0 45.47487 -0.49999 0.07399 0.0 0.0 0.0 0.0 0.0 0.0 0.0495799340879 48 1 1.0 0.426040514304 -1.72429590962
-0.12623 0.35028 3.35743 -0.12979 0.55971 4.02072 0.781250008969 0.982049991031 0.30541 0.41196 152.77952 195.62801 147.22542 138.42519 0.3 0.3 0.0 0.0 0.0 0.0 0.0 0.0 0.72115 0.0 0.0 45.47487 -0.49999 0.07399 0.0 0.0 0.0 0.0 0.0 0.0 0.0496221475276 49 1 1.0 0.394679325443 -1.72721093156
-0.12623 0.35028 3.35743 -0.12979 0.55971 4.02072 0.813141423816 0.950158576184 0.30541 0.41196 152.77952 195.62801 147.22542 138.42519 0.3 0.3 0.0 0.0 0.0 0.0 0.0 0.0 0.72115 0.0 0.0 45.47487 -0.49999 0.07399 0.0 0.0 0.0 0.0 0.0 0.0 0.0501103697092 50 0 0.964028776978 0.424414576781 -1.72721093156
