-0.12623 0.35028 3.35743 -0.12979 0.55971 4.02072 0.438803249004 1.324496751 0.30541 0.41196 152.77952 195.62801 147.22542 138.42519 0.3 0.3 0.0 0.0 0.0 0.0 0.0 0.0 0.72115 0.0 0.0 45.47487 -0.49999 0.07399 0.0 0.0 0.0 0.0 0.0 0.0 0.05 0 1 0.720779220779 1.99602118697 -13979.5358637
-0.12623 0.35028 3.35743 -0.12979 0.55971 4.02072 0.466582848281 1.29671715172 0.30541 0.41196 152.77952 195.62801 147.22542 138.42519 0.3 0.3 0.0 0.0 0.0 0.0 0.0 0.0 0.72115 0.0 0.0 45.47487 -0.49999 0.07399 0.0 0.0 0.0 0.0 0.0 0.0 0.0498536464268 1 1 0.732026143791 2.05817002175 -13770.857763
-0.12623 0.35028 3.35743 -0.12979 0.55971 4.02072 0.462445121601 1.3008548784 0.30541 0.41196 152.77952 195.62801 147.22542 138.42519 0.3 0.3 0.0 0.0 0.0 0.0 0.0 0.0 0.72115 0.0 0.0 45.47487 -0.49999 0.07399 0.0 0.0 0.0 0.0 0.0 0.0 0.0494289227152 2 1 0.753246753247 2.01612311026 -11397.6519235
-0.12623 0.35028 3.35743 -0.12979 0.55971 4.02072 0.475803231458 1.28749676854 0.30541 0.41196 152.77952 195.62801 147.22542 138.42519 0.3 0.3 0.0 0.0 0.0 0.0 0.0 0.0 0.72115 0.0 0.0 45.47487 -0.49999 0.07399 0.0 0.0 0.0 0.0 0.0 0.0 0.0495880964926 3 0 0.732026143791 1.9891561471 -11397.6519235
-0.12623 0.35028 3.35743 -0.12979 0.55971 4.02072 0.426863774454 1.33643622555 0.30541 0.41196 152.77952 195.62801 147.22542 138.42519 0.3 0.3 0.0 0.0 0.0 0.0 0.0 0.0 0.72115 0.0 0.0 45.47487 -0.49999 0.07399 0.0 0.0 0.0 0.0 0.0 0.0 0.0500378528431 4 0 0.711538461538 2.06372216998 -11397.6519235
-0.12623 0.35028 3.35743 -0.12979 0.55971 4.02072 0.452658285222 1.31064171478 0.30541 0.41196 152.77952 195.62801 147.22542 138.42519 0.3 0.3 0.0 0.0 0.0 0.0 0.0 0.0 0.72115 0.0 0.0 45.47487 -0.49999 0.07399 0.0 0.0 0.0 0.0 0.0 0.0 0.0499625381883 5 0 0.733766233766 1.99964795011 -11397.6519235
-0.12623 0.35028 3.35743 -0.12979 0.55971 4.02072 0.548287334336 1.21501266566 0.30541 0.41196 152.77952 195.62801 147.22542 138.42519 0.3 0.3 0.0 0.0 0.0 0.0 0.0 0.0 0.72115 0.0 0.0 45.47487 -0.49999 0.07399 0.0 0.0 0.0 0.0 0.0 0.0 0.0505796751661 6 1 0.794701986755 1.73198965659 -5561.61142392
-0.12623 0.35028 3.35743 -0.12979 0.55971 4.02072 0.568991417369 1.19430858263 0.30541 0.41196 152.77952 195.62801 147.22542 138.42519 0.3 0.3 0.0 0.0 0.0 0.0 0.0 0.0 0.72115 0.0 0.0 45.47487 -0.49999 0.07399 0.0 0.0 0.0 0.0 0.0 0.0 0.0504183878063 7 1 0.798657718121 1.61606237437 -4687.33531634
-0.12623 0.35028 3.35743 -0.12979 0.55971 4.02072 0.562612555214 1.20068744479 0.30541 0.41196 152.77952 195.62801 147.22542 138.42519 0.3 0.3 0.0 0.0 0.0 0.0 0.0 0.0 0.72115 0.0 0.0 45.47487 -0.49999 0.07399 0.0 0.0 0.0 0.0 0.0 0.0 0.0509232451231 8 0 0.781456953642 1.71291546605 -4687.33531634
-0.12623 0.35028 3.35743 -0.12979 0.55971 4.02072 0.541512526777 1.22178747322 0.30541 0.41196 152.77952 195.62801 147.22542 138.42519 0.3 0.3 0.0 0.0 0.0 0.0 0.0 0.0 0.72115 0.0 0.0 45.47487 -0.49999 0.07399 0.0 0.0 0.0 0.0 0.0 0.0 0.049763532956 9 0 0.782894736842 1.69814177485 -4687.33531634
-0.12623 0.35028 3.35743 -0.12979 0.55971 4.02072 0.569371424914 1.19392857509 0.30541 0.41196 152.77952 195.62801 147.22542 138.42519 0.3 0.3 0.0 0.0 0.0 0.0 0.0 0.0 0.72115 0.0 0.0 45.47487 -0.49999 0.07399 0.0 0.0 0.0 0.0 0.0 0.0 0.051025962685 10 1 0.798657718121 1.60618400613 -4520.7041271
-0.12623 0.35028 3.35743 -0.12979 0.55971 4.02072 0.588151526879 1.17514847312 0.30541 0.41196 152.77952 195.62801 147.22542 138.42519 0.3 0.3 0.0 0.0 0.0 0.0 0.0 0.0 0.72115 0.0 0.0 45.47487 -0.49999 0.07399 0.0 0.0 0.0 0.0 0.0 0.0 0.051772501437 11 1 0.824324324324 1.60216733259 -3326.89101618
-0.12623 0.35028 3.35743 -0.12979 0.55971 4.02072 0.587610293321 1.17568970668 0.30541 0.41196 152.77952 195.62801 147.22542 138.42519 0.3 0.3 0.0 0.0 0.0 0.0 0.0 0.0 0.72115 0.0 0.0 45.47487 -0.49999 0.07399 0.0 0.0 0.0 0.0 0.0 0.0 0.0511336484379 12 0 0.824324324324 1.62412717696 -3326.89101618
-0.12623 0.35028 3.35743 -0.12979 0.55971 4.02072 0.579092137255 1.18420786275 0.30541 0.41196 152.77952 195.62801 147.22542 138.42519 0.3 0.3 0.0 0.0 0.0 0.0 0.0 0.0 0.72115 0.0 0.0 45.47487 -0.49999 0.07399 0.0 0.0 0.0 0.0 0.0 0.0 0.0504734681532 13 0 0.817567567568 1.58249341536 -3326.89101618
-0.12623 0.35028 3.35743 -0.12979 0.55971 4.02072 0.566858727819 1.19644127218 0.30541 0.41196 152.77952 195.62801 147.22542 138.42519 0.3 0.3 0.0 0.0 0.0 0.0 0.0 0.0 0.72115 0.0 0.0 45.47487 -0.49999 0.07399 0.0 0.0 0.0 0.0 0.0 0.0 0.0520115397318 14 0 0.798657718121 1.65055091525 -3326.89101618
-0.12623 0.35028 3.35743 -0.12979 0.55971 4.02072 0.630384991138 1.13291500886 0.30541 0.41196 152.77952 195.62801 147.22542 138.42519 0.3 0.3 0.0 0.0 0.0 0.0 0.0 0.0 0.72115 0.0 0.0 45.47487 -0.49999 0.07399 0.0 0.0 0.0 0.0 0.0 0.0 0.0511874190991 15 1 0.861111111111 1.41157438599 -1652.15866698
-0.12623 0.35028 3.35743 -0.12979 0.55971 4.02072 0.61169156734 1.15160843266 0.30541 0.41196 152.77952 195.62801 147.22542 138.42519 0.3 0.3 0.0 0.0 0.0 0.0 0.0 0.0 0.72115 0.0 0.0 45.47487 -0.49999 0.07399 0.0 0.0 0.0 0.0 0.0 0.0 0.0504005437157 16 0 0.844594594595 1.46015377281 -1652.15866698
-0.12623 0.35028 3.35743 -0.12979 0.55971 4.02072 0.629511438237 1.13378856176 0.30541 0.41196 152.77952 195.62801 147.22542 138.42519 0.3 0.3 0.0 0.0 0.0 0.0 0.0 0.0 0.72115 0.0 0.0 45.47487 -0.49999 0.07399 0.0 0.0 0.0 0.0 0.0 0.0 0.0503590467402 17 0 0.861111111111 1.42162367848 -1652.15866698
-0.12623 0.35028 3.35743 -0.12979 0.55971 4.02072 0.604709806724 1.15859019328 0.30541 0.41196 152.77952 195.62801 147.22542 138.42519 0.3 0.3 0.0 0.0 0.0 0.0 0.0 0.0 0.72115 0.0 0.0 45.47487 -0.49999 0.07399 0.0 0.0 0.0 0.0 0.0 0.0 0.0510804422179 18 0 0.837837837838 1.544182758 -1652.15866698
-0.12623 0.35028 3.35743 -0.12979 0.55971 4.02072 0.646074457145 1.11722554286 0.30541 0.41196 152.77952 195.62801 147.22542 138.42519 0.3 0.3 0.0 0.0 0.0 0.0 0.0 0.0 0.72115 0.0 0.0 45.47487 -0.49999 0.07399 0.0 0.0 0.0 0.0 0.0 0.0 0.0514174763095 19 1 0.861111111111 1.25697770561 -1298.79723624
-0.12623 0.35028 3.35743 -0.12979 0.55971 4.02072 0.651564419808 1.11173558019 0.30541 0.41196 152.77952 195.62801 147.22542 138.42519 0.3 0.3 0.0 0.0 0.0 0.0 0.0 0.0 0.72115 0.0 0.0 45.47487 -0.49999 0.07399 0.0 0.0 0.0 0.0 0.0 0.0 0.0517489432661 20 1 0.868055555556 1.13322669367 -941.092921249
-0.12623 0.35028 3.35743 -0.12979 0.55971 4.02072 0.664488768524 1.09881123148 0.30541 0.41196 152.77952 195.62801 147.22542 138.42519 0.3 0.3 0.0 0.0 0.0 0.0 0.0 0.0 0.72115 0.0 0.0 45.47487 -0.49999 0.07399 0.0 0.0 0.0 0.0 0.0 0.0 0.0516587110194 21 1 0.881944444444 1.15466129199 -785.205576474
-0.12623 0.35028 3.35743 -0.12979 0.55971 4.02072 0.667808617587 1.09549138241 0.30541 0.41196 152.77952 195.62801 147.22542 138.42519 0.3 0.3 0.0 0.0 0.0 0.0 0.0 0.0 0.72115 0.0 0.0 45.47487 -0.49999 0.07399 0.0 0.0 0.0 0.0 0.0 0.0 0.0517830795157 22 1 0.895104895105 1.13324340483 -594.71434395
-0.12623 0.35028 3.35743 -0.12979 0.55971 4.02072 0.638093602317 1.12520639768 0.30541 0.41196 152.77952 195.62801 147.22542 138.42519 0.3 0.3 0.0 0.0 0.0 0.0 0.0 0.0 0.72115 0.0 0.0 45.47487 -0.49999 0.07399 0.0 0.0 0.0 0.0 0.0 0.0 0.0523340784173 23 0 0.854166666667 1.22092987277 -594.71434395
-0.12623 0.35028 3.35743 -0.12979 0.55971 4.02072 0.683923526362 1.07937647364 0.30541 0.41196 152.77952 195.62801 147.22542 138.42519 0.3 0.3 0.0 0.0 0.0 0.0 0.0 0.0 0.72115 0.0 0.0 45.47487 -0.49999 0.07399 0.0 0.0 0.0 0.0 0.0 0.0 0.0509347754867 24 1 0.901408450704 0.846952047871 -304.176561064
-0.12623 0.35028 3.35743 -0.12979 0.55971 4.02072 0.658201927295 1.1050980727 0.30541 0.41196 152.77952 195.62801 147.22542 138.42519 0.3 0.3 0.0 0.0 0.0 0.0 0.0 0.0 0.72115 0.0 0.0 45.47487 -0.49999 0.07399 0.0 0.0 0.0 0.0 0.0 0.0 0.0517624974855 25 0 0.875 1.16963686476 -304.176561064
-0.12623 0.35028 3.35743 -0.12979 0.55971 4.02072 0.716045999661 1.04725400034 0.30541 0.41196 152.77952 195.62801 147.22542 138.42519 0.3 0.3 0.0 0.0 0.0 0.0 0.0 0.0 0.72115 0.0 0.0 45.47487 -0.49999 0.07399 0.0 0.0 0.0 0.0 0.0 0.0 0.0509217284194 26 1 0.914893617021 0.805961259154 -205.944375133
-0.12623 0.35028 3.35743 -0.12979 0.55971 4.02072 0.702925633547 1.06037436645 0.30541 0.41196 152.77952 195.62801 147.22542 138.42519 0.3 0.3 0.0 0.0 0.0 0.0 0.0 0.0 0.72115 0.0 0.0 45.47487 -0.49999 0.07399 0.0 0.0 0.0 0.0 0.0 0.0 0.0509817803987 27 0 0.914893617021 0.814901134275 -205.944375133
-0.12623 0.35028 3.35743 -0.12979 0.55971 4.02072 0.782494453967 0.980805546033 0.30541 0.41196 152.77952 195.62801 147.22542 138.42519 0.3 0.3 0.0 0.0 0.0 0.0 0.0 0.0 0.72115 0.0 0.0 45.47487 -0.49999 0.07399 0.0 0.0 0.0 0.0 0.0 0.0 0.0504927467129 28 1 1.0 0.000443901477399 -1.78786564317
-0.12623 0.35028 3.35743 -0.12979 0.55971 4.02072 0.774890997165 0.988409002835 0.30541 0.41196 152.77952 195.62801 147.22542 138.42519 0.3 0.3 0.0 0.0 0.0 0.0 0.0 0.0 0.72115 0.0 0.0 45.47487 -0.49999 0.07399 0.0 0.0 0.0 0.0 0.0 0.0 0.0499985938397 29 1 1.0 0.398610276946 -1.75331253023
-0.12623 0.35028 3.35743 -0.12979 0.55971 4.02072 0.762153417848 1.00114658215 0.30541 0.41196 152.77952 195.62801 147.22542 138.42519 0.3 0.3 0.0 0.0 0.0 0.0 0.0 0.0 0.72115 0.0 0.0 45.47487 -0.49999 0.07399 0.0 0.0 0.0 0.0 0.0 0.0 0.0502751126925 30 1 0.992647058824 0.465766239017 -2.29464824848
-0.12623 0.35028 3.35743 -0.12979 0.55971 4.02072 0.747919669596 1.0153803304 0.30541 0.41196 152.77952 195.62801 147.22542 138.42519 0.3 0.3 0.0 0.0 0.0 0.0 0.0 0.0 0.72115 0.0 0.0 45.47487 -0.49999 0.07399 0.0 0.0 0.0 0.0 0.0 0.0 0.0496080137284 31 0 0.978102189781 0.593847964222 -2.29464824848
-0.12623 0.35028 3.35743 -0.12979 0.55971 4.02072 0.787614286839 0.975685713161 0.30541 0.41196 152.77952 195.62801 147.22542 138.42519 0.3 0.3 0.0 0.0 0.0 0.0 0.0 0.0 0.72115 0.0 0.0 45.47487 -0.49999 0.07399 0.0 0.0 0.0 0.0 0.0 0.0 0.0506971263038 32 1 0.985294117647 0.18679531004 -2.1325463175
-0.12623 0.35028 3.35743 -0.12979 0.55971 4.02072 0.777461128732 0.985838871268 0.30541 0.41196 152.77952 195.62801 147.22542 138.42519 0.3 0.3 0.0 0.0 0.0 0.0 0.0 0.0 0.72115 0.0 0.0 45.47487 -0.49999 0.07399 0.0 0.0 0.0 0.0 0.0 0.0 0.0513008019406 33 1 1.0 0.39991101147 -1.84507688672
-0.12623 0.35028 3.35743 -0.12979 0.55971 4.02072 0.758592584545 1.00470741546 0.30541 0.41196 152.77952 195.62801 147.22542 138.42519 0.3 0.3 0.0 0.0 0.0 0.0 0.0 0.0 0.72115 0.0 0.0 45.47487 -0.49999 0.07399 0.0 0.0 0.0 0.0 0.0 0.0 0.0518150548114 34 0 0.992647058824 0.441501585774 -1.84507688672
-0.12623 0.35028 3.35743 -0.12979 0.55971 4.02072 0.757800979518 1.00549902048 0.30541 0.41196 152.77952 195.62801 147.22542 138.42519 0.3 0.3 0.0 0.0 0.0 0.0 0.0 0.0 0.72115 0.0 0.0 45.47487 -0.49999 0.07399 0.0 0.0 0.0 0.0 0.0 0.0 0.0515858047318 35 0 0.985294117647 0.443102418798 -1.84507688672
-0.12623 0.35028 3.35743 -0.12979 0.55971 4.02072 0.76065361492 1.00264638508 0.30541 0.41196 152.77952 195.62801 147.22542 138.42519 0.3 0.3 0.0 0.0 0.0 0.0 0.0 0.0 0.72115 0.0 0.0 45.47487 -0.49999 0.07399 0.0 0.0 0.0 0.0 0.0 0.0 0.0507174568386 36 1 0.992647058824 0.46553798161 -2.31615895844
-0.12623 0.35028 3.35743 -0.12979 0.55971 4.02072 0.749361853656 1.01393814634 0.30541 0.41196 152.77952 195.62801 147.22542 138.42519 0.3 0.3 0.0 0.0 0.0 0.0 0.0 0.0 0.72115 0.0 0.0 45.47487 -0.49999 0.07399 0.0 0.0 0.0 0.0 0.0 0.0 0.0516287423087 37 0 0.978102189781 0.593257954109 -2.31615895844
-0.12623 0.35028 3.35743 -0.12979 0.55971 4.02072 0.775258538435 0.988041461565 0.30541 0.41196 152.77952 195.62801 147.22542 138.42519 0.3 0.3 0.0 0.0 0.0 0.0 0.0 0.0 0.72115 0.0 0.0 45.47487 -0.49999 0.07399 0.0 0.0 0.0 0.0 0.0 0.0 0.0503150791085 38 1 1.0 0.3985752146 -1.77540452342
-0.12623 0.35028 3.35743 -0.12979 0.55971 4.02072 0.784767324044 0.978532675956 0.30541 0.41196 152.77952 195.62801 147.22542 138.42519 0.3 0.3 0.0 0.0 0.0 0.0 0.0 0.0 0.72115 0.0 0.0 45.47487 -0.49999 0.07399 0.0 0.0 0.0 0.0 0.0 0.0 0.0494039012283 39 1 0.992592592593 0.1190344474 -1.74800103931
-0.12623 0.35028 3.35743 -0.12979 0.55971 4.02072 0.785794323821 0.977505676179 0.30541 0.41196 152.77952 195.62801 147.22542 138.42519 0.3 0.3 0.0 0.0 0.0 0.0 0.0 0.0 0.72115 0.0 0.0 45.47487 -0.49999 0.07399 0.0 0.0 0.0 0.0 0.0 0.0 0.049220982364 40 1 0.985294117647 0.121650716759 -1.84822122534
-0.12623 0.35028 3.35743 -0.12979 0.55971 4.02072 0.800971243244 0.962328756756 0.30541 0.41196 152.77952 195.62801 147.22542 138.42519 0.3 0.3 0.0 0.0 0.0 0.0 0.0 0.0 0.72115 0.0 0.0 45.47487 -0.49999 0.07399 0.0 0.0 0.0 0.0 0.0 0.0 0.0494249337065 41 0 0.978102189781 0.416147818841 -1.84822122534
-0.12623 0.35028 3.35743 -0.12979 0.55971 4.02072 0.803499721538 0.959800278462 0.30541 0.41196 152.77952 195.62801 147.22542 138.42519 0.3 0.3 0.0 0.0 0.0 0.0 0.0 0.0 0.72115 0.0 0.0 45.47487 -0.49999 0.07399 0.0 0.0 0.0 0.0 0.0 0.0 0.0514523550278 42 0 0.964028776978 0.407774708816 -1.84822122534
-0.12623 0.35028 3.35743 -0.12979 0.55971 4.02072 0.771897359707 0.991402640293 0.30541 0.41196 152.77952 195.62801 147.22542 138.42519 0.3 0.3 0.0 0.0 0.0 0.0 0.0 0.0 0.72115 0.0 0.0 45.47487 -0.49999 0.07399 0.0 0.0 0.0 0.0 0.0 0.0 0.0486391529292 43 1 1.0 0.184257847134 -1.65995538248
-0.12623 0.35028 3.35743 -0.12979 0.55971 4.02072 0.774848433185 0.988451566815 0.30541 0.41196 152.77952 195.62801 147.22542 138.42519 0.3 0.3 0.0 0.0 0.0 0.0 0.0 0.0 0.72115 0.0 0.0 45.47487 -0.49999 0.07399 0.0 0.0 0.0 0.0 0.0 0.0 0.0485988970618 44 1 1.0 0.398609495538 -1.65722894841
-0.12623 0.35028 3.35743 -0.12979 0.55971 4.02072 0.745411468113 1.01788853189 0.30541 0.41196 152.77952 195.62801 147.22542 138.42519 0.3 0.3 0.0 0.0 0.0 0.0 0.0 0.0 0.72115 0.0 0.0 45.47487 -0.49999 0.07399 0.0 0.0 0.0 0.0 0.0 0.0 0.0488923045821 45 0 0.963768115942 0.627223974102 -1.65722894841
-0.12623 0.35028 3.35743 -0.12979 0.55971 4.02072 0.824049667491 0.939250332509 0.30541 0.41196 152.77952 195.62801 147.22542 138.42519 0.3 0.3 0.0 0.0 0.0 0.0 0.0 0.0 0.72115 0.0 0.0 45.47487 -0.49999 0.07399 0.0 0.0 0.0 0.0 0.0 0.0 0.0482785415184 46 0 0.964028776978 0.492556486533 -1.65722894841
-0.12623 0.35028 3.35743 -0.12979 0.55971 4.02072 0.755148281584 1.00815171842 0.30541 0.41196 152.77952 195.62801 147.22542 138.42519 0.3 0.3 0.0 0.0 0.0 0.0 0.0 0.0 0.72115 0.0 0.0 45.47487 -0.49999 0.07399 0.0 0.0 0.0 0.0 0.0 0.0 0.0490719405617 47 0 0.985294117647 0.469242685004 -1.65722894841
-0.12623 0.35028 3.35743 -0.12979 0.55971 4.02072 0.746451597699 1.0168484023 0.30541 0.41196 152.77952 195.62801 147.22542 138.42519 0.3 0.3 0.0 0.0 0.0 0.0 0.0 0.0 0.72115 0.0 0.0 45.47487 -0.49999 0.07399 0.0 0.0 0.0 0.0 0.0 0.0 0.048117670556 48 0 0.971014492754 0.602458259874 -1.65722894841
-0.12623 0.35028 3.35743 -0.12979 0.55971 4.02072 0.787445205045 0.975854794955 0.30541 0.41196 152.77952 195.62801 147.22542 138.42519 0.3 0.3 0.0 0.0 0.0 0.0 0.0 0.0 0.72115 0.0 0.0 45.47487 -0.49999 0.07399 0.0 0.0 0.0 0.0 0.0 0.0 0.0479654568821 49 1 0.985294117647 0.186774998721 -1.98352159986
-0.12623 0.35028 3.35743 -0.12979 0.55971 4.02072 0.797444460774 0.965855539226 0.30541 0.41196 152.77952 195.62801 147.22542 138.42519 0.3 0.3 0.0 0.0 0.0 0.0 0.0 0.0 0.72115 0.0 0.0 45.47487 -0.49999 0.07399 0.0 0.0 0.0 0.0 0.0 0.0 0.0480685408886 50 1 0.985401459854 0.386297952061 -3.16995362254
