-0.12623 0.35028 3.35743 -0.12979 0.55971 4.02072 0.817643944744 0.945656055256 0.30541 0.41196 152.77952 195.62801 147.22542 138.42519 0.3 0.3 0.0 0.0 0.0 0.0 0.0 0.0 0.72115 0.0 0.0 45.47487 -0.49999 0.07399 0.0 0.0 0.0 0.0 0.0 0.0 0.05 0 1 0.964028776978 0.421729048845 -12.1093606213
-0.12623 0.35028 3.35743 -0.12979 0.55971 4.02072 0.817845879409 0.945454120591 0.30541 0.41196 152.77952 195.62801 147.22542 138.42519 0.3 0.3 0.0 0.0 0.0 0.0 0.0 0.0 0.72115 0.0 0.0 45.47487 -0.49999 0.07399 0.0 0.0 0.0 0.0 0.0 0.0 0.0505517043321 1 1 0.964028776978 0.421807270827 -11.9269097328
-0.12623 0.35028 3.35743 -0.12979 0.55971 4.02072 0.811724250011 0.951575749989 0.30541 0.41196 152.77952 195.62801 147.22542 138.42519 0.3 0.3 0.0 0.0 0.0 0.0 0.0 0.0 0.72115 0.0 0.0 45.47487 -0.49999 0.07399 0.0 0.0 0.0 0.0 0.0 0.0 0.0511360786311 2 1 0.964028776978 0.422807941906 -11.7849761704
-0.12623 0.35028 3.35743 -0.12979 0.55971 4.02072 0.816608972471 0.946691027529 0.30541 0.41196 152.77952 195.62801 147.22542 138.42519 0.3 0.3 0.0 0.0 0.0 0.0 0.0 0.0 0.72115 0.0 0.0 45.47487 -0.49999 0.07399 0.0 0.0 0.0 0.0 0.0 0.0 0.0517556437273 3 1 0.964028776978 0.42081558067 -11.5011240309
-0.12623 0.35028 3.35743 -0.12979 0.55971 4.02072 0.790020775441 0.973279224559 0.30541 0.41196 152.77952 195.62801 147.22542 138.42519 0.3 0.3 0.0 0.0 0.0 0.0 0.0 0.0 0.72115 0.0 0.0 45.47487 -0.49999 0.07399 0.0 0.0 0.0 0.0 0.0 0.0 0.051200779416 4 1 0.977941176471 0.376851858046 -4.80349847426
-0.12623 0.35028 3.35743 -0.12979 0.55971 4.02072 0.785655949335 0.977644050665 0.30541 0.41196 152.77952 195.62801 147.22542 138.42519 0.3 0.3 0.0 0.0 0.0 0.0 0.0 0.0 0.72115 0.0 0.0 45.47487 -0.49999 0.07399 0.0 0.0 0.0 0.0 0.0 0.0 0.0515341682243 5 1 0.985294117647 0.121442531061 -1.99687251171
-0.12623 0.35028 3.35743 -0.12979 0.55971 4.02072 0.788112525857 0.975187474143 0.30541 0.41196 152.77952 195.62801 147.22542 138.42519 0.3 0.3 0.0 0.0 0.0 0.0 0.0 0.0 0.72115 0.0 0.0 45.47487 -0.49999 0.07399 0.0 0.0 0.0 0.0 0.0 0.0 0.0512267022306 6 0 0.977941176471 0.189042291416 -1.99687251171
-0.12623 0.35028 3.35743 -0.12979 0.55971 4.02072 0.805969026266 0.957330973734 0.30541 0.41196 152.77952 195.62801 147.22542 138.42519 0.3 0.3 0.0 0.0 0.0 0.0 0.0 0.0 0.72115 0.0 0.0 45.47487 -0.49999 0.07399 0.0 0.0 0.0 0.0 0.0 0.0 0.050729122361 7 0 0.964028776978 0.419821381568 -1.99687251171
-0.12623 0.35028 3.35743 -0.12979 0.55971 4.02072 0.775273911774 0.988026088226 0.30541 0.41196 152.77952 195.62801 147.22542 138.42519 0.3 0.3 0.0 0.0 0.0 0.0 0.0 0.0 0.72115 0.0 0.0 45.47487 -0.49999 0.07399 0.0 0.0 0.0 0.0 0.0 0.0 0.0517333582489 8 1 1.0 0.398574658919 -1.87606347335
-0.12623 0.35028 3.35743 -0.12979 0.55971 4.02072 0.793917156541 0.969382843459 0.30541 0.41196 152.77952 195.62801 147.22542 138.42519 0.3 0.3 0.0 0.0 0.0 0.0 0.0 0.0 0.72115 0.0 0.0 45.47487 -0.49999 0.07399 0.0 0.0 0.0 0.0 0.0 0.0 0.0518022956822 9 1 0.985401459854 0.527915119608 -4.37103784674
-0.12623 0.35028 3.35743 -0.12979 0.55971 4.02072 0.819752124378 0.943547875622 0.30541 0.41196 152.77952 195.62801 147.22542 138.42519 0.3 0.3 0.0 0.0 0.0 0.0 0.0 0.0 0.72115 0.0 0.0 45.47487 -0.49999 0.07399 0.0 0.0 0.0 0.0 0.0 0.0 0.051835712538 10 0 0.957142857143 0.425096493004 -4.37103784674
-0.12623 0.35028 3.35743 -0.12979 0.55971 4.02072 0.812877901491 0.950422098509 0.30541 0.41196 152.77952 195.62801 147.22542 138.42519 0.3 0.3 0.0 0.0 0.0 0.0 0.0 0.0 0.72115 0.0 0.0 45.47487 -0.49999 0.07399 0.0 0.0 0.0 0.0 0.0 0.0 0.0528565485132 11 0 0.964028776978 0.424261542786 -4.37103784674
-0.12623 0.35028 3.35743 -0.12979 0.55971 4.02072 0.79866486093 0.96463513907 0.30541 0.41196 152.77952 195.62801 147.22542 138.42519 0.3 0.3 0.0 0.0 0.0 0.0 0.0 0.0 0.72115 0.0 0.0 45.47487 -0.49999 0.07399 0.0 0.0 0.0 0.0 0.0 0.0 0.0513518474033 12 1 0.985401459854 0.406744882361 -3.35291301857
-0.12623 0.35028 3.35743 -0.12979 0.55971 4.02072 0.774496725839 0.988803274161 0.30541 0.41196 152.77952 195.62801 147.22542 138.42519 0.3 0.3 0.0 0.0 0.0 0.0 0.0 0.0 0.72115 0.0 0.0 45.47487 -0.49999 0.07399 0.0 0.0 0.0 0.0 0.0 0.0 0.0505690722323 13 1 1.0 0.3984560462 -1.79323196906
-0.12623 0.35028 3.35743 -0.12979 0.55971 4.02072 0.785796364328 0.977503635672 0.30541 0.41196 152.77952 195.62801 147.22542 138.42519 0.3 0.3 0.0 0.0 0.0 0.0 0.0 0.0 0.72115 0.0 0.0 45.47487 -0.49999 0.07399 0.0 0.0 0.0 0.0 0.0 0.0 0.0507484700669 14 1 0.985294117647 0.121652401651 -1.94568345067
-0.12623 0.35028 3.35743 -0.12979 0.55971 4.02072 0.818796724754 0.944503275246 0.30541 0.41196 152.77952 195.62801 147.22542 138.42519 0.3 0.3 0.0 0.0 0.0 0.0 0.0 0.0 0.72115 0.0 0.0 45.47487 -0.49999 0.07399 0.0 0.0 0.0 0.0 0.0 0.0 0.0503779909909 15 0 0.964028776978 0.424685583477 -1.94568345067
-0.12623 0.35028 3.35743 -0.12979 0.55971 4.02072 0.782516730267 0.980783269733 0.30541 0.41196 152.77952 195.62801 147.22542 138.42519 0.3 0.3 0.0 0.0 0.0 0.0 0.0 0.0 0.72115 0.0 0.0 45.47487 -0.49999 0.07399 0.0 0.0 0.0 0.0 0.0 0.0 0.0508841983839 16 1 1.0 0.000437978637099 -1.81547107777
-0.12623 0.35028 3.35743 -0.12979 0.55971 4.02072 0.792505760994 0.970794239006 0.30541 0.41196 152.77952 195.62801 147.22542 138.42519 0.3 0.3 0.0 0.0 0.0 0.0 0.0 0.0 0.72115 0.0 0.0 45.47487 -0.49999 0.07399 0.0 0.0 0.0 0.0 0.0 0.0 0.0504600156789 17 0 0.985401459854 0.522110234761 -1.81547107777
-0.12623 0.35028 3.35743 -0.12979 0.55971 4.02072 0.820311590845 0.942988409155 0.30541 0.41196 152.77952 195.62801 147.22542 138.42519 0.3 0.3 0.0 0.0 0.0 0.0 0.0 0.0 0.72115 0.0 0.0 45.47487 -0.49999 0.07399 0.0 0.0 0.0 0.0 0.0 0.0 0.0503768742058 18 0 0.957142857143 0.425539867845 -1.81547107777
-0.12623 0.35028 3.35743 -0.12979 0.55971 4.02072 0.768135560216 0.995164439784 0.30541 0.41196 152.77952 195.62801 147.22542 138.42519 0.3 0.3 0.0 0.0 0.0 0.0 0.0 0.0 0.72115 0.0 0.0 45.47487 -0.49999 0.07399 0.0 0.0 0.0 0.0 0.0 0.0 0.050424970279 19 1 1.0 0.427967367361 -1.78310697043
-0.12623 0.35028 3.35743 -0.12979 0.55971 4.02072 0.774236895792 0.989063104208 0.30541 0.41196 152.77952 195.62801 147.22542 138.42519 0.3 0.3 0.0 0.0 0.0 0.0 0.0 0.0 0.72115 0.0 0.0 45.47487 -0.49999 0.07399 0.0 0.0 0.0 0.0 0.0 0.0 0.0504596561442 20 1 1.0 0.406566760404 -1.78554153734
-0.12623 0.35028 3.35743 -0.12979 0.55971 4.02072 0.771463172292 0.991836827708 0.30541 0.41196 152.77952 195.62801 147.22542 138.42519 0.3 0.3 0.0 0.0 0.0 0.0 0.0 0.0 0.72115 0.0 0.0 45.47487 -0.49999 0.07399 0.0 0.0 0.0 0.0 0.0 0.0 0.0501458416193 21 1 1.0 0.185970896546 -1.7635742389
-0.12623 0.35028 3.35743 -0.12979 0.55971 4.02072 0.755396533929 1.00790346607 0.30541 0.41196 152.77952 195.62801 147.22542 138.42519 0.3 0.3 0.0 0.0 0.0 0.0 0.0 0.0 0.72115 0.0 0.0 45.47487 -0.49999 0.07399 0.0 0.0 0.0 0.0 0.0 0.0 0.049684309616 22 0 0.985294117647 0.469262622253 -1.7635742389
-0.12623 0.35028 3.35743 -0.12979 0.55971 4.02072 0.74533709547 1.01796290453 0.30541 0.41196 152.77952 195.62801 147.22542 138.42519 0.3 0.3 0.0 0.0 0.0 0.0 0.0 0.0 0.72115 0.0 0.0 45.47487 -0.49999 0.07399 0.0 0.0 0.0 0.0 0.0 0.0 0.0497760618807 23 0 0.963768115942 0.627212776638 -1.7635742389
-0.12623 0.35028 3.35743 -0.12979 0.55971 4.02072 0.766597908884 0.996702091116 0.30541 0.41196 152.77952 195.62801 147.22542 138.42519 0.3 0.3 0.0 0.0 0.0 0.0 0.0 0.0 0.72115 0.0 0.0 45.47487 -0.49999 0.07399 0.0 0.0 0.0 0.0 0.0 0.0 0.0503689870177 24 0 0.992647058824 0.424824354411 -1.7635742389
-0.12623 0.35028 3.35743 -0.12979 0.55971 4.02072 0.754431470496 1.0088685295 0.30541 0.41196 152.77952 195.62801 147.22542 138.42519 0.3 0.3 0.0 0.0 0.0 0.0 0.0 0.0 0.72115 0.0 0.0 45.47487 -0.49999 0.07399 0.0 0.0 0.0 0.0 0.0 0.0 0.0504847287323 25 0 0.985294117647 0.47360533162 -1.7635742389
-0.12623 0.35028 3.35743 -0.12979 0.55971 4.02072 0.751658472342 1.01164152766 0.30541 0.41196 152.77952 195.62801 147.22542 138.42519 0.3 0.3 0.0 0.0 0.0 0.0 0.0 0.0 0.72115 0.0 0.0 45.47487 -0.49999 0.07399 0.0 0.0 0.0 0.0 0.0 0.0 0.0508514734541 26 0 0.978102189781 0.481736728514 -1.7635742389
-0.12623 0.35028 3.35743 -0.12979 0.55971 4.02072 0.747712906191 1.01558709381 0.30541 0.41196 152.77952 195.62801 147.22542 138.42519 0.3 0.3 0.0 0.0 0.0 0.0 0.0 0.0 0.72115 0.0 0.0 45.47487 -0.49999 0.07399 0.0 0.0 0.0 0.0 0.0 0.0 0.0495144851345 27 0 0.978102189781 0.601002511223 -1.7635742389
-0.12623 0.35028 3.35743 -0.12979 0.55971 4.02072 0.725556822677 1.03774317732 0.30541 0.41196 152.77952 195.62801 147.22542 138.42519 0.3 0.3 0.0 0.0 0.0 0.0 0.0 0.0 0.72115 0.0 0.0 45.47487 -0.49999 0.07399 0.0 0.0 0.0 0.0 0.0 0.0 0.0494424850286 28 0 0.921985815603 0.586070236177 -1.7635742389
-0.12623 0.35028 3.35743 -0.12979 0.55971 4.02072 0.722000245745 1.04129975425 0.30541 0.41196 152.77952 195.62801 147.22542 138.42519 0.3 0.3 0.0 0.0 0.0 0.0 0.0 0.0 0.72115 0.0 0.0 45.47487 -0.49999 0.07399 0.0 0.0 0.0 0.0 0.0 0.0 0.0503462096548 29 0 0.90780141844 0.754707545428 -1.7635742389
-0.12623 0.35028 3.35743 -0.12979 0.55971 4.02072 0.75921491312 1.00408508688 0.30541 0.41196 152.77952 195.62801 147.22542 138.42519 0.3 0.3 0.0 0.0 0.0 0.0 0.0 0.0 0.72115 0.0 0.0 45.47487 -0.49999 0.07399 0.0 0.0 0.0 0.0 0.0 0.0 0.0506445477192 30 1 0.992647058824 0.440720312076 -2.25915845828
-0.12623 0.35028 3.35743 -0.12979 0.55971 4.02072 0.748918430358 1.01438156964 0.30541 0.41196 152.77952 195.62801 147.22542 138.42519 0.3 0.3 0.0 0.0 0.0 0.0 0.0 0.0 0.72115 0.0 0.0 45.47487 -0.49999 0.07399 0.0 0.0 0.0 0.0 0.0 0.0 0.0508608705027 31 0 0.978102189781 0.592881218421 -2.25915845828
-0.12623 0.35028 3.35743 -0.12979 0.55971 4.02072 0.74782630058 1.01547369942 0.30541 0.41196 152.77952 195.62801 147.22542 138.42519 0.3 0.3 0.0 0.0 0.0 0.0 0.0 0.0 0.72115 0.0 0.0 45.47487 -0.49999 0.07399 0.0 0.0 0.0 0.0 0.0 0.0 0.0510707858641 32 0 0.978102189781 0.60100644418 -2.25915845828
-0.12623 0.35028 3.35743 -0.12979 0.55971 4.02072 0.76827204213 0.99502795787 0.30541 0.41196 152.77952 195.62801 147.22542 138.42519 0.3 0.3 0.0 0.0 0.0 0.0 0.0 0.0 0.72115 0.0 0.0 45.47487 -0.49999 0.07399 0.0 0.0 0.0 0.0 0.0 0.0 0.0504396948699 33 1 1.0 0.426917400446 -1.78414027699
-0.12623 0.35028 3.35743 -0.12979 0.55971 4.02072 0.775039063853 0.988260936147 0.30541 0.41196 152.77952 195.62801 147.22542 138.42519 0.3 0.3 0.0 0.0 0.0 0.0 0.0 0.0 0.72115 0.0 0.0 45.47487 -0.49999 0.07399 0.0 0.0 0.0 0.0 0.0 0.0 0.0508898509085 34 1 1.0 0.398641894395 -1.81587120923
-0.12623 0.35028 3.35743 -0.12979 0.55971 4.02072 0.75396298283 1.00933701717 0.30541 0.41196 152.77952 195.62801 147.22542 138.42519 0.3 0.3 0.0 0.0 0.0 0.0 0.0 0.0 0.72115 0.0 0.0 45.47487 -0.49999 0.07399 0.0 0.0 0.0 0.0 0.0 0.0 0.0514630505153 35 0 0.985294117647 0.473521492284 -1.81587120923
-0.12623 0.35028 3.35743 -0.12979 0.55971 4.02072 0.779754514216 0.983545485784 0.30541 0.41196 152.77952 195.62801 147.22542 138.42519 0.3 0.3 0.0 0.0 0.0 0.0 0.0 0.0 0.72115 0.0 0.0 45.47487 -0.49999 0.07399 0.0 0.0 0.0 0.0 0.0 0.0 0.0510774467002 36 1 1.0 0.395274194813 -1.82917516314
-0.12623 0.35028 3.35743 -0.12979 0.55971 4.02072 0.777044684615 0.986255315385 0.30541 0.41196 152.77952 195.62801 147.22542 138.42519 0.3 0.3 0.0 0.0 0.0 0.0 0.0 0.0 0.72115 0.0 0.0 45.47487 -0.49999 0.07399 0.0 0.0 0.0 0.0 0.0 0.0 0.0513882279988 37 1 1.0 0.399936429155 -1.85131944441
-0.12623 0.35028 3.35743 -0.12979 0.55971 4.02072 0.790517257984 0.972782742016 0.30541 0.41196 152.77952 195.62801 147.22542 138.42519 0.3 0.3 0.0 0.0 0.0 0.0 0.0 0.0 0.72115 0.0 0.0 45.47487 -0.49999 0.07399 0.0 0.0 0.0 0.0 0.0 0.0 0.0511087503512 38 0 0.977941176471 0.526093923302 -1.85131944441
-0.12623 0.35028 3.35743 -0.12979 0.55971 4.02072 0.782155892739 0.981144107261 0.30541 0.41196 152.77952 195.62801 147.22542 138.42519 0.3 0.3 0.0 0.0 0.0 0.0 0.0 0.0 0.72115 0.0 0.0 45.47487 -0.49999 0.07399 0.0 0.0 0.0 0.0 0.0 0.0 0.0519742396974 39 1 1.0 0.422852690985 -1.89342830013
-0.12623 0.35028 3.35743 -0.12979 0.55971 4.02072 0.785992674111 0.977307325889 0.30541 0.41196 152.77952 195.62801 147.22542 138.42519 0.3 0.3 0.0 0.0 0.0 0.0 0.0 0.0 0.72115 0.0 0.0 45.47487 -0.49999 0.07399 0.0 0.0 0.0 0.0 0.0 0.0 0.0515403791903 40 0 0.985294117647 0.121554568529 -1.89342830013
-0.12623 0.35028 3.35743 -0.12979 0.55971 4.02072 0.781163624652 0.982136375348 0.30541 0.41196 152.77952 195.62801 147.22542 138.42519 0.3 0.3 0.0 0.0 0.0 0.0 0.0 0.0 0.72115 0.0 0.0 45.47487 -0.49999 0.07399 0.0 0.0 0.0 0.0 0.0 0.0 0.0507816356027 41 1 1.0 0.394683042932 -1.80821832672
-0.12623 0.35028 3.35743 -0.12979 0.55971 4.02072 0.778474407412 0.984825592588 0.30541 0.41196 152.77952 195.62801 147.22542 138.42519 0.3 0.3 0.0 0.0 0.0 0.0 0.0 0.0 0.72115 0.0 0.0 45.47487 -0.49999 0.07399 0.0 0.0 0.0 0.0 0.0 0.0 0.0500840211284 42 1 1.0 0.396041264041 -1.75926240319
-0.12623 0.35028 3.35743 -0.12979 0.55971 4.02072 0.755337274472 1.00796272553 0.30541 0.41196 152.77952 195.62801 147.22542 138.42519 0.3 0.3 0.0 0.0 0.0 0.0 0.0 0.0 0.72115 0.0 0.0 45.47487 -0.49999 0.07399 0.0 0.0 0.0 0.0 0.0 0.0 0.0504220184377 43 1 0.985294117647 0.469263166623 -3.89020378871
-0.12623 0.35028 3.35743 -0.12979 0.55971 4.02072 0.766069009872 0.997230990128 0.30541 0.41196 152.77952 195.62801 147.22542 138.42519 0.3 0.3 0.0 0.0 0.0 0.0 0.0 0.0 0.72115 0.0 0.0 45.47487 -0.49999 0.07399 0.0 0.0 0.0 0.0 0.0 0.0 0.0500734052674 44 1 0.992647058824 0.425649871582 -2.19802915509
-0.12623 0.35028 3.35743 -0.12979 0.55971 4.02072 0.757663384957 1.00563661504 0.30541 0.41196 152.77952 195.62801 147.22542 138.42519 0.3 0.3 0.0 0.0 0.0 0.0 0.0 0.0 0.72115 0.0 0.0 45.47487 -0.49999 0.07399 0.0 0.0 0.0 0.0 0.0 0.0 0.0496846112026 45 0 0.985294117647 0.562950538497 -2.19802915509
-0.12623 0.35028 3.35743 -0.12979 0.55971 4.02072 0.750095707025 1.01320429297 0.30541 0.41196 152.77952 195.62801 147.22542 138.42519 0.3 0.3 0.0 0.0 0.0 0.0 0.0 0.0 0.72115 0.0 0.0 45.47487 -0.49999 0.07399 0.0 0.0 0.0 0.0 0.0 0.0 0.0489711259006 46 0 0.978102189781 0.581618092805 -2.19802915509
-0.12623 0.35028 3.35743 -0.12979 0.55971 4.02072 0.767359438926 0.995940561074 0.30541 0.41196 152.77952 195.62801 147.22542 138.42519 0.3 0.3 0.0 0.0 0.0 0.0 0.0 0.0 0.72115 0.0 0.0 45.47487 -0.49999 0.07399 0.0 0.0 0.0 0.0 0.0 0.0 0.0497591997571 47 1 1.0 0.425036433513 -1.73669156507
-0.12623 0.35028 3.35743 -0.12979 0.55971 4.02072 0.777679169433 0.985620830567 0.30541 0.41196 152.77952 195.62801 147.22542 138.42519 0.3 0.3 0.0 0.0 0.0 0.0 0.0 0.0 0.72115 0.0 0.0 45.47487 -0.49999 0.07399 0.0 0.0 0.0 0.0 0.0 0.0 0.0505428774598 48 1 1.0 0.399862124662 -1.79138937155
-0.12623 0.35028 3.35743 -0.12979 0.55971 4.02072 0.773254735581 0.990045264419 0.30541 0.41196 152.77952 195.62801 147.22542 138.42519 0.3 0.3 0.0 0.0 0.0 0.0 0.0 0.0 0.72115 0.0 0.0 45.47487 -0.49999 0.07399 0.0 0.0 0.0 0.0 0.0 0.0 0.0499791489089 49 1 1.0 0.185315731688 -1.75195959734
-0.12623 0.35028 3.35743 -0.12979 0.55971 4.02072 0.79763308161 0.96566691839 0.30541 0.41196 152.77952 195.62801 147.22542 138.42519 0.3 0.3 0.0 0.0 0.0 0.0 0.0 0.0 0.72115 0.0 0.0 45.47487 -0.49999 0.07399 0.0 0.0 0.0 0.0 0.0 0.0 0.0501993631966 50 0 0.985401459854 0.386118018554 -1.75195959734
