-0.12623 0.35028 3.35743 -0.12979 0.55971 4.02072 0.586169505079 1.17713049492 0.30541 0.41196 152.77952 195.62801 147.22542 138.42519 0.3 0.3 0.0 0.0 0.0 0.0 0.0 0.0 0.72115 0.0 0.0 45.47487 -0.49999 0.07399 0.0 0.0 0.0 0.0 0.0 0.0 0.05 0 1 0.818791946309 1.61988731788 -3879.12225127
-0.12623 0.35028 3.35743 -0.12979 0.55971 4.02072 0.570435912357 1.19286408764 0.30541 0.41196 152.77952 195.62801 147.22542 138.42519 0.3 0.3 0.0 0.0 0.0 0.0 0.0 0.0 0.72115 0.0 0.0 45.47487 -0.49999 0.07399 0.0 0.0 0.0 0.0 0.0 0.0 0.0496192538429 1 0 0.798657718121 1.59692496322 -3879.12225127
-0.12623 0.35028 3.35743 -0.12979 0.55971 4.02072 0.629705184218 1.13359481578 0.30541 0.41196 152.77952 195.62801 147.22542 138.42519 0.3 0.3 0.0 0.0 0.0 0.0 0.0 0.0 0.72115 0.0 0.0 45.47487 -0.49999 0.07399 0.0 0.0 0.0 0.0 0.0 0.0 0.050053380399 2 1 0.861111111111 1.42182117401 -1752.85595823
-0.12623 0.35028 3.35743 -0.12979 0.55971 4.02072 0.648212785394 1.11508721461 0.30541 0.41196 152.77952 195.62801 147.22542 138.42519 0.3 0.3 0.0 0.0 0.0 0.0 0.0 0.0 0.72115 0.0 0.0 45.47487 -0.49999 0.07399 0.0 0.0 0.0 0.0 0.0 0.0 0.0499624063958 3 1 0.868055555556 1.19603486521 -1124.11995438
-0.12623 0.35028 3.35743 -0.12979 0.55971 4.02072 0.641293383506 1.12200661649 0.30541 0.41196 152.77952 195.62801 147.22542 138.42519 0.3 0.3 0.0 0.0 0.0 0.0 0.0 0.0 0.72115 0.0 0.0 45.47487 -0.49999 0.07399 0.0 0.0 0.0 0.0 0.0 0.0 0.0497788576877 4 0 0.854166666667 1.23521260526 -1124.11995438
-0.12623 0.35028 3.35743 -0.12979 0.55971 4.02072 0.627927682099 1.1353723179 0.30541 0.41196 152.77952 195.62801 147.22542 138.42519 0.3 0.3 0.0 0.0 0.0 0.0 0.0 0.0 0.72115 0.0 0.0 45.47487 -0.49999 0.07399 0.0 0.0 0.0 0.0 0.0 0.0 0.0506363339442 5 0 0.861111111111 1.4513958073 -1124.11995438
-0.12623 0.35028 3.35743 -0.12979 0.55971 4.02072 0.642642903036 1.12065709696 0.30541 0.41196 152.77952 195.62801 147.22542 138.42519 0.3 0.3 0.0 0.0 0.0 0.0 0.0 0.0 0.72115 0.0 0.0 45.47487 -0.49999 0.07399 0.0 0.0 0.0 0.0 0.0 0.0 0.0490808196685 6 0 0.854166666667 1.2428446651 -1124.11995438
-0.12623 0.35028 3.35743 -0.12979 0.55971 4.02072 0.633691934049 1.12960806595 0.30541 0.41196 152.77952 195.62801 147.22542 138.42519 0.3 0.3 0.0 0.0 0.0 0.0 0.0 0.0 0.72115 0.0 0.0 45.47487 -0.49999 0.07399 0.0 0.0 0.0 0.0 0.0 0.0 0.0506044562946 7 0 0.868055555556 1.3274059586 -1124.11995438
-0.12623 0.35028 3.35743 -0.12979 0.55971 4.02072 0.642809009398 1.1204909906 0.30541 0.41196 152.77952 195.62801 147.22542 138.42519 0.3 0.3 0.0 0.0 0.0 0.0 0.0 0.0 0.72115 0.0 0.0 45.47487 -0.49999 0.07399 0.0 0.0 0.0 0.0 0.0 0.0 0.0505877663933 8 0 0.854166666667 1.27402830238 -1124.11995438
-0.12623 0.35028 3.35743 -0.12979 0.55971 4.02072 0.541857079943 1.22144292006 0.30541 0.41196 152.77952 195.62801 147.22542 138.42519 0.3 0.3 0.0 0.0 0.0 0.0 0.0 0.0 0.72115 0.0 0.0 45.47487 -0.49999 0.07399 0.0 0.0 0.0 0.0 0.0 0.0 0.0511445124442 9 0 0.782894736842 1.69327195229 -1124.11995438
-0.12623 0.35028 3.35743 -0.12979 0.55971 4.02072 0.650769958351 1.11253004165 0.30541 0.41196 152.77952 195.62801 147.22542 138.42519 0.3 0.3 0.0 0.0 0.0 0.0 0.0 0.0 0.72115 0.0 0.0 45.47487 -0.49999 0.07399 0.0 0.0 0.0 0.0 0.0 0.0 0.0504814775 10 1 0.868055555556 1.14016209669 -1000.87526087
-0.12623 0.35028 3.35743 -0.12979 0.55971 4.02072 0.653649414245 1.10965058576 0.30541 0.41196 152.77952 195.62801 147.22542 138.42519 0.3 0.3 0.0 0.0 0.0 0.0 0.0 0.0 0.72115 0.0 0.0 45.47487 -0.49999 0.07399 0.0 0.0 0.0 0.0 0.0 0.0 0.0498496364377 11 1 0.868055555556 1.1255309867 -1000.19144454
-0.12623 0.35028 3.35743 -0.12979 0.55971 4.02072 0.660333720259 1.10296627974 0.30541 0.41196 152.77952 195.62801 147.22542 138.42519 0.3 0.3 0.0 0.0 0.0 0.0 0.0 0.0 0.72115 0.0 0.0 45.47487 -0.49999 0.07399 0.0 0.0 0.0 0.0 0.0 0.0 0.0490476986408 12 1 0.888888888889 1.15356350547 -769.956644334
-0.12623 0.35028 3.35743 -0.12979 0.55971 4.02072 0.671648614951 1.09165138505 0.30541 0.41196 152.77952 195.62801 147.22542 138.42519 0.3 0.3 0.0 0.0 0.0 0.0 0.0 0.0 0.72115 0.0 0.0 45.47487 -0.49999 0.07399 0.0 0.0 0.0 0.0 0.0 0.0 0.048818562299 13 1 0.902097902098 1.06683547548 -516.61784475
-0.12623 0.35028 3.35743 -0.12979 0.55971 4.02072 0.658493002963 1.10480699704 0.30541 0.41196 152.77952 195.62801 147.22542 138.42519 0.3 0.3 0.0 0.0 0.0 0.0 0.0 0.0 0.72115 0.0 0.0 45.47487 -0.49999 0.07399 0.0 0.0 0.0 0.0 0.0 0.0 0.0487503574271 14 0 0.875 1.16927056243 -516.61784475
-0.12623 0.35028 3.35743 -0.12979 0.55971 4.02072 0.717867446843 1.04543255316 0.30541 0.41196 152.77952 195.62801 147.22542 138.42519 0.3 0.3 0.0 0.0 0.0 0.0 0.0 0.0 0.72115 0.0 0.0 45.47487 -0.49999 0.07399 0.0 0.0 0.0 0.0 0.0 0.0 0.0486932231709 15 1 0.914893617021 0.791027684449 -216.705531398
-0.12623 0.35028 3.35743 -0.12979 0.55971 4.02072 0.729103456444 1.03419654356 0.30541 0.41196 152.77952 195.62801 147.22542 138.42519 0.3 0.3 0.0 0.0 0.0 0.0 0.0 0.0 0.72115 0.0 0.0 45.47487 -0.49999 0.07399 0.0 0.0 0.0 0.0 0.0 0.0 0.0485641097837 16 1 0.915492957746 0.536049982622 -99.5403003571
-0.12623 0.35028 3.35743 -0.12979 0.55971 4.02072 0.72581063557 1.03748936443 0.30541 0.41196 152.77952 195.62801 147.22542 138.42519 0.3 0.3 0.0 0.0 0.0 0.0 0.0 0.0 0.72115 0.0 0.0 45.47487 -0.49999 0.07399 0.0 0.0 0.0 0.0 0.0 0.0 0.04847107385 17 1 0.921985815603 0.586064205816 -101.746443265
-0.12623 0.35028 3.35743 -0.12979 0.55971 4.02072 0.741663260337 1.02163673966 0.30541 0.41196 152.77952 195.62801 147.22542 138.42519 0.3 0.3 0.0 0.0 0.0 0.0 0.0 0.0 0.72115 0.0 0.0 45.47487 -0.49999 0.07399 0.0 0.0 0.0 0.0 0.0 0.0 0.0485709042264 18 1 0.94964028777 0.605082162283 -45.9340815917
-0.12623 0.35028 3.35743 -0.12979 0.55971 4.02072 0.743969151318 1.01933084868 0.30541 0.41196 152.77952 195.62801 147.22542 138.42519 0.3 0.3 0.0 0.0 0.0 0.0 0.0 0.0 0.72115 0.0 0.0 45.47487 -0.49999 0.07399 0.0 0.0 0.0 0.0 0.0 0.0 0.048846849341 19 1 0.963768115942 0.60182633704 -24.0924058753
-0.12623 0.35028 3.35743 -0.12979 0.55971 4.02072 0.744222343558 1.01907765644 0.30541 0.41196 152.77952 195.62801 147.22542 138.42519 0.3 0.3 0.0 0.0 0.0 0.0 0.0 0.0 0.72115 0.0 0.0 45.47487 -0.49999 0.07399 0.0 0.0 0.0 0.0 0.0 0.0 0.0481672337298 20 0 0.963768115942 0.601569896977 -24.0924058753
-0.12623 0.35028 3.35743 -0.12979 0.55971 4.02072 0.741475791671 1.02182420833 0.30541 0.41196 152.77952 195.62801 147.22542 138.42519 0.3 0.3 0.0 0.0 0.0 0.0 0.0 0.0 0.72115 0.0 0.0 45.47487 -0.49999 0.07399 0.0 0.0 0.0 0.0 0.0 0.0 0.0488169641828 21 0 0.94964028777 0.605045535417 -24.0924058753
-0.12623 0.35028 3.35743 -0.12979 0.55971 4.02072 0.781400365602 0.981899634398 0.30541 0.41196 152.77952 195.62801 147.22542 138.42519 0.3 0.3 0.0 0.0 0.0 0.0 0.0 0.0 0.72115 0.0 0.0 45.47487 -0.49999 0.07399 0.0 0.0 0.0 0.0 0.0 0.0 0.0497517218719 22 1 1.0 0.394674768564 -1.73617362608
-0.12623 0.35028 3.35743 -0.12979 0.55971 4.02072 0.770409676165 0.992890323835 0.30541 0.41196 152.77952 195.62801 147.22542 138.42519 0.3 0.3 0.0 0.0 0.0 0.0 0.0 0.0 0.72115 0.0 0.0 45.47487 -0.49999 0.07399 0.0 0.0 0.0 0.0 0.0 0.0 0.0500323300798 23 1 1.0 0.218239148905 -1.75566102899
-0.12623 0.35028 3.35743 -0.12979 0.55971 4.02072 0.740279649845 1.02302035016 0.30541 0.41196 152.77952 195.62801 147.22542 138.42519 0.3 0.3 0.0 0.0 0.0 0.0 0.0 0.0 0.72115 0.0 0.0 45.47487 -0.49999 0.07399 0.0 0.0 0.0 0.0 0.0 0.0 0.0500801400664 24 0 0.942857142857 0.611278259667 -1.75566102899
-0.12623 0.35028 3.35743 -0.12979 0.55971 4.02072 0.758340189902 1.0049598101 0.30541 0.41196 152.77952 195.62801 147.22542 138.42519 0.3 0.3 0.0 0.0 0.0 0.0 0.0 0.0 0.72115 0.0 0.0 45.47487 -0.49999 0.07399 0.0 0.0 0.0 0.0 0.0 0.0 0.0508046883513 25 1 0.985294117647 0.443122918214 -3.66071566218
-0.12623 0.35028 3.35743 -0.12979 0.55971 4.02072 0.733141984612 1.03015801539 0.30541 0.41196 152.77952 195.62801 147.22542 138.42519 0.3 0.3 0.0 0.0 0.0 0.0 0.0 0.0 0.72115 0.0 0.0 45.47487 -0.49999 0.07399 0.0 0.0 0.0 0.0 0.0 0.0 0.0508897912098 26 0 0.921985815603 0.51566741383 -3.66071566218
-0.12623 0.35028 3.35743 -0.12979 0.55971 4.02072 0.762604114691 1.00069588531 0.30541 0.41196 152.77952 195.62801 147.22542 138.42519 0.3 0.3 0.0 0.0 0.0 0.0 0.0 0.0 0.72115 0.0 0.0 45.47487 -0.49999 0.07399 0.0 0.0 0.0 0.0 0.0 0.0 0.0505610238103 27 1 0.992647058824 0.457181792439 -2.28996845204
-0.12623 0.35028 3.35743 -0.12979 0.55971 4.02072 0.751565988688 1.01173401131 0.30541 0.41196 152.77952 195.62801 147.22542 138.42519 0.3 0.3 0.0 0.0 0.0 0.0 0.0 0.0 0.72115 0.0 0.0 45.47487 -0.49999 0.07399 0.0 0.0 0.0 0.0 0.0 0.0 0.0503815619501 28 0 0.978102189781 0.48172359809 -2.28996845204
-0.12623 0.35028 3.35743 -0.12979 0.55971 4.02072 0.775863872124 0.987436127876 0.30541 0.41196 152.77952 195.62801 147.22542 138.42519 0.3 0.3 0.0 0.0 0.0 0.0 0.0 0.0 0.72115 0.0 0.0 45.47487 -0.49999 0.07399 0.0 0.0 0.0 0.0 0.0 0.0 0.0507101164945 29 1 1.0 0.398530544035 -1.80316922013
-0.12623 0.35028 3.35743 -0.12979 0.55971 4.02072 0.771350804677 0.991949195323 0.30541 0.41196 152.77952 195.62801 147.22542 138.42519 0.3 0.3 0.0 0.0 0.0 0.0 0.0 0.0 0.72115 0.0 0.0 45.47487 -0.49999 0.07399 0.0 0.0 0.0 0.0 0.0 0.0 0.0502015653538 30 1 1.0 0.185949962608 -1.76746525615
-0.12623 0.35028 3.35743 -0.12979 0.55971 4.02072 0.773045543375 0.990254456625 0.30541 0.41196 152.77952 195.62801 147.22542 138.42519 0.3 0.3 0.0 0.0 0.0 0.0 0.0 0.0 0.72115 0.0 0.0 45.47487 -0.49999 0.07399 0.0 0.0 0.0 0.0 0.0 0.0 0.0505343282326 31 1 1.0 0.18529008256 -1.79078820036
-0.12623 0.35028 3.35743 -0.12979 0.55971 4.02072 0.79795536912 0.96534463088 0.30541 0.41196 152.77952 195.62801 147.22542 138.42519 0.3 0.3 0.0 0.0 0.0 0.0 0.0 0.0 0.72115 0.0 0.0 45.47487 -0.49999 0.07399 0.0 0.0 0.0 0.0 0.0 0.0 0.0497562384504 32 0 0.985401459854 0.383575620995 -1.79078820036
-0.12623 0.35028 3.35743 -0.12979 0.55971 4.02072 0.819727906095 0.943572093905 0.30541 0.41196 152.77952 195.62801 147.22542 138.42519 0.3 0.3 0.0 0.0 0.0 0.0 0.0 0.0 0.72115 0.0 0.0 45.47487 -0.49999 0.07399 0.0 0.0 0.0 0.0 0.0 0.0 0.0503132807947 33 0 0.957142857143 0.425085218856 -1.79078820036
-0.12623 0.35028 3.35743 -0.12979 0.55971 4.02072 0.720592201823 1.04270779818 0.30541 0.41196 152.77952 195.62801 147.22542 138.42519 0.3 0.3 0.0 0.0 0.0 0.0 0.0 0.0 0.72115 0.0 0.0 45.47487 -0.49999 0.07399 0.0 0.0 0.0 0.0 0.0 0.0 0.0500437025753 34 0 0.914893617021 0.777302881024 -1.79078820036
-0.12623 0.35028 3.35743 -0.12979 0.55971 4.02072 0.756773100738 1.00652689926 0.30541 0.41196 152.77952 195.62801 147.22542 138.42519 0.3 0.3 0.0 0.0 0.0 0.0 0.0 0.0 0.72115 0.0 0.0 45.47487 -0.49999 0.07399 0.0 0.0 0.0 0.0 0.0 0.0 0.0505357785385 35 1 0.985294117647 0.463167028077 -3.8345661837
-0.12623 0.35028 3.35743 -0.12979 0.55971 4.02072 0.761090216111 1.00220978389 0.30541 0.41196 152.77952 195.62801 147.22542 138.42519 0.3 0.3 0.0 0.0 0.0 0.0 0.0 0.0 0.72115 0.0 0.0 45.47487 -0.49999 0.07399 0.0 0.0 0.0 0.0 0.0 0.0 0.0510884268447 36 1 0.992647058824 0.465592427595 -2.33512987225
-0.12623 0.35028 3.35743 -0.12979 0.55971 4.02072 0.765267898345 0.998032101655 0.30541 0.41196 152.77952 195.62801 147.22542 138.42519 0.3 0.3 0.0 0.0 0.0 0.0 0.0 0.0 0.72115 0.0 0.0 45.47487 -0.49999 0.07399 0.0 0.0 0.0 0.0 0.0 0.0 0.0514286684811 37 1 0.992647058824 0.426086328656 -2.27171328292
-0.12623 0.35028 3.35743 -0.12979 0.55971 4.02072 0.739985364319 1.02331463568 0.30541 0.41196 152.77952 195.62801 147.22542 138.42519 0.3 0.3 0.0 0.0 0.0 0.0 0.0 0.0 0.72115 0.0 0.0 45.47487 -0.49999 0.07399 0.0 0.0 0.0 0.0 0.0 0.0 0.0514657127386 38 0 0.942857142857 0.611284602207 -2.27171328292
-0.12623 0.35028 3.35743 -0.12979 0.55971 4.02072 0.761298510558 1.00200148944 0.30541 0.41196 152.77952 195.62801 147.22542 138.42519 0.3 0.3 0.0 0.0 0.0 0.0 0.0 0.0 0.72115 0.0 0.0 45.47487 -0.49999 0.07399 0.0 0.0 0.0 0.0 0.0 0.0 0.0520252468763 39 1 0.992647058824 0.46544998694 -2.38396229196
-0.12623 0.35028 3.35743 -0.12979 0.55971 4.02072 0.749697839228 1.01360216077 0.30541 0.41196 152.77952 195.62801 147.22542 138.42519 0.3 0.3 0.0 0.0 0.0 0.0 0.0 0.0 0.72115 0.0 0.0 45.47487 -0.49999 0.07399 0.0 0.0 0.0 0.0 0.0 0.0 0.0523789662418 40 0 0.978102189781 0.593380201174 -2.38396229196
-0.12623 0.35028 3.35743 -0.12979 0.55971 4.02072 0.784421221661 0.978878778339 0.30541 0.41196 152.77952 195.62801 147.22542 138.42519 0.3 0.3 0.0 0.0 0.0 0.0 0.0 0.0 0.72115 0.0 0.0 45.47487 -0.49999 0.07399 0.0 0.0 0.0 0.0 0.0 0.0 0.0520248205908 41 1 0.992592592593 0.118622175941 -1.92917642701
-0.12623 0.35028 3.35743 -0.12979 0.55971 4.02072 0.806942835009 0.956357164991 0.30541 0.41196 152.77952 195.62801 147.22542 138.42519 0.3 0.3 0.0 0.0 0.0 0.0 0.0 0.0 0.72115 0.0 0.0 45.47487 -0.49999 0.07399 0.0 0.0 0.0 0.0 0.0 0.0 0.0525752589709 42 0 0.964028776978 0.424036709668 -1.92917642701
-0.12623 0.35028 3.35743 -0.12979 0.55971 4.02072 0.704714343554 1.05858565645 0.30541 0.41196 152.77952 195.62801 147.22542 138.42519 0.3 0.3 0.0 0.0 0.0 0.0 0.0 0.0 0.72115 0.0 0.0 45.47487 -0.49999 0.07399 0.0 0.0 0.0 0.0 0.0 0.0 0.0502773735132 43 0 0.914893617021 0.889355932852 -1.92917642701
-0.12623 0.35028 3.35743 -0.12979 0.55971 4.02072 0.795093016399 0.968206983601 0.30541 0.41196 152.77952 195.62801 147.22542 138.42519 0.3 0.3 0.0 0.0 0.0 0.0 0.0 0.0 0.72115 0.0 0.0 45.47487 -0.49999 0.07399 0.0 0.0 0.0 0.0 0.0 0.0 0.0523830127299 44 0 0.985401459854 0.382056192952 -1.92917642701
-0.12623 0.35028 3.35743 -0.12979 0.55971 4.02072 0.814975278208 0.948324721792 0.30541 0.41196 152.77952 195.62801 147.22542 138.42519 0.3 0.3 0.0 0.0 0.0 0.0 0.0 0.0 0.72115 0.0 0.0 45.47487 -0.49999 0.07399 0.0 0.0 0.0 0.0 0.0 0.0 0.0521058025274 45 0 0.964028776978 0.42568046107 -1.92917642701
-0.12623 0.35028 3.35743 -0.12979 0.55971 4.02072 0.753391584175 1.00990841583 0.30541 0.41196 152.77952 195.62801 147.22542 138.42519 0.3 0.3 0.0 0.0 0.0 0.0 0.0 0.0 0.72115 0.0 0.0 45.47487 -0.49999 0.07399 0.0 0.0 0.0 0.0 0.0 0.0 0.0520623454678 46 0 0.985294117647 0.478753053206 -1.92917642701
-0.12623 0.35028 3.35743 -0.12979 0.55971 4.02072 0.77745200455 0.98584799545 0.30541 0.41196 152.77952 195.62801 147.22542 138.42519 0.3 0.3 0.0 0.0 0.0 0.0 0.0 0.0 0.72115 0.0 0.0 45.47487 -0.49999 0.07399 0.0 0.0 0.0 0.0 0.0 0.0 0.0521932790824 47 1 1.0 0.399911080698 -1.90928624599
-0.12623 0.35028 3.35743 -0.12979 0.55971 4.02072 0.781532680278 0.981767319722 0.30541 0.41196 152.77952 195.62801 147.22542 138.42519 0.3 0.3 0.0 0.0 0.0 0.0 0.0 0.0 0.72115 0.0 0.0 45.47487 -0.49999 0.07399 0.0 0.0 0.0 0.0 0.0 0.0 0.0525071651788 48 1 1.0 0.394670272667 -1.93212320717
-0.12623 0.35028 3.35743 -0.12979 0.55971 4.02072 0.809372387274 0.953927612726 0.30541 0.41196 152.77952 195.62801 147.22542 138.42519 0.3 0.3 0.0 0.0 0.0 0.0 0.0 0.0 0.72115 0.0 0.0 45.47487 -0.49999 0.07399 0.0 0.0 0.0 0.0 0.0 0.0 0.0515170098881 49 0 0.964028776978 0.532908047546 -1.93212320717
-0.12623 0.35028 3.35743 -0.12979 0.55971 4.02072 0.778164372088 0.985135627912 0.30541 0.41196 152.77952 195.62801 147.22542 138.42519 0.3 0.3 0.0 0.0 0.0 0.0 0.0 0.0 0.72115 0.0 0.0 45.47487 -0.49999 0.07399 0.0 0.0 0.0 0.0 0.0 0.0 0.0514558516798 50 1 1.0 0.39756002522 -1.85615508857
