-0.12623 0.35028 3.35743 -0.12979 0.55971 1.62276081633 0.78258 0.98072 0.30541 0.41196 152.77952 195.62801 147.22542 138.42519 0.3 0.3 0.0 0.0 0.0 0.0 0.0 0.0 0.72115 0.0 0.0 45.47487 -0.49999 0.07399 0.0 0.0 0.0 0.0 0.0 0.0 0.05 0 1 0.616666666667 1.77062544155 -82930.7909571
-0.12623 0.35028 3.35743 -0.12979 0.55971 1.60768243209 0.78258 0.98072 0.30541 0.41196 152.77952 195.62801 147.22542 138.42519 0.3 0.3 0.0 0.0 0.0 0.0 0.0 0.0 0.72115 0.0 0.0 45.47487 -0.49999 0.07399 0.0 0.0 0.0 0.0 0.0 0.0 0.0503442906317 1 1 0.619444444444 1.77200311657 -80744.955587
-0.12623 0.35028 3.35743 -0.12979 0.55971 1.60008884698 0.78258 0.98072 0.30541 0.41196 152.77952 195.62801 147.22542 138.42519 0.3 0.3 0.0 0.0 0.0 0.0 0.0 0.0 0.72115 0.0 0.0 45.47487 -0.49999 0.07399 0.0 0.0 0.0 0.0 0.0 0.0 0.050013817066 2 1 0.622222222222 1.76987437265 -80431.8579549
-0.12623 0.35028 3.35743 -0.12979 0.55971 1.55639710326 0.78258 0.98072 0.30541 0.41196 152.77952 195.62801 147.22542 138.42519 0.3 0.3 0.0 0.0 0.0 0.0 0.0 0.0 0.72115 0.0 0.0 45.47487 -0.49999 0.07399 0.0 0.0 0.0 0.0 0.0 0.0 0.0496312402129 3 0 0.628491620112 1.80222969468 -80431.8579549
-0.12623 0.35028 3.35743 -0.12979 0.55971 1.56132620718 0.78258 0.98072 0.30541 0.41196 152.77952 195.62801 147.22542 138.42519 0.3 0.3 0.0 0.0 0.0 0.0 0.0 0.0 0.72115 0.0 0.0 45.47487 -0.49999 0.07399 0.0 0.0 0.0 0.0 0.0 0.0 0.0497834807435 4 0 0.626740947075 1.79824323627 -80431.8579549
-0.12623 0.35028 3.35743 -0.12979 0.55971 1.60442197731 0.78258 0.98072 0.30541 0.41196 152.77952 195.62801 147.22542 138.42519 0.3 0.3 0.0 0.0 0.0 0.0 0.0 0.0 0.72115 0.0 0.0 45.47487 -0.49999 0.07399 0.0 0.0 0.0 0.0 0.0 0.0 0.0503056259934 5 1 0.621169916435 1.76829258464 -79802.2625732
-0.12623 0.35028 3.35743 -0.12979 0.55971 1.59285776588 0.78258 0.98072 0.30541 0.41196 152.77952 195.62801 147.22542 138.42519 0.3 0.3 0.0 0.0 0.0 0.0 0.0 0.0 0.72115 0.0 0.0 45.47487 -0.49999 0.07399 0.0 0.0 0.0 0.0 0.0 0.0 0.0501044796739 6 0 0.62258953168 1.77724727468 -79802.2625732
-0.12623 0.35028 3.35743 -0.12979 0.55971 1.6583272329 0.78258 0.98072 0.30541 0.41196 152.77952 195.62801 147.22542 138.42519 0.3 0.3 0.0 0.0 0.0 0.0 0.0 0.0 0.72115 0.0 0.0 45.47487 -0.49999 0.07399 0.0 0.0 0.0 0.0 0.0 0.0 0.0490035634249 7 0 0.63025210084 1.78864294001 -79802.2625732
-0.12623 0.35028 3.35743 -0.12979 0.55971 1.60698135287 0.78258 0.98072 0.30541 0.41196 152.77952 195.62801 147.22542 138.42519 0.3 0.3 0.0 0.0 0.0 0.0 0.0 0.0 0.72115 0.0 0.0 45.47487 -0.49999 0.07399 0.0 0.0 0.0 0.0 0.0 0.0 0.0490612810011 8 0 0.618384401114 1.76683357084 -79802.2625732
-0.12623 0.35028 3.35743 -0.12979 0.55971 1.55811104887 0.78258 0.98072 0.30541 0.41196 152.77952 195.62801 147.22542 138.42519 0.3 0.3 0.0 0.0 0.0 0.0 0.0 0.0 0.72115 0.0 0.0 45.47487 -0.49999 0.07399 0.0 0.0 0.0 0.0 0.0 0.0 0.0505121073788 9 1 0.631284916201 1.79965968031 -77664.7848658
-0.12623 0.35028 3.35743 -0.12979 0.55971 1.5446689093 0.78258 0.98072 0.30541 0.41196 152.77952 195.62801 147.22542 138.42519 0.3 0.3 0.0 0.0 0.0 0.0 0.0 0.0 0.72115 0.0 0.0 45.47487 -0.49999 0.07399 0.0 0.0 0.0 0.0 0.0 0.0 0.050593564476 10 0 0.622222222222 1.77763849713 -77664.7848658
-0.12623 0.35028 3.35743 -0.12979 0.55971 1.56280236014 0.78258 0.98072 0.30541 0.41196 152.77952 195.62801 147.22542 138.42519 0.3 0.3 0.0 0.0 0.0 0.0 0.0 0.0 0.72115 0.0 0.0 45.47487 -0.49999 0.07399 0.0 0.0 0.0 0.0 0.0 0.0 0.050805860461 11 0 0.626740947075 1.79678667746 -77664.7848658
-0.12623 0.35028 3.35743 -0.12979 0.55971 1.58001777528 0.78258 0.98072 0.30541 0.41196 152.77952 195.62801 147.22542 138.42519 0.3 0.3 0.0 0.0 0.0 0.0 0.0 0.0 0.72115 0.0 0.0 45.47487 -0.49999 0.07399 0.0 0.0 0.0 0.0 0.0 0.0 0.049915979737 12 0 0.622905027933 1.78217281014 -77664.7848658
-0.12623 0.35028 3.35743 -0.12979 0.55971 1.59684920727 0.78258 0.98072 0.30541 0.41196 152.77952 195.62801 147.22542 138.42519 0.3 0.3 0.0 0.0 0.0 0.0 0.0 0.0 0.72115 0.0 0.0 45.47487 -0.49999 0.07399 0.0 0.0 0.0 0.0 0.0 0.0 0.0495813328655 13 0 0.625 1.77242598073 -77664.7848658
-0.12623 0.35028 3.35743 -0.12979 0.55971 1.53034257436 0.78258 0.98072 0.30541 0.41196 152.77952 195.62801 147.22542 138.42519 0.3 0.3 0.0 0.0 0.0 0.0 0.0 0.0 0.72115 0.0 0.0 45.47487 -0.49999 0.07399 0.0 0.0 0.0 0.0 0.0 0.0 0.0516907712095 14 1 0.627450980392 1.75519357363 -72019.2445196
-0.12623 0.35028 3.35743 -0.12979 0.55971 1.55394431103 0.78258 0.98072 0.30541 0.41196 152.77952 195.62801 147.22542 138.42519 0.3 0.3 0.0 0.0 0.0 0.0 0.0 0.0 0.72115 0.0 0.0 45.47487 -0.49999 0.07399 0.0 0.0 0.0 0.0 0.0 0.0 0.051840258016 15 0 0.633053221289 1.80097349204 -72019.2445196
-0.12623 0.35028 3.35743 -0.12979 0.55971 1.51881331971 0.78258 0.98072 0.30541 0.41196 152.77952 195.62801 147.22542 138.42519 0.3 0.3 0.0 0.0 0.0 0.0 0.0 0.0 0.72115 0.0 0.0 45.47487 -0.49999 0.07399 0.0 0.0 0.0 0.0 0.0 0.0 0.0512022305087 16 0 0.63202247191 1.78526875924 -72019.2445196
-0.12623 0.35028 3.35743 -0.12979 0.55971 1.47373513839 0.78258 0.98072 0.30541 0.41196 152.77952 195.62801 147.22542 138.42519 0.3 0.3 0.0 0.0 0.0 0.0 0.0 0.0 0.72115 0.0 0.0 45.47487 -0.49999 0.07399 0.0 0.0 0.0 0.0 0.0 0.0 0.0521952466615 17 1 0.637142857143 1.77083618667 -68206.7520333
-0.12623 0.35028 3.35743 -0.12979 0.55971 1.4755678711 0.78258 0.98072 0.30541 0.41196 152.77952 195.62801 147.22542 138.42519 0.3 0.3 0.0 0.0 0.0 0.0 0.0 0.0 0.72115 0.0 0.0 45.47487 -0.49999 0.07399 0.0 0.0 0.0 0.0 0.0 0.0 0.051973249432 18 0 0.635327635328 1.77932939487 -68206.7520333
-0.12623 0.35028 3.35743 -0.12979 0.55971 1.47856530833 0.78258 0.98072 0.30541 0.41196 152.77952 195.62801 147.22542 138.42519 0.3 0.3 0.0 0.0 0.0 0.0 0.0 0.0 0.72115 0.0 0.0 45.47487 -0.49999 0.07399 0.0 0.0 0.0 0.0 0.0 0.0 0.0511850398496 19 0 0.626062322946 1.77227161726 -68206.7520333
-0.12623 0.35028 3.35743 -0.12979 0.55971 1.50559318591 0.78258 0.98072 0.30541 0.41196 152.77952 195.62801 147.22542 138.42519 0.3 0.3 0.0 0.0 0.0 0.0 0.0 0.0 0.72115 0.0 0.0 45.47487 -0.49999 0.07399 0.0 0.0 0.0 0.0 0.0 0.0 0.0526016304156 20 0 0.629943502825 1.79021202628 -68206.7520333
-0.12623 0.35028 3.35743 -0.12979 0.55971 1.48074683457 0.78258 0.98072 0.30541 0.41196 152.77952 195.62801 147.22542 138.42519 0.3 0.3 0.0 0.0 0.0 0.0 0.0 0.0 0.72115 0.0 0.0 45.47487 -0.49999 0.07399 0.0 0.0 0.0 0.0 0.0 0.0 0.0531690453105 21 0 0.627118644068 1.77859404431 -68206.7520333
-0.12623 0.35028 3.35743 -0.12979 0.55971 1.46858105442 0.78258 0.98072 0.30541 0.41196 152.77952 195.62801 147.22542 138.42519 0.3 0.3 0.0 0.0 0.0 0.0 0.0 0.0 0.72115 0.0 0.0 45.47487 -0.49999 0.07399 0.0 0.0 0.0 0.0 0.0 0.0 0.0515676501344 22 0 0.633522727273 1.76560995722 -68206.7520333
-0.12623 0.35028 3.35743 -0.12979 0.55971 1.46959708284 0.78258 0.98072 0.30541 0.41196 152.77952 195.62801 147.22542 138.42519 0.3 0.3 0.0 0.0 0.0 0.0 0.0 0.0 0.72115 0.0 0.0 45.47487 -0.49999 0.07399 0.0 0.0 0.0 0.0 0.0 0.0 0.0523876200383 23 1 0.64 1.77730178641 -67132.4206077
-0.12623 0.35028 3.35743 -0.12979 0.55971 1.45580364392 0.78258 0.98072 0.30541 0.41196 152.77952 195.62801 147.22542 138.42519 0.3 0.3 0.0 0.0 0.0 0.0 0.0 0.0 0.72115 0.0 0.0 45.47487 -0.49999 0.07399 0.0 0.0 0.0 0.0 0.0 0.0 0.0529382907771 24 0 0.627118644068 1.78705369786 -67132.4206077
-0.12623 0.35028 3.35743 -0.12979 0.55971 1.48880025009 0.78258 0.98072 0.30541 0.41196 152.77952 195.62801 147.22542 138.42519 0.3 0.3 0.0 0.0 0.0 0.0 0.0 0.0 0.72115 0.0 0.0 45.47487 -0.49999 0.07399 0.0 0.0 0.0 0.0 0.0 0.0 0.0526525140457 25 0 0.628895184136 1.75542006573 -67132.4206077
