-0.12623 0.35028 3.35743 -0.12979 0.55971 4.02072 0.78258 0.98072 0.30541 0.41196 152.77952 195.62801 149.877161667 138.42519 0.3 0.3 0.0 0.0 0.0 0.0 0.0 0.0 0.72115 0.0 0.0 45.47487 -0.49999 0.07399 0.0 0.0 0.0 0.0 0.0 0.0 0.01 0 1 0.979987492183 1.19033343869 0.848898704389
-0.12623 0.35028 3.35743 -0.12979 0.55971 4.02072 0.78258 0.98072 0.30541 0.41196 152.77952 195.62801 149.997823175 138.42519 0.3 0.3 0.0 0.0 0.0 0.0 0.0 0.0 0.72115 0.0 0.0 45.47487 -0.49999 0.07399 0.0 0.0 0.0 0.0 0.0 0.0 0.0102023157597 1 1 0.98 1.16787075178 1.04547347524
-0.12623 0.35028 3.35743 -0.12979 0.55971 4.02072 0.78258 0.98072 0.30541 0.41196 152.77952 195.62801 151.402991454 138.42519 0.3 0.3 0.0 0.0 0.0 0.0 0.0 0.0 0.72115 0.0 0.0 45.47487 -0.49999 0.07399 0.0 0.0 0.0 0.0 0.0 0.0 0.0103913194267 2 0 0.972738537794 1.24077739986 1.04547347524
-0.12623 0.35028 3.35743 -0.12979 0.55971 4.02072 0.78258 0.98072 0.30541 0.41196 152.77952 195.62801 149.264035353 138.42519 0.3 0.3 0.0 0.0 0.0 0.0 0.0 0.0 0.72115 0.0 0.0 45.47487 -0.49999 0.07399 0.0 0.0 0.0 0.0 0.0 0.0 0.010476841872 3 1 0.98617221873 1.04962384538 2.68006853736
-0.12623 0.35028 3.35743 -0.12979 0.55971 4.02072 0.78258 0.98072 0.30541 0.41196 152.77952 195.62801 148.629225142 138.42519 0.3 0.3 0.0 0.0 0.0 0.0 0.0 0.0 0.72115 0.0 0.0 45.47487 -0.49999 0.07399 0.0 0.0 0.0 0.0 0.0 0.0 0.00971485886125 4 1 0.988035264484 0.839835459064 3.18023674517
-0.12623 0.35028 3.35743 -0.12979 0.55971 4.02072 0.78258 0.98072 0.30541 0.41196 152.77952 195.62801 147.472088264 138.42519 0.3 0.3 0.0 0.0 0.0 0.0 0.0 0.0 0.72115 0.0 0.0 45.47487 -0.49999 0.07399 0.0 0.0 0.0 0.0 0.0 0.0 0.0100440474051 5 1 0.995575221239 0.251530497107 3.67569731217
-0.12623 0.35028 3.35743 -0.12979 0.55971 4.02072 0.78258 0.98072 0.30541 0.41196 152.77952 195.62801 148.416988736 138.42519 0.3 0.3 0.0 0.0 0.0 0.0 0.0 0.0 0.72115 0.0 0.0 45.47487 -0.49999 0.07399 0.0 0.0 0.0 0.0 0.0 0.0 0.0106315369066 6 0 0.990542244641 0.828788564109 3.67569731217
-0.12623 0.35028 3.35743 -0.12979 0.55971 4.02072 0.78258 0.98072 0.30541 0.41196 152.77952 195.62801 146.774524783 138.42519 0.3 0.3 0.0 0.0 0.0 0.0 0.0 0.0 0.72115 0.0 0.0 45.47487 -0.49999 0.07399 0.0 0.0 0.0 0.0 0.0 0.0 0.00965137419568 7 1 0.995569620253 0.526216317493 3.6925420173
-0.12623 0.35028 3.35743 -0.12979 0.55971 4.02072 0.78258 0.98072 0.30541 0.41196 152.77952 195.62801 146.623650283 138.42519 0.3 0.3 0.0 0.0 0.0 0.0 0.0 0.0 0.72115 0.0 0.0 45.47487 -0.49999 0.07399 0.0 0.0 0.0 0.0 0.0 0.0 0.0100803548989 8 1 0.994303797468 0.593556450937 3.62197947538
-0.12623 0.35028 3.35743 -0.12979 0.55971 4.02072 0.78258 0.98072 0.30541 0.41196 152.77952 195.62801 147.054791285 138.42519 0.3 0.3 0.0 0.0 0.0 0.0 0.0 0.0 0.72115 0.0 0.0 45.47487 -0.49999 0.07399 0.0 0.0 0.0 0.0 0.0 0.0 0.011058196649 9 1 0.998731769182 0.232478652569 3.58528937636
-0.12623 0.35028 3.35743 -0.12979 0.55971 4.02072 0.78258 0.98072 0.30541 0.41196 152.77952 195.62801 147.7199926 138.42519 0.3 0.3 0.0 0.0 0.0 0.0 0.0 0.0 0.72115 0.0 0.0 45.47487 -0.49999 0.07399 0.0 0.0 0.0 0.0 0.0 0.0 0.0112879735755 10 1 0.994943109987 0.312412044044 3.55528486114
-0.12623 0.35028 3.35743 -0.12979 0.55971 4.02072 0.78258 0.98072 0.30541 0.41196 152.77952 195.62801 149.090684197 138.42519 0.3 0.3 0.0 0.0 0.0 0.0 0.0 0.0 0.72115 0.0 0.0 45.47487 -0.49999 0.07399 0.0 0.0 0.0 0.0 0.0 0.0 0.0104562402718 11 0 0.98679245283 0.960561120614 3.55528486114
-0.12623 0.35028 3.35743 -0.12979 0.55971 4.02072 0.78258 0.98072 0.30541 0.41196 152.77952 195.62801 147.283814517 138.42519 0.3 0.3 0.0 0.0 0.0 0.0 0.0 0.0 0.72115 0.0 0.0 45.47487 -0.49999 0.07399 0.0 0.0 0.0 0.0 0.0 0.0 0.0107070262574 12 1 0.998733375554 0.151747545838 3.61775543212
-0.12623 0.35028 3.35743 -0.12979 0.55971 4.02072 0.78258 0.98072 0.30541 0.41196 152.77952 195.62801 147.012715761 138.42519 0.3 0.3 0.0 0.0 0.0 0.0 0.0 0.0 0.72115 0.0 0.0 45.47487 -0.49999 0.07399 0.0 0.0 0.0 0.0 0.0 0.0 0.0102369425251 13 1 0.996831432193 0.365631689248 3.65640987291
-0.12623 0.35028 3.35743 -0.12979 0.55971 4.02072 0.78258 0.98072 0.30541 0.41196 152.77952 195.62801 146.164133282 138.42519 0.3 0.3 0.0 0.0 0.0 0.0 0.0 0.0 0.72115 0.0 0.0 45.47487 -0.49999 0.07399 0.0 0.0 0.0 0.0 0.0 0.0 0.00993841954908 14 1 0.989260897031 0.868968558741 3.25157026286
-0.12623 0.35028 3.35743 -0.12979 0.55971 4.02072 0.78258 0.98072 0.30541 0.41196 152.77952 195.62801 146.715545587 138.42519 0.3 0.3 0.0 0.0 0.0 0.0 0.0 0.0 0.72115 0.0 0.0 45.47487 -0.49999 0.07399 0.0 0.0 0.0 0.0 0.0 0.0 0.00991217960922 15 1 0.994936708861 0.527762471957 3.65871335428
-0.12623 0.35028 3.35743 -0.12979 0.55971 4.02072 0.78258 0.98072 0.30541 0.41196 152.77952 195.62801 147.386111147 138.42519 0.3 0.3 0.0 0.0 0.0 0.0 0.0 0.0 0.72115 0.0 0.0 45.47487 -0.49999 0.07399 0.0 0.0 0.0 0.0 0.0 0.0 0.0101801493242 16 1 0.996837444655 0.200017819676 3.66644654171
-0.12623 0.35028 3.35743 -0.12979 0.55971 4.02072 0.78258 0.98072 0.30541 0.41196 152.77952 195.62801 146.796426377 138.42519 0.3 0.3 0.0 0.0 0.0 0.0 0.0 0.0 0.72115 0.0 0.0 45.47487 -0.49999 0.07399 0.0 0.0 0.0 0.0 0.0 0.0 0.00990892922192 17 1 0.995569620253 0.526222334662 3.66770230651
-0.12623 0.35028 3.35743 -0.12979 0.55971 4.02072 0.78258 0.98072 0.30541 0.41196 152.77952 195.62801 147.310352375 138.42519 0.3 0.3 0.0 0.0 0.0 0.0 0.0 0.0 0.72115 0.0 0.0 45.47487 -0.49999 0.07399 0.0 0.0 0.0 0.0 0.0 0.0 0.0108676673939 18 1 0.998733375554 0.151643685651 3.60286847298
-0.12623 0.35028 3.35743 -0.12979 0.55971 4.02072 0.78258 0.98072 0.30541 0.41196 152.77952 195.62801 146.182058988 138.42519 0.3 0.3 0.0 0.0 0.0 0.0 0.0 0.0 0.72115 0.0 0.0 45.47487 -0.49999 0.07399 0.0 0.0 0.0 0.0 0.0 0.0 0.0119315122514 19 0 0.989260897031 0.858396966466 3.60286847298
-0.12623 0.35028 3.35743 -0.12979 0.55971 4.02072 0.78258 0.98072 0.30541 0.41196 152.77952 195.62801 147.431844625 138.42519 0.3 0.3 0.0 0.0 0.0 0.0 0.0 0.0 0.72115 0.0 0.0 45.47487 -0.49999 0.07399 0.0 0.0 0.0 0.0 0.0 0.0 0.00995518610147 20 1 0.995575221239 0.200606260144 3.68674805751
-0.12623 0.35028 3.35743 -0.12979 0.55971 4.02072 0.78258 0.98072 0.30541 0.41196 152.77952 195.62801 147.975896125 138.42519 0.3 0.3 0.0 0.0 0.0 0.0 0.0 0.0 0.72115 0.0 0.0 45.47487 -0.49999 0.07399 0.0 0.0 0.0 0.0 0.0 0.0 0.010035110943 21 1 0.994314592546 0.48763363025 3.64456426782
-0.12623 0.35028 3.35743 -0.12979 0.55971 4.02072 0.78258 0.98072 0.30541 0.41196 152.77952 195.62801 147.245569827 138.42519 0.3 0.3 0.0 0.0 0.0 0.0 0.0 0.0 0.72115 0.0 0.0 45.47487 -0.49999 0.07399 0.0 0.0 0.0 0.0 0.0 0.0 0.0107106514723 22 1 1.0 0.146999947437 3.61757803476
-0.12623 0.35028 3.35743 -0.12979 0.55971 4.02072 0.78258 0.98072 0.30541 0.41196 152.77952 195.62801 147.630080923 138.42519 0.3 0.3 0.0 0.0 0.0 0.0 0.0 0.0 0.72115 0.0 0.0 45.47487 -0.49999 0.07399 0.0 0.0 0.0 0.0 0.0 0.0 0.0106169640892 23 1 0.994943109987 0.30745653129 3.61564094767
-0.12623 0.35028 3.35743 -0.12979 0.55971 4.02072 0.78258 0.98072 0.30541 0.41196 152.77952 195.62801 147.490010175 138.42519 0.3 0.3 0.0 0.0 0.0 0.0 0.0 0.0 0.72115 0.0 0.0 45.47487 -0.49999 0.07399 0.0 0.0 0.0 0.0 0.0 0.0 0.0108641352868 24 1 0.995575221239 0.251640579601 3.59809772914
-0.12623 0.35028 3.35743 -0.12979 0.55971 4.02072 0.78258 0.98072 0.30541 0.41196 152.77952 195.62801 148.4631303 138.42519 0.3 0.3 0.0 0.0 0.0 0.0 0.0 0.0 0.72115 0.0 0.0 45.47487 -0.49999 0.07399 0.0 0.0 0.0 0.0 0.0 0.0 0.00919790317552 25 1 0.989294710327 0.832042109155 3.30094167461
-0.12623 0.35028 3.35743 -0.12979 0.55971 4.02072 0.78258 0.98072 0.30541 0.41196 152.77952 195.62801 149.14904385 138.42519 0.3 0.3 0.0 0.0 0.0 0.0 0.0 0.0 0.72115 0.0 0.0 45.47487 -0.49999 0.07399 0.0 0.0 0.0 0.0 0.0 0.0 0.00956278736529 26 1 0.98679245283 0.991758411873 2.79282022262
-0.12623 0.35028 3.35743 -0.12979 0.55971 4.02072 0.78258 0.98072 0.30541 0.41196 152.77952 195.62801 149.552110611 138.42519 0.3 0.3 0.0 0.0 0.0 0.0 0.0 0.0 0.72115 0.0 0.0 45.47487 -0.49999 0.07399 0.0 0.0 0.0 0.0 0.0 0.0 0.00934543578024 27 1 0.985552763819 1.09287149816 2.32674905719
-0.12623 0.35028 3.35743 -0.12979 0.55971 4.02072 0.78258 0.98072 0.30541 0.41196 152.77952 195.62801 149.784795873 138.42519 0.3 0.3 0.0 0.0 0.0 0.0 0.0 0.0 0.72115 0.0 0.0 45.47487 -0.49999 0.07399 0.0 0.0 0.0 0.0 0.0 0.0 0.00901991162872 28 0 0.980600750939 1.10238914287 2.32674905719
-0.12623 0.35028 3.35743 -0.12979 0.55971 4.02072 0.78258 0.98072 0.30541 0.41196 152.77952 195.62801 149.134502808 138.42519 0.3 0.3 0.0 0.0 0.0 0.0 0.0 0.0 0.72115 0.0 0.0 45.47487 -0.49999 0.07399 0.0 0.0 0.0 0.0 0.0 0.0 0.00895801125632 29 1 0.98679245283 0.992537838019 2.72552540794
-0.12623 0.35028 3.35743 -0.12979 0.55971 4.02072 0.78258 0.98072 0.30541 0.41196 152.77952 195.62801 149.858443315 138.42519 0.3 0.3 0.0 0.0 0.0 0.0 0.0 0.0 0.72115 0.0 0.0 45.47487 -0.49999 0.07399 0.0 0.0 0.0 0.0 0.0 0.0 0.00880830795168 30 1 0.979987492183 1.19000681741 0.158124991314
-0.12623 0.35028 3.35743 -0.12979 0.55971 4.02072 0.78258 0.98072 0.30541 0.41196 152.77952 195.62801 149.028274595 138.42519 0.3 0.3 0.0 0.0 0.0 0.0 0.0 0.0 0.72115 0.0 0.0 45.47487 -0.49999 0.07399 0.0 0.0 0.0 0.0 0.0 0.0 0.00856524064022 31 1 0.987421383648 0.960137086018 2.84702048375
-0.12623 0.35028 3.35743 -0.12979 0.55971 4.02072 0.78258 0.98072 0.30541 0.41196 152.77952 195.62801 148.959315966 138.42519 0.3 0.3 0.0 0.0 0.0 0.0 0.0 0.0 0.72115 0.0 0.0 45.47487 -0.49999 0.07399 0.0 0.0 0.0 0.0 0.0 0.0 0.00792036579635 32 1 0.98804279421 0.961322789551 2.8662604507
-0.12623 0.35028 3.35743 -0.12979 0.55971 4.02072 0.78258 0.98072 0.30541 0.41196 152.77952 195.62801 148.358490961 138.42519 0.3 0.3 0.0 0.0 0.0 0.0 0.0 0.0 0.72115 0.0 0.0 45.47487 -0.49999 0.07399 0.0 0.0 0.0 0.0 0.0 0.0 0.00815937989799 33 1 0.991798107256 0.850839188309 3.52390320293
-0.12623 0.35028 3.35743 -0.12979 0.55971 4.02072 0.78258 0.98072 0.30541 0.41196 152.77952 195.62801 147.99103801 138.42519 0.3 0.3 0.0 0.0 0.0 0.0 0.0 0.0 0.72115 0.0 0.0 45.47487 -0.49999 0.07399 0.0 0.0 0.0 0.0 0.0 0.0 0.0082182573408 34 1 0.994314592546 0.483108826565 3.82660849878
-0.12623 0.35028 3.35743 -0.12979 0.55971 4.02072 0.78258 0.98072 0.30541 0.41196 152.77952 195.62801 148.891973821 138.42519 0.3 0.3 0.0 0.0 0.0 0.0 0.0 0.0 0.72115 0.0 0.0 45.47487 -0.49999 0.07399 0.0 0.0 0.0 0.0 0.0 0.0 0.00888874856465 35 1 0.988664987406 0.828760122632 3.24557253848
-0.12623 0.35028 3.35743 -0.12979 0.55971 4.02072 0.78258 0.98072 0.30541 0.41196 152.77952 195.62801 148.303406908 138.42519 0.3 0.3 0.0 0.0 0.0 0.0 0.0 0.0 0.72115 0.0 0.0 45.47487 -0.49999 0.07399 0.0 0.0 0.0 0.0 0.0 0.0 0.00940887683282 36 1 0.994946304485 0.851813231738 3.64249819004
-0.12623 0.35028 3.35743 -0.12979 0.55971 4.02072 0.78258 0.98072 0.30541 0.41196 152.77952 195.62801 147.454195098 138.42519 0.3 0.3 0.0 0.0 0.0 0.0 0.0 0.0 0.72115 0.0 0.0 45.47487 -0.49999 0.07399 0.0 0.0 0.0 0.0 0.0 0.0 0.0101976562864 37 1 0.995575221239 0.20996347645 3.6625089061
-0.12623 0.35028 3.35743 -0.12979 0.55971 4.02072 0.78258 0.98072 0.30541 0.41196 152.77952 195.62801 147.28437312 138.42519 0.3 0.3 0.0 0.0 0.0 0.0 0.0 0.0 0.72115 0.0 0.0 45.47487 -0.49999 0.07399 0.0 0.0 0.0 0.0 0.0 0.0 0.0102336323331 38 1 0.998733375554 0.151749849862 3.66296077665
-0.12623 0.35028 3.35743 -0.12979 0.55971 4.02072 0.78258 0.98072 0.30541 0.41196 152.77952 195.62801 149.230719406 138.42519 0.3 0.3 0.0 0.0 0.0 0.0 0.0 0.0 0.72115 0.0 0.0 45.47487 -0.49999 0.07399 0.0 0.0 0.0 0.0 0.0 0.0 0.0103728284812 39 1 0.98617221873 0.998746824243 2.76330519512
-0.12623 0.35028 3.35743 -0.12979 0.55971 4.02072 0.78258 0.98072 0.30541 0.41196 152.77952 195.62801 149.271957518 138.42519 0.3 0.3 0.0 0.0 0.0 0.0 0.0 0.0 0.72115 0.0 0.0 45.47487 -0.49999 0.07399 0.0 0.0 0.0 0.0 0.0 0.0 0.0101865295227 40 1 0.98617221873 1.04947492698 2.65298281067
-0.12623 0.35028 3.35743 -0.12979 0.55971 4.02072 0.78258 0.98072 0.30541 0.41196 152.77952 195.62801 149.071098057 138.42519 0.3 0.3 0.0 0.0 0.0 0.0 0.0 0.0 0.72115 0.0 0.0 45.47487 -0.49999 0.07399 0.0 0.0 0.0 0.0 0.0 0.0 0.0100081919428 41 1 0.98679245283 0.962760792242 2.87828949403
-0.12623 0.35028 3.35743 -0.12979 0.55971 4.02072 0.78258 0.98072 0.30541 0.41196 152.77952 195.62801 150.14329988 138.42519 0.3 0.3 0.0 0.0 0.0 0.0 0.0 0.0 0.72115 0.0 0.0 45.47487 -0.49999 0.07399 0.0 0.0 0.0 0.0 0.0 0.0 0.0103264435529 42 0 0.978165938865 1.15232511662 2.87828949403
-0.12623 0.35028 3.35743 -0.12979 0.55971 4.02072 0.78258 0.98072 0.30541 0.41196 152.77952 195.62801 148.224097867 138.42519 0.3 0.3 0.0 0.0 0.0 0.0 0.0 0.0 0.72115 0.0 0.0 45.47487 -0.49999 0.07399 0.0 0.0 0.0 0.0 0.0 0.0 0.0100600488946 43 1 0.994946304485 0.617149776733 3.63218634183
-0.12623 0.35028 3.35743 -0.12979 0.55971 4.02072 0.78258 0.98072 0.30541 0.41196 152.77952 195.62801 147.945225499 138.42519 0.3 0.3 0.0 0.0 0.0 0.0 0.0 0.0 0.72115 0.0 0.0 45.47487 -0.49999 0.07399 0.0 0.0 0.0 0.0 0.0 0.0 0.00987024863617 44 1 0.994314592546 0.62459989835 3.63457135618
-0.12623 0.35028 3.35743 -0.12979 0.55971 4.02072 0.78258 0.98072 0.30541 0.41196 152.77952 195.62801 146.833586532 138.42519 0.3 0.3 0.0 0.0 0.0 0.0 0.0 0.0 0.72115 0.0 0.0 45.47487 -0.49999 0.07399 0.0 0.0 0.0 0.0 0.0 0.0 0.00982215938587 45 1 0.995569620253 0.523577663153 3.67628885487
-0.12623 0.35028 3.35743 -0.12979 0.55971 4.02072 0.78258 0.98072 0.30541 0.41196 152.77952 195.62801 146.868433048 138.42519 0.3 0.3 0.0 0.0 0.0 0.0 0.0 0.0 0.72115 0.0 0.0 45.47487 -0.49999 0.07399 0.0 0.0 0.0 0.0 0.0 0.0 0.0107628062345 46 1 0.995569620253 0.523720195804 3.58948238176
-0.12623 0.35028 3.35743 -0.12979 0.55971 4.02072 0.78258 0.98072 0.30541 0.41196 152.77952 195.62801 147.573024143 138.42519 0.3 0.3 0.0 0.0 0.0 0.0 0.0 0.0 0.72115 0.0 0.0 45.47487 -0.49999 0.07399 0.0 0.0 0.0 0.0 0.0 0.0 0.0104549333969 47 1 0.994943109987 0.465764391387 3.61636655672
-0.12623 0.35028 3.35743 -0.12979 0.55971 4.02072 0.78258 0.98072 0.30541 0.41196 152.77952 195.62801 148.402023471 138.42519 0.3 0.3 0.0 0.0 0.0 0.0 0.0 0.0 0.72115 0.0 0.0 45.47487 -0.49999 0.07399 0.0 0.0 0.0 0.0 0.0 0.0 0.0100198816398 48 1 0.990542244641 0.832103226681 3.37580213074
-0.12623 0.35028 3.35743 -0.12979 0.55971 4.02072 0.78258 0.98072 0.30541 0.41196 152.77952 195.62801 148.563292367 138.42519 0.3 0.3 0.0 0.0 0.0 0.0 0.0 0.0 0.72115 0.0 0.0 45.47487 -0.49999 0.07399 0.0 0.0 0.0 0.0 0.0 0.0 0.0106621645118 49 1 0.988664987406 0.807953676294 3.25322589202
-0.12623 0.35028 3.35743 -0.12979 0.55971 4.02072 0.78258 0.98072 0.30541 0.41196 152.77952 195.62801 149.477327021 138.42519 0.3 0.3 0.0 0.0 0.0 0.0 0.0 0.0 0.72115 0.0 0.0 45.47487 -0.49999 0.07399 0.0 0.0 0.0 0.0 0.0 0.0 0.0108409159966 50 1 0.98617221873 1.08575624143 2.64651329802
