-0.12623 0.35028 3.35743 -0.12979 0.55971 4.02072 0.78258 0.98072 0.30541 0.41196 152.77952 195.62801 152.528903333 138.42519 0.3 0.3 0.0 0.0 0.0 0.0 0.0 0.0 0.72115 0.0 0.0 45.47487 -0.49999 0.07399 0.0 0.0 0.0 0.0 0.0 0.0 0.01 0 1 0.964263709181 1.17105205237 -5.07048608404
-0.12623 0.35028 3.35743 -0.12979 0.55971 4.02072 0.78258 0.98072 0.30541 0.41196 152.77952 195.62801 151.879178671 138.42519 0.3 0.3 0.0 0.0 0.0 0.0 0.0 0.0 0.72115 0.0 0.0 45.47487 -0.49999 0.07399 0.0 0.0 0.0 0.0 0.0 0.0 0.00998891635358 1 1 0.967881408277 1.22745049824 -4.10116636393
-0.12623 0.35028 3.35743 -0.12979 0.55971 4.02072 0.78258 0.98072 0.30541 0.41196 152.77952 195.62801 151.273303464 138.42519 0.3 0.3 0.0 0.0 0.0 0.0 0.0 0.0 0.72115 0.0 0.0 45.47487 -0.49999 0.07399 0.0 0.0 0.0 0.0 0.0 0.0 0.00947745063974 2 1 0.972721636702 1.16493946327 -1.88131463426
-0.12623 0.35028 3.35743 -0.12979 0.55971 4.02072 0.78258 0.98072 0.30541 0.41196 152.77952 195.62801 151.993870321 138.42519 0.3 0.3 0.0 0.0 0.0 0.0 0.0 0.0 0.72115 0.0 0.0 45.47487 -0.49999 0.07399 0.0 0.0 0.0 0.0 0.0 0.0 0.0103450980037 3 0 0.967283950617 1.21618348499 -1.88131463426
-0.12623 0.35028 3.35743 -0.12979 0.55971 4.02072 0.78258 0.98072 0.30541 0.41196 152.77952 195.62801 151.22857675 138.42519 0.3 0.3 0.0 0.0 0.0 0.0 0.0 0.0 0.72115 0.0 0.0 45.47487 -0.49999 0.07399 0.0 0.0 0.0 0.0 0.0 0.0 0.00927829886226 4 1 0.973929236499 1.15943595925 -1.54568102626
-0.12623 0.35028 3.35743 -0.12979 0.55971 4.02072 0.78258 0.98072 0.30541 0.41196 152.77952 195.62801 151.056349263 138.42519 0.3 0.3 0.0 0.0 0.0 0.0 0.0 0.0 0.72115 0.0 0.0 45.47487 -0.49999 0.07399 0.0 0.0 0.0 0.0 0.0 0.0 0.00898190093877 5 1 0.973929236499 1.14509281176 -1.72999655949
-0.12623 0.35028 3.35743 -0.12979 0.55971 4.02072 0.78258 0.98072 0.30541 0.41196 152.77952 195.62801 149.98082029 138.42519 0.3 0.3 0.0 0.0 0.0 0.0 0.0 0.0 0.72115 0.0 0.0 45.47487 -0.49999 0.07399 0.0 0.0 0.0 0.0 0.0 0.0 0.00873810522637 6 1 0.979375 1.16463118283 0.042790590607
-0.12623 0.35028 3.35743 -0.12979 0.55971 4.02072 0.78258 0.98072 0.30541 0.41196 152.77952 195.62801 150.623368819 138.42519 0.3 0.3 0.0 0.0 0.0 0.0 0.0 0.0 0.72115 0.0 0.0 45.47487 -0.49999 0.07399 0.0 0.0 0.0 0.0 0.0 0.0 0.00951032953938 7 1 0.974502487562 1.12120828026 -0.78157076623
-0.12623 0.35028 3.35743 -0.12979 0.55971 4.02072 0.78258 0.98072 0.30541 0.41196 152.77952 195.62801 150.764786418 138.42519 0.3 0.3 0.0 0.0 0.0 0.0 0.0 0.0 0.72115 0.0 0.0 45.47487 -0.49999 0.07399 0.0 0.0 0.0 0.0 0.0 0.0 0.00923066459099 8 0 0.973291925466 1.11550774391 -0.78157076623
-0.12623 0.35028 3.35743 -0.12979 0.55971 4.02072 0.78258 0.98072 0.30541 0.41196 152.77952 195.62801 151.256756456 138.42519 0.3 0.3 0.0 0.0 0.0 0.0 0.0 0.0 0.72115 0.0 0.0 45.47487 -0.49999 0.07399 0.0 0.0 0.0 0.0 0.0 0.0 0.00831793455563 9 0 0.973325062035 1.1658016028 -0.78157076623
-0.12623 0.35028 3.35743 -0.12979 0.55971 4.02072 0.78258 0.98072 0.30541 0.41196 152.77952 195.62801 150.58093292 138.42519 0.3 0.3 0.0 0.0 0.0 0.0 0.0 0.0 0.72115 0.0 0.0 45.47487 -0.49999 0.07399 0.0 0.0 0.0 0.0 0.0 0.0 0.00904091909958 10 1 0.974502487562 1.12053189961 -1.20625849592
-0.12623 0.35028 3.35743 -0.12979 0.55971 4.02072 0.78258 0.98072 0.30541 0.41196 152.77952 195.62801 150.255798288 138.42519 0.3 0.3 0.0 0.0 0.0 0.0 0.0 0.0 0.72115 0.0 0.0 45.47487 -0.49999 0.07399 0.0 0.0 0.0 0.0 0.0 0.0 0.00859645731873 11 0 0.975716064757 1.18200539822 -1.20625849592
-0.12623 0.35028 3.35743 -0.12979 0.55971 4.02072 0.78258 0.98072 0.30541 0.41196 152.77952 195.62801 149.923246502 138.42519 0.3 0.3 0.0 0.0 0.0 0.0 0.0 0.0 0.72115 0.0 0.0 45.47487 -0.49999 0.07399 0.0 0.0 0.0 0.0 0.0 0.0 0.0101909777582 12 1 0.979987492183 1.16558987822 1.04772674323
-0.12623 0.35028 3.35743 -0.12979 0.55971 4.02072 0.78258 0.98072 0.30541 0.41196 152.77952 195.62801 149.177090007 138.42519 0.3 0.3 0.0 0.0 0.0 0.0 0.0 0.0 0.72115 0.0 0.0 45.47487 -0.49999 0.07399 0.0 0.0 0.0 0.0 0.0 0.0 0.0101894019459 13 1 0.98679245283 0.990066591545 2.84400240813
-0.12623 0.35028 3.35743 -0.12979 0.55971 4.02072 0.78258 0.98072 0.30541 0.41196 152.77952 195.62801 149.04704498 138.42519 0.3 0.3 0.0 0.0 0.0 0.0 0.0 0.0 0.72115 0.0 0.0 45.47487 -0.49999 0.07399 0.0 0.0 0.0 0.0 0.0 0.0 0.0109579988387 14 1 0.987421383648 0.961827386635 2.98525574939
-0.12623 0.35028 3.35743 -0.12979 0.55971 4.02072 0.78258 0.98072 0.30541 0.41196 152.77952 195.62801 149.107685538 138.42519 0.3 0.3 0.0 0.0 0.0 0.0 0.0 0.0 0.72115 0.0 0.0 45.47487 -0.49999 0.07399 0.0 0.0 0.0 0.0 0.0 0.0 0.0115475516426 15 1 0.98679245283 0.960203169981 2.93928294054
-0.12623 0.35028 3.35743 -0.12979 0.55971 4.02072 0.78258 0.98072 0.30541 0.41196 152.77952 195.62801 148.807428024 138.42519 0.3 0.3 0.0 0.0 0.0 0.0 0.0 0.0 0.72115 0.0 0.0 45.47487 -0.49999 0.07399 0.0 0.0 0.0 0.0 0.0 0.0 0.0116039125304 16 1 0.988664987406 0.912537466943 3.14018542263
-0.12623 0.35028 3.35743 -0.12979 0.55971 4.02072 0.78258 0.98072 0.30541 0.41196 152.77952 195.62801 148.600783197 138.42519 0.3 0.3 0.0 0.0 0.0 0.0 0.0 0.0 0.72115 0.0 0.0 45.47487 -0.49999 0.07399 0.0 0.0 0.0 0.0 0.0 0.0 0.0104649124709 17 1 0.988664987406 0.80864184799 3.25720938226
-0.12623 0.35028 3.35743 -0.12979 0.55971 4.02072 0.78258 0.98072 0.30541 0.41196 152.77952 195.62801 148.647195115 138.42519 0.3 0.3 0.0 0.0 0.0 0.0 0.0 0.0 0.72115 0.0 0.0 45.47487 -0.49999 0.07399 0.0 0.0 0.0 0.0 0.0 0.0 0.0108018206141 18 1 0.988664987406 0.837170277691 3.22322611165
-0.12623 0.35028 3.35743 -0.12979 0.55971 4.02072 0.78258 0.98072 0.30541 0.41196 152.77952 195.62801 150.18342006 138.42519 0.3 0.3 0.0 0.0 0.0 0.0 0.0 0.0 0.72115 0.0 0.0 45.47487 -0.49999 0.07399 0.0 0.0 0.0 0.0 0.0 0.0 0.011213259208 19 0 0.976932668329 1.15660281061 3.22322611165
-0.12623 0.35028 3.35743 -0.12979 0.55971 4.02072 0.78258 0.98072 0.30541 0.41196 152.77952 195.62801 150.629901644 138.42519 0.3 0.3 0.0 0.0 0.0 0.0 0.0 0.0 0.72115 0.0 0.0 45.47487 -0.49999 0.07399 0.0 0.0 0.0 0.0 0.0 0.0 0.0111112901931 20 0 0.974502487562 1.12187339297 3.22322611165
-0.12623 0.35028 3.35743 -0.12979 0.55971 4.02072 0.78258 0.98072 0.30541 0.41196 152.77952 195.62801 148.42889652 138.42519 0.3 0.3 0.0 0.0 0.0 0.0 0.0 0.0 0.72115 0.0 0.0 45.47487 -0.49999 0.07399 0.0 0.0 0.0 0.0 0.0 0.0 0.0110224525632 21 1 0.990542244641 0.82867451525 3.33609371761
-0.12623 0.35028 3.35743 -0.12979 0.55971 4.02072 0.78258 0.98072 0.30541 0.41196 152.77952 195.62801 148.091955966 138.42519 0.3 0.3 0.0 0.0 0.0 0.0 0.0 0.0 0.72115 0.0 0.0 45.47487 -0.49999 0.07399 0.0 0.0 0.0 0.0 0.0 0.0 0.011436981025 22 1 0.994314592546 0.598622530005 3.50768786223
-0.12623 0.35028 3.35743 -0.12979 0.55971 4.02072 0.78258 0.98072 0.30541 0.41196 152.77952 195.62801 148.173572811 138.42519 0.3 0.3 0.0 0.0 0.0 0.0 0.0 0.0 0.72115 0.0 0.0 45.47487 -0.49999 0.07399 0.0 0.0 0.0 0.0 0.0 0.0 0.0108078276266 23 1 0.994946304485 0.620929195833 3.56639629659
-0.12623 0.35028 3.35743 -0.12979 0.55971 4.02072 0.78258 0.98072 0.30541 0.41196 152.77952 195.62801 148.484915551 138.42519 0.3 0.3 0.0 0.0 0.0 0.0 0.0 0.0 0.72115 0.0 0.0 45.47487 -0.49999 0.07399 0.0 0.0 0.0 0.0 0.0 0.0 0.0115537180787 24 1 0.988664987406 0.844631678335 3.19848461585
-0.12623 0.35028 3.35743 -0.12979 0.55971 4.02072 0.78258 0.98072 0.30541 0.41196 152.77952 195.62801 149.723559777 138.42519 0.3 0.3 0.0 0.0 0.0 0.0 0.0 0.0 0.72115 0.0 0.0 45.47487 -0.49999 0.07399 0.0 0.0 0.0 0.0 0.0 0.0 0.0111040655661 25 0 0.983699059561 1.09556296921 3.19848461585
-0.12623 0.35028 3.35743 -0.12979 0.55971 4.02072 0.78258 0.98072 0.30541 0.41196 152.77952 195.62801 148.806131059 138.42519 0.3 0.3 0.0 0.0 0.0 0.0 0.0 0.0 0.72115 0.0 0.0 45.47487 -0.49999 0.07399 0.0 0.0 0.0 0.0 0.0 0.0 0.0120333392944 26 1 0.988664987406 0.912616188592 3.13163262137
-0.12623 0.35028 3.35743 -0.12979 0.55971 4.02072 0.78258 0.98072 0.30541 0.41196 152.77952 195.62801 148.286450767 138.42519 0.3 0.3 0.0 0.0 0.0 0.0 0.0 0.0 0.72115 0.0 0.0 45.47487 -0.49999 0.07399 0.0 0.0 0.0 0.0 0.0 0.0 0.0118823867621 27 1 0.995575221239 0.850979233329 3.46355030219
-0.12623 0.35028 3.35743 -0.12979 0.55971 4.02072 0.78258 0.98072 0.30541 0.41196 152.77952 195.62801 147.737933963 138.42519 0.3 0.3 0.0 0.0 0.0 0.0 0.0 0.0 0.72115 0.0 0.0 45.47487 -0.49999 0.07399 0.0 0.0 0.0 0.0 0.0 0.0 0.0121117409219 28 1 0.994943109987 0.344218012403 3.48431403804
-0.12623 0.35028 3.35743 -0.12979 0.55971 4.02072 0.78258 0.98072 0.30541 0.41196 152.77952 195.62801 147.664858676 138.42519 0.3 0.3 0.0 0.0 0.0 0.0 0.0 0.0 0.72115 0.0 0.0 45.47487 -0.49999 0.07399 0.0 0.0 0.0 0.0 0.0 0.0 0.0118170920622 29 1 0.994943109987 0.311752558887 3.51037089255
-0.12623 0.35028 3.35743 -0.12979 0.55971 4.02072 0.78258 0.98072 0.30541 0.41196 152.77952 195.62801 146.678781466 138.42519 0.3 0.3 0.0 0.0 0.0 0.0 0.0 0.0 0.72115 0.0 0.0 45.47487 -0.49999 0.07399 0.0 0.0 0.0 0.0 0.0 0.0 0.011665533661 30 1 0.994936708861 0.562630182119 3.50236049589
-0.12623 0.35028 3.35743 -0.12979 0.55971 4.02072 0.78258 0.98072 0.30541 0.41196 152.77952 195.62801 146.913470155 138.42519 0.3 0.3 0.0 0.0 0.0 0.0 0.0 0.0 0.72115 0.0 0.0 45.47487 -0.49999 0.07399 0.0 0.0 0.0 0.0 0.0 0.0 0.0121355354062 31 1 0.996200126662 0.505790035468 3.48013782336
-0.12623 0.35028 3.35743 -0.12979 0.55971 4.02072 0.78258 0.98072 0.30541 0.41196 152.77952 195.62801 147.10683094 138.42519 0.3 0.3 0.0 0.0 0.0 0.0 0.0 0.0 0.72115 0.0 0.0 45.47487 -0.49999 0.07399 0.0 0.0 0.0 0.0 0.0 0.0 0.0114030216936 32 1 0.998731769182 0.231838369249 3.55460593686
-0.12623 0.35028 3.35743 -0.12979 0.55971 4.02072 0.78258 0.98072 0.30541 0.41196 152.77952 195.62801 147.495948536 138.42519 0.3 0.3 0.0 0.0 0.0 0.0 0.0 0.0 0.72115 0.0 0.0 45.47487 -0.49999 0.07399 0.0 0.0 0.0 0.0 0.0 0.0 0.011181535589 33 1 0.995575221239 0.251668911204 3.56959376183
-0.12623 0.35028 3.35743 -0.12979 0.55971 4.02072 0.78258 0.98072 0.30541 0.41196 152.77952 195.62801 146.657559013 138.42519 0.3 0.3 0.0 0.0 0.0 0.0 0.0 0.0 0.72115 0.0 0.0 45.47487 -0.49999 0.07399 0.0 0.0 0.0 0.0 0.0 0.0 0.0106721120221 34 1 0.994303797468 0.59431362632 3.57087077227
-0.12623 0.35028 3.35743 -0.12979 0.55971 4.02072 0.78258 0.98072 0.30541 0.41196 152.77952 195.62801 146.147323015 138.42519 0.3 0.3 0.0 0.0 0.0 0.0 0.0 0.0 0.72115 0.0 0.0 45.47487 -0.49999 0.07399 0.0 0.0 0.0 0.0 0.0 0.0 0.0100816875714 35 1 0.989260897031 0.868983976186 3.24968264161
-0.12623 0.35028 3.35743 -0.12979 0.55971 4.02072 0.78258 0.98072 0.30541 0.41196 152.77952 195.62801 144.96585048 138.42519 0.3 0.3 0.0 0.0 0.0 0.0 0.0 0.0 0.72115 0.0 0.0 45.47487 -0.49999 0.07399 0.0 0.0 0.0 0.0 0.0 0.0 0.0100866374089 36 0 0.983585858586 1.17096611585 3.24968264161
-0.12623 0.35028 3.35743 -0.12979 0.55971 4.02072 0.78258 0.98072 0.30541 0.41196 152.77952 195.62801 146.33990723 138.42519 0.3 0.3 0.0 0.0 0.0 0.0 0.0 0.0 0.72115 0.0 0.0 45.47487 -0.49999 0.07399 0.0 0.0 0.0 0.0 0.0 0.0 0.00946889413004 37 1 0.993037974684 0.806511523975 3.56498641985
-0.12623 0.35028 3.35743 -0.12979 0.55971 4.02072 0.78258 0.98072 0.30541 0.41196 152.77952 195.62801 145.821926643 138.42519 0.3 0.3 0.0 0.0 0.0 0.0 0.0 0.0 0.72115 0.0 0.0 45.47487 -0.49999 0.07399 0.0 0.0 0.0 0.0 0.0 0.0 0.00944418435855 38 0 0.987365761213 1.01516339132 3.56498641985
-0.12623 0.35028 3.35743 -0.12979 0.55971 4.02072 0.78258 0.98072 0.30541 0.41196 152.77952 195.62801 146.79056295 138.42519 0.3 0.3 0.0 0.0 0.0 0.0 0.0 0.0 0.72115 0.0 0.0 45.47487 -0.49999 0.07399 0.0 0.0 0.0 0.0 0.0 0.0 0.00932894646203 39 1 0.995569620253 0.526140524574 3.72447772486
-0.12623 0.35028 3.35743 -0.12979 0.55971 4.02072 0.78258 0.98072 0.30541 0.41196 152.77952 195.62801 146.453779085 138.42519 0.3 0.3 0.0 0.0 0.0 0.0 0.0 0.0 0.72115 0.0 0.0 45.47487 -0.49999 0.07399 0.0 0.0 0.0 0.0 0.0 0.0 0.00930860018393 40 1 0.992405063291 0.680919474966 3.60355131855
-0.12623 0.35028 3.35743 -0.12979 0.55971 4.02072 0.78258 0.98072 0.30541 0.41196 152.77952 195.62801 145.66471531 138.42519 0.3 0.3 0.0 0.0 0.0 0.0 0.0 0.0 0.72115 0.0 0.0 45.47487 -0.49999 0.07399 0.0 0.0 0.0 0.0 0.0 0.0 0.0102475340351 41 0 0.986734049274 1.06904901804 3.60355131855
-0.12623 0.35028 3.35743 -0.12979 0.55971 4.02072 0.78258 0.98072 0.30541 0.41196 152.77952 195.62801 146.814381471 138.42519 0.3 0.3 0.0 0.0 0.0 0.0 0.0 0.0 0.72115 0.0 0.0 45.47487 -0.49999 0.07399 0.0 0.0 0.0 0.0 0.0 0.0 0.0088521974888 42 1 0.995569620253 0.525979434779 3.77350228941
-0.12623 0.35028 3.35743 -0.12979 0.55971 4.02072 0.78258 0.98072 0.30541 0.41196 152.77952 195.62801 146.655801801 138.42519 0.3 0.3 0.0 0.0 0.0 0.0 0.0 0.0 0.72115 0.0 0.0 45.47487 -0.49999 0.07399 0.0 0.0 0.0 0.0 0.0 0.0 0.00837179881479 43 1 0.994303797468 0.595052484888 3.78198573027
-0.12623 0.35028 3.35743 -0.12979 0.55971 4.02072 0.78258 0.98072 0.30541 0.41196 152.77952 195.62801 146.759714756 138.42519 0.3 0.3 0.0 0.0 0.0 0.0 0.0 0.0 0.72115 0.0 0.0 45.47487 -0.49999 0.07399 0.0 0.0 0.0 0.0 0.0 0.0 0.00815393699545 44 1 0.995569620253 0.525153354057 3.84960695629
-0.12623 0.35028 3.35743 -0.12979 0.55971 4.02072 0.78258 0.98072 0.30541 0.41196 152.77952 195.62801 146.911144503 138.42519 0.3 0.3 0.0 0.0 0.0 0.0 0.0 0.0 0.72115 0.0 0.0 45.47487 -0.49999 0.07399 0.0 0.0 0.0 0.0 0.0 0.0 0.0075857090827 45 1 0.996200126662 0.505734939461 3.93046123778
-0.12623 0.35028 3.35743 -0.12979 0.55971 4.02072 0.78258 0.98072 0.30541 0.41196 152.77952 195.62801 147.58994398 138.42519 0.3 0.3 0.0 0.0 0.0 0.0 0.0 0.0 0.72115 0.0 0.0 45.47487 -0.49999 0.07399 0.0 0.0 0.0 0.0 0.0 0.0 0.00721726771359 46 1 0.994943109987 0.491073516526 3.95314538044
-0.12623 0.35028 3.35743 -0.12979 0.55971 4.02072 0.78258 0.98072 0.30541 0.41196 152.77952 195.62801 147.354254247 138.42519 0.3 0.3 0.0 0.0 0.0 0.0 0.0 0.0 0.72115 0.0 0.0 45.47487 -0.49999 0.07399 0.0 0.0 0.0 0.0 0.0 0.0 0.00756142575649 47 1 0.996837444655 0.196098308892 3.96239351877
-0.12623 0.35028 3.35743 -0.12979 0.55971 4.02072 0.78258 0.98072 0.30541 0.41196 152.77952 195.62801 147.127638477 138.42519 0.3 0.3 0.0 0.0 0.0 0.0 0.0 0.0 0.72115 0.0 0.0 45.47487 -0.49999 0.07399 0.0 0.0 0.0 0.0 0.0 0.0 0.00761554615068 48 1 1.0 0.232130546094 3.95862504162
-0.12623 0.35028 3.35743 -0.12979 0.55971 4.02072 0.78258 0.98072 0.30541 0.41196 152.77952 195.62801 147.830100553 138.42519 0.3 0.3 0.0 0.0 0.0 0.0 0.0 0.0 0.72115 0.0 0.0 45.47487 -0.49999 0.07399 0.0 0.0 0.0 0.0 0.0 0.0 0.00739228215077 49 1 0.994943109987 0.322137446123 3.96409947701
-0.12623 0.35028 3.35743 -0.12979 0.55971 4.02072 0.78258 0.98072 0.30541 0.41196 152.77952 195.62801 148.203015631 138.42519 0.3 0.3 0.0 0.0 0.0 0.0 0.0 0.0 0.72115 0.0 0.0 45.47487 -0.49999 0.07399 0.0 0.0 0.0 0.0 0.0 0.0 0.00751766542192 50 0 0.994318181818 0.618074886 3.96409947701
