-0.12623 0.35028 3.35743 -0.12979 0.55971 4.02072 0.78258 0.98072 0.265470081148 0.41196 152.77952 195.62801 147.22542 138.42519 0.3 0.3 0.0 0.0 0.0 0.0 0.0 0.0 0.72115 0.0 0.0 45.47487 -0.49999 0.07399 0.0 0.0 0.0 0.0 0.0 0.0 0.01 0 1 0.932746700189 1.71857254287 -63.1070741038
-0.12623 0.35028 3.35743 -0.12979 0.55971 4.02072 0.78258 0.98072 0.26548636682 0.41196 152.77952 195.62801 147.22542 138.42519 0.3 0.3 0.0 0.0 0.0 0.0 0.0 0.0 0.72115 0.0 0.0 45.47487 -0.49999 0.07399 0.0 0.0 0.0 0.0 0.0 0.0 0.0104039809182 1 1 0.932746700189 1.71816600298 -58.0310972123
-0.12623 0.35028 3.35743 -0.12979 0.55971 4.02072 0.78258 0.98072 0.265485371794 0.41196 152.77952 195.62801 147.22542 138.42519 0.3 0.3 0.0 0.0 0.0 0.0 0.0 0.0 0.72115 0.0 0.0 45.47487 -0.49999 0.07399 0.0 0.0 0.0 0.0 0.0 0.0 0.00983658215697 2 0 0.932746700189 1.71815650362 -58.0310972123
-0.12623 0.35028 3.35743 -0.12979 0.55971 4.02072 0.78258 0.98072 0.265473218358 0.41196 152.77952 195.62801 147.22542 138.42519 0.3 0.3 0.0 0.0 0.0 0.0 0.0 0.0 0.72115 0.0 0.0 45.47487 -0.49999 0.07399 0.0 0.0 0.0 0.0 0.0 0.0 0.0100249903623 3 0 0.932746700189 1.71823486147 -58.0310972123
-0.12623 0.35028 3.35743 -0.12979 0.55971 4.02072 0.78258 0.98072 0.265483156053 0.41196 152.77952 195.62801 147.22542 138.42519 0.3 0.3 0.0 0.0 0.0 0.0 0.0 0.0 0.72115 0.0 0.0 45.47487 -0.49999 0.07399 0.0 0.0 0.0 0.0 0.0 0.0 0.0100273223294 4 0 0.932746700189 1.71815460386 -58.0310972123
-0.12623 0.35028 3.35743 -0.12979 0.55971 4.02072 0.78258 0.98072 0.265485350351 0.41196 152.77952 195.62801 147.22542 138.42519 0.3 0.3 0.0 0.0 0.0 0.0 0.0 0.0 0.72115 0.0 0.0 45.47487 -0.49999 0.07399 0.0 0.0 0.0 0.0 0.0 0.0 0.00987005746329 5 0 0.932746700189 1.71815649694 -58.0310972123
-0.12623 0.35028 3.35743 -0.12979 0.55971 4.02072 0.78258 0.98072 0.265474995172 0.41196 152.77952 195.62801 147.22542 138.42519 0.3 0.3 0.0 0.0 0.0 0.0 0.0 0.0 0.72115 0.0 0.0 45.47487 -0.49999 0.07399 0.0 0.0 0.0 0.0 0.0 0.0 0.00991134673124 6 0 0.932746700189 1.71833573454 -58.0310972123
-0.12623 0.35028 3.35743 -0.12979 0.55971 4.02072 0.78258 0.98072 0.265476003541 0.41196 152.77952 195.62801 147.22542 138.42519 0.3 0.3 0.0 0.0 0.0 0.0 0.0 0.0 0.72115 0.0 0.0 45.47487 -0.49999 0.07399 0.0 0.0 0.0 0.0 0.0 0.0 0.010473723233 7 1 0.932746700189 1.71852890038 -57.2448261405
-0.12623 0.35028 3.35743 -0.12979 0.55971 4.02072 0.78258 0.98072 0.265467858786 0.41196 152.77952 195.62801 147.22542 138.42519 0.3 0.3 0.0 0.0 0.0 0.0 0.0 0.0 0.72115 0.0 0.0 45.47487 -0.49999 0.07399 0.0 0.0 0.0 0.0 0.0 0.0 0.0104604821222 8 1 0.932746700189 1.71995716994 -57.4992984899
-0.12623 0.35028 3.35743 -0.12979 0.55971 4.02072 0.78258 0.98072 0.26547491261 0.41196 152.77952 195.62801 147.22542 138.42519 0.3 0.3 0.0 0.0 0.0 0.0 0.0 0.0 0.72115 0.0 0.0 45.47487 -0.49999 0.07399 0.0 0.0 0.0 0.0 0.0 0.0 0.0103473015548 9 1 0.932746700189 1.71833539186 -58.715484117
-0.12623 0.35028 3.35743 -0.12979 0.55971 4.02072 0.78258 0.98072 0.265476851928 0.41196 152.77952 195.62801 147.22542 138.42519 0.3 0.3 0.0 0.0 0.0 0.0 0.0 0.0 0.72115 0.0 0.0 45.47487 -0.49999 0.07399 0.0 0.0 0.0 0.0 0.0 0.0 0.00997856204045 10 1 0.932746700189 1.71858328278 -63.3930724209
-0.12623 0.35028 3.35743 -0.12979 0.55971 4.02072 0.78258 0.98072 0.26548214205 0.41196 152.77952 195.62801 147.22542 138.42519 0.3 0.3 0.0 0.0 0.0 0.0 0.0 0.0 0.72115 0.0 0.0 45.47487 -0.49999 0.07399 0.0 0.0 0.0 0.0 0.0 0.0 0.00944607705247 11 0 0.932746700189 1.71837066141 -63.3930724209
-0.12623 0.35028 3.35743 -0.12979 0.55971 4.02072 0.78258 0.98072 0.265477958664 0.41196 152.77952 195.62801 147.22542 138.42519 0.3 0.3 0.0 0.0 0.0 0.0 0.0 0.0 0.72115 0.0 0.0 45.47487 -0.49999 0.07399 0.0 0.0 0.0 0.0 0.0 0.0 0.00889545221339 12 0 0.932746700189 1.71846119131 -63.3930724209
-0.12623 0.35028 3.35743 -0.12979 0.55971 4.02072 0.78258 0.98072 0.265475743655 0.41196 152.77952 195.62801 147.22542 138.42519 0.3 0.3 0.0 0.0 0.0 0.0 0.0 0.0 0.72115 0.0 0.0 45.47487 -0.49999 0.07399 0.0 0.0 0.0 0.0 0.0 0.0 0.00975234159815 13 0 0.932746700189 1.71852842268 -63.3930724209
-0.12623 0.35028 3.35743 -0.12979 0.55971 4.02072 0.78258 0.98072 0.265476596615 0.41196 152.77952 195.62801 147.22542 138.42519 0.3 0.3 0.0 0.0 0.0 0.0 0.0 0.0 0.72115 0.0 0.0 45.47487 -0.49999 0.07399 0.0 0.0 0.0 0.0 0.0 0.0 0.00973625374426 14 0 0.932746700189 1.71856343355 -63.3930724209
-0.12623 0.35028 3.35743 -0.12979 0.55971 4.02072 0.78258 0.98072 0.265481070204 0.41196 152.77952 195.62801 147.22542 138.42519 0.3 0.3 0.0 0.0 0.0 0.0 0.0 0.0 0.72115 0.0 0.0 45.47487 -0.49999 0.07399 0.0 0.0 0.0 0.0 0.0 0.0 0.0105365265493 15 1 0.932746700189 1.71821700064 -56.5053206159
-0.12623 0.35028 3.35743 -0.12979 0.55971 4.02072 0.78258 0.98072 0.265488967979 0.41196 152.77952 195.62801 147.22542 138.42519 0.3 0.3 0.0 0.0 0.0 0.0 0.0 0.0 0.72115 0.0 0.0 45.47487 -0.49999 0.07399 0.0 0.0 0.0 0.0 0.0 0.0 0.0111670765086 16 1 0.932746700189 1.7182880642 -49.9680732007
-0.12623 0.35028 3.35743 -0.12979 0.55971 4.02072 0.78258 0.98072 0.265503393887 0.41196 152.77952 195.62801 147.22542 138.42519 0.3 0.3 0.0 0.0 0.0 0.0 0.0 0.0 0.72115 0.0 0.0 45.47487 -0.49999 0.07399 0.0 0.0 0.0 0.0 0.0 0.0 0.0112713505437 17 1 0.932746700189 1.71411229368 -48.7361133897
-0.12623 0.35028 3.35743 -0.12979 0.55971 4.02072 0.78258 0.98072 0.265526281168 0.41196 152.77952 195.62801 147.22542 138.42519 0.3 0.3 0.0 0.0 0.0 0.0 0.0 0.0 0.72115 0.0 0.0 45.47487 -0.49999 0.07399 0.0 0.0 0.0 0.0 0.0 0.0 0.0111342780568 18 0 0.930363864492 1.73124303878 -48.7361133897
-0.12623 0.35028 3.35743 -0.12979 0.55971 4.02072 0.78258 0.98072 0.265475318713 0.41196 152.77952 195.62801 147.22542 138.42519 0.3 0.3 0.0 0.0 0.0 0.0 0.0 0.0 0.72115 0.0 0.0 45.47487 -0.49999 0.07399 0.0 0.0 0.0 0.0 0.0 0.0 0.0120621947195 19 1 0.932746700189 1.71845885196 -42.4023289899
-0.12623 0.35028 3.35743 -0.12979 0.55971 4.02072 0.78258 0.98072 0.265472901667 0.41196 152.77952 195.62801 147.22542 138.42519 0.3 0.3 0.0 0.0 0.0 0.0 0.0 0.0 0.72115 0.0 0.0 45.47487 -0.49999 0.07399 0.0 0.0 0.0 0.0 0.0 0.0 0.0117687816397 20 1 0.932746700189 1.71814475759 -44.67737226
-0.12623 0.35028 3.35743 -0.12979 0.55971 4.02072 0.78258 0.98072 0.26548808526 0.41196 152.77952 195.62801 147.22542 138.42519 0.3 0.3 0.0 0.0 0.0 0.0 0.0 0.0 0.72115 0.0 0.0 45.47487 -0.49999 0.07399 0.0 0.0 0.0 0.0 0.0 0.0 0.0115290297782 21 0 0.932746700189 1.71822497884 -44.67737226
-0.12623 0.35028 3.35743 -0.12979 0.55971 4.02072 0.78258 0.98072 0.265469507369 0.41196 152.77952 195.62801 147.22542 138.42519 0.3 0.3 0.0 0.0 0.0 0.0 0.0 0.0 0.72115 0.0 0.0 45.47487 -0.49999 0.07399 0.0 0.0 0.0 0.0 0.0 0.0 0.0117080695507 22 1 0.932746700189 1.72003864108 -45.28081112
-0.12623 0.35028 3.35743 -0.12979 0.55971 4.02072 0.78258 0.98072 0.265457866972 0.41196 152.77952 195.62801 147.22542 138.42519 0.3 0.3 0.0 0.0 0.0 0.0 0.0 0.0 0.72115 0.0 0.0 45.47487 -0.49999 0.07399 0.0 0.0 0.0 0.0 0.0 0.0 0.0127857243727 23 1 0.932746700189 1.71970366197 -37.4717994631
-0.12623 0.35028 3.35743 -0.12979 0.55971 4.02072 0.78258 0.98072 0.265458520123 0.41196 152.77952 195.62801 147.22542 138.42519 0.3 0.3 0.0 0.0 0.0 0.0 0.0 0.0 0.72115 0.0 0.0 45.47487 -0.49999 0.07399 0.0 0.0 0.0 0.0 0.0 0.0 0.0131049848183 24 1 0.932746700189 1.71978920397 -35.5312281403
-0.12623 0.35028 3.35743 -0.12979 0.55971 4.02072 0.78258 0.98072 0.265451993078 0.41196 152.77952 195.62801 147.22542 138.42519 0.3 0.3 0.0 0.0 0.0 0.0 0.0 0.0 0.72115 0.0 0.0 45.47487 -0.49999 0.07399 0.0 0.0 0.0 0.0 0.0 0.0 0.0128662291092 25 1 0.932746700189 1.71843841714 -36.9082685925
-0.12623 0.35028 3.35743 -0.12979 0.55971 4.02072 0.78258 0.98072 0.265455210662 0.41196 152.77952 195.62801 147.22542 138.42519 0.3 0.3 0.0 0.0 0.0 0.0 0.0 0.0 0.72115 0.0 0.0 45.47487 -0.49999 0.07399 0.0 0.0 0.0 0.0 0.0 0.0 0.0126975336132 26 1 0.932746700189 1.71968657224 -38.0343399417
-0.12623 0.35028 3.35743 -0.12979 0.55971 4.02072 0.78258 0.98072 0.265443665283 0.41196 152.77952 195.62801 147.22542 138.42519 0.3 0.3 0.0 0.0 0.0 0.0 0.0 0.0 0.72115 0.0 0.0 45.47487 -0.49999 0.07399 0.0 0.0 0.0 0.0 0.0 0.0 0.0124078480925 27 0 0.932746700189 1.71886591941 -38.0343399417
-0.12623 0.35028 3.35743 -0.12979 0.55971 4.02072 0.78258 0.98072 0.26544400856 0.41196 152.77952 195.62801 147.22542 138.42519 0.3 0.3 0.0 0.0 0.0 0.0 0.0 0.0 0.72115 0.0 0.0 45.47487 -0.49999 0.07399 0.0 0.0 0.0 0.0 0.0 0.0 0.0128798804217 28 1 0.932746700189 1.7188226614 -36.8418618503
-0.12623 0.35028 3.35743 -0.12979 0.55971 4.02072 0.78258 0.98072 0.265435272583 0.41196 152.77952 195.62801 147.22542 138.42519 0.3 0.3 0.0 0.0 0.0 0.0 0.0 0.0 0.72115 0.0 0.0 45.47487 -0.49999 0.07399 0.0 0.0 0.0 0.0 0.0 0.0 0.0133360792018 29 1 0.932746700189 1.7171383108 -34.0947627011
-0.12623 0.35028 3.35743 -0.12979 0.55971 4.02072 0.78258 0.98072 0.265448929156 0.41196 152.77952 195.62801 147.22542 138.42519 0.3 0.3 0.0 0.0 0.0 0.0 0.0 0.0 0.72115 0.0 0.0 45.47487 -0.49999 0.07399 0.0 0.0 0.0 0.0 0.0 0.0 0.0126149519741 30 0 0.932746700189 1.71875105436 -34.0947627011
-0.12623 0.35028 3.35743 -0.12979 0.55971 4.02072 0.78258 0.98072 0.265443615146 0.41196 152.77952 195.62801 147.22542 138.42519 0.3 0.3 0.0 0.0 0.0 0.0 0.0 0.0 0.72115 0.0 0.0 45.47487 -0.49999 0.07399 0.0 0.0 0.0 0.0 0.0 0.0 0.0131675965235 31 1 0.932746700189 1.71886607044 -35.1250863375
-0.12623 0.35028 3.35743 -0.12979 0.55971 4.02072 0.78258 0.98072 0.265439880155 0.41196 152.77952 195.62801 147.22542 138.42519 0.3 0.3 0.0 0.0 0.0 0.0 0.0 0.0 0.72115 0.0 0.0 45.47487 -0.49999 0.07399 0.0 0.0 0.0 0.0 0.0 0.0 0.0139030839687 32 1 0.932746700189 1.71768916469 -31.1627593343
-0.12623 0.35028 3.35743 -0.12979 0.55971 4.02072 0.78258 0.98072 0.265460392199 0.41196 152.77952 195.62801 147.22542 138.42519 0.3 0.3 0.0 0.0 0.0 0.0 0.0 0.0 0.72115 0.0 0.0 45.47487 -0.49999 0.07399 0.0 0.0 0.0 0.0 0.0 0.0 0.0136956298056 33 0 0.932746700189 1.7197957203 -31.1627593343
-0.12623 0.35028 3.35743 -0.12979 0.55971 4.02072 0.78258 0.98072 0.265437028165 0.41196 152.77952 195.62801 147.22542 138.42519 0.3 0.3 0.0 0.0 0.0 0.0 0.0 0.0 0.72115 0.0 0.0 45.47487 -0.49999 0.07399 0.0 0.0 0.0 0.0 0.0 0.0 0.0141832521669 34 1 0.932746700189 1.71735482402 -29.8195114965
-0.12623 0.35028 3.35743 -0.12979 0.55971 4.02072 0.78258 0.98072 0.265433893881 0.41196 152.77952 195.62801 147.22542 138.42519 0.3 0.3 0.0 0.0 0.0 0.0 0.0 0.0 0.72115 0.0 0.0 45.47487 -0.49999 0.07399 0.0 0.0 0.0 0.0 0.0 0.0 0.0146438908714 35 1 0.932746700189 1.7171867137 -27.7922622289
-0.12623 0.35028 3.35743 -0.12979 0.55971 4.02072 0.78258 0.98072 0.265437634628 0.41196 152.77952 195.62801 147.22542 138.42519 0.3 0.3 0.0 0.0 0.0 0.0 0.0 0.0 0.72115 0.0 0.0 45.47487 -0.49999 0.07399 0.0 0.0 0.0 0.0 0.0 0.0 0.0149909076724 36 1 0.932746700189 1.71733875165 -26.397901671
-0.12623 0.35028 3.35743 -0.12979 0.55971 4.02072 0.78258 0.98072 0.265433358528 0.41196 152.77952 195.62801 147.22542 138.42519 0.3 0.3 0.0 0.0 0.0 0.0 0.0 0.0 0.72115 0.0 0.0 45.47487 -0.49999 0.07399 0.0 0.0 0.0 0.0 0.0 0.0 0.0150292823438 37 1 0.932746700189 1.71706326634 -26.2396173506
-0.12623 0.35028 3.35743 -0.12979 0.55971 4.02072 0.78258 0.98072 0.265427779411 0.41196 152.77952 195.62801 147.22542 138.42519 0.3 0.3 0.0 0.0 0.0 0.0 0.0 0.0 0.72115 0.0 0.0 45.47487 -0.49999 0.07399 0.0 0.0 0.0 0.0 0.0 0.0 0.0156209847009 38 1 0.932746700189 1.71565812965 -24.0396429943
-0.12623 0.35028 3.35743 -0.12979 0.55971 4.02072 0.78258 0.98072 0.265419874202 0.41196 152.77952 195.62801 147.22542 138.42519 0.3 0.3 0.0 0.0 0.0 0.0 0.0 0.0 0.72115 0.0 0.0 45.47487 -0.49999 0.07399 0.0 0.0 0.0 0.0 0.0 0.0 0.0160307850724 39 1 0.932746700189 1.71835746538 -22.7702110109
-0.12623 0.35028 3.35743 -0.12979 0.55971 4.02072 0.78258 0.98072 0.265423389193 0.41196 152.77952 195.62801 147.22542 138.42519 0.3 0.3 0.0 0.0 0.0 0.0 0.0 0.0 0.72115 0.0 0.0 45.47487 -0.49999 0.07399 0.0 0.0 0.0 0.0 0.0 0.0 0.0166709554589 40 1 0.932746700189 1.71823325452 -20.8485823714
-0.12623 0.35028 3.35743 -0.12979 0.55971 4.02072 0.78258 0.98072 0.265422529175 0.41196 152.77952 195.62801 147.22542 138.42519 0.3 0.3 0.0 0.0 0.0 0.0 0.0 0.0 0.72115 0.0 0.0 45.47487 -0.49999 0.07399 0.0 0.0 0.0 0.0 0.0 0.0 0.016353068799 41 0 0.932746700189 1.71822912462 -20.8485823714
-0.12623 0.35028 3.35743 -0.12979 0.55971 4.02072 0.78258 0.98072 0.265429809569 0.41196 152.77952 195.62801 147.22542 138.42519 0.3 0.3 0.0 0.0 0.0 0.0 0.0 0.0 0.72115 0.0 0.0 45.47487 -0.49999 0.07399 0.0 0.0 0.0 0.0 0.0 0.0 0.0155184209547 42 0 0.932746700189 1.71567357639 -20.8485823714
-0.12623 0.35028 3.35743 -0.12979 0.55971 4.02072 0.78258 0.98072 0.265424243607 0.41196 152.77952 195.62801 147.22542 138.42519 0.3 0.3 0.0 0.0 0.0 0.0 0.0 0.0 0.72115 0.0 0.0 45.47487 -0.49999 0.07399 0.0 0.0 0.0 0.0 0.0 0.0 0.0178708773018 43 1 0.932746700189 1.71834089338 -17.8029148181
-0.12623 0.35028 3.35743 -0.12979 0.55971 4.02072 0.78258 0.98072 0.26541324106 0.41196 152.77952 195.62801 147.22542 138.42519 0.3 0.3 0.0 0.0 0.0 0.0 0.0 0.0 0.72115 0.0 0.0 45.47487 -0.49999 0.07399 0.0 0.0 0.0 0.0 0.0 0.0 0.0186823246917 44 1 0.932746700189 1.71804426524 -16.0638766635
-0.12623 0.35028 3.35743 -0.12979 0.55971 4.02072 0.78258 0.98072 0.265422936947 0.41196 152.77952 195.62801 147.22542 138.42519 0.3 0.3 0.0 0.0 0.0 0.0 0.0 0.0 0.72115 0.0 0.0 45.47487 -0.49999 0.07399 0.0 0.0 0.0 0.0 0.0 0.0 0.0187573737781 45 1 0.932746700189 1.71820986291 -15.9188085901
-0.12623 0.35028 3.35743 -0.12979 0.55971 4.02072 0.78258 0.98072 0.265430875896 0.41196 152.77952 195.62801 147.22542 138.42519 0.3 0.3 0.0 0.0 0.0 0.0 0.0 0.0 0.72115 0.0 0.0 45.47487 -0.49999 0.07399 0.0 0.0 0.0 0.0 0.0 0.0 0.0186715772529 46 1 0.932746700189 1.71558771749 -16.0306085809
-0.12623 0.35028 3.35743 -0.12979 0.55971 4.02072 0.78258 0.98072 0.265433092472 0.41196 152.77952 195.62801 147.22542 138.42519 0.3 0.3 0.0 0.0 0.0 0.0 0.0 0.0 0.72115 0.0 0.0 45.47487 -0.49999 0.07399 0.0 0.0 0.0 0.0 0.0 0.0 0.0186599645484 47 1 0.932746700189 1.71717932678 -16.0892434558
-0.12623 0.35028 3.35743 -0.12979 0.55971 4.02072 0.78258 0.98072 0.265425529679 0.41196 152.77952 195.62801 147.22542 138.42519 0.3 0.3 0.0 0.0 0.0 0.0 0.0 0.0 0.72115 0.0 0.0 45.47487 -0.49999 0.07399 0.0 0.0 0.0 0.0 0.0 0.0 0.0188791304248 48 1 0.932746700189 1.71571594562 -15.626966439
-0.12623 0.35028 3.35743 -0.12979 0.55971 4.02072 0.78258 0.98072 0.26543371099 0.41196 152.77952 195.62801 147.22542 138.42519 0.3 0.3 0.0 0.0 0.0 0.0 0.0 0.0 0.72115 0.0 0.0 45.47487 -0.49999 0.07399 0.0 0.0 0.0 0.0 0.0 0.0 0.0193739312396 49 1 0.932746700189 1.71716008153 -14.7408499607
-0.12623 0.35028 3.35743 -0.12979 0.55971 4.02072 0.78258 0.98072 0.265421683494 0.41196 152.77952 195.62801 147.22542 138.42519 0.3 0.3 0.0 0.0 0.0 0.0 0.0 0.0 0.72115 0.0 0.0 45.47487 -0.49999 0.07399 0.0 0.0 0.0 0.0 0.0 0.0 0.0199903296271 50 1 0.932746700189 1.71812187918 -13.7121529781
