-0.12623 0.35028 3.35743 -0.12979 0.55971 3.87969435897 0.78258 0.98072 0.30541 0.41196 152.77952 195.62801 147.22542 138.42519 0.3 0.3 0.0 0.0 0.0 0.0 0.0 0.0 0.72115 0.0 0.0 45.47487 -0.49999 0.07399 0.0 0.0 0.0 0.0 0.0 0.0 0.05 0 1 0.971223021583 0.65443229123 -17.7133901575
-0.12623 0.35028 3.35743 -0.12979 0.55971 3.91572122796 0.78258 0.98072 0.30541 0.41196 152.77952 195.62801 147.22542 138.42519 0.3 0.3 0.0 0.0 0.0 0.0 0.0 0.0 0.72115 0.0 0.0 45.47487 -0.49999 0.07399 0.0 0.0 0.0 0.0 0.0 0.0 0.0494305316989 1 1 0.985401459854 0.479536870009 -3.97044372002
-0.12623 0.35028 3.35743 -0.12979 0.55971 3.93585523607 0.78258 0.98072 0.30541 0.41196 152.77952 195.62801 147.22542 138.42519 0.3 0.3 0.0 0.0 0.0 0.0 0.0 0.0 0.72115 0.0 0.0 45.47487 -0.49999 0.07399 0.0 0.0 0.0 0.0 0.0 0.0 0.0498863697465 2 1 0.992647058824 0.543652469479 -2.46787116926
-0.12623 0.35028 3.35743 -0.12979 0.55971 3.94443296843 0.78258 0.98072 0.30541 0.41196 152.77952 195.62801 147.22542 138.42519 0.3 0.3 0.0 0.0 0.0 0.0 0.0 0.0 0.72115 0.0 0.0 45.47487 -0.49999 0.07399 0.0 0.0 0.0 0.0 0.0 0.0 0.0498618075356 3 1 0.992647058824 0.519653702794 -2.40444890841
-0.12623 0.35028 3.35743 -0.12979 0.55971 3.92721811521 0.78258 0.98072 0.30541 0.41196 152.77952 195.62801 147.22542 138.42519 0.3 0.3 0.0 0.0 0.0 0.0 0.0 0.0 0.72115 0.0 0.0 45.47487 -0.49999 0.07399 0.0 0.0 0.0 0.0 0.0 0.0 0.049984353278 4 0 0.992647058824 0.633917625741 -2.40444890841
-0.12623 0.35028 3.35743 -0.12979 0.55971 3.97036041881 0.78258 0.98072 0.30541 0.41196 152.77952 195.62801 147.22542 138.42519 0.3 0.3 0.0 0.0 0.0 0.0 0.0 0.0 0.72115 0.0 0.0 45.47487 -0.49999 0.07399 0.0 0.0 0.0 0.0 0.0 0.0 0.0505279028797 5 1 0.985294117647 0.165475227478 -2.05127491936
-0.12623 0.35028 3.35743 -0.12979 0.55971 3.96914192541 0.78258 0.98072 0.30541 0.41196 152.77952 195.62801 147.22542 138.42519 0.3 0.3 0.0 0.0 0.0 0.0 0.0 0.0 0.72115 0.0 0.0 45.47487 -0.49999 0.07399 0.0 0.0 0.0 0.0 0.0 0.0 0.0511308916579 6 0 0.985294117647 0.165453705638 -2.05127491936
-0.12623 0.35028 3.35743 -0.12979 0.55971 4.01187324833 0.78258 0.98072 0.30541 0.41196 152.77952 195.62801 147.22542 138.42519 0.3 0.3 0.0 0.0 0.0 0.0 0.0 0.0 0.72115 0.0 0.0 45.47487 -0.49999 0.07399 0.0 0.0 0.0 0.0 0.0 0.0 0.0503444493619 7 1 0.985294117647 0.0536273864373 -1.80506761919
-0.12623 0.35028 3.35743 -0.12979 0.55971 4.00463837282 0.78258 0.98072 0.30541 0.41196 152.77952 195.62801 147.22542 138.42519 0.3 0.3 0.0 0.0 0.0 0.0 0.0 0.0 0.72115 0.0 0.0 45.47487 -0.49999 0.07399 0.0 0.0 0.0 0.0 0.0 0.0 0.049688676848 8 0 0.977941176471 0.379393561056 -1.80506761919
-0.12623 0.35028 3.35743 -0.12979 0.55971 3.99937749898 0.78258 0.98072 0.30541 0.41196 152.77952 195.62801 147.22542 138.42519 0.3 0.3 0.0 0.0 0.0 0.0 0.0 0.0 0.72115 0.0 0.0 45.47487 -0.49999 0.07399 0.0 0.0 0.0 0.0 0.0 0.0 0.0494036938661 9 0 0.985294117647 0.396550771036 -1.80506761919
-0.12623 0.35028 3.35743 -0.12979 0.55971 3.99697894745 0.78258 0.98072 0.30541 0.41196 152.77952 195.62801 147.22542 138.42519 0.3 0.3 0.0 0.0 0.0 0.0 0.0 0.0 0.72115 0.0 0.0 45.47487 -0.49999 0.07399 0.0 0.0 0.0 0.0 0.0 0.0 0.0501380884304 10 1 0.985294117647 0.396765974524 -3.28662277563
-0.12623 0.35028 3.35743 -0.12979 0.55971 3.99712751608 0.78258 0.98072 0.30541 0.41196 152.77952 195.62801 147.22542 138.42519 0.3 0.3 0.0 0.0 0.0 0.0 0.0 0.0 0.72115 0.0 0.0 45.47487 -0.49999 0.07399 0.0 0.0 0.0 0.0 0.0 0.0 0.0497921317711 11 1 0.985294117647 0.396776397061 -3.28388958324
-0.12623 0.35028 3.35743 -0.12979 0.55971 4.03848910652 0.78258 0.98072 0.30541 0.41196 152.77952 195.62801 147.22542 138.42519 0.3 0.3 0.0 0.0 0.0 0.0 0.0 0.0 0.72115 0.0 0.0 45.47487 -0.49999 0.07399 0.0 0.0 0.0 0.0 0.0 0.0 0.0498643701879 12 1 1.0 0.454801397103 -1.74398395281
-0.12623 0.35028 3.35743 -0.12979 0.55971 4.01439776583 0.78258 0.98072 0.30541 0.41196 152.77952 195.62801 147.22542 138.42519 0.3 0.3 0.0 0.0 0.0 0.0 0.0 0.0 0.72115 0.0 0.0 45.47487 -0.49999 0.07399 0.0 0.0 0.0 0.0 0.0 0.0 0.0492462363192 13 1 0.985294117647 0.045936954596 -1.72250692123
-0.12623 0.35028 3.35743 -0.12979 0.55971 4.04431414122 0.78258 0.98072 0.30541 0.41196 152.77952 195.62801 147.22542 138.42519 0.3 0.3 0.0 0.0 0.0 0.0 0.0 0.0 0.72115 0.0 0.0 45.47487 -0.49999 0.07399 0.0 0.0 0.0 0.0 0.0 0.0 0.0490092743588 14 1 1.0 0.27344729032 -1.68512549786
-0.12623 0.35028 3.35743 -0.12979 0.55971 4.04519469405 0.78258 0.98072 0.30541 0.41196 152.77952 195.62801 147.22542 138.42519 0.3 0.3 0.0 0.0 0.0 0.0 0.0 0.0 0.72115 0.0 0.0 45.47487 -0.49999 0.07399 0.0 0.0 0.0 0.0 0.0 0.0 0.0490784761035 15 1 1.0 0.273517343446 -1.68985210858
-0.12623 0.35028 3.35743 -0.12979 0.55971 4.0338248871 0.78258 0.98072 0.30541 0.41196 152.77952 195.62801 147.22542 138.42519 0.3 0.3 0.0 0.0 0.0 0.0 0.0 0.0 0.72115 0.0 0.0 45.47487 -0.49999 0.07399 0.0 0.0 0.0 0.0 0.0 0.0 0.0493725716568 16 1 1.0 0.408740594986 -1.71001156333
-0.12623 0.35028 3.35743 -0.12979 0.55971 4.04274064507 0.78258 0.98072 0.30541 0.41196 152.77952 195.62801 147.22542 138.42519 0.3 0.3 0.0 0.0 0.0 0.0 0.0 0.0 0.72115 0.0 0.0 45.47487 -0.49999 0.07399 0.0 0.0 0.0 0.0 0.0 0.0 0.0491728254945 17 1 1.0 0.272009849633 -1.69630677567
-0.12623 0.35028 3.35743 -0.12979 0.55971 4.07667362207 0.78258 0.98072 0.30541 0.41196 152.77952 195.62801 147.22542 138.42519 0.3 0.3 0.0 0.0 0.0 0.0 0.0 0.0 0.72115 0.0 0.0 45.47487 -0.49999 0.07399 0.0 0.0 0.0 0.0 0.0 0.0 0.048970989621 18 1 0.992647058824 0.420655869828 -2.13131129449
-0.12623 0.35028 3.35743 -0.12979 0.55971 4.06495728189 0.78258 0.98072 0.30541 0.41196 152.77952 195.62801 147.22542 138.42519 0.3 0.3 0.0 0.0 0.0 0.0 0.0 0.0 0.72115 0.0 0.0 45.47487 -0.49999 0.07399 0.0 0.0 0.0 0.0 0.0 0.0 0.0488339510501 19 1 0.992647058824 0.415911985183 -2.11437786941
-0.12623 0.35028 3.35743 -0.12979 0.55971 4.09157329353 0.78258 0.98072 0.30541 0.41196 152.77952 195.62801 147.22542 138.42519 0.3 0.3 0.0 0.0 0.0 0.0 0.0 0.0 0.72115 0.0 0.0 45.47487 -0.49999 0.07399 0.0 0.0 0.0 0.0 0.0 0.0 0.0477075571725 20 1 0.985401459854 0.479284140431 -4.01724278442
-0.12623 0.35028 3.35743 -0.12979 0.55971 4.07736543899 0.78258 0.98072 0.30541 0.41196 152.77952 195.62801 147.22542 138.42519 0.3 0.3 0.0 0.0 0.0 0.0 0.0 0.0 0.72115 0.0 0.0 45.47487 -0.49999 0.07399 0.0 0.0 0.0 0.0 0.0 0.0 0.0480548419791 21 1 0.992647058824 0.420437212849 -2.08618538864
-0.12623 0.35028 3.35743 -0.12979 0.55971 4.08346168974 0.78258 0.98072 0.30541 0.41196 152.77952 195.62801 147.22542 138.42519 0.3 0.3 0.0 0.0 0.0 0.0 0.0 0.0 0.72115 0.0 0.0 45.47487 -0.49999 0.07399 0.0 0.0 0.0 0.0 0.0 0.0 0.0479800959466 22 0 0.985401459854 0.447363406313 -2.08618538864
-0.12623 0.35028 3.35743 -0.12979 0.55971 4.06286293769 0.78258 0.98072 0.30541 0.41196 152.77952 195.62801 147.22542 138.42519 0.3 0.3 0.0 0.0 0.0 0.0 0.0 0.0 0.72115 0.0 0.0 45.47487 -0.49999 0.07399 0.0 0.0 0.0 0.0 0.0 0.0 0.0476459745283 23 1 0.992647058824 0.403345550601 -2.0292199642
-0.12623 0.35028 3.35743 -0.12979 0.55971 4.04745060289 0.78258 0.98072 0.30541 0.41196 152.77952 195.62801 147.22542 138.42519 0.3 0.3 0.0 0.0 0.0 0.0 0.0 0.0 0.72115 0.0 0.0 45.47487 -0.49999 0.07399 0.0 0.0 0.0 0.0 0.0 0.0 0.0475446718351 24 1 1.0 0.279602039903 -1.58660942571
-0.12623 0.35028 3.35743 -0.12979 0.55971 4.07232876504 0.78258 0.98072 0.30541 0.41196 152.77952 195.62801 147.22542 138.42519 0.3 0.3 0.0 0.0 0.0 0.0 0.0 0.0 0.72115 0.0 0.0 45.47487 -0.49999 0.07399 0.0 0.0 0.0 0.0 0.0 0.0 0.0472160805177 25 1 0.992647058824 0.426521698541 -2.06124323128
-0.12623 0.35028 3.35743 -0.12979 0.55971 4.0865176389 0.78258 0.98072 0.30541 0.41196 152.77952 195.62801 147.22542 138.42519 0.3 0.3 0.0 0.0 0.0 0.0 0.0 0.0 0.72115 0.0 0.0 45.47487 -0.49999 0.07399 0.0 0.0 0.0 0.0 0.0 0.0 0.04657742619 26 0 0.985401459854 0.447492357008 -2.06124323128
-0.12623 0.35028 3.35743 -0.12979 0.55971 4.06579564762 0.78258 0.98072 0.30541 0.41196 152.77952 195.62801 147.22542 138.42519 0.3 0.3 0.0 0.0 0.0 0.0 0.0 0.0 0.72115 0.0 0.0 45.47487 -0.49999 0.07399 0.0 0.0 0.0 0.0 0.0 0.0 0.0481889403374 27 1 0.992647058824 0.416131109489 -2.08315420156
-0.12623 0.35028 3.35743 -0.12979 0.55971 4.06730985976 0.78258 0.98072 0.30541 0.41196 152.77952 195.62801 147.22542 138.42519 0.3 0.3 0.0 0.0 0.0 0.0 0.0 0.0 0.72115 0.0 0.0 45.47487 -0.49999 0.07399 0.0 0.0 0.0 0.0 0.0 0.0 0.0487969309638 28 1 0.992647058824 0.416759842471 -2.11433382177
-0.12623 0.35028 3.35743 -0.12979 0.55971 4.05777767177 0.78258 0.98072 0.30541 0.41196 152.77952 195.62801 147.22542 138.42519 0.3 0.3 0.0 0.0 0.0 0.0 0.0 0.0 0.72115 0.0 0.0 45.47487 -0.49999 0.07399 0.0 0.0 0.0 0.0 0.0 0.0 0.0498894667075 29 1 0.992647058824 0.403131567308 -2.14287268921
-0.12623 0.35028 3.35743 -0.12979 0.55971 4.06546870145 0.78258 0.98072 0.30541 0.41196 152.77952 195.62801 147.22542 138.42519 0.3 0.3 0.0 0.0 0.0 0.0 0.0 0.0 0.72115 0.0 0.0 45.47487 -0.49999 0.07399 0.0 0.0 0.0 0.0 0.0 0.0 0.0492318800446 30 1 0.992647058824 0.415962338881 -2.13455302564
-0.12623 0.35028 3.35743 -0.12979 0.55971 4.05450406201 0.78258 0.98072 0.30541 0.41196 152.77952 195.62801 147.22542 138.42519 0.3 0.3 0.0 0.0 0.0 0.0 0.0 0.0 0.72115 0.0 0.0 45.47487 -0.49999 0.07399 0.0 0.0 0.0 0.0 0.0 0.0 0.0493601800795 31 1 0.992647058824 0.372736032361 -2.05599565458
-0.12623 0.35028 3.35743 -0.12979 0.55971 4.02613179815 0.78258 0.98072 0.30541 0.41196 152.77952 195.62801 147.22542 138.42519 0.3 0.3 0.0 0.0 0.0 0.0 0.0 0.0 0.72115 0.0 0.0 45.47487 -0.49999 0.07399 0.0 0.0 0.0 0.0 0.0 0.0 0.0487309610318 32 1 1.0 0.410780177247 -1.66618152387
-0.12623 0.35028 3.35743 -0.12979 0.55971 4.03467485958 0.78258 0.98072 0.30541 0.41196 152.77952 195.62801 147.22542 138.42519 0.3 0.3 0.0 0.0 0.0 0.0 0.0 0.0 0.72115 0.0 0.0 45.47487 -0.49999 0.07399 0.0 0.0 0.0 0.0 0.0 0.0 0.0488004313307 33 1 1.0 0.408799755509 -1.67090035847
-0.12623 0.35028 3.35743 -0.12979 0.55971 3.99945610807 0.78258 0.98072 0.30541 0.41196 152.77952 195.62801 147.22542 138.42519 0.3 0.3 0.0 0.0 0.0 0.0 0.0 0.0 0.72115 0.0 0.0 45.47487 -0.49999 0.07399 0.0 0.0 0.0 0.0 0.0 0.0 0.0482555591287 34 0 0.985294117647 0.39655911383 -1.67090035847
-0.12623 0.35028 3.35743 -0.12979 0.55971 4.01528298909 0.78258 0.98072 0.30541 0.41196 152.77952 195.62801 147.22542 138.42519 0.3 0.3 0.0 0.0 0.0 0.0 0.0 0.0 0.72115 0.0 0.0 45.47487 -0.49999 0.07399 0.0 0.0 0.0 0.0 0.0 0.0 0.0479656509041 35 1 0.985294117647 0.0459879091844 -1.63699378164
-0.12623 0.35028 3.35743 -0.12979 0.55971 4.03006741107 0.78258 0.98072 0.30541 0.41196 152.77952 195.62801 147.22542 138.42519 0.3 0.3 0.0 0.0 0.0 0.0 0.0 0.0 0.72115 0.0 0.0 45.47487 -0.49999 0.07399 0.0 0.0 0.0 0.0 0.0 0.0 0.0475214270237 36 1 1.0 0.408486920542 -1.58506927889
-0.12623 0.35028 3.35743 -0.12979 0.55971 4.01767145359 0.78258 0.98072 0.30541 0.41196 152.77952 195.62801 147.22542 138.42519 0.3 0.3 0.0 0.0 0.0 0.0 0.0 0.0 0.72115 0.0 0.0 45.47487 -0.49999 0.07399 0.0 0.0 0.0 0.0 0.0 0.0 0.0481063631926 37 1 0.985294117647 0.133282294949 -1.810804287
-0.12623 0.35028 3.35743 -0.12979 0.55971 4.03003308608 0.78258 0.98072 0.30541 0.41196 152.77952 195.62801 147.22542 138.42519 0.3 0.3 0.0 0.0 0.0 0.0 0.0 0.0 0.72115 0.0 0.0 45.47487 -0.49999 0.07399 0.0 0.0 0.0 0.0 0.0 0.0 0.0479007132124 38 1 1.0 0.408482951061 -1.61029135861
-0.12623 0.35028 3.35743 -0.12979 0.55971 4.0453945987 0.78258 0.98072 0.30541 0.41196 152.77952 195.62801 147.22542 138.42519 0.3 0.3 0.0 0.0 0.0 0.0 0.0 0.0 0.72115 0.0 0.0 45.47487 -0.49999 0.07399 0.0 0.0 0.0 0.0 0.0 0.0 0.0480489533089 39 1 1.0 0.27500577974 -1.62020209805
-0.12623 0.35028 3.35743 -0.12979 0.55971 4.03580974219 0.78258 0.98072 0.30541 0.41196 152.77952 195.62801 147.22542 138.42519 0.3 0.3 0.0 0.0 0.0 0.0 0.0 0.0 0.72115 0.0 0.0 45.47487 -0.49999 0.07399 0.0 0.0 0.0 0.0 0.0 0.0 0.0474099511623 40 1 1.0 0.408296885485 -1.57769332393
-0.12623 0.35028 3.35743 -0.12979 0.55971 4.02300508746 0.78258 0.98072 0.30541 0.41196 152.77952 195.62801 147.22542 138.42519 0.3 0.3 0.0 0.0 0.0 0.0 0.0 0.0 0.72115 0.0 0.0 45.47487 -0.49999 0.07399 0.0 0.0 0.0 0.0 0.0 0.0 0.0467595004594 41 1 0.992592592593 0.117881428303 -1.57422287598
-0.12623 0.35028 3.35743 -0.12979 0.55971 4.04608050303 0.78258 0.98072 0.30541 0.41196 152.77952 195.62801 147.22542 138.42519 0.3 0.3 0.0 0.0 0.0 0.0 0.0 0.0 0.72115 0.0 0.0 45.47487 -0.49999 0.07399 0.0 0.0 0.0 0.0 0.0 0.0 0.0465881429909 42 1 1.0 0.275006516122 -1.52383717155
-0.12623 0.35028 3.35743 -0.12979 0.55971 4.06989964458 0.78258 0.98072 0.30541 0.41196 152.77952 195.62801 147.22542 138.42519 0.3 0.3 0.0 0.0 0.0 0.0 0.0 0.0 0.72115 0.0 0.0 45.47487 -0.49999 0.07399 0.0 0.0 0.0 0.0 0.0 0.0 0.0471124864104 43 0 0.992647058824 0.426550976504 -1.52383717155
-0.12623 0.35028 3.35743 -0.12979 0.55971 3.99816645622 0.78258 0.98072 0.30541 0.41196 152.77952 195.62801 147.22542 138.42519 0.3 0.3 0.0 0.0 0.0 0.0 0.0 0.0 0.72115 0.0 0.0 45.47487 -0.49999 0.07399 0.0 0.0 0.0 0.0 0.0 0.0 0.0478037888221 44 0 0.985294117647 0.396865731771 -1.52383717155
-0.12623 0.35028 3.35743 -0.12979 0.55971 4.01986905309 0.78258 0.98072 0.30541 0.41196 152.77952 195.62801 147.22542 138.42519 0.3 0.3 0.0 0.0 0.0 0.0 0.0 0.0 0.72115 0.0 0.0 45.47487 -0.49999 0.07399 0.0 0.0 0.0 0.0 0.0 0.0 0.0469304511021 45 1 1.0 0.422735538009 -1.54615859317
-0.12623 0.35028 3.35743 -0.12979 0.55971 4.0401978163 0.78258 0.98072 0.30541 0.41196 152.77952 195.62801 147.22542 138.42519 0.3 0.3 0.0 0.0 0.0 0.0 0.0 0.0 0.72115 0.0 0.0 45.47487 -0.49999 0.07399 0.0 0.0 0.0 0.0 0.0 0.0 0.047047932765 46 1 1.0 0.455491777227 -1.55385604194
-0.12623 0.35028 3.35743 -0.12979 0.55971 4.04320843289 0.78258 0.98072 0.30541 0.41196 152.77952 195.62801 147.22542 138.42519 0.3 0.3 0.0 0.0 0.0 0.0 0.0 0.0 0.72115 0.0 0.0 45.47487 -0.49999 0.07399 0.0 0.0 0.0 0.0 0.0 0.0 0.0477012379416 47 1 1.0 0.272735738656 -1.59700219956
-0.12623 0.35028 3.35743 -0.12979 0.55971 4.06453635873 0.78258 0.98072 0.30541 0.41196 152.77952 195.62801 147.22542 138.42519 0.3 0.3 0.0 0.0 0.0 0.0 0.0 0.0 0.72115 0.0 0.0 45.47487 -0.49999 0.07399 0.0 0.0 0.0 0.0 0.0 0.0 0.0477646096141 48 0 0.992647058824 0.41585699263 -1.59700219956
-0.12623 0.35028 3.35743 -0.12979 0.55971 4.01609033979 0.78258 0.98072 0.30541 0.41196 152.77952 195.62801 147.22542 138.42519 0.3 0.3 0.0 0.0 0.0 0.0 0.0 0.0 0.72115 0.0 0.0 45.47487 -0.49999 0.07399 0.0 0.0 0.0 0.0 0.0 0.0 0.048198542356 49 0 0.985294117647 0.132163404332 -1.59700219956
-0.12623 0.35028 3.35743 -0.12979 0.55971 4.03915996305 0.78258 0.98072 0.30541 0.41196 152.77952 195.62801 147.22542 138.42519 0.3 0.3 0.0 0.0 0.0 0.0 0.0 0.0 0.72115 0.0 0.0 45.47487 -0.49999 0.07399 0.0 0.0 0.0 0.0 0.0 0.0 0.0483351043179 50 1 1.0 0.455402006257 -1.63941713252
