-0.12623 0.35028 3.35743 -0.12979 0.55971 3.9566174359 0.78258 0.98072 0.30541 0.41196 152.77952 195.62801 147.22542 138.42519 0.3 0.3 0.0 0.0 0.0 0.0 0.0 0.0 0.72115 0.0 0.0 45.47487 -0.49999 0.07399 0.0 0.0 0.0 0.0 0.0 0.0 0.05 0 1 0.992647058824 0.41625732845 -2.17496950051
-0.12623 0.35028 3.35743 -0.12979 0.55971 3.93910054861 0.78258 0.98072 0.30541 0.41196 152.77952 195.62801 147.22542 138.42519 0.3 0.3 0.0 0.0 0.0 0.0 0.0 0.0 0.72115 0.0 0.0 45.47487 -0.49999 0.07399 0.0 0.0 0.0 0.0 0.0 0.0 0.0503173521617 1 1 0.992647058824 0.544123340594 -2.48683264413
-0.12623 0.35028 3.35743 -0.12979 0.55971 3.91831375219 0.78258 0.98072 0.30541 0.41196 152.77952 195.62801 147.22542 138.42519 0.3 0.3 0.0 0.0 0.0 0.0 0.0 0.0 0.72115 0.0 0.0 45.47487 -0.49999 0.07399 0.0 0.0 0.0 0.0 0.0 0.0 0.0498453659349 2 1 0.992647058824 0.527174809 -2.42301830926
-0.12623 0.35028 3.35743 -0.12979 0.55971 3.88872843321 0.78258 0.98072 0.30541 0.41196 152.77952 195.62801 147.22542 138.42519 0.3 0.3 0.0 0.0 0.0 0.0 0.0 0.0 0.72115 0.0 0.0 45.47487 -0.49999 0.07399 0.0 0.0 0.0 0.0 0.0 0.0 0.0500387334213 3 0 0.971223021583 0.590730311026 -2.42301830926
-0.12623 0.35028 3.35743 -0.12979 0.55971 3.9161753684 0.78258 0.98072 0.30541 0.41196 152.77952 195.62801 147.22542 138.42519 0.3 0.3 0.0 0.0 0.0 0.0 0.0 0.0 0.72115 0.0 0.0 45.47487 -0.49999 0.07399 0.0 0.0 0.0 0.0 0.0 0.0 0.0508951060627 4 0 0.985401459854 0.479554408897 -2.42301830926
-0.12623 0.35028 3.35743 -0.12979 0.55971 3.91018101996 0.78258 0.98072 0.30541 0.41196 152.77952 195.62801 147.22542 138.42519 0.3 0.3 0.0 0.0 0.0 0.0 0.0 0.0 0.72115 0.0 0.0 45.47487 -0.49999 0.07399 0.0 0.0 0.0 0.0 0.0 0.0 0.0501260316624 5 0 0.978260869565 0.628111619882 -2.42301830926
-0.12623 0.35028 3.35743 -0.12979 0.55971 3.91371821149 0.78258 0.98072 0.30541 0.41196 152.77952 195.62801 147.22542 138.42519 0.3 0.3 0.0 0.0 0.0 0.0 0.0 0.0 0.72115 0.0 0.0 45.47487 -0.49999 0.07399 0.0 0.0 0.0 0.0 0.0 0.0 0.0501111523437 6 0 0.971223021583 0.597731137734 -2.42301830926
-0.12623 0.35028 3.35743 -0.12979 0.55971 3.92522868094 0.78258 0.98072 0.30541 0.41196 152.77952 195.62801 147.22542 138.42519 0.3 0.3 0.0 0.0 0.0 0.0 0.0 0.0 0.72115 0.0 0.0 45.47487 -0.49999 0.07399 0.0 0.0 0.0 0.0 0.0 0.0 0.0493281643384 7 1 0.992647058824 0.546257098313 -2.45285728607
-0.12623 0.35028 3.35743 -0.12979 0.55971 3.91673818886 0.78258 0.98072 0.30541 0.41196 152.77952 195.62801 147.22542 138.42519 0.3 0.3 0.0 0.0 0.0 0.0 0.0 0.0 0.72115 0.0 0.0 45.47487 -0.49999 0.07399 0.0 0.0 0.0 0.0 0.0 0.0 0.0487329785871 8 1 0.992647058824 0.527100083857 -2.37788410724
-0.12623 0.35028 3.35743 -0.12979 0.55971 3.92292143604 0.78258 0.98072 0.30541 0.41196 152.77952 195.62801 147.22542 138.42519 0.3 0.3 0.0 0.0 0.0 0.0 0.0 0.0 0.72115 0.0 0.0 45.47487 -0.49999 0.07399 0.0 0.0 0.0 0.0 0.0 0.0 0.0486769154264 9 1 0.992647058824 0.528024790533 -2.37822517981
-0.12623 0.35028 3.35743 -0.12979 0.55971 3.91312713718 0.78258 0.98072 0.30541 0.41196 152.77952 195.62801 147.22542 138.42519 0.3 0.3 0.0 0.0 0.0 0.0 0.0 0.0 0.72115 0.0 0.0 45.47487 -0.49999 0.07399 0.0 0.0 0.0 0.0 0.0 0.0 0.0481193132942 10 0 0.971223021583 0.597665125057 -2.37822517981
-0.12623 0.35028 3.35743 -0.12979 0.55971 3.86073974455 0.78258 0.98072 0.30541 0.41196 152.77952 195.62801 147.22542 138.42519 0.3 0.3 0.0 0.0 0.0 0.0 0.0 0.0 0.72115 0.0 0.0 45.47487 -0.49999 0.07399 0.0 0.0 0.0 0.0 0.0 0.0 0.050719170725 11 0 0.94964028777 0.687682209554 -2.37822517981
-0.12623 0.35028 3.35743 -0.12979 0.55971 3.91451598167 0.78258 0.98072 0.30541 0.41196 152.77952 195.62801 147.22542 138.42519 0.3 0.3 0.0 0.0 0.0 0.0 0.0 0.0 0.72115 0.0 0.0 45.47487 -0.49999 0.07399 0.0 0.0 0.0 0.0 0.0 0.0 0.04930419149 12 0 0.978260869565 0.479562165147 -2.37822517981
-0.12623 0.35028 3.35743 -0.12979 0.55971 3.87344752676 0.78258 0.98072 0.30541 0.41196 152.77952 195.62801 147.22542 138.42519 0.3 0.3 0.0 0.0 0.0 0.0 0.0 0.0 0.72115 0.0 0.0 45.47487 -0.49999 0.07399 0.0 0.0 0.0 0.0 0.0 0.0 0.048602530517 13 0 0.971223021583 0.531750184591 -2.37822517981
-0.12623 0.35028 3.35743 -0.12979 0.55971 3.94919163842 0.78258 0.98072 0.30541 0.41196 152.77952 195.62801 147.22542 138.42519 0.3 0.3 0.0 0.0 0.0 0.0 0.0 0.0 0.72115 0.0 0.0 45.47487 -0.49999 0.07399 0.0 0.0 0.0 0.0 0.0 0.0 0.0484454584824 14 1 0.992647058824 0.495701380711 -2.28366547214
-0.12623 0.35028 3.35743 -0.12979 0.55971 3.97803663748 0.78258 0.98072 0.30541 0.41196 152.77952 195.62801 147.22542 138.42519 0.3 0.3 0.0 0.0 0.0 0.0 0.0 0.0 0.72115 0.0 0.0 45.47487 -0.49999 0.07399 0.0 0.0 0.0 0.0 0.0 0.0 0.0481851903142 15 1 0.992647058824 0.376350390973 -2.00038646696
-0.12623 0.35028 3.35743 -0.12979 0.55971 3.96355827498 0.78258 0.98072 0.30541 0.41196 152.77952 195.62801 147.22542 138.42519 0.3 0.3 0.0 0.0 0.0 0.0 0.0 0.0 0.72115 0.0 0.0 45.47487 -0.49999 0.07399 0.0 0.0 0.0 0.0 0.0 0.0 0.0481289801978 16 1 0.985294117647 0.171685505819 -1.93515596492
-0.12623 0.35028 3.35743 -0.12979 0.55971 3.94643939931 0.78258 0.98072 0.30541 0.41196 152.77952 195.62801 147.22542 138.42519 0.3 0.3 0.0 0.0 0.0 0.0 0.0 0.0 0.72115 0.0 0.0 45.47487 -0.49999 0.07399 0.0 0.0 0.0 0.0 0.0 0.0 0.0482858065813 17 0 0.992647058824 0.416548023849 -1.93515596492
-0.12623 0.35028 3.35743 -0.12979 0.55971 3.99357479526 0.78258 0.98072 0.30541 0.41196 152.77952 195.62801 147.22542 138.42519 0.3 0.3 0.0 0.0 0.0 0.0 0.0 0.0 0.72115 0.0 0.0 45.47487 -0.49999 0.07399 0.0 0.0 0.0 0.0 0.0 0.0 0.048222107547 18 0 0.985294117647 0.401827359376 -1.93515596492
-0.12623 0.35028 3.35743 -0.12979 0.55971 3.93588739909 0.78258 0.98072 0.30541 0.41196 152.77952 195.62801 147.22542 138.42519 0.3 0.3 0.0 0.0 0.0 0.0 0.0 0.0 0.72115 0.0 0.0 45.47487 -0.49999 0.07399 0.0 0.0 0.0 0.0 0.0 0.0 0.0482574755115 19 1 0.992647058824 0.54365632331 -2.406152692
-0.12623 0.35028 3.35743 -0.12979 0.55971 3.97255321143 0.78258 0.98072 0.30541 0.41196 152.77952 195.62801 147.22542 138.42519 0.3 0.3 0.0 0.0 0.0 0.0 0.0 0.0 0.72115 0.0 0.0 45.47487 -0.49999 0.07399 0.0 0.0 0.0 0.0 0.0 0.0 0.0474337693902 20 1 0.985294117647 0.165511751437 -1.87548972554
-0.12623 0.35028 3.35743 -0.12979 0.55971 3.99818843609 0.78258 0.98072 0.30541 0.41196 152.77952 195.62801 147.22542 138.42519 0.3 0.3 0.0 0.0 0.0 0.0 0.0 0.0 0.72115 0.0 0.0 45.47487 -0.49999 0.07399 0.0 0.0 0.0 0.0 0.0 0.0 0.0471847412549 21 0 0.985294117647 0.396872895768 -1.87548972554
-0.12623 0.35028 3.35743 -0.12979 0.55971 3.90774563036 0.78258 0.98072 0.30541 0.41196 152.77952 195.62801 147.22542 138.42519 0.3 0.3 0.0 0.0 0.0 0.0 0.0 0.0 0.72115 0.0 0.0 45.47487 -0.49999 0.07399 0.0 0.0 0.0 0.0 0.0 0.0 0.0475482806103 22 0 0.964285714286 0.58715157424 -1.87548972554
-0.12623 0.35028 3.35743 -0.12979 0.55971 3.95204227255 0.78258 0.98072 0.30541 0.41196 152.77952 195.62801 147.22542 138.42519 0.3 0.3 0.0 0.0 0.0 0.0 0.0 0.0 0.72115 0.0 0.0 45.47487 -0.49999 0.07399 0.0 0.0 0.0 0.0 0.0 0.0 0.0471082452752 23 1 0.992647058824 0.417540377769 -2.03564985235
-0.12623 0.35028 3.35743 -0.12979 0.55971 3.95059718315 0.78258 0.98072 0.30541 0.41196 152.77952 195.62801 147.22542 138.42519 0.3 0.3 0.0 0.0 0.0 0.0 0.0 0.0 0.72115 0.0 0.0 45.47487 -0.49999 0.07399 0.0 0.0 0.0 0.0 0.0 0.0 0.0468264519482 24 1 0.992647058824 0.416997683037 -2.02170703723
-0.12623 0.35028 3.35743 -0.12979 0.55971 3.95892602012 0.78258 0.98072 0.30541 0.41196 152.77952 195.62801 147.22542 138.42519 0.3 0.3 0.0 0.0 0.0 0.0 0.0 0.0 0.72115 0.0 0.0 45.47487 -0.49999 0.07399 0.0 0.0 0.0 0.0 0.0 0.0 0.0468705921313 25 1 0.992647058824 0.208449488449 -1.66254653948
-0.12623 0.35028 3.35743 -0.12979 0.55971 3.96021473793 0.78258 0.98072 0.30541 0.41196 152.77952 195.62801 147.22542 138.42519 0.3 0.3 0.0 0.0 0.0 0.0 0.0 0.0 0.72115 0.0 0.0 45.47487 -0.49999 0.07399 0.0 0.0 0.0 0.0 0.0 0.0 0.0468922390297 26 0 0.985294117647 0.200939494626 -1.66254653948
-0.12623 0.35028 3.35743 -0.12979 0.55971 3.96882198812 0.78258 0.98072 0.30541 0.41196 152.77952 195.62801 147.22542 138.42519 0.3 0.3 0.0 0.0 0.0 0.0 0.0 0.0 0.72115 0.0 0.0 45.47487 -0.49999 0.07399 0.0 0.0 0.0 0.0 0.0 0.0 0.0475982003457 27 1 0.985294117647 0.165416143863 -1.88399786949
-0.12623 0.35028 3.35743 -0.12979 0.55971 3.9551170316 0.78258 0.98072 0.30541 0.41196 152.77952 195.62801 147.22542 138.42519 0.3 0.3 0.0 0.0 0.0 0.0 0.0 0.0 0.72115 0.0 0.0 45.47487 -0.49999 0.07399 0.0 0.0 0.0 0.0 0.0 0.0 0.047298735729 28 1 0.992647058824 0.416310194446 -2.04155621154
-0.12623 0.35028 3.35743 -0.12979 0.55971 3.93909793128 0.78258 0.98072 0.30541 0.41196 152.77952 195.62801 147.22542 138.42519 0.3 0.3 0.0 0.0 0.0 0.0 0.0 0.0 0.72115 0.0 0.0 45.47487 -0.49999 0.07399 0.0 0.0 0.0 0.0 0.0 0.0 0.0470673836377 29 1 0.992647058824 0.544123301781 -2.36801752133
-0.12623 0.35028 3.35743 -0.12979 0.55971 3.9717258429 0.78258 0.98072 0.30541 0.41196 152.77952 195.62801 147.22542 138.42519 0.3 0.3 0.0 0.0 0.0 0.0 0.0 0.0 0.72115 0.0 0.0 45.47487 -0.49999 0.07399 0.0 0.0 0.0 0.0 0.0 0.0 0.0476295960931 30 1 0.985294117647 0.165469883306 -1.88588496908
-0.12623 0.35028 3.35743 -0.12979 0.55971 3.96798647371 0.78258 0.98072 0.30541 0.41196 152.77952 195.62801 147.22542 138.42519 0.3 0.3 0.0 0.0 0.0 0.0 0.0 0.0 0.72115 0.0 0.0 45.47487 -0.49999 0.07399 0.0 0.0 0.0 0.0 0.0 0.0 0.0479057357779 31 1 0.985294117647 0.167567020443 -1.9082978219
-0.12623 0.35028 3.35743 -0.12979 0.55971 3.95083194846 0.78258 0.98072 0.30541 0.41196 152.77952 195.62801 147.22542 138.42519 0.3 0.3 0.0 0.0 0.0 0.0 0.0 0.0 0.72115 0.0 0.0 45.47487 -0.49999 0.07399 0.0 0.0 0.0 0.0 0.0 0.0 0.0476848420931 32 1 0.992647058824 0.417005808563 -2.0610678558
-0.12623 0.35028 3.35743 -0.12979 0.55971 3.9638605301 0.78258 0.98072 0.30541 0.41196 152.77952 195.62801 147.22542 138.42519 0.3 0.3 0.0 0.0 0.0 0.0 0.0 0.0 0.72115 0.0 0.0 45.47487 -0.49999 0.07399 0.0 0.0 0.0 0.0 0.0 0.0 0.0470835474566 33 1 0.985294117647 0.170881073582 -1.87666093457
-0.12623 0.35028 3.35743 -0.12979 0.55971 3.99840330134 0.78258 0.98072 0.30541 0.41196 152.77952 195.62801 147.22542 138.42519 0.3 0.3 0.0 0.0 0.0 0.0 0.0 0.0 0.72115 0.0 0.0 45.47487 -0.49999 0.07399 0.0 0.0 0.0 0.0 0.0 0.0 0.0463066954163 34 0 0.985294117647 0.396885983181 -1.87666093457
-0.12623 0.35028 3.35743 -0.12979 0.55971 3.96641271555 0.78258 0.98072 0.30541 0.41196 152.77952 195.62801 147.22542 138.42519 0.3 0.3 0.0 0.0 0.0 0.0 0.0 0.0 0.72115 0.0 0.0 45.47487 -0.49999 0.07399 0.0 0.0 0.0 0.0 0.0 0.0 0.0470752904112 35 1 0.985294117647 0.188815006706 -1.94705200348
-0.12623 0.35028 3.35743 -0.12979 0.55971 3.95528873897 0.78258 0.98072 0.30541 0.41196 152.77952 195.62801 147.22542 138.42519 0.3 0.3 0.0 0.0 0.0 0.0 0.0 0.0 0.72115 0.0 0.0 45.47487 -0.49999 0.07399 0.0 0.0 0.0 0.0 0.0 0.0 0.0475155788138 36 1 0.992647058824 0.416302216227 -2.05157785195
-0.12623 0.35028 3.35743 -0.12979 0.55971 3.96641085609 0.78258 0.98072 0.30541 0.41196 152.77952 195.62801 147.22542 138.42519 0.3 0.3 0.0 0.0 0.0 0.0 0.0 0.0 0.72115 0.0 0.0 45.47487 -0.49999 0.07399 0.0 0.0 0.0 0.0 0.0 0.0 0.0471075117845 37 1 0.985294117647 0.188815030337 -1.94863247513
-0.12623 0.35028 3.35743 -0.12979 0.55971 3.95210729528 0.78258 0.98072 0.30541 0.41196 152.77952 195.62801 147.22542 138.42519 0.3 0.3 0.0 0.0 0.0 0.0 0.0 0.0 0.72115 0.0 0.0 45.47487 -0.49999 0.07399 0.0 0.0 0.0 0.0 0.0 0.0 0.0461940912168 38 1 0.992647058824 0.417542689676 -1.99527814165
-0.12623 0.35028 3.35743 -0.12979 0.55971 3.97343700025 0.78258 0.98072 0.30541 0.41196 152.77952 195.62801 147.22542 138.42519 0.3 0.3 0.0 0.0 0.0 0.0 0.0 0.0 0.72115 0.0 0.0 45.47487 -0.49999 0.07399 0.0 0.0 0.0 0.0 0.0 0.0 0.046841521907 39 1 0.985294117647 0.169563109813 -1.85915694192
-0.12623 0.35028 3.35743 -0.12979 0.55971 3.96398824051 0.78258 0.98072 0.30541 0.41196 152.77952 195.62801 147.22542 138.42519 0.3 0.3 0.0 0.0 0.0 0.0 0.0 0.0 0.72115 0.0 0.0 45.47487 -0.49999 0.07399 0.0 0.0 0.0 0.0 0.0 0.0 0.0471797493398 40 1 0.985294117647 0.17167361648 -1.88464454026
-0.12623 0.35028 3.35743 -0.12979 0.55971 3.94998694942 0.78258 0.98072 0.30541 0.41196 152.77952 195.62801 147.22542 138.42519 0.3 0.3 0.0 0.0 0.0 0.0 0.0 0.0 0.72115 0.0 0.0 45.47487 -0.49999 0.07399 0.0 0.0 0.0 0.0 0.0 0.0 0.0477622386837 41 1 0.992647058824 0.495742907088 -2.2563275024
-0.12623 0.35028 3.35743 -0.12979 0.55971 3.9639883042 0.78258 0.98072 0.30541 0.41196 152.77952 195.62801 147.22542 138.42519 0.3 0.3 0.0 0.0 0.0 0.0 0.0 0.0 0.72115 0.0 0.0 45.47487 -0.49999 0.07399 0.0 0.0 0.0 0.0 0.0 0.0 0.048264009651 42 1 0.985294117647 0.171673716018 -1.94245184687
-0.12623 0.35028 3.35743 -0.12979 0.55971 3.99076424647 0.78258 0.98072 0.30541 0.41196 152.77952 195.62801 147.22542 138.42519 0.3 0.3 0.0 0.0 0.0 0.0 0.0 0.0 0.72115 0.0 0.0 45.47487 -0.49999 0.07399 0.0 0.0 0.0 0.0 0.0 0.0 0.0493392122469 43 1 0.992647058824 0.404539527009 -2.11661437608
-0.12623 0.35028 3.35743 -0.12979 0.55971 4.00496819806 0.78258 0.98072 0.30541 0.41196 152.77952 195.62801 147.22542 138.42519 0.3 0.3 0.0 0.0 0.0 0.0 0.0 0.0 0.72115 0.0 0.0 45.47487 -0.49999 0.07399 0.0 0.0 0.0 0.0 0.0 0.0 0.0495282491624 44 1 0.977941176471 0.379416436714 -4.9332331432
-0.12623 0.35028 3.35743 -0.12979 0.55971 3.97339821885 0.78258 0.98072 0.30541 0.41196 152.77952 195.62801 147.22542 138.42519 0.3 0.3 0.0 0.0 0.0 0.0 0.0 0.0 0.72115 0.0 0.0 45.47487 -0.49999 0.07399 0.0 0.0 0.0 0.0 0.0 0.0 0.0502599494431 45 1 0.985294117647 0.37319967214 -3.11299226498
-0.12623 0.35028 3.35743 -0.12979 0.55971 3.96247081954 0.78258 0.98072 0.30541 0.41196 152.77952 195.62801 147.22542 138.42519 0.3 0.3 0.0 0.0 0.0 0.0 0.0 0.0 0.72115 0.0 0.0 45.47487 -0.49999 0.07399 0.0 0.0 0.0 0.0 0.0 0.0 0.0504827725032 46 1 0.985294117647 0.20014750515 -2.1695920543
-0.12623 0.35028 3.35743 -0.12979 0.55971 3.98215795042 0.78258 0.98072 0.30541 0.41196 152.77952 195.62801 147.22542 138.42519 0.3 0.3 0.0 0.0 0.0 0.0 0.0 0.0 0.72115 0.0 0.0 45.47487 -0.49999 0.07399 0.0 0.0 0.0 0.0 0.0 0.0 0.0509629854133 47 1 0.992647058824 0.186468947937 -1.90248093898
-0.12623 0.35028 3.35743 -0.12979 0.55971 4.00246813964 0.78258 0.98072 0.30541 0.41196 152.77952 195.62801 147.22542 138.42519 0.3 0.3 0.0 0.0 0.0 0.0 0.0 0.0 0.72115 0.0 0.0 45.47487 -0.49999 0.07399 0.0 0.0 0.0 0.0 0.0 0.0 0.0511063491479 48 0 0.977941176471 0.378974392733 -1.90248093898
-0.12623 0.35028 3.35743 -0.12979 0.55971 3.99753716066 0.78258 0.98072 0.30541 0.41196 152.77952 195.62801 147.22542 138.42519 0.3 0.3 0.0 0.0 0.0 0.0 0.0 0.0 0.72115 0.0 0.0 45.47487 -0.49999 0.07399 0.0 0.0 0.0 0.0 0.0 0.0 0.0508478388106 49 0 0.985294117647 0.396806771439 -1.90248093898
-0.12623 0.35028 3.35743 -0.12979 0.55971 3.97450562295 0.78258 0.98072 0.30541 0.41196 152.77952 195.62801 147.22542 138.42519 0.3 0.3 0.0 0.0 0.0 0.0 0.0 0.0 0.72115 0.0 0.0 45.47487 -0.49999 0.07399 0.0 0.0 0.0 0.0 0.0 0.0 0.050943644653 50 0 0.985294117647 0.373935692217 -1.90248093898
