-0.12623 0.35028 3.35743 -0.0631233333333 0.55971 4.02072 0.78258 0.98072 0.30541 0.41196 152.77952 195.62801 147.22542 138.42519 0.3 0.3 0.0 0.0 0.0 0.0 0.0 0.0 0.72115 0.0 0.0 45.47487 -0.49999 0.07399 0.0 0.0 0.0 0.0 0.0 0.0 0.05 0 1 0.845161290323 0.938082614236 -951.163352119
-0.12623 0.35028 3.35743 -0.0166103940638 0.55971 4.02072 0.78258 0.98072 0.30541 0.41196 152.77952 195.62801 147.22542 138.42519 0.3 0.3 0.0 0.0 0.0 0.0 0.0 0.0 0.72115 0.0 0.0 45.47487 -0.49999 0.07399 0.0 0.0 0.0 0.0 0.0 0.0 0.0497178614325 1 0 0.742331288344 1.07451891345 -951.163352119
-0.12623 0.35028 3.35743 -0.0481057481489 0.55971 4.02072 0.78258 0.98072 0.30541 0.41196 152.77952 195.62801 147.22542 138.42519 0.3 0.3 0.0 0.0 0.0 0.0 0.0 0.0 0.72115 0.0 0.0 45.47487 -0.49999 0.07399 0.0 0.0 0.0 0.0 0.0 0.0 0.0507739567571 2 0 0.821656050955 0.965741844797 -951.163352119
-0.12623 0.35028 3.35743 -0.103771683973 0.55971 4.02072 0.78258 0.98072 0.30541 0.41196 152.77952 195.62801 147.22542 138.42519 0.3 0.3 0.0 0.0 0.0 0.0 0.0 0.0 0.72115 0.0 0.0 45.47487 -0.49999 0.07399 0.0 0.0 0.0 0.0 0.0 0.0 0.0499228868872 3 1 0.924657534247 0.731565683614 -138.880249728
-0.12623 0.35028 3.35743 -0.11472053026 0.55971 4.02072 0.78258 0.98072 0.30541 0.41196 152.77952 195.62801 147.22542 138.42519 0.3 0.3 0.0 0.0 0.0 0.0 0.0 0.0 0.72115 0.0 0.0 45.47487 -0.49999 0.07399 0.0 0.0 0.0 0.0 0.0 0.0 0.0493200238878 4 1 0.937062937063 0.419453190036 -33.9383014428
-0.12623 0.35028 3.35743 -0.107978694365 0.55971 4.02072 0.78258 0.98072 0.30541 0.41196 152.77952 195.62801 147.22542 138.42519 0.3 0.3 0.0 0.0 0.0 0.0 0.0 0.0 0.72115 0.0 0.0 45.47487 -0.49999 0.07399 0.0 0.0 0.0 0.0 0.0 0.0 0.0493370442913 5 0 0.931034482759 0.729146825668 -33.9383014428
-0.12623 0.35028 3.35743 -0.111626436362 0.55971 4.02072 0.78258 0.98072 0.30541 0.41196 152.77952 195.62801 147.22542 138.42519 0.3 0.3 0.0 0.0 0.0 0.0 0.0 0.0 0.72115 0.0 0.0 45.47487 -0.49999 0.07399 0.0 0.0 0.0 0.0 0.0 0.0 0.0486994796804 6 0 0.9375 0.640165783141 -33.9383014428
-0.12623 0.35028 3.35743 -0.0815470858862 0.55971 4.02072 0.78258 0.98072 0.30541 0.41196 152.77952 195.62801 147.22542 138.42519 0.3 0.3 0.0 0.0 0.0 0.0 0.0 0.0 0.72115 0.0 0.0 45.47487 -0.49999 0.07399 0.0 0.0 0.0 0.0 0.0 0.0 0.0498213642641 7 0 0.860927152318 0.958726145087 -33.9383014428
-0.12623 0.35028 3.35743 -0.107908056575 0.55971 4.02072 0.78258 0.98072 0.30541 0.41196 152.77952 195.62801 147.22542 138.42519 0.3 0.3 0.0 0.0 0.0 0.0 0.0 0.0 0.72115 0.0 0.0 45.47487 -0.49999 0.07399 0.0 0.0 0.0 0.0 0.0 0.0 0.0490811329455 8 0 0.931034482759 0.729158269607 -33.9383014428
-0.12623 0.35028 3.35743 -0.115689292338 0.55971 4.02072 0.78258 0.98072 0.30541 0.41196 152.77952 195.62801 147.22542 138.42519 0.3 0.3 0.0 0.0 0.0 0.0 0.0 0.0 0.72115 0.0 0.0 45.47487 -0.49999 0.07399 0.0 0.0 0.0 0.0 0.0 0.0 0.049146085681 9 1 0.937062937063 0.405615052432 -32.0484619887
-0.12623 0.35028 3.35743 -0.12263003806 0.55971 4.02072 0.78258 0.98072 0.30541 0.41196 152.77952 195.62801 147.22542 138.42519 0.3 0.3 0.0 0.0 0.0 0.0 0.0 0.0 0.72115 0.0 0.0 45.47487 -0.49999 0.07399 0.0 0.0 0.0 0.0 0.0 0.0 0.0495493172507 10 1 0.964285714286 0.467094013196 -14.4739309158
-0.12623 0.35028 3.35743 -0.118033440205 0.55971 4.02072 0.78258 0.98072 0.30541 0.41196 152.77952 195.62801 147.22542 138.42519 0.3 0.3 0.0 0.0 0.0 0.0 0.0 0.0 0.72115 0.0 0.0 45.47487 -0.49999 0.07399 0.0 0.0 0.0 0.0 0.0 0.0 0.0491194520316 11 0 0.950354609929 0.513678472094 -14.4739309158
-0.12623 0.35028 3.35743 -0.107648489609 0.55971 4.02072 0.78258 0.98072 0.30541 0.41196 152.77952 195.62801 147.22542 138.42519 0.3 0.3 0.0 0.0 0.0 0.0 0.0 0.0 0.72115 0.0 0.0 45.47487 -0.49999 0.07399 0.0 0.0 0.0 0.0 0.0 0.0 0.0495605521275 12 0 0.931034482759 0.729550473967 -14.4739309158
-0.12623 0.35028 3.35743 -0.133925904793 0.55971 4.02072 0.78258 0.98072 0.30541 0.41196 152.77952 195.62801 147.22542 138.42519 0.3 0.3 0.0 0.0 0.0 0.0 0.0 0.0 0.72115 0.0 0.0 45.47487 -0.49999 0.07399 0.0 0.0 0.0 0.0 0.0 0.0 0.048908783013 13 1 0.992592592593 0.369918499013 -2.03139412916
-0.12623 0.35028 3.35743 -0.181776427825 0.55971 4.02072 0.78258 0.98072 0.30541 0.41196 152.77952 195.62801 147.22542 138.42519 0.3 0.3 0.0 0.0 0.0 0.0 0.0 0.0 0.72115 0.0 0.0 45.47487 -0.49999 0.07399 0.0 0.0 0.0 0.0 0.0 0.0 0.0486430356945 14 0 0.875 1.24721010533 -2.03139412916
-0.12623 0.35028 3.35743 -0.14657939729 0.55971 4.02072 0.78258 0.98072 0.30541 0.41196 152.77952 195.62801 147.22542 138.42519 0.3 0.3 0.0 0.0 0.0 0.0 0.0 0.0 0.72115 0.0 0.0 45.47487 -0.49999 0.07399 0.0 0.0 0.0 0.0 0.0 0.0 0.0492282565085 15 0 0.948529411765 0.714985475961 -2.03139412916
-0.12623 0.35028 3.35743 -0.127128505705 0.55971 4.02072 0.78258 0.98072 0.30541 0.41196 152.77952 195.62801 147.22542 138.42519 0.3 0.3 0.0 0.0 0.0 0.0 0.0 0.0 0.72115 0.0 0.0 45.47487 -0.49999 0.07399 0.0 0.0 0.0 0.0 0.0 0.0 0.04826699728 16 1 1.0 0.449293267657 -1.63483369826
-0.12623 0.35028 3.35743 -0.123592918572 0.55971 4.02072 0.78258 0.98072 0.30541 0.41196 152.77952 195.62801 147.22542 138.42519 0.3 0.3 0.0 0.0 0.0 0.0 0.0 0.0 0.72115 0.0 0.0 45.47487 -0.49999 0.07399 0.0 0.0 0.0 0.0 0.0 0.0 0.0480126085591 17 0 0.971223021583 0.326032785817 -1.63483369826
-0.12623 0.35028 3.35743 -0.0979037304598 0.55971 4.02072 0.78258 0.98072 0.30541 0.41196 152.77952 195.62801 147.22542 138.42519 0.3 0.3 0.0 0.0 0.0 0.0 0.0 0.0 0.72115 0.0 0.0 45.47487 -0.49999 0.07399 0.0 0.0 0.0 0.0 0.0 0.0 0.0470408081412 18 0 0.918367346939 0.854905102713 -1.63483369826
-0.12623 0.35028 3.35743 -0.16180179471 0.55971 4.02072 0.78258 0.98072 0.30541 0.41196 152.77952 195.62801 147.22542 138.42519 0.3 0.3 0.0 0.0 0.0 0.0 0.0 0.0 0.72115 0.0 0.0 45.47487 -0.49999 0.07399 0.0 0.0 0.0 0.0 0.0 0.0 0.0487571392078 19 0 0.933823529412 1.04384351521 -1.63483369826
-0.12623 0.35028 3.35743 -0.120648510602 0.55971 4.02072 0.78258 0.98072 0.30541 0.41196 152.77952 195.62801 147.22542 138.42519 0.3 0.3 0.0 0.0 0.0 0.0 0.0 0.0 0.72115 0.0 0.0 45.47487 -0.49999 0.07399 0.0 0.0 0.0 0.0 0.0 0.0 0.0481457254884 20 0 0.957142857143 0.489794448752 -1.63483369826
-0.12623 0.35028 3.35743 -0.14720842905 0.55971 4.02072 0.78258 0.98072 0.30541 0.41196 152.77952 195.62801 147.22542 138.42519 0.3 0.3 0.0 0.0 0.0 0.0 0.0 0.0 0.72115 0.0 0.0 45.47487 -0.49999 0.07399 0.0 0.0 0.0 0.0 0.0 0.0 0.0473796035517 21 0 0.948529411765 0.738528254428 -1.63483369826
-0.12623 0.35028 3.35743 -0.114178114638 0.55971 4.02072 0.78258 0.98072 0.30541 0.41196 152.77952 195.62801 147.22542 138.42519 0.3 0.3 0.0 0.0 0.0 0.0 0.0 0.0 0.72115 0.0 0.0 45.47487 -0.49999 0.07399 0.0 0.0 0.0 0.0 0.0 0.0 0.0480774959891 22 0 0.930555555556 0.501646783878 -1.63483369826
-0.12623 0.35028 3.35743 -0.121667667405 0.55971 4.02072 0.78258 0.98072 0.30541 0.41196 152.77952 195.62801 147.22542 138.42519 0.3 0.3 0.0 0.0 0.0 0.0 0.0 0.0 0.72115 0.0 0.0 45.47487 -0.49999 0.07399 0.0 0.0 0.0 0.0 0.0 0.0 0.0492567536729 23 0 0.964285714286 0.492600646605 -1.63483369826
-0.12623 0.35028 3.35743 -0.13830905873 0.55971 4.02072 0.78258 0.98072 0.30541 0.41196 152.77952 195.62801 147.22542 138.42519 0.3 0.3 0.0 0.0 0.0 0.0 0.0 0.0 0.72115 0.0 0.0 45.47487 -0.49999 0.07399 0.0 0.0 0.0 0.0 0.0 0.0 0.0481354741718 24 0 0.977777777778 0.486898169823 -1.63483369826
-0.12623 0.35028 3.35743 -0.13563924805 0.55971 4.02072 0.78258 0.98072 0.30541 0.41196 152.77952 195.62801 147.22542 138.42519 0.3 0.3 0.0 0.0 0.0 0.0 0.0 0.0 0.72115 0.0 0.0 45.47487 -0.49999 0.07399 0.0 0.0 0.0 0.0 0.0 0.0 0.0481898544243 25 1 0.985185185185 0.315193637772 -2.68595304887
-0.12623 0.35028 3.35743 -0.151386947592 0.55971 4.02072 0.78258 0.98072 0.30541 0.41196 152.77952 195.62801 147.22542 138.42519 0.3 0.3 0.0 0.0 0.0 0.0 0.0 0.0 0.72115 0.0 0.0 45.47487 -0.49999 0.07399 0.0 0.0 0.0 0.0 0.0 0.0 0.0479997593218 26 0 0.955882352941 0.837043638327 -2.68595304887
-0.12623 0.35028 3.35743 -0.108655440973 0.55971 4.02072 0.78258 0.98072 0.30541 0.41196 152.77952 195.62801 147.22542 138.42519 0.3 0.3 0.0 0.0 0.0 0.0 0.0 0.0 0.72115 0.0 0.0 45.47487 -0.49999 0.07399 0.0 0.0 0.0 0.0 0.0 0.0 0.0482701978038 27 0 0.931034482759 0.730061504041 -2.68595304887
-0.12623 0.35028 3.35743 -0.128476783764 0.55971 4.02072 0.78258 0.98072 0.30541 0.41196 152.77952 195.62801 147.22542 138.42519 0.3 0.3 0.0 0.0 0.0 0.0 0.0 0.0 0.72115 0.0 0.0 45.47487 -0.49999 0.07399 0.0 0.0 0.0 0.0 0.0 0.0 0.0479029900296 28 1 1.0 0.41074900412 -1.61044335252
-0.12623 0.35028 3.35743 -0.134166689806 0.55971 4.02072 0.78258 0.98072 0.30541 0.41196 152.77952 195.62801 147.22542 138.42519 0.3 0.3 0.0 0.0 0.0 0.0 0.0 0.0 0.72115 0.0 0.0 45.47487 -0.49999 0.07399 0.0 0.0 0.0 0.0 0.0 0.0 0.047982592208 29 1 0.992592592593 0.370014207454 -1.98283641468
-0.12623 0.35028 3.35743 -0.154599109291 0.55971 4.02072 0.78258 0.98072 0.30541 0.41196 152.77952 195.62801 147.22542 138.42519 0.3 0.3 0.0 0.0 0.0 0.0 0.0 0.0 0.72115 0.0 0.0 45.47487 -0.49999 0.07399 0.0 0.0 0.0 0.0 0.0 0.0 0.0480139767162 30 0 0.948148148148 0.847915973087 -1.98283641468
-0.12623 0.35028 3.35743 -0.119599762169 0.55971 4.02072 0.78258 0.98072 0.30541 0.41196 152.77952 195.62801 147.22542 138.42519 0.3 0.3 0.0 0.0 0.0 0.0 0.0 0.0 0.72115 0.0 0.0 45.47487 -0.49999 0.07399 0.0 0.0 0.0 0.0 0.0 0.0 0.047840160465 31 0 0.957142857143 0.497531180085 -1.98283641468
-0.12623 0.35028 3.35743 -0.151412863557 0.55971 4.02072 0.78258 0.98072 0.30541 0.41196 152.77952 195.62801 147.22542 138.42519 0.3 0.3 0.0 0.0 0.0 0.0 0.0 0.0 0.72115 0.0 0.0 45.47487 -0.49999 0.07399 0.0 0.0 0.0 0.0 0.0 0.0 0.0480125615797 32 0 0.955882352941 0.837041567432 -1.98283641468
-0.12623 0.35028 3.35743 -0.0975481269075 0.55971 4.02072 0.78258 0.98072 0.30541 0.41196 152.77952 195.62801 147.22542 138.42519 0.3 0.3 0.0 0.0 0.0 0.0 0.0 0.0 0.72115 0.0 0.0 45.47487 -0.49999 0.07399 0.0 0.0 0.0 0.0 0.0 0.0 0.048849290367 33 0 0.905405405405 0.789755649728 -1.98283641468
-0.12623 0.35028 3.35743 -0.128798620967 0.55971 4.02072 0.78258 0.98072 0.30541 0.41196 152.77952 195.62801 147.22542 138.42519 0.3 0.3 0.0 0.0 0.0 0.0 0.0 0.0 0.72115 0.0 0.0 45.47487 -0.49999 0.07399 0.0 0.0 0.0 0.0 0.0 0.0 0.0484519651621 34 1 1.0 0.410743161351 -1.64729619862
-0.12623 0.35028 3.35743 -0.137919595385 0.55971 4.02072 0.78258 0.98072 0.30541 0.41196 152.77952 195.62801 147.22542 138.42519 0.3 0.3 0.0 0.0 0.0 0.0 0.0 0.0 0.72115 0.0 0.0 45.47487 -0.49999 0.07399 0.0 0.0 0.0 0.0 0.0 0.0 0.0494181165381 35 0 0.977777777778 0.487002840427 -1.64729619862
-0.12623 0.35028 3.35743 -0.165557792559 0.55971 4.02072 0.78258 0.98072 0.30541 0.41196 152.77952 195.62801 147.22542 138.42519 0.3 0.3 0.0 0.0 0.0 0.0 0.0 0.0 0.72115 0.0 0.0 45.47487 -0.49999 0.07399 0.0 0.0 0.0 0.0 0.0 0.0 0.048836872829 36 0 0.919117647059 1.20402849497 -1.64729619862
-0.12623 0.35028 3.35743 -0.152899633573 0.55971 4.02072 0.78258 0.98072 0.30541 0.41196 152.77952 195.62801 147.22542 138.42519 0.3 0.3 0.0 0.0 0.0 0.0 0.0 0.0 0.72115 0.0 0.0 45.47487 -0.49999 0.07399 0.0 0.0 0.0 0.0 0.0 0.0 0.0482216373774 37 0 0.941176470588 0.857274498156 -1.64729619862
-0.12623 0.35028 3.35743 -0.140625947195 0.55971 4.02072 0.78258 0.98072 0.30541 0.41196 152.77952 195.62801 147.22542 138.42519 0.3 0.3 0.0 0.0 0.0 0.0 0.0 0.0 0.72115 0.0 0.0 45.47487 -0.49999 0.07399 0.0 0.0 0.0 0.0 0.0 0.0 0.0485357542585 38 0 0.970588235294 0.523643696708 -1.64729619862
-0.12623 0.35028 3.35743 -0.146386862203 0.55971 4.02072 0.78258 0.98072 0.30541 0.41196 152.77952 195.62801 147.22542 138.42519 0.3 0.3 0.0 0.0 0.0 0.0 0.0 0.0 0.72115 0.0 0.0 45.47487 -0.49999 0.07399 0.0 0.0 0.0 0.0 0.0 0.0 0.0480270623086 39 0 0.955882352941 0.712232959181 -1.64729619862
-0.12623 0.35028 3.35743 -0.164390968946 0.55971 4.02072 0.78258 0.98072 0.30541 0.41196 152.77952 195.62801 147.22542 138.42519 0.3 0.3 0.0 0.0 0.0 0.0 0.0 0.0 0.72115 0.0 0.0 45.47487 -0.49999 0.07399 0.0 0.0 0.0 0.0 0.0 0.0 0.0481213711053 40 0 0.926470588235 1.1404486342 -1.64729619862
-0.12623 0.35028 3.35743 -0.130661158313 0.55971 4.02072 0.78258 0.98072 0.30541 0.41196 152.77952 195.62801 147.22542 138.42519 0.3 0.3 0.0 0.0 0.0 0.0 0.0 0.0 0.72115 0.0 0.0 45.47487 -0.49999 0.07399 0.0 0.0 0.0 0.0 0.0 0.0 0.0477380010013 41 1 0.992592592593 0.0326504253613 -1.60233490674
-0.12623 0.35028 3.35743 -0.118300685894 0.55971 4.02072 0.78258 0.98072 0.30541 0.41196 152.77952 195.62801 147.22542 138.42519 0.3 0.3 0.0 0.0 0.0 0.0 0.0 0.0 0.72115 0.0 0.0 45.47487 -0.49999 0.07399 0.0 0.0 0.0 0.0 0.0 0.0 0.047516424309 42 0 0.950354609929 0.513706029976 -1.60233490674
-0.12623 0.35028 3.35743 -0.136904635177 0.55971 4.02072 0.78258 0.98072 0.30541 0.41196 152.77952 195.62801 147.22542 138.42519 0.3 0.3 0.0 0.0 0.0 0.0 0.0 0.0 0.72115 0.0 0.0 45.47487 -0.49999 0.07399 0.0 0.0 0.0 0.0 0.0 0.0 0.0482034743038 43 0 0.977777777778 0.444034462505 -1.60233490674
-0.12623 0.35028 3.35743 -0.13021686197 0.55971 4.02072 0.78258 0.98072 0.30541 0.41196 152.77952 195.62801 147.22542 138.42519 0.3 0.3 0.0 0.0 0.0 0.0 0.0 0.0 0.72115 0.0 0.0 45.47487 -0.49999 0.07399 0.0 0.0 0.0 0.0 0.0 0.0 0.0480592858255 44 1 0.992592592593 0.00670477921285 -1.62101414102
-0.12623 0.35028 3.35743 -0.135457059804 0.55971 4.02072 0.78258 0.98072 0.30541 0.41196 152.77952 195.62801 147.22542 138.42519 0.3 0.3 0.0 0.0 0.0 0.0 0.0 0.0 0.72115 0.0 0.0 45.47487 -0.49999 0.07399 0.0 0.0 0.0 0.0 0.0 0.0 0.0483791525347 45 0 0.985185185185 0.314042557488 -1.62101414102
-0.12623 0.35028 3.35743 -0.151582241709 0.55971 4.02072 0.78258 0.98072 0.30541 0.41196 152.77952 195.62801 147.22542 138.42519 0.3 0.3 0.0 0.0 0.0 0.0 0.0 0.0 0.72115 0.0 0.0 45.47487 -0.49999 0.07399 0.0 0.0 0.0 0.0 0.0 0.0 0.0490894033051 46 0 0.955882352941 0.836144271402 -1.62101414102
-0.12623 0.35028 3.35743 -0.131746345989 0.55971 4.02072 0.78258 0.98072 0.30541 0.41196 152.77952 195.62801 147.22542 138.42519 0.3 0.3 0.0 0.0 0.0 0.0 0.0 0.0 0.72115 0.0 0.0 45.47487 -0.49999 0.07399 0.0 0.0 0.0 0.0 0.0 0.0 0.0476380625325 47 1 0.992592592593 0.0392204005823 -1.59698874207
-0.12623 0.35028 3.35743 -0.114312488279 0.55971 4.02072 0.78258 0.98072 0.30541 0.41196 152.77952 195.62801 147.22542 138.42519 0.3 0.3 0.0 0.0 0.0 0.0 0.0 0.0 0.72115 0.0 0.0 45.47487 -0.49999 0.07399 0.0 0.0 0.0 0.0 0.0 0.0 0.046343108261 48 0 0.937062937063 0.420522002463 -1.59698874207
-0.12623 0.35028 3.35743 -0.11848023873 0.55971 4.02072 0.78258 0.98072 0.30541 0.41196 152.77952 195.62801 147.22542 138.42519 0.3 0.3 0.0 0.0 0.0 0.0 0.0 0.0 0.72115 0.0 0.0 45.47487 -0.49999 0.07399 0.0 0.0 0.0 0.0 0.0 0.0 0.0482511519035 49 0 0.957142857143 0.513509020521 -1.59698874207
-0.12623 0.35028 3.35743 -0.113723378149 0.55971 4.02072 0.78258 0.98072 0.30541 0.41196 152.77952 195.62801 147.22542 138.42519 0.3 0.3 0.0 0.0 0.0 0.0 0.0 0.0 0.72115 0.0 0.0 45.47487 -0.49999 0.07399 0.0 0.0 0.0 0.0 0.0 0.0 0.0471292349066 50 0 0.930555555556 0.610169146248 -1.59698874207
