-0.12623 0.35028 3.35743 -0.12979 0.619516515656 4.02072 0.78258 0.98072 0.30541 0.41196 152.77952 195.62801 147.22542 138.42519 0.3 0.3 0.0 0.0 0.0 0.0 0.0 0.0 0.72115 0.0 0.0 45.47487 -0.49999 0.07399 0.0 0.0 0.0 0.0 0.0 0.0 0.005 0 1 0.915934755332 1.65955093152 -384.884520835
-0.12623 0.35028 3.35743 -0.12979 0.765312083802 4.02072 0.78258 0.98072 0.30541 0.41196 152.77952 195.62801 147.22542 138.42519 0.3 0.3 0.0 0.0 0.0 0.0 0.0 0.0 0.72115 0.0 0.0 45.47487 -0.49999 0.07399 0.0 0.0 0.0 0.0 0.0 0.0 0.00558708791448 1 0 0.784509681449 2.44282740173 -384.884520835
-0.12623 0.35028 3.35743 -0.12979 0.51780122699 4.02072 0.78258 0.98072 0.30541 0.41196 152.77952 195.62801 147.22542 138.42519 0.3 0.3 0.0 0.0 0.0 0.0 0.0 0.0 0.72115 0.0 0.0 45.47487 -0.49999 0.07399 0.0 0.0 0.0 0.0 0.0 0.0 0.00476007987625 2 1 0.913478516775 1.53679340437 -385.711386153
-0.12623 0.35028 3.35743 -0.12979 0.312009079519 4.02072 0.78258 0.98072 0.30541 0.41196 152.77952 195.62801 147.22542 138.42519 0.3 0.3 0.0 0.0 0.0 0.0 0.0 0.0 0.72115 0.0 0.0 45.47487 -0.49999 0.07399 0.0 0.0 0.0 0.0 0.0 0.0 0.00542893474106 3 0 0.600098863075 3.19958969261 -385.711386153
-0.12623 0.35028 3.35743 -0.12979 0.498377708758 4.02072 0.78258 0.98072 0.30541 0.41196 152.77952 195.62801 147.22542 138.42519 0.3 0.3 0.0 0.0 0.0 0.0 0.0 0.0 0.72115 0.0 0.0 45.47487 -0.49999 0.07399 0.0 0.0 0.0 0.0 0.0 0.0 0.00577733410636 4 0 0.860971524288 1.5218408144 -385.711386153
-0.12623 0.35028 3.35743 -0.12979 0.454868934851 4.02072 0.78258 0.98072 0.30541 0.41196 152.77952 195.62801 147.22542 138.42519 0.3 0.3 0.0 0.0 0.0 0.0 0.0 0.0 0.72115 0.0 0.0 45.47487 -0.49999 0.07399 0.0 0.0 0.0 0.0 0.0 0.0 0.00473796472399 5 0 0.732387475538 1.78524116983 -385.711386153
-0.12623 0.35028 3.35743 -0.12979 0.619953599492 4.02072 0.78258 0.98072 0.30541 0.41196 152.77952 195.62801 147.22542 138.42519 0.3 0.3 0.0 0.0 0.0 0.0 0.0 0.0 0.72115 0.0 0.0 45.47487 -0.49999 0.07399 0.0 0.0 0.0 0.0 0.0 0.0 0.00547936487675 6 0 0.914680050188 1.84763460487 -385.711386153
-0.12623 0.35028 3.35743 -0.12979 0.581285317808 4.02072 0.78258 0.98072 0.30541 0.41196 152.77952 195.62801 147.22542 138.42519 0.3 0.3 0.0 0.0 0.0 0.0 0.0 0.0 0.72115 0.0 0.0 45.47487 -0.49999 0.07399 0.0 0.0 0.0 0.0 0.0 0.0 0.00444447463486 7 1 0.956002514142 1.33465489769 -82.7844712939
-0.12623 0.35028 3.35743 -0.12979 0.564982643591 4.02072 0.78258 0.98072 0.30541 0.41196 152.77952 195.62801 147.22542 138.42519 0.3 0.3 0.0 0.0 0.0 0.0 0.0 0.0 0.72115 0.0 0.0 45.47487 -0.49999 0.07399 0.0 0.0 0.0 0.0 0.0 0.0 0.00434593030605 8 1 0.983606557377 1.15610329667 -4.98949428668
-0.12623 0.35028 3.35743 -0.12979 0.590284052766 4.02072 0.78258 0.98072 0.30541 0.41196 152.77952 195.62801 147.22542 138.42519 0.3 0.3 0.0 0.0 0.0 0.0 0.0 0.0 0.72115 0.0 0.0 45.47487 -0.49999 0.07399 0.0 0.0 0.0 0.0 0.0 0.0 0.00357041306047 9 0 0.947236180905 1.51020207983 -4.98949428668
-0.12623 0.35028 3.35743 -0.12979 0.555659642635 4.02072 0.78258 0.98072 0.30541 0.41196 152.77952 195.62801 147.22542 138.42519 0.3 0.3 0.0 0.0 0.0 0.0 0.0 0.0 0.72115 0.0 0.0 45.47487 -0.49999 0.07399 0.0 0.0 0.0 0.0 0.0 0.0 0.0046895716714 10 0 0.979284369115 1.04040239047 -4.98949428668
-0.12623 0.35028 3.35743 -0.12979 0.557947513103 4.02072 0.78258 0.98072 0.30541 0.41196 152.77952 195.62801 147.22542 138.42519 0.3 0.3 0.0 0.0 0.0 0.0 0.0 0.0 0.72115 0.0 0.0 45.47487 -0.49999 0.07399 0.0 0.0 0.0 0.0 0.0 0.0 0.0053357844923 11 1 0.988650693569 0.571240355138 3.57622194562
-0.12623 0.35028 3.35743 -0.12979 0.53950555433 4.02072 0.78258 0.98072 0.30541 0.41196 152.77952 195.62801 147.22542 138.42519 0.3 0.3 0.0 0.0 0.0 0.0 0.0 0.0 0.72115 0.0 0.0 45.47487 -0.49999 0.07399 0.0 0.0 0.0 0.0 0.0 0.0 0.00539143152324 12 0 0.955746773202 1.1796643089 3.57622194562
-0.12623 0.35028 3.35743 -0.12979 0.464032762205 4.02072 0.78258 0.98072 0.30541 0.41196 152.77952 195.62801 147.22542 138.42519 0.3 0.3 0.0 0.0 0.0 0.0 0.0 0.0 0.72115 0.0 0.0 45.47487 -0.49999 0.07399 0.0 0.0 0.0 0.0 0.0 0.0 0.00575006719771 13 0 0.759840558047 1.86748003955 3.57622194562
-0.12623 0.35028 3.35743 -0.12979 0.701044127406 4.02072 0.78258 0.98072 0.30541 0.41196 152.77952 195.62801 147.22542 138.42519 0.3 0.3 0.0 0.0 0.0 0.0 0.0 0.0 0.72115 0.0 0.0 45.47487 -0.49999 0.07399 0.0 0.0 0.0 0.0 0.0 0.0 0.00550891863691 14 0 0.834063869756 2.24680780859 3.57622194562
-0.12623 0.35028 3.35743 -0.12979 0.359747952747 4.02072 0.78258 0.98072 0.30541 0.41196 152.77952 195.62801 147.22542 138.42519 0.3 0.3 0.0 0.0 0.0 0.0 0.0 0.0 0.72115 0.0 0.0 45.47487 -0.49999 0.07399 0.0 0.0 0.0 0.0 0.0 0.0 0.00538514678358 15 0 0.588380108321 3.4071034965 3.57622194562
-0.12623 0.35028 3.35743 -0.12979 0.618412379925 4.02072 0.78258 0.98072 0.30541 0.41196 152.77952 195.62801 147.22542 138.42519 0.3 0.3 0.0 0.0 0.0 0.0 0.0 0.0 0.72115 0.0 0.0 45.47487 -0.49999 0.07399 0.0 0.0 0.0 0.0 0.0 0.0 0.00626818193165 16 0 0.916562107905 1.71179448826 3.57622194562
-0.12623 0.35028 3.35743 -0.12979 0.486673123442 4.02072 0.78258 0.98072 0.30541 0.41196 152.77952 195.62801 147.22542 138.42519 0.3 0.3 0.0 0.0 0.0 0.0 0.0 0.0 0.72115 0.0 0.0 45.47487 -0.49999 0.07399 0.0 0.0 0.0 0.0 0.0 0.0 0.00450683082401 17 0 0.825456498389 1.63922140519 3.57622194562
-0.12623 0.35028 3.35743 -0.12979 0.430630231507 4.02072 0.78258 0.98072 0.30541 0.41196 152.77952 195.62801 147.22542 138.42519 0.3 0.3 0.0 0.0 0.0 0.0 0.0 0.0 0.72115 0.0 0.0 45.47487 -0.49999 0.07399 0.0 0.0 0.0 0.0 0.0 0.0 0.00576846595793 18 0 0.706140350877 2.03187653214 3.57622194562
-0.12623 0.35028 3.35743 -0.12979 0.648341160436 4.02072 0.78258 0.98072 0.30541 0.41196 152.77952 195.62801 147.22542 138.42519 0.3 0.3 0.0 0.0 0.0 0.0 0.0 0.0 0.72115 0.0 0.0 45.47487 -0.49999 0.07399 0.0 0.0 0.0 0.0 0.0 0.0 0.00539007016624 19 0 0.883165829146 2.06173047601 3.57622194562
-0.12623 0.35028 3.35743 -0.12979 0.554824924042 4.02072 0.78258 0.98072 0.30541 0.41196 152.77952 195.62801 147.22542 138.42519 0.3 0.3 0.0 0.0 0.0 0.0 0.0 0.0 0.72115 0.0 0.0 45.47487 -0.49999 0.07399 0.0 0.0 0.0 0.0 0.0 0.0 0.00570586693555 20 0 0.979310344828 1.1031433063 3.57622194562
-0.12623 0.35028 3.35743 -0.12979 0.566461724605 4.02072 0.78258 0.98072 0.30541 0.41196 152.77952 195.62801 147.22542 138.42519 0.3 0.3 0.0 0.0 0.0 0.0 0.0 0.0 0.72115 0.0 0.0 45.47487 -0.49999 0.07399 0.0 0.0 0.0 0.0 0.0 0.0 0.00586643290803 21 0 0.979848866499 1.39850225963 3.57622194562
-0.12623 0.35028 3.35743 -0.12979 0.602983433455 4.02072 0.78258 0.98072 0.30541 0.41196 152.77952 195.62801 147.22542 138.42519 0.3 0.3 0.0 0.0 0.0 0.0 0.0 0.0 0.72115 0.0 0.0 45.47487 -0.49999 0.07399 0.0 0.0 0.0 0.0 0.0 0.0 0.00564082200582 22 0 0.932746700189 1.58517568931 3.57622194562
-0.12623 0.35028 3.35743 -0.12979 0.728821978805 4.02072 0.78258 0.98072 0.30541 0.41196 152.77952 195.62801 147.22542 138.42519 0.3 0.3 0.0 0.0 0.0 0.0 0.0 0.0 0.72115 0.0 0.0 45.47487 -0.49999 0.07399 0.0 0.0 0.0 0.0 0.0 0.0 0.00540054032121 23 0 0.816020025031 2.15572041637 3.57622194562
-0.12623 0.35028 3.35743 -0.12979 0.551165284542 4.02072 0.78258 0.98072 0.30541 0.41196 152.77952 195.62801 147.22542 138.42519 0.3 0.3 0.0 0.0 0.0 0.0 0.0 0.0 0.72115 0.0 0.0 45.47487 -0.49999 0.07399 0.0 0.0 0.0 0.0 0.0 0.0 0.00538686933636 24 0 0.977514053716 1.19356250519 3.57622194562
-0.12623 0.35028 3.35743 -0.12979 0.697336052962 4.02072 0.78258 0.98072 0.30541 0.41196 152.77952 195.62801 147.22542 138.42519 0.3 0.3 0.0 0.0 0.0 0.0 0.0 0.0 0.72115 0.0 0.0 45.47487 -0.49999 0.07399 0.0 0.0 0.0 0.0 0.0 0.0 0.00601095426835 25 0 0.834167709637 2.21761666136 3.57622194562
-0.12623 0.35028 3.35743 -0.12979 0.490697823337 4.02072 0.78258 0.98072 0.30541 0.41196 152.77952 195.62801 147.22542 138.42519 0.3 0.3 0.0 0.0 0.0 0.0 0.0 0.0 0.72115 0.0 0.0 45.47487 -0.49999 0.07399 0.0 0.0 0.0 0.0 0.0 0.0 0.00559833864012 26 0 0.841503267974 1.64395510278 3.57622194562
-0.12623 0.35028 3.35743 -0.12979 0.568557534735 4.02072 0.78258 0.98072 0.30541 0.41196 152.77952 195.62801 147.22542 138.42519 0.3 0.3 0.0 0.0 0.0 0.0 0.0 0.0 0.72115 0.0 0.0 45.47487 -0.49999 0.07399 0.0 0.0 0.0 0.0 0.0 0.0 0.00569776940971 27 0 0.972972972973 1.45004765127 3.57622194562
-0.12623 0.35028 3.35743 -0.12979 0.500779403936 4.02072 0.78258 0.98072 0.30541 0.41196 152.77952 195.62801 147.22542 138.42519 0.3 0.3 0.0 0.0 0.0 0.0 0.0 0.0 0.72115 0.0 0.0 45.47487 -0.49999 0.07399 0.0 0.0 0.0 0.0 0.0 0.0 0.00485740659006 28 0 0.875916525663 1.57296640234 3.57622194562
-0.12623 0.35028 3.35743 -0.12979 0.550710523625 4.02072 0.78258 0.98072 0.30541 0.41196 152.77952 195.62801 147.22542 138.42519 0.3 0.3 0.0 0.0 0.0 0.0 0.0 0.0 0.72115 0.0 0.0 45.47487 -0.49999 0.07399 0.0 0.0 0.0 0.0 0.0 0.0 0.00527498002118 29 0 0.975046787274 1.25039986326 3.57622194562
-0.12623 0.35028 3.35743 -0.12979 0.395206559128 4.02072 0.78258 0.98072 0.30541 0.41196 152.77952 195.62801 147.22542 138.42519 0.3 0.3 0.0 0.0 0.0 0.0 0.0 0.0 0.72115 0.0 0.0 45.47487 -0.49999 0.07399 0.0 0.0 0.0 0.0 0.0 0.0 0.00568181085136 30 0 0.609473175447 2.96401268832 3.57622194562
-0.12623 0.35028 3.35743 -0.12979 0.488185283987 4.02072 0.78258 0.98072 0.30541 0.41196 152.77952 195.62801 147.22542 138.42519 0.3 0.3 0.0 0.0 0.0 0.0 0.0 0.0 0.72115 0.0 0.0 45.47487 -0.49999 0.07399 0.0 0.0 0.0 0.0 0.0 0.0 0.00567312179948 31 0 0.833423472147 1.63806149477 3.57622194562
-0.12623 0.35028 3.35743 -0.12979 0.562770270178 4.02072 0.78258 0.98072 0.30541 0.41196 152.77952 195.62801 147.22542 138.42519 0.3 0.3 0.0 0.0 0.0 0.0 0.0 0.0 0.72115 0.0 0.0 45.47487 -0.49999 0.07399 0.0 0.0 0.0 0.0 0.0 0.0 0.00594157701794 32 0 0.986759142497 1.1250165804 3.57622194562
-0.12623 0.35028 3.35743 -0.12979 0.813325731111 4.02072 0.78258 0.98072 0.30541 0.41196 152.77952 195.62801 147.22542 138.42519 0.3 0.3 0.0 0.0 0.0 0.0 0.0 0.0 0.72115 0.0 0.0 45.47487 -0.49999 0.07399 0.0 0.0 0.0 0.0 0.0 0.0 0.0061377179447 33 0 0.739802224969 2.72488234941 3.57622194562
-0.12623 0.35028 3.35743 -0.12979 0.509354910815 4.02072 0.78258 0.98072 0.30541 0.41196 152.77952 195.62801 147.22542 138.42519 0.3 0.3 0.0 0.0 0.0 0.0 0.0 0.0 0.72115 0.0 0.0 45.47487 -0.49999 0.07399 0.0 0.0 0.0 0.0 0.0 0.0 0.0049390300658 34 0 0.898089171975 1.54134639978 3.57622194562
-0.12623 0.35028 3.35743 -0.12979 0.543433195327 4.02072 0.78258 0.98072 0.30541 0.41196 152.77952 195.62801 147.22542 138.42519 0.3 0.3 0.0 0.0 0.0 0.0 0.0 0.0 0.72115 0.0 0.0 45.47487 -0.49999 0.07399 0.0 0.0 0.0 0.0 0.0 0.0 0.00418089934512 35 0 0.965367965368 1.15286773881 3.57622194562
-0.12623 0.35028 3.35743 -0.12979 0.814977017817 4.02072 0.78258 0.98072 0.30541 0.41196 152.77952 195.62801 147.22542 138.42519 0.3 0.3 0.0 0.0 0.0 0.0 0.0 0.0 0.72115 0.0 0.0 45.47487 -0.49999 0.07399 0.0 0.0 0.0 0.0 0.0 0.0 0.00543523250495 36 0 0.74025974026 2.70396674653 3.57622194562
-0.12623 0.35028 3.35743 -0.12979 0.58701171834 4.02072 0.78258 0.98072 0.30541 0.41196 152.77952 195.62801 147.22542 138.42519 0.3 0.3 0.0 0.0 0.0 0.0 0.0 0.0 0.72115 0.0 0.0 45.47487 -0.49999 0.07399 0.0 0.0 0.0 0.0 0.0 0.0 0.00552120006749 37 0 0.949780288763 1.52331565644 3.57622194562
-0.12623 0.35028 3.35743 -0.12979 0.553386784954 4.02072 0.78258 0.98072 0.30541 0.41196 152.77952 195.62801 147.22542 138.42519 0.3 0.3 0.0 0.0 0.0 0.0 0.0 0.0 0.72115 0.0 0.0 45.47487 -0.49999 0.07399 0.0 0.0 0.0 0.0 0.0 0.0 0.00539789422469 38 0 0.980576441103 1.24028774099 3.57622194562
-0.12623 0.35028 3.35743 -0.12979 0.515668844899 4.02072 0.78258 0.98072 0.30541 0.41196 152.77952 195.62801 147.22542 138.42519 0.3 0.3 0.0 0.0 0.0 0.0 0.0 0.0 0.72115 0.0 0.0 45.47487 -0.49999 0.07399 0.0 0.0 0.0 0.0 0.0 0.0 0.0049001875127 39 0 0.912609970674 1.55820203168 3.57622194562
-0.12623 0.35028 3.35743 -0.12979 0.339848931452 4.02072 0.78258 0.98072 0.30541 0.41196 152.77952 195.62801 147.22542 138.42519 0.3 0.3 0.0 0.0 0.0 0.0 0.0 0.0 0.72115 0.0 0.0 45.47487 -0.49999 0.07399 0.0 0.0 0.0 0.0 0.0 0.0 0.00604888407725 40 0 0.603456790123 3.38173167988 3.57622194562
-0.12623 0.35028 3.35743 -0.12979 0.60663404758 4.02072 0.78258 0.98072 0.30541 0.41196 152.77952 195.62801 147.22542 138.42519 0.3 0.3 0.0 0.0 0.0 0.0 0.0 0.0 0.72115 0.0 0.0 45.47487 -0.49999 0.07399 0.0 0.0 0.0 0.0 0.0 0.0 0.00595144297603 41 0 0.925925925926 1.59607679653 3.57622194562
-0.12623 0.35028 3.35743 -0.12979 0.548531337607 4.02072 0.78258 0.98072 0.30541 0.41196 152.77952 195.62801 147.22542 138.42519 0.3 0.3 0.0 0.0 0.0 0.0 0.0 0.0 0.72115 0.0 0.0 45.47487 -0.49999 0.07399 0.0 0.0 0.0 0.0 0.0 0.0 0.00577769741127 42 0 0.971375233354 1.31014939933 3.57622194562
-0.12623 0.35028 3.35743 -0.12979 0.497415971443 4.02072 0.78258 0.98072 0.30541 0.41196 152.77952 195.62801 147.22542 138.42519 0.3 0.3 0.0 0.0 0.0 0.0 0.0 0.0 0.72115 0.0 0.0 45.47487 -0.49999 0.07399 0.0 0.0 0.0 0.0 0.0 0.0 0.00612785007589 43 0 0.859045504994 1.55234011491 3.57622194562
-0.12623 0.35028 3.35743 -0.12979 0.647851310756 4.02072 0.78258 0.98072 0.30541 0.41196 152.77952 195.62801 147.22542 138.42519 0.3 0.3 0.0 0.0 0.0 0.0 0.0 0.0 0.72115 0.0 0.0 45.47487 -0.49999 0.07399 0.0 0.0 0.0 0.0 0.0 0.0 0.00514444874995 44 0 0.882611424984 2.05232569357 3.57622194562
-0.12623 0.35028 3.35743 -0.12979 0.471870536702 4.02072 0.78258 0.98072 0.30541 0.41196 152.77952 195.62801 147.22542 138.42519 0.3 0.3 0.0 0.0 0.0 0.0 0.0 0.0 0.72115 0.0 0.0 45.47487 -0.49999 0.07399 0.0 0.0 0.0 0.0 0.0 0.0 0.00501604492471 45 0 0.776930894309 1.73606623914 3.57622194562
-0.12623 0.35028 3.35743 -0.12979 0.492521406617 4.02072 0.78258 0.98072 0.30541 0.41196 152.77952 195.62801 147.22542 138.42519 0.3 0.3 0.0 0.0 0.0 0.0 0.0 0.0 0.72115 0.0 0.0 45.47487 -0.49999 0.07399 0.0 0.0 0.0 0.0 0.0 0.0 0.00517182141269 46 0 0.847207009858 1.62505827294 3.57622194562
-0.12623 0.35028 3.35743 -0.12979 0.86794028833 4.02072 0.78258 0.98072 0.30541 0.41196 152.77952 195.62801 147.22542 138.42519 0.3 0.3 0.0 0.0 0.0 0.0 0.0 0.0 0.72115 0.0 0.0 45.47487 -0.49999 0.07399 0.0 0.0 0.0 0.0 0.0 0.0 0.00611024815261 47 0 0.711926605505 2.83321152945 3.57622194562
-0.12623 0.35028 3.35743 -0.12979 0.670036831952 4.02072 0.78258 0.98072 0.30541 0.41196 152.77952 195.62801 147.22542 138.42519 0.3 0.3 0.0 0.0 0.0 0.0 0.0 0.0 0.72115 0.0 0.0 45.47487 -0.49999 0.07399 0.0 0.0 0.0 0.0 0.0 0.0 0.00538468257281 48 0 0.859384808537 2.09190417575 3.57622194562
-0.12623 0.35028 3.35743 -0.12979 0.532014667517 4.02072 0.78258 0.98072 0.30541 0.41196 152.77952 195.62801 147.22542 138.42519 0.3 0.3 0.0 0.0 0.0 0.0 0.0 0.0 0.72115 0.0 0.0 45.47487 -0.49999 0.07399 0.0 0.0 0.0 0.0 0.0 0.0 0.00546609645514 49 0 0.94313369631 1.26202175679 3.57622194562
-0.12623 0.35028 3.35743 -0.12979 0.48484758991 4.02072 0.78258 0.98072 0.30541 0.41196 152.77952 195.62801 147.22542 138.42519 0.3 0.3 0.0 0.0 0.0 0.0 0.0 0.0 0.72115 0.0 0.0 45.47487 -0.49999 0.07399 0.0 0.0 0.0 0.0 0.0 0.0 0.0056365267223 50 0 0.817456093667 1.70721875223 3.57622194562
