-0.12623 0.35028 3.35743 -0.12979 0.428135665557 4.02072 0.78258 0.98072 0.30541 0.41196 152.77952 195.62801 147.22542 138.42519 0.3 0.3 0.0 0.0 0.0 0.0 0.0 0.0 0.72115 0.0 0.0 45.47487 -0.49999 0.07399 0.0 0.0 0.0 0.0 0.0 0.0 0.005 0 1 0.699365544168 2.12270283535 -8140.52337109
-0.12623 0.35028 3.35743 -0.12979 0.619724671043 4.02072 0.78258 0.98072 0.30541 0.41196 152.77952 195.62801 147.22542 138.42519 0.3 0.3 0.0 0.0 0.0 0.0 0.0 0.0 0.72115 0.0 0.0 45.47487 -0.49999 0.07399 0.0 0.0 0.0 0.0 0.0 0.0 0.00528049783502 1 1 0.91530740276 1.74196996992 -385.969762825
-0.12623 0.35028 3.35743 -0.12979 0.694031565728 4.02072 0.78258 0.98072 0.30541 0.41196 152.77952 195.62801 147.22542 138.42519 0.3 0.3 0.0 0.0 0.0 0.0 0.0 0.0 0.72115 0.0 0.0 45.47487 -0.49999 0.07399 0.0 0.0 0.0 0.0 0.0 0.0 0.00508284365393 2 0 0.839073262367 2.04001625966 -385.969762825
-0.12623 0.35028 3.35743 -0.12979 0.652021114229 4.02072 0.78258 0.98072 0.30541 0.41196 152.77952 195.62801 147.22542 138.42519 0.3 0.3 0.0 0.0 0.0 0.0 0.0 0.0 0.72115 0.0 0.0 45.47487 -0.49999 0.07399 0.0 0.0 0.0 0.0 0.0 0.0 0.00523131405161 3 0 0.877115987461 2.04212625927 -385.969762825
-0.12623 0.35028 3.35743 -0.12979 0.658156215784 4.02072 0.78258 0.98072 0.30541 0.41196 152.77952 195.62801 147.22542 138.42519 0.3 0.3 0.0 0.0 0.0 0.0 0.0 0.0 0.72115 0.0 0.0 45.47487 -0.49999 0.07399 0.0 0.0 0.0 0.0 0.0 0.0 0.00538271590074 4 0 0.873822975518 2.05774410696 -385.969762825
-0.12623 0.35028 3.35743 -0.12979 0.572765922611 4.02072 0.78258 0.98072 0.30541 0.41196 152.77952 195.62801 147.22542 138.42519 0.3 0.3 0.0 0.0 0.0 0.0 0.0 0.0 0.72115 0.0 0.0 45.47487 -0.49999 0.07399 0.0 0.0 0.0 0.0 0.0 0.0 0.00549826374476 5 1 0.969162995595 1.13628735073 -16.0223260971
-0.12623 0.35028 3.35743 -0.12979 0.517628281665 4.02072 0.78258 0.98072 0.30541 0.41196 152.77952 195.62801 147.22542 138.42519 0.3 0.3 0.0 0.0 0.0 0.0 0.0 0.0 0.72115 0.0 0.0 45.47487 -0.49999 0.07399 0.0 0.0 0.0 0.0 0.0 0.0 0.00496923775127 6 0 0.912889935256 1.5500224952 -16.0223260971
-0.12623 0.35028 3.35743 -0.12979 0.713854788527 4.02072 0.78258 0.98072 0.30541 0.41196 152.77952 195.62801 147.22542 138.42519 0.3 0.3 0.0 0.0 0.0 0.0 0.0 0.0 0.72115 0.0 0.0 45.47487 -0.49999 0.07399 0.0 0.0 0.0 0.0 0.0 0.0 0.00451835389977 7 0 0.82467125861 2.22865061149 -16.0223260971
-0.12623 0.35028 3.35743 -0.12979 0.571388279603 4.02072 0.78258 0.98072 0.30541 0.41196 152.77952 195.62801 147.22542 138.42519 0.3 0.3 0.0 0.0 0.0 0.0 0.0 0.0 0.72115 0.0 0.0 45.47487 -0.49999 0.07399 0.0 0.0 0.0 0.0 0.0 0.0 0.00569771538939 8 1 0.971680302077 1.29070621332 -16.3291240475
-0.12623 0.35028 3.35743 -0.12979 0.532137977497 4.02072 0.78258 0.98072 0.30541 0.41196 152.77952 195.62801 147.22542 138.42519 0.3 0.3 0.0 0.0 0.0 0.0 0.0 0.0 0.72115 0.0 0.0 45.47487 -0.49999 0.07399 0.0 0.0 0.0 0.0 0.0 0.0 0.00569969411449 9 0 0.941318814277 1.29468300145 -16.3291240475
-0.12623 0.35028 3.35743 -0.12979 0.587159416469 4.02072 0.78258 0.98072 0.30541 0.41196 152.77952 195.62801 147.22542 138.42519 0.3 0.3 0.0 0.0 0.0 0.0 0.0 0.0 0.72115 0.0 0.0 45.47487 -0.49999 0.07399 0.0 0.0 0.0 0.0 0.0 0.0 0.00582582846635 10 0 0.951035781544 1.51273105352 -16.3291240475
-0.12623 0.35028 3.35743 -0.12979 0.536635814911 4.02072 0.78258 0.98072 0.30541 0.41196 152.77952 195.62801 147.22542 138.42519 0.3 0.3 0.0 0.0 0.0 0.0 0.0 0.0 0.72115 0.0 0.0 45.47487 -0.49999 0.07399 0.0 0.0 0.0 0.0 0.0 0.0 0.00644664346309 11 0 0.954156479218 1.2267291712 -16.3291240475
-0.12623 0.35028 3.35743 -0.12979 0.450687344006 4.02072 0.78258 0.98072 0.30541 0.41196 152.77952 195.62801 147.22542 138.42519 0.3 0.3 0.0 0.0 0.0 0.0 0.0 0.0 0.72115 0.0 0.0 45.47487 -0.49999 0.07399 0.0 0.0 0.0 0.0 0.0 0.0 0.00573221588544 12 0 0.729611650485 1.86860741377 -16.3291240475
-0.12623 0.35028 3.35743 -0.12979 0.421561124475 4.02072 0.78258 0.98072 0.30541 0.41196 152.77952 195.62801 147.22542 138.42519 0.3 0.3 0.0 0.0 0.0 0.0 0.0 0.0 0.72115 0.0 0.0 45.47487 -0.49999 0.07399 0.0 0.0 0.0 0.0 0.0 0.0 0.00553779398733 13 0 0.680447470817 2.27995694812 -16.3291240475
-0.12623 0.35028 3.35743 -0.12979 0.589325868299 4.02072 0.78258 0.98072 0.30541 0.41196 152.77952 195.62801 147.22542 138.42519 0.3 0.3 0.0 0.0 0.0 0.0 0.0 0.0 0.72115 0.0 0.0 45.47487 -0.49999 0.07399 0.0 0.0 0.0 0.0 0.0 0.0 0.00658792199555 14 0 0.948492462312 1.53338664916 -16.3291240475
-0.12623 0.35028 3.35743 -0.12979 0.44243398245 4.02072 0.78258 0.98072 0.30541 0.41196 152.77952 195.62801 147.22542 138.42519 0.3 0.3 0.0 0.0 0.0 0.0 0.0 0.0 0.72115 0.0 0.0 45.47487 -0.49999 0.07399 0.0 0.0 0.0 0.0 0.0 0.0 0.00584718943766 15 0 0.721654501217 1.76378016248 -16.3291240475
-0.12623 0.35028 3.35743 -0.12979 0.687908045423 4.02072 0.78258 0.98072 0.30541 0.41196 152.77952 195.62801 147.22542 138.42519 0.3 0.3 0.0 0.0 0.0 0.0 0.0 0.0 0.72115 0.0 0.0 45.47487 -0.49999 0.07399 0.0 0.0 0.0 0.0 0.0 0.0 0.005790212411 16 0 0.842928660826 2.09302655245 -16.3291240475
-0.12623 0.35028 3.35743 -0.12979 0.533605175419 4.02072 0.78258 0.98072 0.30541 0.41196 152.77952 195.62801 147.22542 138.42519 0.3 0.3 0.0 0.0 0.0 0.0 0.0 0.0 0.72115 0.0 0.0 45.47487 -0.49999 0.07399 0.0 0.0 0.0 0.0 0.0 0.0 0.00613667397745 17 0 0.943499392467 1.31747883888 -16.3291240475
-0.12623 0.35028 3.35743 -0.12979 0.508840307433 4.02072 0.78258 0.98072 0.30541 0.41196 152.77952 195.62801 147.22542 138.42519 0.3 0.3 0.0 0.0 0.0 0.0 0.0 0.0 0.72115 0.0 0.0 45.47487 -0.49999 0.07399 0.0 0.0 0.0 0.0 0.0 0.0 0.00592299439114 18 0 0.895436164067 1.54199550856 -16.3291240475
-0.12623 0.35028 3.35743 -0.12979 0.542741655939 4.02072 0.78258 0.98072 0.30541 0.41196 152.77952 195.62801 147.22542 138.42519 0.3 0.3 0.0 0.0 0.0 0.0 0.0 0.0 0.72115 0.0 0.0 45.47487 -0.49999 0.07399 0.0 0.0 0.0 0.0 0.0 0.0 0.00602506442708 19 0 0.962392108508 1.253673313 -16.3291240475
-0.12623 0.35028 3.35743 -0.12979 0.528037817165 4.02072 0.78258 0.98072 0.30541 0.41196 152.77952 195.62801 147.22542 138.42519 0.3 0.3 0.0 0.0 0.0 0.0 0.0 0.0 0.72115 0.0 0.0 45.47487 -0.49999 0.07399 0.0 0.0 0.0 0.0 0.0 0.0 0.00620152308816 20 0 0.938628158845 1.48324960328 -16.3291240475
-0.12623 0.35028 3.35743 -0.12979 0.607481443535 4.02072 0.78258 0.98072 0.30541 0.41196 152.77952 195.62801 147.22542 138.42519 0.3 0.3 0.0 0.0 0.0 0.0 0.0 0.0 0.72115 0.0 0.0 45.47487 -0.49999 0.07399 0.0 0.0 0.0 0.0 0.0 0.0 0.00486993975811 21 0 0.926553672316 1.5919783021 -16.3291240475
-0.12623 0.35028 3.35743 -0.12979 0.482738664302 4.02072 0.78258 0.98072 0.30541 0.41196 152.77952 195.62801 147.22542 138.42519 0.3 0.3 0.0 0.0 0.0 0.0 0.0 0.0 0.72115 0.0 0.0 45.47487 -0.49999 0.07399 0.0 0.0 0.0 0.0 0.0 0.0 0.00601572343291 22 0 0.809926082365 1.71734028257 -16.3291240475
-0.12623 0.35028 3.35743 -0.12979 0.517252705101 4.02072 0.78258 0.98072 0.30541 0.41196 152.77952 195.62801 147.22542 138.42519 0.3 0.3 0.0 0.0 0.0 0.0 0.0 0.0 0.72115 0.0 0.0 45.47487 -0.49999 0.07399 0.0 0.0 0.0 0.0 0.0 0.0 0.00553765721565 23 0 0.911971830986 1.52741375736 -16.3291240475
-0.12623 0.35028 3.35743 -0.12979 0.76719785226 4.02072 0.78258 0.98072 0.30541 0.41196 152.77952 195.62801 147.22542 138.42519 0.3 0.3 0.0 0.0 0.0 0.0 0.0 0.0 0.72115 0.0 0.0 45.47487 -0.49999 0.07399 0.0 0.0 0.0 0.0 0.0 0.0 0.0064288371423 24 0 0.785758900687 2.50839710065 -16.3291240475
-0.12623 0.35028 3.35743 -0.12979 0.410083881392 4.02072 0.78258 0.98072 0.30541 0.41196 152.77952 195.62801 147.22542 138.42519 0.3 0.3 0.0 0.0 0.0 0.0 0.0 0.0 0.72115 0.0 0.0 45.47487 -0.49999 0.07399 0.0 0.0 0.0 0.0 0.0 0.0 0.00591131033499 25 0 0.644552058111 2.53059462145 -16.3291240475
-0.12623 0.35028 3.35743 -0.12979 0.531551088548 4.02072 0.78258 0.98072 0.30541 0.41196 152.77952 195.62801 147.22542 138.42519 0.3 0.3 0.0 0.0 0.0 0.0 0.0 0.0 0.72115 0.0 0.0 45.47487 -0.49999 0.07399 0.0 0.0 0.0 0.0 0.0 0.0 0.00501801542005 26 0 0.942528735632 1.29247037568 -16.3291240475
-0.12623 0.35028 3.35743 -0.12979 0.503338044968 4.02072 0.78258 0.98072 0.30541 0.41196 152.77952 195.62801 147.22542 138.42519 0.3 0.3 0.0 0.0 0.0 0.0 0.0 0.0 0.72115 0.0 0.0 45.47487 -0.49999 0.07399 0.0 0.0 0.0 0.0 0.0 0.0 0.00638292681208 27 0 0.885096700796 1.51012188146 -16.3291240475
-0.12623 0.35028 3.35743 -0.12979 0.407802214924 4.02072 0.78258 0.98072 0.30541 0.41196 152.77952 195.62801 147.22542 138.42519 0.3 0.3 0.0 0.0 0.0 0.0 0.0 0.0 0.72115 0.0 0.0 45.47487 -0.49999 0.07399 0.0 0.0 0.0 0.0 0.0 0.0 0.00577672702561 28 0 0.641472868217 2.59942082345 -16.3291240475
-0.12623 0.35028 3.35743 -0.12979 0.712864954335 4.02072 0.78258 0.98072 0.30541 0.41196 152.77952 195.62801 147.22542 138.42519 0.3 0.3 0.0 0.0 0.0 0.0 0.0 0.0 0.72115 0.0 0.0 45.47487 -0.49999 0.07399 0.0 0.0 0.0 0.0 0.0 0.0 0.00472913086349 29 0 0.822166562304 2.25166522122 -16.3291240475
-0.12623 0.35028 3.35743 -0.12979 0.605891361691 4.02072 0.78258 0.98072 0.30541 0.41196 152.77952 195.62801 147.22542 138.42519 0.3 0.3 0.0 0.0 0.0 0.0 0.0 0.0 0.72115 0.0 0.0 45.47487 -0.49999 0.07399 0.0 0.0 0.0 0.0 0.0 0.0 0.00574699168957 30 0 0.926553672316 1.55385907484 -16.3291240475
-0.12623 0.35028 3.35743 -0.12979 0.5373627862 4.02072 0.78258 0.98072 0.30541 0.41196 152.77952 195.62801 147.22542 138.42519 0.3 0.3 0.0 0.0 0.0 0.0 0.0 0.0 0.72115 0.0 0.0 45.47487 -0.49999 0.07399 0.0 0.0 0.0 0.0 0.0 0.0 0.00569744061911 31 0 0.955269607843 1.2184327749 -16.3291240475
-0.12623 0.35028 3.35743 -0.12979 0.575770962219 4.02072 0.78258 0.98072 0.30541 0.41196 152.77952 195.62801 147.22542 138.42519 0.3 0.3 0.0 0.0 0.0 0.0 0.0 0.0 0.72115 0.0 0.0 45.47487 -0.49999 0.07399 0.0 0.0 0.0 0.0 0.0 0.0 0.0064844522579 32 0 0.964735516373 1.22782340356 -16.3291240475
-0.12623 0.35028 3.35743 -0.12979 0.694913969775 4.02072 0.78258 0.98072 0.30541 0.41196 152.77952 195.62801 147.22542 138.42519 0.3 0.3 0.0 0.0 0.0 0.0 0.0 0.0 0.72115 0.0 0.0 45.47487 -0.49999 0.07399 0.0 0.0 0.0 0.0 0.0 0.0 0.00633243078552 33 0 0.84032561052 2.16150744419 -16.3291240475
-0.12623 0.35028 3.35743 -0.12979 0.543810896655 4.02072 0.78258 0.98072 0.30541 0.41196 152.77952 195.62801 147.22542 138.42519 0.3 0.3 0.0 0.0 0.0 0.0 0.0 0.0 0.72115 0.0 0.0 45.47487 -0.49999 0.07399 0.0 0.0 0.0 0.0 0.0 0.0 0.0060798325582 34 1 0.965986394558 1.16068901724 -16.8987452232
-0.12623 0.35028 3.35743 -0.12979 0.508173046794 4.02072 0.78258 0.98072 0.30541 0.41196 152.77952 195.62801 147.22542 138.42519 0.3 0.3 0.0 0.0 0.0 0.0 0.0 0.0 0.72115 0.0 0.0 45.47487 -0.49999 0.07399 0.0 0.0 0.0 0.0 0.0 0.0 0.00616538433227 35 0 0.894979803808 1.56529320099 -16.8987452232
-0.12623 0.35028 3.35743 -0.12979 0.509310919494 4.02072 0.78258 0.98072 0.30541 0.41196 152.77952 195.62801 147.22542 138.42519 0.3 0.3 0.0 0.0 0.0 0.0 0.0 0.0 0.72115 0.0 0.0 45.47487 -0.49999 0.07399 0.0 0.0 0.0 0.0 0.0 0.0 0.00584952626055 36 0 0.896990740741 1.53873289998 -16.8987452232
-0.12623 0.35028 3.35743 -0.12979 0.49530485921 4.02072 0.78258 0.98072 0.30541 0.41196 152.77952 195.62801 147.22542 138.42519 0.3 0.3 0.0 0.0 0.0 0.0 0.0 0.0 0.72115 0.0 0.0 45.47487 -0.49999 0.07399 0.0 0.0 0.0 0.0 0.0 0.0 0.00537657010747 37 0 0.852957435047 1.54114317344 -16.8987452232
-0.12623 0.35028 3.35743 -0.12979 0.551495735995 4.02072 0.78258 0.98072 0.30541 0.41196 152.77952 195.62801 147.22542 138.42519 0.3 0.3 0.0 0.0 0.0 0.0 0.0 0.0 0.72115 0.0 0.0 45.47487 -0.49999 0.07399 0.0 0.0 0.0 0.0 0.0 0.0 0.00657834049187 38 1 0.978138663335 1.1839597169 -3.63538679537
-0.12623 0.35028 3.35743 -0.12979 0.60179247066 4.02072 0.78258 0.98072 0.30541 0.41196 152.77952 195.62801 147.22542 138.42519 0.3 0.3 0.0 0.0 0.0 0.0 0.0 0.0 0.72115 0.0 0.0 45.47487 -0.49999 0.07399 0.0 0.0 0.0 0.0 0.0 0.0 0.0062791940533 39 0 0.937185929648 1.50889886242 -3.63538679537
-0.12623 0.35028 3.35743 -0.12979 0.801582609531 4.02072 0.78258 0.98072 0.30541 0.41196 152.77952 195.62801 147.22542 138.42519 0.3 0.3 0.0 0.0 0.0 0.0 0.0 0.0 0.72115 0.0 0.0 45.47487 -0.49999 0.07399 0.0 0.0 0.0 0.0 0.0 0.0 0.00651519090197 40 0 0.747987616099 2.633567356 -3.63538679537
-0.12623 0.35028 3.35743 -0.12979 0.469572529507 4.02072 0.78258 0.98072 0.30541 0.41196 152.77952 195.62801 147.22542 138.42519 0.3 0.3 0.0 0.0 0.0 0.0 0.0 0.0 0.72115 0.0 0.0 45.47487 -0.49999 0.07399 0.0 0.0 0.0 0.0 0.0 0.0 0.00657900819048 41 0 0.764853977845 1.7448490546 -3.63538679537
-0.12623 0.35028 3.35743 -0.12979 0.700086027523 4.02072 0.78258 0.98072 0.30541 0.41196 152.77952 195.62801 147.22542 138.42519 0.3 0.3 0.0 0.0 0.0 0.0 0.0 0.0 0.72115 0.0 0.0 45.47487 -0.49999 0.07399 0.0 0.0 0.0 0.0 0.0 0.0 0.00654882668314 42 0 0.835942391985 2.30111235777 -3.63538679537
-0.12623 0.35028 3.35743 -0.12979 0.56896530325 4.02072 0.78258 0.98072 0.30541 0.41196 152.77952 195.62801 147.22542 138.42519 0.3 0.3 0.0 0.0 0.0 0.0 0.0 0.0 0.72115 0.0 0.0 45.47487 -0.49999 0.07399 0.0 0.0 0.0 0.0 0.0 0.0 0.00704179622254 43 0 0.972989949749 1.43167000218 -3.63538679537
-0.12623 0.35028 3.35743 -0.12979 0.62547878009 4.02072 0.78258 0.98072 0.30541 0.41196 152.77952 195.62801 147.22542 138.42519 0.3 0.3 0.0 0.0 0.0 0.0 0.0 0.0 0.72115 0.0 0.0 45.47487 -0.49999 0.07399 0.0 0.0 0.0 0.0 0.0 0.0 0.00600456620326 44 0 0.904702194357 1.86961953861 -3.63538679537
-0.12623 0.35028 3.35743 -0.12979 0.602990454698 4.02072 0.78258 0.98072 0.30541 0.41196 152.77952 195.62801 147.22542 138.42519 0.3 0.3 0.0 0.0 0.0 0.0 0.0 0.0 0.72115 0.0 0.0 45.47487 -0.49999 0.07399 0.0 0.0 0.0 0.0 0.0 0.0 0.00670270368822 45 0 0.932746700189 1.58404660985 -3.63538679537
-0.12623 0.35028 3.35743 -0.12979 0.573626927245 4.02072 0.78258 0.98072 0.30541 0.41196 152.77952 195.62801 147.22542 138.42519 0.3 0.3 0.0 0.0 0.0 0.0 0.0 0.0 0.72115 0.0 0.0 45.47487 -0.49999 0.07399 0.0 0.0 0.0 0.0 0.0 0.0 0.00519327510517 46 0 0.969773299748 1.14083215677 -3.63538679537
-0.12623 0.35028 3.35743 -0.12979 0.530466403697 4.02072 0.78258 0.98072 0.30541 0.41196 152.77952 195.62801 147.22542 138.42519 0.3 0.3 0.0 0.0 0.0 0.0 0.0 0.0 0.72115 0.0 0.0 45.47487 -0.49999 0.07399 0.0 0.0 0.0 0.0 0.0 0.0 0.00796341185684 47 0 0.938517179024 1.30015306751 -3.63538679537
-0.12623 0.35028 3.35743 -0.12979 0.407137786847 4.02072 0.78258 0.98072 0.30541 0.41196 152.77952 195.62801 147.22542 138.42519 0.3 0.3 0.0 0.0 0.0 0.0 0.0 0.0 0.72115 0.0 0.0 45.47487 -0.49999 0.07399 0.0 0.0 0.0 0.0 0.0 0.0 0.00707451625902 48 0 0.641472868217 2.60456934511 -3.63538679537
-0.12623 0.35028 3.35743 -0.12979 0.645421283862 4.02072 0.78258 0.98072 0.30541 0.41196 152.77952 195.62801 147.22542 138.42519 0.3 0.3 0.0 0.0 0.0 0.0 0.0 0.0 0.72115 0.0 0.0 45.47487 -0.49999 0.07399 0.0 0.0 0.0 0.0 0.0 0.0 0.00668009013018 49 0 0.884567126725 2.04208401404 -3.63538679537
-0.12623 0.35028 3.35743 -0.12979 0.311029134359 4.02072 0.78258 0.98072 0.30541 0.41196 152.77952 195.62801 147.22542 138.42519 0.3 0.3 0.0 0.0 0.0 0.0 0.0 0.0 0.72115 0.0 0.0 45.47487 -0.49999 0.07399 0.0 0.0 0.0 0.0 0.0 0.0 0.00701966614332 50 0 0.60217714003 3.21151657527 -3.63538679537
