-0.12623 0.35028 3.35743 -0.12979 0.523826090606 4.02072 0.78258 0.98072 0.30541 0.41196 152.77952 195.62801 147.22542 138.42519 0.3 0.3 0.0 0.0 0.0 0.0 0.0 0.0 0.72115 0.0 0.0 45.47487 -0.49999 0.07399 0.0 0.0 0.0 0.0 0.0 0.0 0.005 0 1 0.931302270012 1.51096523264 -211.108929458
-0.12623 0.35028 3.35743 -0.12979 0.568839320276 4.02072 0.78258 0.98072 0.30541 0.41196 152.77952 195.62801 147.22542 138.42519 0.3 0.3 0.0 0.0 0.0 0.0 0.0 0.0 0.72115 0.0 0.0 45.47487 -0.49999 0.07399 0.0 0.0 0.0 0.0 0.0 0.0 0.00531550215898 1 1 0.972344437461 1.42994667972 -23.3567124804
-0.12623 0.35028 3.35743 -0.12979 0.49670882427 4.02072 0.78258 0.98072 0.30541 0.41196 152.77952 195.62801 147.22542 138.42519 0.3 0.3 0.0 0.0 0.0 0.0 0.0 0.0 0.72115 0.0 0.0 45.47487 -0.49999 0.07399 0.0 0.0 0.0 0.0 0.0 0.0 0.00499533362515 2 0 0.859756097561 1.54857207909 -23.3567124804
-0.12623 0.35028 3.35743 -0.12979 0.470818591617 4.02072 0.78258 0.98072 0.30541 0.41196 152.77952 195.62801 147.22542 138.42519 0.3 0.3 0.0 0.0 0.0 0.0 0.0 0.0 0.72115 0.0 0.0 45.47487 -0.49999 0.07399 0.0 0.0 0.0 0.0 0.0 0.0 0.00589787461298 3 0 0.769464105157 1.72559452248 -23.3567124804
-0.12623 0.35028 3.35743 -0.12979 0.550867583255 4.02072 0.78258 0.98072 0.30541 0.41196 152.77952 195.62801 147.22542 138.42519 0.3 0.3 0.0 0.0 0.0 0.0 0.0 0.0 0.72115 0.0 0.0 45.47487 -0.49999 0.07399 0.0 0.0 0.0 0.0 0.0 0.0 0.00606935873032 4 1 0.976264834478 1.17800810251 -6.42566000997
-0.12623 0.35028 3.35743 -0.12979 0.536958683854 4.02072 0.78258 0.98072 0.30541 0.41196 152.77952 195.62801 147.22542 138.42519 0.3 0.3 0.0 0.0 0.0 0.0 0.0 0.0 0.72115 0.0 0.0 45.47487 -0.49999 0.07399 0.0 0.0 0.0 0.0 0.0 0.0 0.00552416741369 5 0 0.954740061162 1.25714235988 -6.42566000997
-0.12623 0.35028 3.35743 -0.12979 0.573936873169 4.02072 0.78258 0.98072 0.30541 0.41196 152.77952 195.62801 147.22542 138.42519 0.3 0.3 0.0 0.0 0.0 0.0 0.0 0.0 0.72115 0.0 0.0 45.47487 -0.49999 0.07399 0.0 0.0 0.0 0.0 0.0 0.0 0.0054438399424 6 0 0.970365699874 1.16852970295 -6.42566000997
-0.12623 0.35028 3.35743 -0.12979 0.582496084066 4.02072 0.78258 0.98072 0.30541 0.41196 152.77952 195.62801 147.22542 138.42519 0.3 0.3 0.0 0.0 0.0 0.0 0.0 0.0 0.72115 0.0 0.0 45.47487 -0.49999 0.07399 0.0 0.0 0.0 0.0 0.0 0.0 0.00548609963117 7 0 0.952291274325 1.39321533678 -6.42566000997
-0.12623 0.35028 3.35743 -0.12979 0.496079455484 4.02072 0.78258 0.98072 0.30541 0.41196 152.77952 195.62801 147.22542 138.42519 0.3 0.3 0.0 0.0 0.0 0.0 0.0 0.0 0.72115 0.0 0.0 45.47487 -0.49999 0.07399 0.0 0.0 0.0 0.0 0.0 0.0 0.00562601626103 8 0 0.856194690265 1.52070511376 -6.42566000997
-0.12623 0.35028 3.35743 -0.12979 0.491595871902 4.02072 0.78258 0.98072 0.30541 0.41196 152.77952 195.62801 147.22542 138.42519 0.3 0.3 0.0 0.0 0.0 0.0 0.0 0.0 0.72115 0.0 0.0 45.47487 -0.49999 0.07399 0.0 0.0 0.0 0.0 0.0 0.0 0.00476131978762 9 0 0.845733041575 1.63608826296 -6.42566000997
-0.12623 0.35028 3.35743 -0.12979 0.78919392412 4.02072 0.78258 0.98072 0.30541 0.41196 152.77952 195.62801 147.22542 138.42519 0.3 0.3 0.0 0.0 0.0 0.0 0.0 0.0 0.72115 0.0 0.0 45.47487 -0.49999 0.07399 0.0 0.0 0.0 0.0 0.0 0.0 0.00694949251546 10 0 0.767935121647 2.58436959743 -6.42566000997
-0.12623 0.35028 3.35743 -0.12979 0.730002006006 4.02072 0.78258 0.98072 0.30541 0.41196 152.77952 195.62801 147.22542 138.42519 0.3 0.3 0.0 0.0 0.0 0.0 0.0 0.0 0.72115 0.0 0.0 45.47487 -0.49999 0.07399 0.0 0.0 0.0 0.0 0.0 0.0 0.00576628036733 11 0 0.816135084428 2.1358214855 -6.42566000997
-0.12623 0.35028 3.35743 -0.12979 0.610902689944 4.02072 0.78258 0.98072 0.30541 0.41196 152.77952 195.62801 147.22542 138.42519 0.3 0.3 0.0 0.0 0.0 0.0 0.0 0.0 0.72115 0.0 0.0 45.47487 -0.49999 0.07399 0.0 0.0 0.0 0.0 0.0 0.0 0.00596678236032 12 0 0.922738693467 1.55574741214 -6.42566000997
-0.12623 0.35028 3.35743 -0.12979 0.509245433254 4.02072 0.78258 0.98072 0.30541 0.41196 152.77952 195.62801 147.22542 138.42519 0.3 0.3 0.0 0.0 0.0 0.0 0.0 0.0 0.72115 0.0 0.0 45.47487 -0.49999 0.07399 0.0 0.0 0.0 0.0 0.0 0.0 0.00634229069965 13 0 0.894280762565 1.52613237438 -6.42566000997
-0.12623 0.35028 3.35743 -0.12979 0.513607838758 4.02072 0.78258 0.98072 0.30541 0.41196 152.77952 195.62801 147.22542 138.42519 0.3 0.3 0.0 0.0 0.0 0.0 0.0 0.0 0.72115 0.0 0.0 45.47487 -0.49999 0.07399 0.0 0.0 0.0 0.0 0.0 0.0 0.006021836004 14 0 0.905066977286 1.53778311027 -6.42566000997
-0.12623 0.35028 3.35743 -0.12979 0.579921684231 4.02072 0.78258 0.98072 0.30541 0.41196 152.77952 195.62801 147.22542 138.42519 0.3 0.3 0.0 0.0 0.0 0.0 0.0 0.0 0.72115 0.0 0.0 45.47487 -0.49999 0.07399 0.0 0.0 0.0 0.0 0.0 0.0 0.00632838514491 15 0 0.959798994975 1.23481928415 -6.42566000997
-0.12623 0.35028 3.35743 -0.12979 0.465006991884 4.02072 0.78258 0.98072 0.30541 0.41196 152.77952 195.62801 147.22542 138.42519 0.3 0.3 0.0 0.0 0.0 0.0 0.0 0.0 0.72115 0.0 0.0 45.47487 -0.49999 0.07399 0.0 0.0 0.0 0.0 0.0 0.0 0.00516199580518 16 0 0.763763763764 1.7982925703 -6.42566000997
-0.12623 0.35028 3.35743 -0.12979 0.590557266336 4.02072 0.78258 0.98072 0.30541 0.41196 152.77952 195.62801 147.22542 138.42519 0.3 0.3 0.0 0.0 0.0 0.0 0.0 0.0 0.72115 0.0 0.0 45.47487 -0.49999 0.07399 0.0 0.0 0.0 0.0 0.0 0.0 0.00611497816221 17 0 0.946608040201 1.50851410904 -6.42566000997
-0.12623 0.35028 3.35743 -0.12979 0.384296038692 4.02072 0.78258 0.98072 0.30541 0.41196 152.77952 195.62801 147.22542 138.42519 0.3 0.3 0.0 0.0 0.0 0.0 0.0 0.0 0.72115 0.0 0.0 45.47487 -0.49999 0.07399 0.0 0.0 0.0 0.0 0.0 0.0 0.0056608498302 18 0 0.59423828125 3.29503508917 -6.42566000997
-0.12623 0.35028 3.35743 -0.12979 0.263055168757 4.02072 0.78258 0.98072 0.30541 0.41196 152.77952 195.62801 147.22542 138.42519 0.3 0.3 0.0 0.0 0.0 0.0 0.0 0.0 0.72115 0.0 0.0 45.47487 -0.49999 0.07399 0.0 0.0 0.0 0.0 0.0 0.0 0.00586593295498 19 0 0.585643564356 3.23080331644 -6.42566000997
-0.12623 0.35028 3.35743 -0.12979 0.606810519476 4.02072 0.78258 0.98072 0.30541 0.41196 152.77952 195.62801 147.22542 138.42519 0.3 0.3 0.0 0.0 0.0 0.0 0.0 0.0 0.72115 0.0 0.0 45.47487 -0.49999 0.07399 0.0 0.0 0.0 0.0 0.0 0.0 0.00639994381333 20 0 0.927135678392 1.58355105694 -6.42566000997
-0.12623 0.35028 3.35743 -0.12979 0.448625303178 4.02072 0.78258 0.98072 0.30541 0.41196 152.77952 195.62801 147.22542 138.42519 0.3 0.3 0.0 0.0 0.0 0.0 0.0 0.0 0.72115 0.0 0.0 45.47487 -0.49999 0.07399 0.0 0.0 0.0 0.0 0.0 0.0 0.00675477494703 21 0 0.72603406326 1.84342881277 -6.42566000997
-0.12623 0.35028 3.35743 -0.12979 0.551875909327 4.02072 0.78258 0.98072 0.30541 0.41196 152.77952 195.62801 147.22542 138.42519 0.3 0.3 0.0 0.0 0.0 0.0 0.0 0.0 0.72115 0.0 0.0 45.47487 -0.49999 0.07399 0.0 0.0 0.0 0.0 0.0 0.0 0.00375582342626 22 0 0.979336255479 1.16199743577 -6.42566000997
-0.12623 0.35028 3.35743 -0.12979 0.581103949122 4.02072 0.78258 0.98072 0.30541 0.41196 152.77952 195.62801 147.22542 138.42519 0.3 0.3 0.0 0.0 0.0 0.0 0.0 0.0 0.72115 0.0 0.0 45.47487 -0.49999 0.07399 0.0 0.0 0.0 0.0 0.0 0.0 0.00649175233875 23 0 0.956002514142 1.32565613002 -6.42566000997
-0.12623 0.35028 3.35743 -0.12979 0.547694160865 4.02072 0.78258 0.98072 0.30541 0.41196 152.77952 195.62801 147.22542 138.42519 0.3 0.3 0.0 0.0 0.0 0.0 0.0 0.0 0.72115 0.0 0.0 45.47487 -0.49999 0.07399 0.0 0.0 0.0 0.0 0.0 0.0 0.00681514569653 24 0 0.970149253731 1.33227157046 -6.42566000997
-0.12623 0.35028 3.35743 -0.12979 0.486712604054 4.02072 0.78258 0.98072 0.30541 0.41196 152.77952 195.62801 147.22542 138.42519 0.3 0.3 0.0 0.0 0.0 0.0 0.0 0.0 0.72115 0.0 0.0 45.47487 -0.49999 0.07399 0.0 0.0 0.0 0.0 0.0 0.0 0.00554885470835 25 0 0.827956989247 1.63792260666 -6.42566000997
-0.12623 0.35028 3.35743 -0.12979 0.677658092265 4.02072 0.78258 0.98072 0.30541 0.41196 152.77952 195.62801 147.22542 138.42519 0.3 0.3 0.0 0.0 0.0 0.0 0.0 0.0 0.72115 0.0 0.0 45.47487 -0.49999 0.07399 0.0 0.0 0.0 0.0 0.0 0.0 0.00531002643947 26 0 0.853918495298 2.08136769693 -6.42566000997
-0.12623 0.35028 3.35743 -0.12979 0.506223391764 4.02072 0.78258 0.98072 0.30541 0.41196 152.77952 195.62801 147.22542 138.42519 0.3 0.3 0.0 0.0 0.0 0.0 0.0 0.0 0.72115 0.0 0.0 45.47487 -0.49999 0.07399 0.0 0.0 0.0 0.0 0.0 0.0 0.00588184029684 27 0 0.888316151203 1.50897163916 -6.42566000997
-0.12623 0.35028 3.35743 -0.12979 0.511385304598 4.02072 0.78258 0.98072 0.30541 0.41196 152.77952 195.62801 147.22542 138.42519 0.3 0.3 0.0 0.0 0.0 0.0 0.0 0.0 0.72115 0.0 0.0 45.47487 -0.49999 0.07399 0.0 0.0 0.0 0.0 0.0 0.0 0.00728035044705 28 0 0.906449738524 1.60376240904 -6.42566000997
-0.12623 0.35028 3.35743 -0.12979 0.520410140381 4.02072 0.78258 0.98072 0.30541 0.41196 152.77952 195.62801 147.22542 138.42519 0.3 0.3 0.0 0.0 0.0 0.0 0.0 0.0 0.72115 0.0 0.0 45.47487 -0.49999 0.07399 0.0 0.0 0.0 0.0 0.0 0.0 0.00475977453787 29 0 0.924080664294 1.50059186984 -6.42566000997
-0.12623 0.35028 3.35743 -0.12979 0.556543083409 4.02072 0.78258 0.98072 0.30541 0.41196 152.77952 195.62801 147.22542 138.42519 0.3 0.3 0.0 0.0 0.0 0.0 0.0 0.0 0.72115 0.0 0.0 45.47487 -0.49999 0.07399 0.0 0.0 0.0 0.0 0.0 0.0 0.00647539563668 30 1 0.983658076681 0.746187974073 2.34767851773
-0.12623 0.35028 3.35743 -0.12979 0.464917320494 4.02072 0.78258 0.98072 0.30541 0.41196 152.77952 195.62801 147.22542 138.42519 0.3 0.3 0.0 0.0 0.0 0.0 0.0 0.0 0.72115 0.0 0.0 45.47487 -0.49999 0.07399 0.0 0.0 0.0 0.0 0.0 0.0 0.00559231297478 31 0 0.762762762763 1.7957920676 2.34767851773
-0.12623 0.35028 3.35743 -0.12979 0.580402687755 4.02072 0.78258 0.98072 0.30541 0.41196 152.77952 195.62801 147.22542 138.42519 0.3 0.3 0.0 0.0 0.0 0.0 0.0 0.0 0.72115 0.0 0.0 45.47487 -0.49999 0.07399 0.0 0.0 0.0 0.0 0.0 0.0 0.00599855109329 32 0 0.958516656191 1.24742395915 2.34767851773
-0.12623 0.35028 3.35743 -0.12979 0.617590469191 4.02072 0.78258 0.98072 0.30541 0.41196 152.77952 195.62801 147.22542 138.42519 0.3 0.3 0.0 0.0 0.0 0.0 0.0 0.0 0.72115 0.0 0.0 45.47487 -0.49999 0.07399 0.0 0.0 0.0 0.0 0.0 0.0 0.0054925267699 33 0 0.91776522285 1.72537133634 2.34767851773
-0.12623 0.35028 3.35743 -0.12979 0.640804528972 4.02072 0.78258 0.98072 0.30541 0.41196 152.77952 195.62801 147.22542 138.42519 0.3 0.3 0.0 0.0 0.0 0.0 0.0 0.0 0.72115 0.0 0.0 45.47487 -0.49999 0.07399 0.0 0.0 0.0 0.0 0.0 0.0 0.00578531809374 34 0 0.892789968652 1.98217567254 2.34767851773
-0.12623 0.35028 3.35743 -0.12979 0.402999708331 4.02072 0.78258 0.98072 0.30541 0.41196 152.77952 195.62801 147.22542 138.42519 0.3 0.3 0.0 0.0 0.0 0.0 0.0 0.0 0.72115 0.0 0.0 45.47487 -0.49999 0.07399 0.0 0.0 0.0 0.0 0.0 0.0 0.00705941110506 35 0 0.626389560174 2.73523443949 2.34767851773
-0.12623 0.35028 3.35743 -0.12979 0.483001137806 4.02072 0.78258 0.98072 0.30541 0.41196 152.77952 195.62801 147.22542 138.42519 0.3 0.3 0.0 0.0 0.0 0.0 0.0 0.0 0.72115 0.0 0.0 45.47487 -0.49999 0.07399 0.0 0.0 0.0 0.0 0.0 0.0 0.00595474543992 36 0 0.811839323467 1.75608464753 2.34767851773
-0.12623 0.35028 3.35743 -0.12979 0.438819237419 4.02072 0.78258 0.98072 0.30541 0.41196 152.77952 195.62801 147.22542 138.42519 0.3 0.3 0.0 0.0 0.0 0.0 0.0 0.0 0.72115 0.0 0.0 45.47487 -0.49999 0.07399 0.0 0.0 0.0 0.0 0.0 0.0 0.00583369179022 37 0 0.714563106796 1.90168664717 2.34767851773
-0.12623 0.35028 3.35743 -0.12979 0.421455287078 4.02072 0.78258 0.98072 0.30541 0.41196 152.77952 195.62801 147.22542 138.42519 0.3 0.3 0.0 0.0 0.0 0.0 0.0 0.0 0.72115 0.0 0.0 45.47487 -0.49999 0.07399 0.0 0.0 0.0 0.0 0.0 0.0 0.00717084825944 38 0 0.681751824818 2.29607187478 2.34767851773
-0.12623 0.35028 3.35743 -0.12979 0.381810789628 4.02072 0.78258 0.98072 0.30541 0.41196 152.77952 195.62801 147.22542 138.42519 0.3 0.3 0.0 0.0 0.0 0.0 0.0 0.0 0.72115 0.0 0.0 45.47487 -0.49999 0.07399 0.0 0.0 0.0 0.0 0.0 0.0 0.00615727342502 39 0 0.58820662768 3.3502787883 2.34767851773
-0.12623 0.35028 3.35743 -0.12979 0.555307206496 4.02072 0.78258 0.98072 0.30541 0.41196 152.77952 195.62801 147.22542 138.42519 0.3 0.3 0.0 0.0 0.0 0.0 0.0 0.0 0.72115 0.0 0.0 45.47487 -0.49999 0.07399 0.0 0.0 0.0 0.0 0.0 0.0 0.00651906950449 40 0 0.979912115505 1.11142080674 2.34767851773
-0.12623 0.35028 3.35743 -0.12979 0.571650056025 4.02072 0.78258 0.98072 0.30541 0.41196 152.77952 195.62801 147.22542 138.42519 0.3 0.3 0.0 0.0 0.0 0.0 0.0 0.0 0.72115 0.0 0.0 45.47487 -0.49999 0.07399 0.0 0.0 0.0 0.0 0.0 0.0 0.00709630544565 41 0 0.971050975456 1.28495335669 2.34767851773
-0.12623 0.35028 3.35743 -0.12979 0.54466705943 4.02072 0.78258 0.98072 0.30541 0.41196 152.77952 195.62801 147.22542 138.42519 0.3 0.3 0.0 0.0 0.0 0.0 0.0 0.0 0.72115 0.0 0.0 45.47487 -0.49999 0.07399 0.0 0.0 0.0 0.0 0.0 0.0 0.00703895102176 42 0 0.967761934284 1.21176055005 2.34767851773
-0.12623 0.35028 3.35743 -0.12979 0.72072535656 4.02072 0.78258 0.98072 0.30541 0.41196 152.77952 195.62801 147.22542 138.42519 0.3 0.3 0.0 0.0 0.0 0.0 0.0 0.0 0.72115 0.0 0.0 45.47487 -0.49999 0.07399 0.0 0.0 0.0 0.0 0.0 0.0 0.00647946415603 43 0 0.823639774859 2.2270798661 2.34767851773
-0.12623 0.35028 3.35743 -0.12979 0.352172458453 4.02072 0.78258 0.98072 0.30541 0.41196 152.77952 195.62801 147.22542 138.42519 0.3 0.3 0.0 0.0 0.0 0.0 0.0 0.0 0.72115 0.0 0.0 45.47487 -0.49999 0.07399 0.0 0.0 0.0 0.0 0.0 0.0 0.00596473541598 44 0 0.595555555556 3.47880078732 2.34767851773
-0.12623 0.35028 3.35743 -0.12979 0.469124693976 4.02072 0.78258 0.98072 0.30541 0.41196 152.77952 195.62801 147.22542 138.42519 0.3 0.3 0.0 0.0 0.0 0.0 0.0 0.0 0.72115 0.0 0.0 45.47487 -0.49999 0.07399 0.0 0.0 0.0 0.0 0.0 0.0 0.00626725109819 45 0 0.766129032258 1.73463927429 2.34767851773
-0.12623 0.35028 3.35743 -0.12979 0.609517929083 4.02072 0.78258 0.98072 0.30541 0.41196 152.77952 195.62801 147.22542 138.42519 0.3 0.3 0.0 0.0 0.0 0.0 0.0 0.0 0.72115 0.0 0.0 45.47487 -0.49999 0.07399 0.0 0.0 0.0 0.0 0.0 0.0 0.00635579585077 46 0 0.923414940364 1.59681363221 2.34767851773
-0.12623 0.35028 3.35743 -0.12979 0.563609282007 4.02072 0.78258 0.98072 0.30541 0.41196 152.77952 195.62801 147.22542 138.42519 0.3 0.3 0.0 0.0 0.0 0.0 0.0 0.0 0.72115 0.0 0.0 45.47487 -0.49999 0.07399 0.0 0.0 0.0 0.0 0.0 0.0 0.0063424287339 47 0 0.984227129338 1.05911799399 2.34767851773
-0.12623 0.35028 3.35743 -0.12979 1.02316110966 4.02072 0.78258 0.98072 0.30541 0.41196 152.77952 195.62801 147.22542 138.42519 0.3 0.3 0.0 0.0 0.0 0.0 0.0 0.0 0.72115 0.0 0.0 45.47487 -0.49999 0.07399 0.0 0.0 0.0 0.0 0.0 0.0 0.00646345819051 48 0 0.733668341709 3.13752857633 2.34767851773
-0.12623 0.35028 3.35743 -0.12979 0.537755761226 4.02072 0.78258 0.98072 0.30541 0.41196 152.77952 195.62801 147.22542 138.42519 0.3 0.3 0.0 0.0 0.0 0.0 0.0 0.0 0.72115 0.0 0.0 45.47487 -0.49999 0.07399 0.0 0.0 0.0 0.0 0.0 0.0 0.00636164575049 49 0 0.955269607843 1.21633209979 2.34767851773
-0.12623 0.35028 3.35743 -0.12979 0.634345935322 4.02072 0.78258 0.98072 0.30541 0.41196 152.77952 195.62801 147.22542 138.42519 0.3 0.3 0.0 0.0 0.0 0.0 0.0 0.0 0.72115 0.0 0.0 45.47487 -0.49999 0.07399 0.0 0.0 0.0 0.0 0.0 0.0 0.00707810766067 50 0 0.894670846395 1.95050877081 2.34767851773
