-0.12623 0.35028 3.35743 -0.12979 0.428135665557 4.02072 0.78258 0.98072 0.30541 0.41196 152.77952 195.62801 147.22542 138.42519 0.3 0.3 0.0 0.0 0.0 0.0 0.0 0.0 0.72115 0.0 0.0 45.47487 -0.49999 0.07399 0.0 0.0 0.0 0.0 0.0 0.0 0.005 0 1 0.699365544168 2.12270283535 -8140.52337109
-0.12623 0.35028 3.35743 -0.12979 0.47109851144 4.02072 0.78258 0.98072 0.30541 0.41196 152.77952 195.62801 147.22542 138.42519 0.3 0.3 0.0 0.0 0.0 0.0 0.0 0.0 0.72115 0.0 0.0 45.47487 -0.49999 0.07399 0.0 0.0 0.0 0.0 0.0 0.0 0.00425878459685 1 1 0.771139240506 1.73271077777 -4330.50385243
-0.12623 0.35028 3.35743 -0.12979 0.359238825887 4.02072 0.78258 0.98072 0.30541 0.41196 152.77952 195.62801 147.22542 138.42519 0.3 0.3 0.0 0.0 0.0 0.0 0.0 0.0 0.72115 0.0 0.0 45.47487 -0.49999 0.07399 0.0 0.0 0.0 0.0 0.0 0.0 0.00474192100308 2 0 0.588669950739 3.46111061442 -4330.50385243
-0.12623 0.35028 3.35743 -0.12979 0.351779654847 4.02072 0.78258 0.98072 0.30541 0.41196 152.77952 195.62801 147.22542 138.42519 0.3 0.3 0.0 0.0 0.0 0.0 0.0 0.0 0.72115 0.0 0.0 45.47487 -0.49999 0.07399 0.0 0.0 0.0 0.0 0.0 0.0 0.00430868240014 3 0 0.593580246914 3.46118084155 -4330.50385243
-0.12623 0.35028 3.35743 -0.12979 0.504090383006 4.02072 0.78258 0.98072 0.30541 0.41196 152.77952 195.62801 147.22542 138.42519 0.3 0.3 0.0 0.0 0.0 0.0 0.0 0.0 0.72115 0.0 0.0 45.47487 -0.49999 0.07399 0.0 0.0 0.0 0.0 0.0 0.0 0.00335862155009 4 1 0.883959044369 1.57452800137 -1474.91440212
-0.12623 0.35028 3.35743 -0.12979 0.538807515485 4.02072 0.78258 0.98072 0.30541 0.41196 152.77952 195.62801 147.22542 138.42519 0.3 0.3 0.0 0.0 0.0 0.0 0.0 0.0 0.72115 0.0 0.0 45.47487 -0.49999 0.07399 0.0 0.0 0.0 0.0 0.0 0.0 0.00295485883046 5 1 0.955773955774 1.2540330368 -171.239779205
-0.12623 0.35028 3.35743 -0.12979 0.471357021834 4.02072 0.78258 0.98072 0.30541 0.41196 152.77952 195.62801 147.22542 138.42519 0.3 0.3 0.0 0.0 0.0 0.0 0.0 0.0 0.72115 0.0 0.0 45.47487 -0.49999 0.07399 0.0 0.0 0.0 0.0 0.0 0.0 0.00283360496814 6 0 0.771529888551 1.72597922226 -171.239779205
-0.12623 0.35028 3.35743 -0.12979 0.155752256818 4.02072 0.78258 0.98072 0.30541 0.41196 152.77952 195.62801 147.22542 138.42519 0.3 0.3 0.0 0.0 0.0 0.0 0.0 0.0 0.72115 0.0 0.0 45.47487 -0.49999 0.07399 0.0 0.0 0.0 0.0 0.0 0.0 0.00240108059897 7 0 0.586382113821 3.19733833665 -171.239779205
-0.12623 0.35028 3.35743 -0.12979 0.717627777642 4.02072 0.78258 0.98072 0.30541 0.41196 152.77952 195.62801 147.22542 138.42519 0.3 0.3 0.0 0.0 0.0 0.0 0.0 0.0 0.72115 0.0 0.0 45.47487 -0.49999 0.07399 0.0 0.0 0.0 0.0 0.0 0.0 0.00293016070548 8 0 0.825923606763 2.24995108438 -171.239779205
-0.12623 0.35028 3.35743 -0.12979 0.521887376951 4.02072 0.78258 0.98072 0.30541 0.41196 152.77952 195.62801 147.22542 138.42519 0.3 0.3 0.0 0.0 0.0 0.0 0.0 0.0 0.72115 0.0 0.0 45.47487 -0.49999 0.07399 0.0 0.0 0.0 0.0 0.0 0.0 0.00242419237287 9 0 0.923214285714 1.52220103731 -171.239779205
-0.12623 0.35028 3.35743 -0.12979 0.464157182765 4.02072 0.78258 0.98072 0.30541 0.41196 152.77952 195.62801 147.22542 138.42519 0.3 0.3 0.0 0.0 0.0 0.0 0.0 0.0 0.72115 0.0 0.0 45.47487 -0.49999 0.07399 0.0 0.0 0.0 0.0 0.0 0.0 0.00353984500703 10 0 0.758225324028 1.855614324 -171.239779205
-0.12623 0.35028 3.35743 -0.12979 0.459850386205 4.02072 0.78258 0.98072 0.30541 0.41196 152.77952 195.62801 147.22542 138.42519 0.3 0.3 0.0 0.0 0.0 0.0 0.0 0.0 0.72115 0.0 0.0 45.47487 -0.49999 0.07399 0.0 0.0 0.0 0.0 0.0 0.0 0.00338160249227 11 0 0.737954768928 1.85651198881 -171.239779205
-0.12623 0.35028 3.35743 -0.12979 0.335686137182 4.02072 0.78258 0.98072 0.30541 0.41196 152.77952 195.62801 147.22542 138.42519 0.3 0.3 0.0 0.0 0.0 0.0 0.0 0.0 0.72115 0.0 0.0 45.47487 -0.49999 0.07399 0.0 0.0 0.0 0.0 0.0 0.0 0.00288817420004 12 0 0.603754940711 3.3958908704 -171.239779205
-0.12623 0.35028 3.35743 -0.12979 0.45728167591 4.02072 0.78258 0.98072 0.30541 0.41196 152.77952 195.62801 147.22542 138.42519 0.3 0.3 0.0 0.0 0.0 0.0 0.0 0.0 0.72115 0.0 0.0 45.47487 -0.49999 0.07399 0.0 0.0 0.0 0.0 0.0 0.0 0.00404360303309 13 0 0.737849779087 1.77396466697 -171.239779205
-0.12623 0.35028 3.35743 -0.12979 0.391457616664 4.02072 0.78258 0.98072 0.30541 0.41196 152.77952 195.62801 147.22542 138.42519 0.3 0.3 0.0 0.0 0.0 0.0 0.0 0.0 0.72115 0.0 0.0 45.47487 -0.49999 0.07399 0.0 0.0 0.0 0.0 0.0 0.0 0.00287679562599 14 0 0.59912959381 3.1464973354 -171.239779205
-0.12623 0.35028 3.35743 -0.12979 0.692394540533 4.02072 0.78258 0.98072 0.30541 0.41196 152.77952 195.62801 147.22542 138.42519 0.3 0.3 0.0 0.0 0.0 0.0 0.0 0.0 0.72115 0.0 0.0 45.47487 -0.49999 0.07399 0.0 0.0 0.0 0.0 0.0 0.0 0.00389280315187 15 0 0.839699436443 2.05266645007 -171.239779205
-0.12623 0.35028 3.35743 -0.12979 0.534811404683 4.02072 0.78258 0.98072 0.30541 0.41196 152.77952 195.62801 147.22542 138.42519 0.3 0.3 0.0 0.0 0.0 0.0 0.0 0.0 0.72115 0.0 0.0 45.47487 -0.49999 0.07399 0.0 0.0 0.0 0.0 0.0 0.0 0.00342055760319 16 0 0.945155393053 1.28526589381 -171.239779205
-0.12623 0.35028 3.35743 -0.12979 0.469873273073 4.02072 0.78258 0.98072 0.30541 0.41196 152.77952 195.62801 147.22542 138.42519 0.3 0.3 0.0 0.0 0.0 0.0 0.0 0.0 0.72115 0.0 0.0 45.47487 -0.49999 0.07399 0.0 0.0 0.0 0.0 0.0 0.0 0.00302249661056 17 0 0.770126582278 1.74640613093 -171.239779205
-0.12623 0.35028 3.35743 -0.12979 0.592948621849 4.02072 0.78258 0.98072 0.30541 0.41196 152.77952 195.62801 147.22542 138.42519 0.3 0.3 0.0 0.0 0.0 0.0 0.0 0.0 0.72115 0.0 0.0 45.47487 -0.49999 0.07399 0.0 0.0 0.0 0.0 0.0 0.0 0.0032428320995 18 0 0.944688874921 1.53829410427 -171.239779205
-0.12623 0.35028 3.35743 -0.12979 0.492492704173 4.02072 0.78258 0.98072 0.30541 0.41196 152.77952 195.62801 147.22542 138.42519 0.3 0.3 0.0 0.0 0.0 0.0 0.0 0.0 0.72115 0.0 0.0 45.47487 -0.49999 0.07399 0.0 0.0 0.0 0.0 0.0 0.0 0.002684259614 19 0 0.847207009858 1.6245283015 -171.239779205
-0.12623 0.35028 3.35743 -0.12979 0.539286603889 4.02072 0.78258 0.98072 0.30541 0.41196 152.77952 195.62801 147.22542 138.42519 0.3 0.3 0.0 0.0 0.0 0.0 0.0 0.0 0.72115 0.0 0.0 45.47487 -0.49999 0.07399 0.0 0.0 0.0 0.0 0.0 0.0 0.00254979958215 20 0 0.956388206388 1.23105713226 -171.239779205
-0.12623 0.35028 3.35743 -0.12979 0.877183565246 4.02072 0.78258 0.98072 0.30541 0.41196 152.77952 195.62801 147.22542 138.42519 0.3 0.3 0.0 0.0 0.0 0.0 0.0 0.0 0.72115 0.0 0.0 45.47487 -0.49999 0.07399 0.0 0.0 0.0 0.0 0.0 0.0 0.00238229087225 21 0 0.709835064142 2.87302256961 -171.239779205
-0.12623 0.35028 3.35743 -0.12979 0.489422107547 4.02072 0.78258 0.98072 0.30541 0.41196 152.77952 195.62801 147.22542 138.42519 0.3 0.3 0.0 0.0 0.0 0.0 0.0 0.0 0.72115 0.0 0.0 45.47487 -0.49999 0.07399 0.0 0.0 0.0 0.0 0.0 0.0 0.0027654358803 22 0 0.839217816404 1.63130814696 -171.239779205
-0.12623 0.35028 3.35743 -0.12979 0.611357880264 4.02072 0.78258 0.98072 0.30541 0.41196 152.77952 195.62801 147.22542 138.42519 0.3 0.3 0.0 0.0 0.0 0.0 0.0 0.0 0.72115 0.0 0.0 45.47487 -0.49999 0.07399 0.0 0.0 0.0 0.0 0.0 0.0 0.00277476685408 23 0 0.922159447583 1.60956951783 -171.239779205
-0.12623 0.35028 3.35743 -0.12979 0.395277743924 4.02072 0.78258 0.98072 0.30541 0.41196 152.77952 195.62801 147.22542 138.42519 0.3 0.3 0.0 0.0 0.0 0.0 0.0 0.0 0.72115 0.0 0.0 45.47487 -0.49999 0.07399 0.0 0.0 0.0 0.0 0.0 0.0 0.00380915403379 24 0 0.608695652174 2.95364503522 -171.239779205
-0.12623 0.35028 3.35743 -0.12979 0.359795599293 4.02072 0.78258 0.98072 0.30541 0.41196 152.77952 195.62801 147.22542 138.42519 0.3 0.3 0.0 0.0 0.0 0.0 0.0 0.0 0.72115 0.0 0.0 45.47487 -0.49999 0.07399 0.0 0.0 0.0 0.0 0.0 0.0 0.00307861216262 25 0 0.588380108321 3.40632691031 -171.239779205
-0.12623 0.35028 3.35743 -0.12979 0.458711374971 4.02072 0.78258 0.98072 0.30541 0.41196 152.77952 195.62801 147.22542 138.42519 0.3 0.3 0.0 0.0 0.0 0.0 0.0 0.0 0.72115 0.0 0.0 45.47487 -0.49999 0.07399 0.0 0.0 0.0 0.0 0.0 0.0 0.00274207341649 26 0 0.74311023622 1.82080298431 -171.239779205
-0.12623 0.35028 3.35743 -0.12979 0.520313472607 4.02072 0.78258 0.98072 0.30541 0.41196 152.77952 195.62801 147.22542 138.42519 0.3 0.3 0.0 0.0 0.0 0.0 0.0 0.0 0.72115 0.0 0.0 45.47487 -0.49999 0.07399 0.0 0.0 0.0 0.0 0.0 0.0 0.00335301752361 27 0 0.922848664688 1.4929894576 -171.239779205
-0.12623 0.35028 3.35743 -0.12979 0.464041229502 4.02072 0.78258 0.98072 0.30541 0.41196 152.77952 195.62801 147.22542 138.42519 0.3 0.3 0.0 0.0 0.0 0.0 0.0 0.0 0.72115 0.0 0.0 45.47487 -0.49999 0.07399 0.0 0.0 0.0 0.0 0.0 0.0 0.00351894685092 28 0 0.759840558047 1.86181355731 -171.239779205
-0.12623 0.35028 3.35743 -0.12979 0.574110288592 4.02072 0.78258 0.98072 0.30541 0.41196 152.77952 195.62801 147.22542 138.42519 0.3 0.3 0.0 0.0 0.0 0.0 0.0 0.0 0.72115 0.0 0.0 45.47487 -0.49999 0.07399 0.0 0.0 0.0 0.0 0.0 0.0 0.00244903325882 29 1 0.970365699874 1.19039359214 -98.6480483507
-0.12623 0.35028 3.35743 -0.12979 0.464549396066 4.02072 0.78258 0.98072 0.30541 0.41196 152.77952 195.62801 147.22542 138.42519 0.3 0.3 0.0 0.0 0.0 0.0 0.0 0.0 0.72115 0.0 0.0 45.47487 -0.49999 0.07399 0.0 0.0 0.0 0.0 0.0 0.0 0.00273297953851 30 0 0.760619690155 1.83009620404 -98.6480483507
-0.12623 0.35028 3.35743 -0.12979 0.606679186875 4.02072 0.78258 0.98072 0.30541 0.41196 152.77952 195.62801 147.22542 138.42519 0.3 0.3 0.0 0.0 0.0 0.0 0.0 0.0 0.72115 0.0 0.0 45.47487 -0.49999 0.07399 0.0 0.0 0.0 0.0 0.0 0.0 0.00167058516257 31 0 0.926507537688 1.59603578431 -98.6480483507
-0.12623 0.35028 3.35743 -0.12979 0.716100309861 4.02072 0.78258 0.98072 0.30541 0.41196 152.77952 195.62801 147.22542 138.42519 0.3 0.3 0.0 0.0 0.0 0.0 0.0 0.0 0.72115 0.0 0.0 45.47487 -0.49999 0.07399 0.0 0.0 0.0 0.0 0.0 0.0 0.00221501341144 32 0 0.824155193992 2.22983498235 -98.6480483507
-0.12623 0.35028 3.35743 -0.12979 0.744451385548 4.02072 0.78258 0.98072 0.30541 0.41196 152.77952 195.62801 147.22542 138.42519 0.3 0.3 0.0 0.0 0.0 0.0 0.0 0.0 0.72115 0.0 0.0 45.47487 -0.49999 0.07399 0.0 0.0 0.0 0.0 0.0 0.0 0.00267142317041 33 0 0.806754221388 2.25913818592 -98.6480483507
-0.12623 0.35028 3.35743 -0.12979 0.60287441369 4.02072 0.78258 0.98072 0.30541 0.41196 152.77952 195.62801 147.22542 138.42519 0.3 0.3 0.0 0.0 0.0 0.0 0.0 0.0 0.72115 0.0 0.0 45.47487 -0.49999 0.07399 0.0 0.0 0.0 0.0 0.0 0.0 0.00255754744569 34 0 0.932746700189 1.60150605209 -98.6480483507
-0.12623 0.35028 3.35743 -0.12979 0.656714196128 4.02072 0.78258 0.98072 0.30541 0.41196 152.77952 195.62801 147.22542 138.42519 0.3 0.3 0.0 0.0 0.0 0.0 0.0 0.0 0.72115 0.0 0.0 45.47487 -0.49999 0.07399 0.0 0.0 0.0 0.0 0.0 0.0 0.00257585754802 35 0 0.871311989956 2.08424844269 -98.6480483507
-0.12623 0.35028 3.35743 -0.12979 0.501611372592 4.02072 0.78258 0.98072 0.30541 0.41196 152.77952 195.62801 147.22542 138.42519 0.3 0.3 0.0 0.0 0.0 0.0 0.0 0.0 0.72115 0.0 0.0 45.47487 -0.49999 0.07399 0.0 0.0 0.0 0.0 0.0 0.0 0.00200294259111 36 0 0.877966101695 1.57364572568 -98.6480483507
-0.12623 0.35028 3.35743 -0.12979 0.593115742948 4.02072 0.78258 0.98072 0.30541 0.41196 152.77952 195.62801 147.22542 138.42519 0.3 0.3 0.0 0.0 0.0 0.0 0.0 0.0 0.72115 0.0 0.0 45.47487 -0.49999 0.07399 0.0 0.0 0.0 0.0 0.0 0.0 0.00300523974963 37 0 0.941582914573 1.56873596673 -98.6480483507
-0.12623 0.35028 3.35743 -0.12979 0.679996136284 4.02072 0.78258 0.98072 0.30541 0.41196 152.77952 195.62801 147.22542 138.42519 0.3 0.3 0.0 0.0 0.0 0.0 0.0 0.0 0.72115 0.0 0.0 45.47487 -0.49999 0.07399 0.0 0.0 0.0 0.0 0.0 0.0 0.00213189551487 38 0 0.850438047559 2.1155247068 -98.6480483507
-0.12623 0.35028 3.35743 -0.12979 0.685058080941 4.02072 0.78258 0.98072 0.30541 0.41196 152.77952 195.62801 147.22542 138.42519 0.3 0.3 0.0 0.0 0.0 0.0 0.0 0.0 0.72115 0.0 0.0 45.47487 -0.49999 0.07399 0.0 0.0 0.0 0.0 0.0 0.0 0.00321736335588 39 0 0.842928660826 2.14675104549 -98.6480483507
-0.12623 0.35028 3.35743 -0.12979 0.545034532224 4.02072 0.78258 0.98072 0.30541 0.41196 152.77952 195.62801 147.22542 138.42519 0.3 0.3 0.0 0.0 0.0 0.0 0.0 0.0 0.72115 0.0 0.0 45.47487 -0.49999 0.07399 0.0 0.0 0.0 0.0 0.0 0.0 0.00287552396477 40 1 0.969001859888 1.23194516598 -83.2514702601
-0.12623 0.35028 3.35743 -0.12979 0.711709701036 4.02072 0.78258 0.98072 0.30541 0.41196 152.77952 195.62801 147.22542 138.42519 0.3 0.3 0.0 0.0 0.0 0.0 0.0 0.0 0.72115 0.0 0.0 45.47487 -0.49999 0.07399 0.0 0.0 0.0 0.0 0.0 0.0 0.00286505781668 41 0 0.826549780839 2.1990716134 -83.2514702601
-0.12623 0.35028 3.35743 -0.12979 0.566577457338 4.02072 0.78258 0.98072 0.30541 0.41196 152.77952 195.62801 147.22542 138.42519 0.3 0.3 0.0 0.0 0.0 0.0 0.0 0.0 0.72115 0.0 0.0 45.47487 -0.49999 0.07399 0.0 0.0 0.0 0.0 0.0 0.0 0.00343452217191 42 1 0.979219143577 1.40527155864 -31.3931009235
-0.12623 0.35028 3.35743 -0.12979 0.556826500196 4.02072 0.78258 0.98072 0.30541 0.41196 152.77952 195.62801 147.22542 138.42519 0.3 0.3 0.0 0.0 0.0 0.0 0.0 0.0 0.72115 0.0 0.0 45.47487 -0.49999 0.07399 0.0 0.0 0.0 0.0 0.0 0.0 0.00258997088777 43 1 0.983647798742 0.701286002751 -4.76501789807
-0.12623 0.35028 3.35743 -0.12979 0.831880346743 4.02072 0.78258 0.98072 0.30541 0.41196 152.77952 195.62801 147.22542 138.42519 0.3 0.3 0.0 0.0 0.0 0.0 0.0 0.0 0.72115 0.0 0.0 45.47487 -0.49999 0.07399 0.0 0.0 0.0 0.0 0.0 0.0 0.00297044159351 44 0 0.726095003085 2.71174502814 -4.76501789807
-0.12623 0.35028 3.35743 -0.12979 0.55048666305 4.02072 0.78258 0.98072 0.30541 0.41196 152.77952 195.62801 147.22542 138.42519 0.3 0.3 0.0 0.0 0.0 0.0 0.0 0.0 0.72115 0.0 0.0 45.47487 -0.49999 0.07399 0.0 0.0 0.0 0.0 0.0 0.0 0.00282285399074 45 0 0.97629444791 1.29366078734 -4.76501789807
-0.12623 0.35028 3.35743 -0.12979 0.492022638808 4.02072 0.78258 0.98072 0.30541 0.41196 152.77952 195.62801 147.22542 138.42519 0.3 0.3 0.0 0.0 0.0 0.0 0.0 0.0 0.72115 0.0 0.0 45.47487 -0.49999 0.07399 0.0 0.0 0.0 0.0 0.0 0.0 0.00321995898819 46 0 0.847290640394 1.6397962865 -4.76501789807
-0.12623 0.35028 3.35743 -0.12979 0.597141085268 4.02072 0.78258 0.98072 0.30541 0.41196 152.77952 195.62801 147.22542 138.42519 0.3 0.3 0.0 0.0 0.0 0.0 0.0 0.0 0.72115 0.0 0.0 45.47487 -0.49999 0.07399 0.0 0.0 0.0 0.0 0.0 0.0 0.00268663354514 47 0 0.941509433962 1.58832419844 -4.76501789807
-0.12623 0.35028 3.35743 -0.12979 0.595004795651 4.02072 0.78258 0.98072 0.30541 0.41196 152.77952 195.62801 147.22542 138.42519 0.3 0.3 0.0 0.0 0.0 0.0 0.0 0.0 0.72115 0.0 0.0 45.47487 -0.49999 0.07399 0.0 0.0 0.0 0.0 0.0 0.0 0.00227420624636 48 0 0.942211055276 1.62907713584 -4.76501789807
-0.12623 0.35028 3.35743 -0.12979 0.523534557758 4.02072 0.78258 0.98072 0.30541 0.41196 152.77952 195.62801 147.22542 138.42519 0.3 0.3 0.0 0.0 0.0 0.0 0.0 0.0 0.72115 0.0 0.0 45.47487 -0.49999 0.07399 0.0 0.0 0.0 0.0 0.0 0.0 0.00193157865855 49 0 0.930149253731 1.47526712443 -4.76501789807
-0.12623 0.35028 3.35743 -0.12979 0.635362512939 4.02072 0.78258 0.98072 0.30541 0.41196 152.77952 195.62801 147.22542 138.42519 0.3 0.3 0.0 0.0 0.0 0.0 0.0 0.0 0.72115 0.0 0.0 45.47487 -0.49999 0.07399 0.0 0.0 0.0 0.0 0.0 0.0 0.00186013498691 50 0 0.895297805643 1.95152154939 -4.76501789807
