-0.12623 0.35028 3.35743 -0.12979 0.487942181213 4.02072 0.78258 0.98072 0.30541 0.41196 152.77952 195.62801 147.22542 138.42519 0.3 0.3 0.0 0.0 0.0 0.0 0.0 0.0 0.72115 0.0 0.0 45.47487 -0.49999 0.07399 0.0 0.0 0.0 0.0 0.0 0.0 0.005 0 1 0.834054054054 1.64241727124 -1481.31779235
-0.12623 0.35028 3.35743 -0.12979 0.651474665195 4.02072 0.78258 0.98072 0.30541 0.41196 152.77952 195.62801 147.22542 138.42519 0.3 0.3 0.0 0.0 0.0 0.0 0.0 0.0 0.72115 0.0 0.0 45.47487 -0.49999 0.07399 0.0 0.0 0.0 0.0 0.0 0.0 0.00474124212473 1 1 0.875706214689 1.97591084038 -1337.15575223
-0.12623 0.35028 3.35743 -0.12979 0.633407715465 4.02072 0.78258 0.98072 0.30541 0.41196 152.77952 195.62801 147.22542 138.42519 0.3 0.3 0.0 0.0 0.0 0.0 0.0 0.0 0.72115 0.0 0.0 45.47487 -0.49999 0.07399 0.0 0.0 0.0 0.0 0.0 0.0 0.00427364736174 2 1 0.898432601881 1.89729102122 -1012.06151802
-0.12623 0.35028 3.35743 -0.12979 0.553407869039 4.02072 0.78258 0.98072 0.30541 0.41196 152.77952 195.62801 147.22542 138.42519 0.3 0.3 0.0 0.0 0.0 0.0 0.0 0.0 0.72115 0.0 0.0 45.47487 -0.49999 0.07399 0.0 0.0 0.0 0.0 0.0 0.0 0.0043746990026 3 1 0.980576441103 1.23983118152 -10.6385468836
-0.12623 0.35028 3.35743 -0.12979 0.38679691579 4.02072 0.78258 0.98072 0.30541 0.41196 152.77952 195.62801 147.22542 138.42519 0.3 0.3 0.0 0.0 0.0 0.0 0.0 0.0 0.72115 0.0 0.0 45.47487 -0.49999 0.07399 0.0 0.0 0.0 0.0 0.0 0.0 0.00411703570643 4 0 0.596013612056 3.25379716634 -10.6385468836
-0.12623 0.35028 3.35743 -0.12979 0.423540570545 4.02072 0.78258 0.98072 0.30541 0.41196 152.77952 195.62801 147.22542 138.42519 0.3 0.3 0.0 0.0 0.0 0.0 0.0 0.0 0.72115 0.0 0.0 45.47487 -0.49999 0.07399 0.0 0.0 0.0 0.0 0.0 0.0 0.00451159495987 5 0 0.682347235694 2.23102156092 -10.6385468836
-0.12623 0.35028 3.35743 -0.12979 0.743325124456 4.02072 0.78258 0.98072 0.30541 0.41196 152.77952 195.62801 147.22542 138.42519 0.3 0.3 0.0 0.0 0.0 0.0 0.0 0.0 0.72115 0.0 0.0 45.47487 -0.49999 0.07399 0.0 0.0 0.0 0.0 0.0 0.0 0.00376760782981 6 0 0.806754221388 2.28146349474 -10.6385468836
-0.12623 0.35028 3.35743 -0.12979 0.561421550562 4.02072 0.78258 0.98072 0.30541 0.41196 152.77952 195.62801 147.22542 138.42519 0.3 0.3 0.0 0.0 0.0 0.0 0.0 0.0 0.72115 0.0 0.0 45.47487 -0.49999 0.07399 0.0 0.0 0.0 0.0 0.0 0.0 0.00420440826356 7 1 0.986119873817 0.998672565827 -0.882238748385
-0.12623 0.35028 3.35743 -0.12979 0.464943678499 4.02072 0.78258 0.98072 0.30541 0.41196 152.77952 195.62801 147.22542 138.42519 0.3 0.3 0.0 0.0 0.0 0.0 0.0 0.0 0.72115 0.0 0.0 45.47487 -0.49999 0.07399 0.0 0.0 0.0 0.0 0.0 0.0 0.00394125417286 8 0 0.763263263263 1.79835587695 -0.882238748385
-0.12623 0.35028 3.35743 -0.12979 0.542573354788 4.02072 0.78258 0.98072 0.30541 0.41196 152.77952 195.62801 147.22542 138.42519 0.3 0.3 0.0 0.0 0.0 0.0 0.0 0.0 0.72115 0.0 0.0 45.47487 -0.49999 0.07399 0.0 0.0 0.0 0.0 0.0 0.0 0.00525926800646 9 0 0.963625154131 1.27350186275 -0.882238748385
-0.12623 0.35028 3.35743 -0.12979 0.453223797597 4.02072 0.78258 0.98072 0.30541 0.41196 152.77952 195.62801 147.22542 138.42519 0.3 0.3 0.0 0.0 0.0 0.0 0.0 0.0 0.72115 0.0 0.0 45.47487 -0.49999 0.07399 0.0 0.0 0.0 0.0 0.0 0.0 0.00391250838348 10 0 0.730337078652 1.78463166112 -0.882238748385
-0.12623 0.35028 3.35743 -0.12979 0.425743431794 4.02072 0.78258 0.98072 0.30541 0.41196 152.77952 195.62801 147.22542 138.42519 0.3 0.3 0.0 0.0 0.0 0.0 0.0 0.0 0.72115 0.0 0.0 45.47487 -0.49999 0.07399 0.0 0.0 0.0 0.0 0.0 0.0 0.00363515218282 11 0 0.691041162228 2.14599871833 -0.882238748385
-0.12623 0.35028 3.35743 -0.12979 0.481162076522 4.02072 0.78258 0.98072 0.30541 0.41196 152.77952 195.62801 147.22542 138.42519 0.3 0.3 0.0 0.0 0.0 0.0 0.0 0.0 0.72115 0.0 0.0 45.47487 -0.49999 0.07399 0.0 0.0 0.0 0.0 0.0 0.0 0.00474001929619 12 0 0.808521830615 1.76806383008 -0.882238748385
-0.12623 0.35028 3.35743 -0.12979 0.681783478346 4.02072 0.78258 0.98072 0.30541 0.41196 152.77952 195.62801 147.22542 138.42519 0.3 0.3 0.0 0.0 0.0 0.0 0.0 0.0 0.72115 0.0 0.0 45.47487 -0.49999 0.07399 0.0 0.0 0.0 0.0 0.0 0.0 0.00473744748296 13 0 0.846057571965 2.10741613455 -0.882238748385
-0.12623 0.35028 3.35743 -0.12979 0.640329242243 4.02072 0.78258 0.98072 0.30541 0.41196 152.77952 195.62801 147.22542 138.42519 0.3 0.3 0.0 0.0 0.0 0.0 0.0 0.0 0.72115 0.0 0.0 45.47487 -0.49999 0.07399 0.0 0.0 0.0 0.0 0.0 0.0 0.00456101861647 14 0 0.891536050157 1.99465213041 -0.882238748385
-0.12623 0.35028 3.35743 -0.12979 0.77981118216 4.02072 0.78258 0.98072 0.30541 0.41196 152.77952 195.62801 147.22542 138.42519 0.3 0.3 0.0 0.0 0.0 0.0 0.0 0.0 0.72115 0.0 0.0 45.47487 -0.49999 0.07399 0.0 0.0 0.0 0.0 0.0 0.0 0.00447829833653 15 0 0.769038701623 2.58448204175 -0.882238748385
-0.12623 0.35028 3.35743 -0.12979 0.52051335774 4.02072 0.78258 0.98072 0.30541 0.41196 152.77952 195.62801 147.22542 138.42519 0.3 0.3 0.0 0.0 0.0 0.0 0.0 0.0 0.72115 0.0 0.0 45.47487 -0.49999 0.07399 0.0 0.0 0.0 0.0 0.0 0.0 0.00389030225711 16 0 0.924629080119 1.50048005801 -0.882238748385
-0.12623 0.35028 3.35743 -0.12979 0.490133744228 4.02072 0.78258 0.98072 0.30541 0.41196 152.77952 195.62801 147.22542 138.42519 0.3 0.3 0.0 0.0 0.0 0.0 0.0 0.0 0.72115 0.0 0.0 45.47487 -0.49999 0.07399 0.0 0.0 0.0 0.0 0.0 0.0 0.00443865307272 17 0 0.838499184339 1.62544441313 -0.882238748385
-0.12623 0.35028 3.35743 -0.12979 0.585963984729 4.02072 0.78258 0.98072 0.30541 0.41196 152.77952 195.62801 147.22542 138.42519 0.3 0.3 0.0 0.0 0.0 0.0 0.0 0.0 0.72115 0.0 0.0 45.47487 -0.49999 0.07399 0.0 0.0 0.0 0.0 0.0 0.0 0.0044801095974 18 0 0.953488372093 1.50648525011 -0.882238748385
-0.12623 0.35028 3.35743 -0.12979 0.387273481364 4.02072 0.78258 0.98072 0.30541 0.41196 152.77952 195.62801 147.22542 138.42519 0.3 0.3 0.0 0.0 0.0 0.0 0.0 0.0 0.72115 0.0 0.0 45.47487 -0.49999 0.07399 0.0 0.0 0.0 0.0 0.0 0.0 0.00447645175464 19 0 0.597276264591 3.20076881946 -0.882238748385
-0.12623 0.35028 3.35743 -0.12979 0.514660329788 4.02072 0.78258 0.98072 0.30541 0.41196 152.77952 195.62801 147.22542 138.42519 0.3 0.3 0.0 0.0 0.0 0.0 0.0 0.0 0.72115 0.0 0.0 45.47487 -0.49999 0.07399 0.0 0.0 0.0 0.0 0.0 0.0 0.00332170162618 20 0 0.903319743739 1.5433605781 -0.882238748385
-0.12623 0.35028 3.35743 -0.12979 0.720331925511 4.02072 0.78258 0.98072 0.30541 0.41196 152.77952 195.62801 147.22542 138.42519 0.3 0.3 0.0 0.0 0.0 0.0 0.0 0.0 0.72115 0.0 0.0 45.47487 -0.49999 0.07399 0.0 0.0 0.0 0.0 0.0 0.0 0.00468956283977 21 0 0.822277847309 2.23650732851 -0.882238748385
-0.12623 0.35028 3.35743 -0.12979 0.545999204728 4.02072 0.78258 0.98072 0.30541 0.41196 152.77952 195.62801 147.22542 138.42519 0.3 0.3 0.0 0.0 0.0 0.0 0.0 0.0 0.72115 0.0 0.0 45.47487 -0.49999 0.07399 0.0 0.0 0.0 0.0 0.0 0.0 0.00451746960719 22 0 0.967741935484 1.32084775316 -0.882238748385
-0.12623 0.35028 3.35743 -0.12979 0.619397643126 4.02072 0.78258 0.98072 0.30541 0.41196 152.77952 195.62801 147.22542 138.42519 0.3 0.3 0.0 0.0 0.0 0.0 0.0 0.0 0.72115 0.0 0.0 45.47487 -0.49999 0.07399 0.0 0.0 0.0 0.0 0.0 0.0 0.00363086151154 23 0 0.917189460477 1.65843203069 -0.882238748385
-0.12623 0.35028 3.35743 -0.12979 0.518891870367 4.02072 0.78258 0.98072 0.30541 0.41196 152.77952 195.62801 147.22542 138.42519 0.3 0.3 0.0 0.0 0.0 0.0 0.0 0.0 0.72115 0.0 0.0 45.47487 -0.49999 0.07399 0.0 0.0 0.0 0.0 0.0 0.0 0.00350999549856 24 0 0.915783274441 1.3991944704 -0.882238748385
-0.12623 0.35028 3.35743 -0.12979 0.769947250295 4.02072 0.78258 0.98072 0.30541 0.41196 152.77952 195.62801 147.22542 138.42519 0.3 0.3 0.0 0.0 0.0 0.0 0.0 0.0 0.72115 0.0 0.0 45.47487 -0.49999 0.07399 0.0 0.0 0.0 0.0 0.0 0.0 0.00461698183011 25 0 0.782989368355 2.46548153654 -0.882238748385
-0.12623 0.35028 3.35743 -0.12979 0.528073893782 4.02072 0.78258 0.98072 0.30541 0.41196 152.77952 195.62801 147.22542 138.42519 0.3 0.3 0.0 0.0 0.0 0.0 0.0 0.0 0.72115 0.0 0.0 45.47487 -0.49999 0.07399 0.0 0.0 0.0 0.0 0.0 0.0 0.00505725362012 26 0 0.939229843562 1.48453736629 -0.882238748385
-0.12623 0.35028 3.35743 -0.12979 0.524752250385 4.02072 0.78258 0.98072 0.30541 0.41196 152.77952 195.62801 147.22542 138.42519 0.3 0.3 0.0 0.0 0.0 0.0 0.0 0.0 0.72115 0.0 0.0 45.47487 -0.49999 0.07399 0.0 0.0 0.0 0.0 0.0 0.0 0.00413318858976 27 0 0.930580490724 1.49089050561 -0.882238748385
-0.12623 0.35028 3.35743 -0.12979 0.457288169574 4.02072 0.78258 0.98072 0.30541 0.41196 152.77952 195.62801 147.22542 138.42519 0.3 0.3 0.0 0.0 0.0 0.0 0.0 0.0 0.72115 0.0 0.0 45.47487 -0.49999 0.07399 0.0 0.0 0.0 0.0 0.0 0.0 0.00545333052384 28 0 0.737849779087 1.77207381447 -0.882238748385
-0.12623 0.35028 3.35743 -0.12979 0.529117731997 4.02072 0.78258 0.98072 0.30541 0.41196 152.77952 195.62801 147.22542 138.42519 0.3 0.3 0.0 0.0 0.0 0.0 0.0 0.0 0.72115 0.0 0.0 45.47487 -0.49999 0.07399 0.0 0.0 0.0 0.0 0.0 0.0 0.00415100661203 29 0 0.937387116195 1.34773025795 -0.882238748385
-0.12623 0.35028 3.35743 -0.12979 0.43053943545 4.02072 0.78258 0.98072 0.30541 0.41196 152.77952 195.62801 147.22542 138.42519 0.3 0.3 0.0 0.0 0.0 0.0 0.0 0.0 0.72115 0.0 0.0 45.47487 -0.49999 0.07399 0.0 0.0 0.0 0.0 0.0 0.0 0.00346967586545 30 0 0.70794734276 2.06579678951 -0.882238748385
-0.12623 0.35028 3.35743 -0.12979 0.478885060496 4.02072 0.78258 0.98072 0.30541 0.41196 152.77952 195.62801 147.22542 138.42519 0.3 0.3 0.0 0.0 0.0 0.0 0.0 0.0 0.72115 0.0 0.0 45.47487 -0.49999 0.07399 0.0 0.0 0.0 0.0 0.0 0.0 0.00320168687391 31 0 0.798748696559 1.72254565194 -0.882238748385
-0.12623 0.35028 3.35743 -0.12979 0.541831543689 4.02072 0.78258 0.98072 0.30541 0.41196 152.77952 195.62801 147.22542 138.42519 0.3 0.3 0.0 0.0 0.0 0.0 0.0 0.0 0.72115 0.0 0.0 45.47487 -0.49999 0.07399 0.0 0.0 0.0 0.0 0.0 0.0 0.00355578807296 32 0 0.96303142329 1.30147307064 -0.882238748385
-0.12623 0.35028 3.35743 -0.12979 0.418215424351 4.02072 0.78258 0.98072 0.30541 0.41196 152.77952 195.62801 147.22542 138.42519 0.3 0.3 0.0 0.0 0.0 0.0 0.0 0.0 0.72115 0.0 0.0 45.47487 -0.49999 0.07399 0.0 0.0 0.0 0.0 0.0 0.0 0.00389937138841 33 0 0.667635658915 2.38581978309 -0.882238748385
-0.12623 0.35028 3.35743 -0.12979 0.679867713295 4.02072 0.78258 0.98072 0.30541 0.41196 152.77952 195.62801 147.22542 138.42519 0.3 0.3 0.0 0.0 0.0 0.0 0.0 0.0 0.72115 0.0 0.0 45.47487 -0.49999 0.07399 0.0 0.0 0.0 0.0 0.0 0.0 0.00463970632089 34 0 0.850877192982 2.09212469977 -0.882238748385
-0.12623 0.35028 3.35743 -0.12979 0.59274616455 4.02072 0.78258 0.98072 0.30541 0.41196 152.77952 195.62801 147.22542 138.42519 0.3 0.3 0.0 0.0 0.0 0.0 0.0 0.0 0.72115 0.0 0.0 45.47487 -0.49999 0.07399 0.0 0.0 0.0 0.0 0.0 0.0 0.0048761995212 35 0 0.944060339409 1.55258350008 -0.882238748385
-0.12623 0.35028 3.35743 -0.12979 0.595388270371 4.02072 0.78258 0.98072 0.30541 0.41196 152.77952 195.62801 147.22542 138.42519 0.3 0.3 0.0 0.0 0.0 0.0 0.0 0.0 0.72115 0.0 0.0 45.47487 -0.49999 0.07399 0.0 0.0 0.0 0.0 0.0 0.0 0.00428905992137 36 0 0.940326633166 1.61958003346 -0.882238748385
-0.12623 0.35028 3.35743 -0.12979 0.559176967572 4.02072 0.78258 0.98072 0.30541 0.41196 152.77952 195.62801 147.22542 138.42519 0.3 0.3 0.0 0.0 0.0 0.0 0.0 0.0 0.72115 0.0 0.0 45.47487 -0.49999 0.07399 0.0 0.0 0.0 0.0 0.0 0.0 0.0038736690132 37 1 0.996837444655 0.33322666351 4.59760788972
-0.12623 0.35028 3.35743 -0.12979 0.571754209252 4.02072 0.78258 0.98072 0.30541 0.41196 152.77952 195.62801 147.22542 138.42519 0.3 0.3 0.0 0.0 0.0 0.0 0.0 0.0 0.72115 0.0 0.0 45.47487 -0.49999 0.07399 0.0 0.0 0.0 0.0 0.0 0.0 0.0038414821679 38 0 0.970421648836 1.29226659016 4.59760788972
-0.12623 0.35028 3.35743 -0.12979 0.25957380486 4.02072 0.78258 0.98072 0.30541 0.41196 152.77952 195.62801 147.22542 138.42519 0.3 0.3 0.0 0.0 0.0 0.0 0.0 0.0 0.72115 0.0 0.0 45.47487 -0.49999 0.07399 0.0 0.0 0.0 0.0 0.0 0.0 0.00396450451832 39 0 0.587419514611 3.17271351151 4.59760788972
-0.12623 0.35028 3.35743 -0.12979 0.477120325185 4.02072 0.78258 0.98072 0.30541 0.41196 152.77952 195.62801 147.22542 138.42519 0.3 0.3 0.0 0.0 0.0 0.0 0.0 0.0 0.72115 0.0 0.0 45.47487 -0.49999 0.07399 0.0 0.0 0.0 0.0 0.0 0.0 0.0031143949402 40 0 0.792853443811 1.77332106961 4.59760788972
-0.12623 0.35028 3.35743 -0.12979 0.548220046681 4.02072 0.78258 0.98072 0.30541 0.41196 152.77952 195.62801 147.22542 138.42519 0.3 0.3 0.0 0.0 0.0 0.0 0.0 0.0 0.72115 0.0 0.0 45.47487 -0.49999 0.07399 0.0 0.0 0.0 0.0 0.0 0.0 0.00433405740597 41 0 0.970130678283 1.33587897068 4.59760788972
-0.12623 0.35028 3.35743 -0.12979 0.540022998378 4.02072 0.78258 0.98072 0.30541 0.41196 152.77952 195.62801 147.22542 138.42519 0.3 0.3 0.0 0.0 0.0 0.0 0.0 0.0 0.72115 0.0 0.0 45.47487 -0.49999 0.07399 0.0 0.0 0.0 0.0 0.0 0.0 0.00389572789376 42 0 0.953902888752 1.0907774154 4.59760788972
-0.12623 0.35028 3.35743 -0.12979 0.665912076037 4.02072 0.78258 0.98072 0.30541 0.41196 152.77952 195.62801 147.22542 138.42519 0.3 0.3 0.0 0.0 0.0 0.0 0.0 0.0 0.72115 0.0 0.0 45.47487 -0.49999 0.07399 0.0 0.0 0.0 0.0 0.0 0.0 0.0031655995212 43 0 0.86315128688 2.10046198532 4.59760788972
-0.12623 0.35028 3.35743 -0.12979 0.672883994677 4.02072 0.78258 0.98072 0.30541 0.41196 152.77952 195.62801 147.22542 138.42519 0.3 0.3 0.0 0.0 0.0 0.0 0.0 0.0 0.72115 0.0 0.0 45.47487 -0.49999 0.07399 0.0 0.0 0.0 0.0 0.0 0.0 0.00408217891852 44 0 0.858218318695 2.02159431165 4.59760788972
-0.12623 0.35028 3.35743 -0.12979 0.552438352458 4.02072 0.78258 0.98072 0.30541 0.41196 152.77952 195.62801 147.22542 138.42519 0.3 0.3 0.0 0.0 0.0 0.0 0.0 0.0 0.72115 0.0 0.0 45.47487 -0.49999 0.07399 0.0 0.0 0.0 0.0 0.0 0.0 0.00398072370881 45 0 0.979336255479 1.1339934449 4.59760788972
-0.12623 0.35028 3.35743 -0.12979 0.57191186447 4.02072 0.78258 0.98072 0.30541 0.41196 152.77952 195.62801 147.22542 138.42519 0.3 0.3 0.0 0.0 0.0 0.0 0.0 0.0 0.72115 0.0 0.0 45.47487 -0.49999 0.07399 0.0 0.0 0.0 0.0 0.0 0.0 0.00313503871765 46 0 0.971050975456 1.2917312569 4.59760788972
-0.12623 0.35028 3.35743 -0.12979 0.662772077336 4.02072 0.78258 0.98072 0.30541 0.41196 152.77952 195.62801 147.22542 138.42519 0.3 0.3 0.0 0.0 0.0 0.0 0.0 0.0 0.72115 0.0 0.0 45.47487 -0.49999 0.07399 0.0 0.0 0.0 0.0 0.0 0.0 0.00324022217997 47 0 0.866290018832 2.02923218102 4.59760788972
-0.12623 0.35028 3.35743 -0.12979 0.562576323519 4.02072 0.78258 0.98072 0.30541 0.41196 152.77952 195.62801 147.22542 138.42519 0.3 0.3 0.0 0.0 0.0 0.0 0.0 0.0 0.72115 0.0 0.0 45.47487 -0.49999 0.07399 0.0 0.0 0.0 0.0 0.0 0.0 0.00372445262164 48 0 0.986759142497 1.12529920819 4.59760788972
-0.12623 0.35028 3.35743 -0.12979 0.320726264235 4.02072 0.78258 0.98072 0.30541 0.41196 152.77952 195.62801 147.22542 138.42519 0.3 0.3 0.0 0.0 0.0 0.0 0.0 0.0 0.72115 0.0 0.0 45.47487 -0.49999 0.07399 0.0 0.0 0.0 0.0 0.0 0.0 0.0038062466287 49 0 0.603064755314 3.26683669758 4.59760788972
-0.12623 0.35028 3.35743 -0.12979 0.40191446022 4.02072 0.78258 0.98072 0.30541 0.41196 152.77952 195.62801 147.22542 138.42519 0.3 0.3 0.0 0.0 0.0 0.0 0.0 0.0 0.72115 0.0 0.0 45.47487 -0.49999 0.07399 0.0 0.0 0.0 0.0 0.0 0.0 0.00315384523503 50 0 0.622522957951 2.75006303064 4.59760788972
