-0.12623 0.35028 3.35743 -0.12979 0.679323031312 4.02072 0.78258 0.98072 0.30541 0.41196 152.77952 195.62801 147.22542 138.42519 0.3 0.3 0.0 0.0 0.0 0.0 0.0 0.0 0.72115 0.0 0.0 45.47487 -0.49999 0.07399 0.0 0.0 0.0 0.0 0.0 0.0 0.005 0 1 0.851410658307 2.13409685007 -2006.72014172
-0.12623 0.35028 3.35743 -0.12979 0.651471029627 4.02072 0.78258 0.98072 0.30541 0.41196 152.77952 195.62801 147.22542 138.42519 0.3 0.3 0.0 0.0 0.0 0.0 0.0 0.0 0.72115 0.0 0.0 45.47487 -0.49999 0.07399 0.0 0.0 0.0 0.0 0.0 0.0 0.00557825867486 1 1 0.875706214689 1.97709515819 -966.076192705
-0.12623 0.35028 3.35743 -0.12979 0.666955510247 4.02072 0.78258 0.98072 0.30541 0.41196 152.77952 195.62801 147.22542 138.42519 0.3 0.3 0.0 0.0 0.0 0.0 0.0 0.0 0.72115 0.0 0.0 45.47487 -0.49999 0.07399 0.0 0.0 0.0 0.0 0.0 0.0 0.00585197584611 2 0 0.864406779661 2.10137788314 -966.076192705
-0.12623 0.35028 3.35743 -0.12979 0.536860408261 4.02072 0.78258 0.98072 0.30541 0.41196 152.77952 195.62801 147.22542 138.42519 0.3 0.3 0.0 0.0 0.0 0.0 0.0 0.0 0.72115 0.0 0.0 45.47487 -0.49999 0.07399 0.0 0.0 0.0 0.0 0.0 0.0 0.00536804734418 3 1 0.954128440367 1.25607465794 -53.2959933312
-0.12623 0.35028 3.35743 -0.12979 0.459932941049 4.02072 0.78258 0.98072 0.30541 0.41196 152.77952 195.62801 147.22542 138.42519 0.3 0.3 0.0 0.0 0.0 0.0 0.0 0.0 0.72115 0.0 0.0 45.47487 -0.49999 0.07399 0.0 0.0 0.0 0.0 0.0 0.0 0.00537836373068 4 0 0.735626535627 1.83627246569 -53.2959933312
-0.12623 0.35028 3.35743 -0.12979 0.417320754694 4.02072 0.78258 0.98072 0.30541 0.41196 152.77952 195.62801 147.22542 138.42519 0.3 0.3 0.0 0.0 0.0 0.0 0.0 0.0 0.72115 0.0 0.0 45.47487 -0.49999 0.07399 0.0 0.0 0.0 0.0 0.0 0.0 0.00499925082651 5 0 0.665535627727 2.35326690741 -53.2959933312
-0.12623 0.35028 3.35743 -0.12979 0.419149737914 4.02072 0.78258 0.98072 0.30541 0.41196 152.77952 195.62801 147.22542 138.42519 0.3 0.3 0.0 0.0 0.0 0.0 0.0 0.0 0.72115 0.0 0.0 45.47487 -0.49999 0.07399 0.0 0.0 0.0 0.0 0.0 0.0 0.00500576411636 6 0 0.672178988327 2.36948133751 -53.2959933312
-0.12623 0.35028 3.35743 -0.12979 0.471837559976 4.02072 0.78258 0.98072 0.30541 0.41196 152.77952 195.62801 147.22542 138.42519 0.3 0.3 0.0 0.0 0.0 0.0 0.0 0.0 0.72115 0.0 0.0 45.47487 -0.49999 0.07399 0.0 0.0 0.0 0.0 0.0 0.0 0.00569271109829 7 0 0.776817488561 1.73451336824 -53.2959933312
-0.12623 0.35028 3.35743 -0.12979 0.648188659937 4.02072 0.78258 0.98072 0.30541 0.41196 152.77952 195.62801 147.22542 138.42519 0.3 0.3 0.0 0.0 0.0 0.0 0.0 0.0 0.72115 0.0 0.0 45.47487 -0.49999 0.07399 0.0 0.0 0.0 0.0 0.0 0.0 0.00629218724613 8 0 0.881983678594 2.05610388312 -53.2959933312
-0.12623 0.35028 3.35743 -0.12979 0.560555000009 4.02072 0.78258 0.98072 0.30541 0.41196 152.77952 195.62801 147.22542 138.42519 0.3 0.3 0.0 0.0 0.0 0.0 0.0 0.0 0.72115 0.0 0.0 45.47487 -0.49999 0.07399 0.0 0.0 0.0 0.0 0.0 0.0 0.00519196836098 9 1 0.988629185092 0.948625566127 2.18356810371
-0.12623 0.35028 3.35743 -0.12979 0.534103598626 4.02072 0.78258 0.98072 0.30541 0.41196 152.77952 195.62801 147.22542 138.42519 0.3 0.3 0.0 0.0 0.0 0.0 0.0 0.0 0.72115 0.0 0.0 45.47487 -0.49999 0.07399 0.0 0.0 0.0 0.0 0.0 0.0 0.00544538403905 10 0 0.945797807552 1.28821000157 2.18356810371
-0.12623 0.35028 3.35743 -0.12979 0.643421562661 4.02072 0.78258 0.98072 0.30541 0.41196 152.77952 195.62801 147.22542 138.42519 0.3 0.3 0.0 0.0 0.0 0.0 0.0 0.0 0.72115 0.0 0.0 45.47487 -0.49999 0.07399 0.0 0.0 0.0 0.0 0.0 0.0 0.00509510075918 11 0 0.887703889586 1.94824138561 2.18356810371
-0.12623 0.35028 3.35743 -0.12979 0.523695238234 4.02072 0.78258 0.98072 0.30541 0.41196 152.77952 195.62801 147.22542 138.42519 0.3 0.3 0.0 0.0 0.0 0.0 0.0 0.0 0.72115 0.0 0.0 45.47487 -0.49999 0.07399 0.0 0.0 0.0 0.0 0.0 0.0 0.00522603062811 12 0 0.929510155317 1.45901865588 2.18356810371
-0.12623 0.35028 3.35743 -0.12979 0.623258036601 4.02072 0.78258 0.98072 0.30541 0.41196 152.77952 195.62801 147.22542 138.42519 0.3 0.3 0.0 0.0 0.0 0.0 0.0 0.0 0.72115 0.0 0.0 45.47487 -0.49999 0.07399 0.0 0.0 0.0 0.0 0.0 0.0 0.00504873689243 13 0 0.908406524467 1.90549225449 2.18356810371
-0.12623 0.35028 3.35743 -0.12979 0.701475042258 4.02072 0.78258 0.98072 0.30541 0.41196 152.77952 195.62801 147.22542 138.42519 0.3 0.3 0.0 0.0 0.0 0.0 0.0 0.0 0.72115 0.0 0.0 45.47487 -0.49999 0.07399 0.0 0.0 0.0 0.0 0.0 0.0 0.00576133465192 14 0 0.832811521603 2.25938405669 2.18356810371
-0.12623 0.35028 3.35743 -0.12979 0.636554742057 4.02072 0.78258 0.98072 0.30541 0.41196 152.77952 195.62801 147.22542 138.42519 0.3 0.3 0.0 0.0 0.0 0.0 0.0 0.0 0.72115 0.0 0.0 45.47487 -0.49999 0.07399 0.0 0.0 0.0 0.0 0.0 0.0 0.00520772980882 15 0 0.8934169279 1.949802717 2.18356810371
-0.12623 0.35028 3.35743 -0.12979 0.605385586137 4.02072 0.78258 0.98072 0.30541 0.41196 152.77952 195.62801 147.22542 138.42519 0.3 0.3 0.0 0.0 0.0 0.0 0.0 0.0 0.72115 0.0 0.0 45.47487 -0.49999 0.07399 0.0 0.0 0.0 0.0 0.0 0.0 0.00576380791389 16 0 0.927135678392 1.57714942589 2.18356810371
-0.12623 0.35028 3.35743 -0.12979 0.580922270449 4.02072 0.78258 0.98072 0.30541 0.41196 152.77952 195.62801 147.22542 138.42519 0.3 0.3 0.0 0.0 0.0 0.0 0.0 0.0 0.72115 0.0 0.0 45.47487 -0.49999 0.07399 0.0 0.0 0.0 0.0 0.0 0.0 0.00489430356138 17 0 0.956002514142 1.24438763139 2.18356810371
-0.12623 0.35028 3.35743 -0.12979 0.539863876068 4.02072 0.78258 0.98072 0.30541 0.41196 152.77952 195.62801 147.22542 138.42519 0.3 0.3 0.0 0.0 0.0 0.0 0.0 0.0 0.72115 0.0 0.0 45.47487 -0.49999 0.07399 0.0 0.0 0.0 0.0 0.0 0.0 0.00406428456256 18 0 0.953902888752 1.08682950691 2.18356810371
-0.12623 0.35028 3.35743 -0.12979 0.5594836014 4.02072 0.78258 0.98072 0.30541 0.41196 152.77952 195.62801 147.22542 138.42519 0.3 0.3 0.0 0.0 0.0 0.0 0.0 0.0 0.72115 0.0 0.0 45.47487 -0.49999 0.07399 0.0 0.0 0.0 0.0 0.0 0.0 0.0045594870692 19 1 0.999365884591 0.224870136162 4.47111758036
-0.12623 0.35028 3.35743 -0.12979 0.636921795437 4.02072 0.78258 0.98072 0.30541 0.41196 152.77952 195.62801 147.22542 138.42519 0.3 0.3 0.0 0.0 0.0 0.0 0.0 0.0 0.72115 0.0 0.0 45.47487 -0.49999 0.07399 0.0 0.0 0.0 0.0 0.0 0.0 0.00463960600571 20 0 0.894043887147 1.95155327755 4.47111758036
-0.12623 0.35028 3.35743 -0.12979 0.605555103302 4.02072 0.78258 0.98072 0.30541 0.41196 152.77952 195.62801 147.22542 138.42519 0.3 0.3 0.0 0.0 0.0 0.0 0.0 0.0 0.72115 0.0 0.0 45.47487 -0.49999 0.07399 0.0 0.0 0.0 0.0 0.0 0.0 0.00402978611961 21 0 0.927763819095 1.55743490384 4.47111758036
-0.12623 0.35028 3.35743 -0.12979 0.634718302296 4.02072 0.78258 0.98072 0.30541 0.41196 152.77952 195.62801 147.22542 138.42519 0.3 0.3 0.0 0.0 0.0 0.0 0.0 0.0 0.72115 0.0 0.0 45.47487 -0.49999 0.07399 0.0 0.0 0.0 0.0 0.0 0.0 0.00420915346162 22 0 0.894670846395 1.97989075285 4.47111758036
-0.12623 0.35028 3.35743 -0.12979 0.496692784188 4.02072 0.78258 0.98072 0.30541 0.41196 152.77952 195.62801 147.22542 138.42519 0.3 0.3 0.0 0.0 0.0 0.0 0.0 0.0 0.72115 0.0 0.0 45.47487 -0.49999 0.07399 0.0 0.0 0.0 0.0 0.0 0.0 0.00358607689279 23 0 0.859756097561 1.55040532783 4.47111758036
-0.12623 0.35028 3.35743 -0.12979 0.485902188157 4.02072 0.78258 0.98072 0.30541 0.41196 152.77952 195.62801 147.22542 138.42519 0.3 0.3 0.0 0.0 0.0 0.0 0.0 0.0 0.72115 0.0 0.0 45.47487 -0.49999 0.07399 0.0 0.0 0.0 0.0 0.0 0.0 0.00539657707827 24 0 0.821734475375 1.67590799461 4.47111758036
-0.12623 0.35028 3.35743 -0.12979 0.426895493831 4.02072 0.78258 0.98072 0.30541 0.41196 152.77952 195.62801 147.22542 138.42519 0.3 0.3 0.0 0.0 0.0 0.0 0.0 0.0 0.72115 0.0 0.0 45.47487 -0.49999 0.07399 0.0 0.0 0.0 0.0 0.0 0.0 0.00481703204139 25 0 0.698002922552 2.13813955818 4.47111758036
-0.12623 0.35028 3.35743 -0.12979 0.560527189822 4.02072 0.78258 0.98072 0.30541 0.41196 152.77952 195.62801 147.22542 138.42519 0.3 0.3 0.0 0.0 0.0 0.0 0.0 0.0 0.72115 0.0 0.0 45.47487 -0.49999 0.07399 0.0 0.0 0.0 0.0 0.0 0.0 0.00414225506055 26 0 0.987997473152 0.94683291412 4.47111758036
-0.12623 0.35028 3.35743 -0.12979 0.629884724107 4.02072 0.78258 0.98072 0.30541 0.41196 152.77952 195.62801 147.22542 138.42519 0.3 0.3 0.0 0.0 0.0 0.0 0.0 0.0 0.72115 0.0 0.0 45.47487 -0.49999 0.07399 0.0 0.0 0.0 0.0 0.0 0.0 0.00476341179516 27 0 0.90407523511 1.90836165786 4.47111758036
-0.12623 0.35028 3.35743 -0.12979 0.603611223026 4.02072 0.78258 0.98072 0.30541 0.41196 152.77952 195.62801 147.22542 138.42519 0.3 0.3 0.0 0.0 0.0 0.0 0.0 0.0 0.72115 0.0 0.0 45.47487 -0.49999 0.07399 0.0 0.0 0.0 0.0 0.0 0.0 0.00470042378514 28 0 0.93027638191 1.57483637 4.47111758036
-0.12623 0.35028 3.35743 -0.12979 0.477546639978 4.02072 0.78258 0.98072 0.30541 0.41196 152.77952 195.62801 147.22542 138.42519 0.3 0.3 0.0 0.0 0.0 0.0 0.0 0.0 0.72115 0.0 0.0 45.47487 -0.49999 0.07399 0.0 0.0 0.0 0.0 0.0 0.0 0.00444282657545 29 0 0.792227979275 1.80423025935 4.47111758036
-0.12623 0.35028 3.35743 -0.12979 0.736004940579 4.02072 0.78258 0.98072 0.30541 0.41196 152.77952 195.62801 147.22542 138.42519 0.3 0.3 0.0 0.0 0.0 0.0 0.0 0.0 0.72115 0.0 0.0 45.47487 -0.49999 0.07399 0.0 0.0 0.0 0.0 0.0 0.0 0.00427901703732 30 0 0.8125 2.15596225779 4.47111758036
-0.12623 0.35028 3.35743 -0.12979 0.420829242246 4.02072 0.78258 0.98072 0.30541 0.41196 152.77952 195.62801 147.22542 138.42519 0.3 0.3 0.0 0.0 0.0 0.0 0.0 0.0 0.72115 0.0 0.0 45.47487 -0.49999 0.07399 0.0 0.0 0.0 0.0 0.0 0.0 0.00410813377291 31 0 0.679980516318 2.35307998187 4.47111758036
-0.12623 0.35028 3.35743 -0.12979 0.766961518239 4.02072 0.78258 0.98072 0.30541 0.41196 152.77952 195.62801 147.22542 138.42519 0.3 0.3 0.0 0.0 0.0 0.0 0.0 0.0 0.72115 0.0 0.0 45.47487 -0.49999 0.07399 0.0 0.0 0.0 0.0 0.0 0.0 0.00483143318168 32 0 0.782635852592 2.49698854099 4.47111758036
-0.12623 0.35028 3.35743 -0.12979 0.667717274632 4.02072 0.78258 0.98072 0.30541 0.41196 152.77952 195.62801 147.22542 138.42519 0.3 0.3 0.0 0.0 0.0 0.0 0.0 0.0 0.72115 0.0 0.0 45.47487 -0.49999 0.07399 0.0 0.0 0.0 0.0 0.0 0.0 0.00517118510027 33 0 0.86315128688 2.0961077893 4.47111758036
-0.12623 0.35028 3.35743 -0.12979 0.656179669432 4.02072 0.78258 0.98072 0.30541 0.41196 152.77952 195.62801 147.22542 138.42519 0.3 0.3 0.0 0.0 0.0 0.0 0.0 0.0 0.72115 0.0 0.0 45.47487 -0.49999 0.07399 0.0 0.0 0.0 0.0 0.0 0.0 0.00582869981705 34 0 0.873115577889 2.12536465677 4.47111758036
-0.12623 0.35028 3.35743 -0.12979 0.673488770674 4.02072 0.78258 0.98072 0.30541 0.41196 152.77952 195.62801 147.22542 138.42519 0.3 0.3 0.0 0.0 0.0 0.0 0.0 0.0 0.72115 0.0 0.0 45.47487 -0.49999 0.07399 0.0 0.0 0.0 0.0 0.0 0.0 0.00483272985154 35 0 0.855799373041 2.06792424092 4.47111758036
-0.12623 0.35028 3.35743 -0.12979 0.612635845529 4.02072 0.78258 0.98072 0.30541 0.41196 152.77952 195.62801 147.22542 138.42519 0.3 0.3 0.0 0.0 0.0 0.0 0.0 0.0 0.72115 0.0 0.0 45.47487 -0.49999 0.07399 0.0 0.0 0.0 0.0 0.0 0.0 0.00450714289992 36 0 0.922110552764 1.57130968427 4.47111758036
-0.12623 0.35028 3.35743 -0.12979 0.566486016771 4.02072 0.78258 0.98072 0.30541 0.41196 152.77952 195.62801 147.22542 138.42519 0.3 0.3 0.0 0.0 0.0 0.0 0.0 0.0 0.72115 0.0 0.0 45.47487 -0.49999 0.07399 0.0 0.0 0.0 0.0 0.0 0.0 0.00498762954036 37 0 0.979848866499 1.40120125654 4.47111758036
-0.12623 0.35028 3.35743 -0.12979 0.502375360326 4.02072 0.78258 0.98072 0.30541 0.41196 152.77952 195.62801 147.22542 138.42519 0.3 0.3 0.0 0.0 0.0 0.0 0.0 0.0 0.72115 0.0 0.0 45.47487 -0.49999 0.07399 0.0 0.0 0.0 0.0 0.0 0.0 0.00457411971966 38 0 0.882586500284 1.55111804383 4.47111758036
-0.12623 0.35028 3.35743 -0.12979 0.734501782865 4.02072 0.78258 0.98072 0.30541 0.41196 152.77952 195.62801 147.22542 138.42519 0.3 0.3 0.0 0.0 0.0 0.0 0.0 0.0 0.72115 0.0 0.0 45.47487 -0.49999 0.07399 0.0 0.0 0.0 0.0 0.0 0.0 0.00462821473042 39 0 0.814142678348 2.13786310427 4.47111758036
-0.12623 0.35028 3.35743 -0.12979 0.39518093156 4.02072 0.78258 0.98072 0.30541 0.41196 152.77952 195.62801 147.22542 138.42519 0.3 0.3 0.0 0.0 0.0 0.0 0.0 0.0 0.72115 0.0 0.0 45.47487 -0.49999 0.07399 0.0 0.0 0.0 0.0 0.0 0.0 0.00423609874265 40 0 0.608989850169 2.96841025796 4.47111758036
-0.12623 0.35028 3.35743 -0.12979 0.544948709975 4.02072 0.78258 0.98072 0.30541 0.41196 152.77952 195.62801 147.22542 138.42519 0.3 0.3 0.0 0.0 0.0 0.0 0.0 0.0 0.72115 0.0 0.0 45.47487 -0.49999 0.07399 0.0 0.0 0.0 0.0 0.0 0.0 0.0042647301512 41 0 0.967781908302 1.2107752816 4.47111758036
-0.12623 0.35028 3.35743 -0.12979 0.435174701055 4.02072 0.78258 0.98072 0.30541 0.41196 152.77952 195.62801 147.22542 138.42519 0.3 0.3 0.0 0.0 0.0 0.0 0.0 0.0 0.72115 0.0 0.0 45.47487 -0.49999 0.07399 0.0 0.0 0.0 0.0 0.0 0.0 0.00495688516538 42 0 0.716301703163 1.92349859192 4.47111758036
-0.12623 0.35028 3.35743 -0.12979 0.675874645033 4.02072 0.78258 0.98072 0.30541 0.41196 152.77952 195.62801 147.22542 138.42519 0.3 0.3 0.0 0.0 0.0 0.0 0.0 0.0 0.72115 0.0 0.0 45.47487 -0.49999 0.07399 0.0 0.0 0.0 0.0 0.0 0.0 0.00541791041614 43 0 0.85329153605 2.01633190396 4.47111758036
-0.12623 0.35028 3.35743 -0.12979 0.660347403278 4.02072 0.78258 0.98072 0.30541 0.41196 152.77952 195.62801 147.22542 138.42519 0.3 0.3 0.0 0.0 0.0 0.0 0.0 0.0 0.72115 0.0 0.0 45.47487 -0.49999 0.07399 0.0 0.0 0.0 0.0 0.0 0.0 0.00413370373734 44 0 0.868801004394 2.092031069 4.47111758036
-0.12623 0.35028 3.35743 -0.12979 0.491284756333 4.02072 0.78258 0.98072 0.30541 0.41196 152.77952 195.62801 147.22542 138.42519 0.3 0.3 0.0 0.0 0.0 0.0 0.0 0.0 0.72115 0.0 0.0 45.47487 -0.49999 0.07399 0.0 0.0 0.0 0.0 0.0 0.0 0.0046076745551 45 0 0.844638949672 1.65881395664 4.47111758036
-0.12623 0.35028 3.35743 -0.12979 0.636349984129 4.02072 0.78258 0.98072 0.30541 0.41196 152.77952 195.62801 147.22542 138.42519 0.3 0.3 0.0 0.0 0.0 0.0 0.0 0.0 0.72115 0.0 0.0 45.47487 -0.49999 0.07399 0.0 0.0 0.0 0.0 0.0 0.0 0.00471405805572 46 0 0.892789968652 1.92884059474 4.47111758036
-0.12623 0.35028 3.35743 -0.12979 0.606021198763 4.02072 0.78258 0.98072 0.30541 0.41196 152.77952 195.62801 147.22542 138.42519 0.3 0.3 0.0 0.0 0.0 0.0 0.0 0.0 0.72115 0.0 0.0 45.47487 -0.49999 0.07399 0.0 0.0 0.0 0.0 0.0 0.0 0.0046481046246 47 0 0.925298179535 1.55625227649 4.47111758036
-0.12623 0.35028 3.35743 -0.12979 0.535255048531 4.02072 0.78258 0.98072 0.30541 0.41196 152.77952 195.62801 147.22542 138.42519 0.3 0.3 0.0 0.0 0.0 0.0 0.0 0.0 0.72115 0.0 0.0 45.47487 -0.49999 0.07399 0.0 0.0 0.0 0.0 0.0 0.0 0.00495217895452 48 0 0.946341463415 1.24294645702 4.47111758036
-0.12623 0.35028 3.35743 -0.12979 0.0895317515207 4.02072 0.78258 0.98072 0.30541 0.41196 152.77952 195.62801 147.22542 138.42519 0.3 0.3 0.0 0.0 0.0 0.0 0.0 0.0 0.72115 0.0 0.0 45.47487 -0.49999 0.07399 0.0 0.0 0.0 0.0 0.0 0.0 0.00440417723032 49 0 0.613636363636 3.31353324207 4.47111758036
-0.12623 0.35028 3.35743 -0.12979 0.598091392654 4.02072 0.78258 0.98072 0.30541 0.41196 152.77952 195.62801 147.22542 138.42519 0.3 0.3 0.0 0.0 0.0 0.0 0.0 0.0 0.72115 0.0 0.0 45.47487 -0.49999 0.07399 0.0 0.0 0.0 0.0 0.0 0.0 0.00500755322407 50 0 0.938993710692 1.62513011288 4.47111758036
