-0.12623 0.35028 3.35743 -0.12979 0.595593909394 4.02072 0.78258 0.98072 0.30541 0.41196 152.77952 195.62801 147.22542 138.42519 0.3 0.3 0.0 0.0 0.0 0.0 0.0 0.0 0.72115 0.0 0.0 45.47487 -0.49999 0.07399 0.0 0.0 0.0 0.0 0.0 0.0 0.005 0 1 0.939070351759 1.62360092008 -191.345446833
-0.12623 0.35028 3.35743 -0.12979 0.674525012714 4.02072 0.78258 0.98072 0.30541 0.41196 152.77952 195.62801 147.22542 138.42519 0.3 0.3 0.0 0.0 0.0 0.0 0.0 0.0 0.72115 0.0 0.0 45.47487 -0.49999 0.07399 0.0 0.0 0.0 0.0 0.0 0.0 0.00518591228747 1 0 0.85329153605 2.01689323668 -191.345446833
-0.12623 0.35028 3.35743 -0.12979 0.608997302011 4.02072 0.78258 0.98072 0.30541 0.41196 152.77952 195.62801 147.22542 138.42519 0.3 0.3 0.0 0.0 0.0 0.0 0.0 0.0 0.72115 0.0 0.0 45.47487 -0.49999 0.07399 0.0 0.0 0.0 0.0 0.0 0.0 0.00565551151059 2 0 0.924042686755 1.55494076825 -191.345446833
-0.12623 0.35028 3.35743 -0.12979 0.677959469596 4.02072 0.78258 0.98072 0.30541 0.41196 152.77952 195.62801 147.22542 138.42519 0.3 0.3 0.0 0.0 0.0 0.0 0.0 0.0 0.72115 0.0 0.0 45.47487 -0.49999 0.07399 0.0 0.0 0.0 0.0 0.0 0.0 0.00525448409451 3 0 0.85329153605 2.10779590826 -191.345446833
-0.12623 0.35028 3.35743 -0.12979 0.772423108381 4.02072 0.78258 0.98072 0.30541 0.41196 152.77952 195.62801 147.22542 138.42519 0.3 0.3 0.0 0.0 0.0 0.0 0.0 0.0 0.72115 0.0 0.0 45.47487 -0.49999 0.07399 0.0 0.0 0.0 0.0 0.0 0.0 0.00505065642571 4 0 0.777986241401 2.51075963584 -191.345446833
-0.12623 0.35028 3.35743 -0.12979 0.448678501559 4.02072 0.78258 0.98072 0.30541 0.41196 152.77952 195.62801 147.22542 138.42519 0.3 0.3 0.0 0.0 0.0 0.0 0.0 0.0 0.72115 0.0 0.0 45.47487 -0.49999 0.07399 0.0 0.0 0.0 0.0 0.0 0.0 0.00467671161858 5 0 0.724574209246 1.84164614541 -191.345446833
-0.12623 0.35028 3.35743 -0.12979 0.568317908946 4.02072 0.78258 0.98072 0.30541 0.41196 152.77952 195.62801 147.22542 138.42519 0.3 0.3 0.0 0.0 0.0 0.0 0.0 0.0 0.72115 0.0 0.0 45.47487 -0.49999 0.07399 0.0 0.0 0.0 0.0 0.0 0.0 0.00470769535856 6 1 0.972989949749 1.40728958174 -28.1568862674
-0.12623 0.35028 3.35743 -0.12979 0.724764903689 4.02072 0.78258 0.98072 0.30541 0.41196 152.77952 195.62801 147.22542 138.42519 0.3 0.3 0.0 0.0 0.0 0.0 0.0 0.0 0.72115 0.0 0.0 45.47487 -0.49999 0.07399 0.0 0.0 0.0 0.0 0.0 0.0 0.00495355694122 7 0 0.823418910457 2.23365709983 -28.1568862674
-0.12623 0.35028 3.35743 -0.12979 0.447594572758 4.02072 0.78258 0.98072 0.30541 0.41196 152.77952 195.62801 147.22542 138.42519 0.3 0.3 0.0 0.0 0.0 0.0 0.0 0.0 0.72115 0.0 0.0 45.47487 -0.49999 0.07399 0.0 0.0 0.0 0.0 0.0 0.0 0.00406254414704 8 0 0.72487804878 1.87657573184 -28.1568862674
-0.12623 0.35028 3.35743 -0.12979 0.470685878511 4.02072 0.78258 0.98072 0.30541 0.41196 152.77952 195.62801 147.22542 138.42519 0.3 0.3 0.0 0.0 0.0 0.0 0.0 0.0 0.72115 0.0 0.0 45.47487 -0.49999 0.07399 0.0 0.0 0.0 0.0 0.0 0.0 0.00497427585007 9 0 0.768064679131 1.73926148468 -28.1568862674
-0.12623 0.35028 3.35743 -0.12979 0.438512391406 4.02072 0.78258 0.98072 0.30541 0.41196 152.77952 195.62801 147.22542 138.42519 0.3 0.3 0.0 0.0 0.0 0.0 0.0 0.0 0.72115 0.0 0.0 45.47487 -0.49999 0.07399 0.0 0.0 0.0 0.0 0.0 0.0 0.00481157331415 10 0 0.713106796117 1.90075820794 -28.1568862674
-0.12623 0.35028 3.35743 -0.12979 0.560517510331 4.02072 0.78258 0.98072 0.30541 0.41196 152.77952 195.62801 147.22542 138.42519 0.3 0.3 0.0 0.0 0.0 0.0 0.0 0.0 0.72115 0.0 0.0 45.47487 -0.49999 0.07399 0.0 0.0 0.0 0.0 0.0 0.0 0.0043841931201 11 1 0.987997473152 0.946959610594 1.15034955342
-0.12623 0.35028 3.35743 -0.12979 0.504167551839 4.02072 0.78258 0.98072 0.30541 0.41196 152.77952 195.62801 147.22542 138.42519 0.3 0.3 0.0 0.0 0.0 0.0 0.0 0.0 0.72115 0.0 0.0 45.47487 -0.49999 0.07399 0.0 0.0 0.0 0.0 0.0 0.0 0.00381862162581 12 0 0.883892999431 1.57612280346 1.15034955342
-0.12623 0.35028 3.35743 -0.12979 0.551556135887 4.02072 0.78258 0.98072 0.30541 0.41196 152.77952 195.62801 147.22542 138.42519 0.3 0.3 0.0 0.0 0.0 0.0 0.0 0.0 0.72115 0.0 0.0 45.47487 -0.49999 0.07399 0.0 0.0 0.0 0.0 0.0 0.0 0.00409134514258 13 0 0.97875 1.1837102047 1.15034955342
-0.12623 0.35028 3.35743 -0.12979 0.503716259866 4.02072 0.78258 0.98072 0.30541 0.41196 152.77952 195.62801 147.22542 138.42519 0.3 0.3 0.0 0.0 0.0 0.0 0.0 0.0 0.72115 0.0 0.0 45.47487 -0.49999 0.07399 0.0 0.0 0.0 0.0 0.0 0.0 0.00436242868991 14 0 0.883390216155 1.52998205624 1.15034955342
-0.12623 0.35028 3.35743 -0.12979 0.469463587876 4.02072 0.78258 0.98072 0.30541 0.41196 152.77952 195.62801 147.22542 138.42519 0.3 0.3 0.0 0.0 0.0 0.0 0.0 0.0 0.72115 0.0 0.0 45.47487 -0.49999 0.07399 0.0 0.0 0.0 0.0 0.0 0.0 0.00369675496428 15 0 0.764469048817 1.73903181947 1.15034955342
-0.12623 0.35028 3.35743 -0.12979 0.326737093546 4.02072 0.78258 0.98072 0.30541 0.41196 152.77952 195.62801 147.22542 138.42519 0.3 0.3 0.0 0.0 0.0 0.0 0.0 0.0 0.72115 0.0 0.0 45.47487 -0.49999 0.07399 0.0 0.0 0.0 0.0 0.0 0.0 0.00394999879897 16 0 0.602665350444 3.31014118897 1.15034955342
-0.12623 0.35028 3.35743 -0.12979 0.480219335618 4.02072 0.78258 0.98072 0.30541 0.41196 152.77952 195.62801 147.22542 138.42519 0.3 0.3 0.0 0.0 0.0 0.0 0.0 0.0 0.72115 0.0 0.0 45.47487 -0.49999 0.07399 0.0 0.0 0.0 0.0 0.0 0.0 0.00353285799069 17 0 0.803244374673 1.7370848901 1.15034955342
-0.12623 0.35028 3.35743 -0.12979 0.59670518251 4.02072 0.78258 0.98072 0.30541 0.41196 152.77952 195.62801 147.22542 138.42519 0.3 0.3 0.0 0.0 0.0 0.0 0.0 0.0 0.72115 0.0 0.0 45.47487 -0.49999 0.07399 0.0 0.0 0.0 0.0 0.0 0.0 0.0042228894885 18 0 0.940326633166 1.64972287814 1.15034955342
-0.12623 0.35028 3.35743 -0.12979 0.675463235001 4.02072 0.78258 0.98072 0.30541 0.41196 152.77952 195.62801 147.22542 138.42519 0.3 0.3 0.0 0.0 0.0 0.0 0.0 0.0 0.72115 0.0 0.0 45.47487 -0.49999 0.07399 0.0 0.0 0.0 0.0 0.0 0.0 0.00424037165324 19 0 0.854545454545 2.01153843546 1.15034955342
-0.12623 0.35028 3.35743 -0.12979 0.565190665625 4.02072 0.78258 0.98072 0.30541 0.41196 152.77952 195.62801 147.22542 138.42519 0.3 0.3 0.0 0.0 0.0 0.0 0.0 0.0 0.72115 0.0 0.0 45.47487 -0.49999 0.07399 0.0 0.0 0.0 0.0 0.0 0.0 0.00489336583252 20 0 0.983606557377 1.16057280154 1.15034955342
-0.12623 0.35028 3.35743 -0.12979 0.688632286082 4.02072 0.78258 0.98072 0.30541 0.41196 152.77952 195.62801 147.22542 138.42519 0.3 0.3 0.0 0.0 0.0 0.0 0.0 0.0 0.72115 0.0 0.0 45.47487 -0.49999 0.07399 0.0 0.0 0.0 0.0 0.0 0.0 0.00484956621808 21 0 0.842204132749 2.09098271917 1.15034955342
-0.12623 0.35028 3.35743 -0.12979 0.659878245468 4.02072 0.78258 0.98072 0.30541 0.41196 152.77952 195.62801 147.22542 138.42519 0.3 0.3 0.0 0.0 0.0 0.0 0.0 0.0 0.72115 0.0 0.0 45.47487 -0.49999 0.07399 0.0 0.0 0.0 0.0 0.0 0.0 0.0048547500781 22 0 0.869428750785 2.09589485067 1.15034955342
-0.12623 0.35028 3.35743 -0.12979 0.341527385872 4.02072 0.78258 0.98072 0.30541 0.41196 152.77952 195.62801 147.22542 138.42519 0.3 0.3 0.0 0.0 0.0 0.0 0.0 0.0 0.72115 0.0 0.0 45.47487 -0.49999 0.07399 0.0 0.0 0.0 0.0 0.0 0.0 0.00352042628594 23 0 0.598223099704 3.39249655522 1.15034955342
-0.12623 0.35028 3.35743 -0.12979 0.629153815743 4.02072 0.78258 0.98072 0.30541 0.41196 152.77952 195.62801 147.22542 138.42519 0.3 0.3 0.0 0.0 0.0 0.0 0.0 0.0 0.72115 0.0 0.0 45.47487 -0.49999 0.07399 0.0 0.0 0.0 0.0 0.0 0.0 0.00313027786945 24 0 0.902821316614 2.01531734711 1.15034955342
-0.12623 0.35028 3.35743 -0.12979 0.678910232235 4.02072 0.78258 0.98072 0.30541 0.41196 152.77952 195.62801 147.22542 138.42519 0.3 0.3 0.0 0.0 0.0 0.0 0.0 0.0 0.72115 0.0 0.0 45.47487 -0.49999 0.07399 0.0 0.0 0.0 0.0 0.0 0.0 0.00489996689664 25 0 0.852037617555 2.11245362326 1.15034955342
-0.12623 0.35028 3.35743 -0.12979 0.276631957536 4.02072 0.78258 0.98072 0.30541 0.41196 152.77952 195.62801 147.22542 138.42519 0.3 0.3 0.0 0.0 0.0 0.0 0.0 0.0 0.72115 0.0 0.0 45.47487 -0.49999 0.07399 0.0 0.0 0.0 0.0 0.0 0.0 0.00445579921076 26 0 0.590909090909 3.21785229306 1.15034955342
-0.12623 0.35028 3.35743 -0.12979 0.55599996974 4.02072 0.78258 0.98072 0.30541 0.41196 152.77952 195.62801 147.22542 138.42519 0.3 0.3 0.0 0.0 0.0 0.0 0.0 0.0 0.72115 0.0 0.0 45.47487 -0.49999 0.07399 0.0 0.0 0.0 0.0 0.0 0.0 0.00462086789804 27 0 0.979912115505 0.92273956957 1.15034955342
-0.12623 0.35028 3.35743 -0.12979 0.62044345042 4.02072 0.78258 0.98072 0.30541 0.41196 152.77952 195.62801 147.22542 138.42519 0.3 0.3 0.0 0.0 0.0 0.0 0.0 0.0 0.72115 0.0 0.0 45.47487 -0.49999 0.07399 0.0 0.0 0.0 0.0 0.0 0.0 0.00467461204856 28 0 0.914052697616 1.85696606725 1.15034955342
-0.12623 0.35028 3.35743 -0.12979 0.544811248073 4.02072 0.78258 0.98072 0.30541 0.41196 152.77952 195.62801 147.22542 138.42519 0.3 0.3 0.0 0.0 0.0 0.0 0.0 0.0 0.72115 0.0 0.0 45.47487 -0.49999 0.07399 0.0 0.0 0.0 0.0 0.0 0.0 0.00363619064292 29 0 0.967781908302 1.21291371832 1.15034955342
-0.12623 0.35028 3.35743 -0.12979 0.298717714446 4.02072 0.78258 0.98072 0.30541 0.41196 152.77952 195.62801 147.22542 138.42519 0.3 0.3 0.0 0.0 0.0 0.0 0.0 0.0 0.72115 0.0 0.0 45.47487 -0.49999 0.07399 0.0 0.0 0.0 0.0 0.0 0.0 0.00416544636708 30 0 0.601975308642 3.24048388971 1.15034955342
-0.12623 0.35028 3.35743 -0.12979 0.524172695403 4.02072 0.78258 0.98072 0.30541 0.41196 152.77952 195.62801 147.22542 138.42519 0.3 0.3 0.0 0.0 0.0 0.0 0.0 0.0 0.72115 0.0 0.0 45.47487 -0.49999 0.07399 0.0 0.0 0.0 0.0 0.0 0.0 0.00434659568007 31 0 0.931818181818 1.48243027958 1.15034955342
-0.12623 0.35028 3.35743 -0.12979 0.476411715554 4.02072 0.78258 0.98072 0.30541 0.41196 152.77952 195.62801 147.22542 138.42519 0.3 0.3 0.0 0.0 0.0 0.0 0.0 0.0 0.72115 0.0 0.0 45.47487 -0.49999 0.07399 0.0 0.0 0.0 0.0 0.0 0.0 0.00419703434928 32 0 0.790998448008 1.78940948702 1.15034955342
-0.12623 0.35028 3.35743 -0.12979 0.517071009663 4.02072 0.78258 0.98072 0.30541 0.41196 152.77952 195.62801 147.22542 138.42519 0.3 0.3 0.0 0.0 0.0 0.0 0.0 0.0 0.72115 0.0 0.0 45.47487 -0.49999 0.07399 0.0 0.0 0.0 0.0 0.0 0.0 0.00516496598939 33 0 0.910745742807 1.52075807267 1.15034955342
-0.12623 0.35028 3.35743 -0.12979 0.513858684456 4.02072 0.78258 0.98072 0.30541 0.41196 152.77952 195.62801 147.22542 138.42519 0.3 0.3 0.0 0.0 0.0 0.0 0.0 0.0 0.72115 0.0 0.0 45.47487 -0.49999 0.07399 0.0 0.0 0.0 0.0 0.0 0.0 0.00460131775453 34 0 0.906231799651 1.53729653538 1.15034955342
-0.12623 0.35028 3.35743 -0.12979 0.508053738594 4.02072 0.78258 0.98072 0.30541 0.41196 152.77952 195.62801 147.22542 138.42519 0.3 0.3 0.0 0.0 0.0 0.0 0.0 0.0 0.72115 0.0 0.0 45.47487 -0.49999 0.07399 0.0 0.0 0.0 0.0 0.0 0.0 0.00537931270513 35 0 0.895617070358 1.56628484099 1.15034955342
-0.12623 0.35028 3.35743 -0.12979 0.556386852037 4.02072 0.78258 0.98072 0.30541 0.41196 152.77952 195.62801 147.22542 138.42519 0.3 0.3 0.0 0.0 0.0 0.0 0.0 0.0 0.72115 0.0 0.0 45.47487 -0.49999 0.07399 0.0 0.0 0.0 0.0 0.0 0.0 0.00432960485785 36 0 0.984286612194 0.795465546372 1.15034955342
-0.12623 0.35028 3.35743 -0.12979 0.717434287154 4.02072 0.78258 0.98072 0.30541 0.41196 152.77952 195.62801 147.22542 138.42519 0.3 0.3 0.0 0.0 0.0 0.0 0.0 0.0 0.72115 0.0 0.0 45.47487 -0.49999 0.07399 0.0 0.0 0.0 0.0 0.0 0.0 0.00407724933967 37 0 0.82467125861 2.29213096975 1.15034955342
-0.12623 0.35028 3.35743 -0.12979 0.546534163458 4.02072 0.78258 0.98072 0.30541 0.41196 152.77952 195.62801 147.22542 138.42519 0.3 0.3 0.0 0.0 0.0 0.0 0.0 0.0 0.72115 0.0 0.0 45.47487 -0.49999 0.07399 0.0 0.0 0.0 0.0 0.0 0.0 0.00554906864127 38 0 0.967121588089 1.26208475208 1.15034955342
-0.12623 0.35028 3.35743 -0.12979 0.73453205076 4.02072 0.78258 0.98072 0.30541 0.41196 152.77952 195.62801 147.22542 138.42519 0.3 0.3 0.0 0.0 0.0 0.0 0.0 0.0 0.72115 0.0 0.0 45.47487 -0.49999 0.07399 0.0 0.0 0.0 0.0 0.0 0.0 0.00397728206746 39 0 0.814142678348 2.13835939065 1.15034955342
-0.12623 0.35028 3.35743 -0.12979 0.536758098421 4.02072 0.78258 0.98072 0.30541 0.41196 152.77952 195.62801 147.22542 138.42519 0.3 0.3 0.0 0.0 0.0 0.0 0.0 0.0 0.72115 0.0 0.0 45.47487 -0.49999 0.07399 0.0 0.0 0.0 0.0 0.0 0.0 0.00461772850655 40 0 0.954767726161 1.23345084739 1.15034955342
-0.12623 0.35028 3.35743 -0.12979 0.285725886291 4.02072 0.78258 0.98072 0.30541 0.41196 152.77952 195.62801 147.22542 138.42519 0.3 0.3 0.0 0.0 0.0 0.0 0.0 0.0 0.72115 0.0 0.0 45.47487 -0.49999 0.07399 0.0 0.0 0.0 0.0 0.0 0.0 0.00490986224481 41 0 0.59317844785 3.25177876359 1.15034955342
-0.12623 0.35028 3.35743 -0.12979 0.69339304472 4.02072 0.78258 0.98072 0.30541 0.41196 152.77952 195.62801 147.22542 138.42519 0.3 0.3 0.0 0.0 0.0 0.0 0.0 0.0 0.72115 0.0 0.0 45.47487 -0.49999 0.07399 0.0 0.0 0.0 0.0 0.0 0.0 0.00508313084433 42 0 0.839699436443 2.05830121282 1.15034955342
-0.12623 0.35028 3.35743 -0.12979 0.459553560305 4.02072 0.78258 0.98072 0.30541 0.41196 152.77952 195.62801 147.22542 138.42519 0.3 0.3 0.0 0.0 0.0 0.0 0.0 0.0 0.72115 0.0 0.0 45.47487 -0.49999 0.07399 0.0 0.0 0.0 0.0 0.0 0.0 0.00383355550621 43 0 0.73673870334 1.82623579837 1.15034955342
-0.12623 0.35028 3.35743 -0.12979 0.421218739431 4.02072 0.78258 0.98072 0.30541 0.41196 152.77952 195.62801 147.22542 138.42519 0.3 0.3 0.0 0.0 0.0 0.0 0.0 0.0 0.72115 0.0 0.0 45.47487 -0.49999 0.07399 0.0 0.0 0.0 0.0 0.0 0.0 0.00350963272257 44 0 0.681751824818 2.31304900724 1.15034955342
-0.12623 0.35028 3.35743 -0.12979 0.494653740088 4.02072 0.78258 0.98072 0.30541 0.41196 152.77952 195.62801 147.22542 138.42519 0.3 0.3 0.0 0.0 0.0 0.0 0.0 0.0 0.72115 0.0 0.0 45.47487 -0.49999 0.07399 0.0 0.0 0.0 0.0 0.0 0.0 0.00459072261063 45 0 0.849723756906 1.54775044603 1.15034955342
-0.12623 0.35028 3.35743 -0.12979 0.646315878806 4.02072 0.78258 0.98072 0.30541 0.41196 152.77952 195.62801 147.22542 138.42519 0.3 0.3 0.0 0.0 0.0 0.0 0.0 0.0 0.72115 0.0 0.0 45.47487 -0.49999 0.07399 0.0 0.0 0.0 0.0 0.0 0.0 0.00491516349386 46 0 0.885122410546 2.0593905153 1.15034955342
-0.12623 0.35028 3.35743 -0.12979 0.519568690721 4.02072 0.78258 0.98072 0.30541 0.41196 152.77952 195.62801 147.22542 138.42519 0.3 0.3 0.0 0.0 0.0 0.0 0.0 0.0 0.72115 0.0 0.0 45.47487 -0.49999 0.07399 0.0 0.0 0.0 0.0 0.0 0.0 0.00364700687897 47 0 0.919526627219 1.44477077167 1.15034955342
-0.12623 0.35028 3.35743 -0.12979 0.63795373735 4.02072 0.78258 0.98072 0.30541 0.41196 152.77952 195.62801 147.22542 138.42519 0.3 0.3 0.0 0.0 0.0 0.0 0.0 0.0 0.72115 0.0 0.0 45.47487 -0.49999 0.07399 0.0 0.0 0.0 0.0 0.0 0.0 0.0042479925981 48 0 0.891045710708 1.86580002188 1.15034955342
-0.12623 0.35028 3.35743 -0.12979 0.487898148932 4.02072 0.78258 0.98072 0.30541 0.41196 152.77952 195.62801 147.22542 138.42519 0.3 0.3 0.0 0.0 0.0 0.0 0.0 0.0 0.72115 0.0 0.0 45.47487 -0.49999 0.07399 0.0 0.0 0.0 0.0 0.0 0.0 0.00303314019822 49 0 0.834143706105 1.63194133581 1.15034955342
-0.12623 0.35028 3.35743 -0.12979 0.341054132197 4.02072 0.78258 0.98072 0.30541 0.41196 152.77952 195.62801 147.22542 138.42519 0.3 0.3 0.0 0.0 0.0 0.0 0.0 0.0 0.72115 0.0 0.0 45.47487 -0.49999 0.07399 0.0 0.0 0.0 0.0 0.0 0.0 0.00372509221542 50 0 0.601184600197 3.39226747661 1.15034955342
