-0.12623 0.35028 3.35743 -0.12979 0.571671303131 4.02072 0.78258 0.98072 0.30541 0.41196 152.77952 195.62801 147.22542 138.42519 0.3 0.3 0.0 0.0 0.0 0.0 0.0 0.0 0.72115 0.0 0.0 45.47487 -0.49999 0.07399 0.0 0.0 0.0 0.0 0.0 0.0 0.005 0 1 0.971680302077 1.28430709288 -22.0778888228
-0.12623 0.35028 3.35743 -0.12979 0.701332874647 4.02072 0.78258 0.98072 0.30541 0.41196 152.77952 195.62801 147.22542 138.42519 0.3 0.3 0.0 0.0 0.0 0.0 0.0 0.0 0.72115 0.0 0.0 45.47487 -0.49999 0.07399 0.0 0.0 0.0 0.0 0.0 0.0 0.00448772121653 1 0 0.832811521603 2.25533916984 -22.0778888228
-0.12623 0.35028 3.35743 -0.12979 0.56076703045 4.02072 0.78258 0.98072 0.30541 0.41196 152.77952 195.62801 147.22542 138.42519 0.3 0.3 0.0 0.0 0.0 0.0 0.0 0.0 0.72115 0.0 0.0 45.47487 -0.49999 0.07399 0.0 0.0 0.0 0.0 0.0 0.0 0.00488937189502 2 1 0.986119873817 0.95303417672 0.741866209897
-0.12623 0.35028 3.35743 -0.12979 0.447627797229 4.02072 0.78258 0.98072 0.30541 0.41196 152.77952 195.62801 147.22542 138.42519 0.3 0.3 0.0 0.0 0.0 0.0 0.0 0.0 0.72115 0.0 0.0 45.47487 -0.49999 0.07399 0.0 0.0 0.0 0.0 0.0 0.0 0.00507959446032 3 0 0.72487804878 1.87187436716 0.741866209897
-0.12623 0.35028 3.35743 -0.12979 0.564508333048 4.02072 0.78258 0.98072 0.30541 0.41196 152.77952 195.62801 147.22542 138.42519 0.3 0.3 0.0 0.0 0.0 0.0 0.0 0.0 0.72115 0.0 0.0 45.47487 -0.49999 0.07399 0.0 0.0 0.0 0.0 0.0 0.0 0.00546112441497 4 0 0.982965299685 1.15202348157 0.741866209897
-0.12623 0.35028 3.35743 -0.12979 0.538887311431 4.02072 0.78258 0.98072 0.30541 0.41196 152.77952 195.62801 147.22542 138.42519 0.3 0.3 0.0 0.0 0.0 0.0 0.0 0.0 0.72115 0.0 0.0 45.47487 -0.49999 0.07399 0.0 0.0 0.0 0.0 0.0 0.0 0.00481401185293 5 0 0.956388206388 1.25755534926 0.741866209897
-0.12623 0.35028 3.35743 -0.12979 0.458450221963 4.02072 0.78258 0.98072 0.30541 0.41196 152.77952 195.62801 147.22542 138.42519 0.3 0.3 0.0 0.0 0.0 0.0 0.0 0.0 0.72115 0.0 0.0 45.47487 -0.49999 0.07399 0.0 0.0 0.0 0.0 0.0 0.0 0.00404545721763 6 0 0.737229862475 1.77434585134 0.741866209897
-0.12623 0.35028 3.35743 -0.12979 0.649440135764 4.02072 0.78258 0.98072 0.30541 0.41196 152.77952 195.62801 147.22542 138.42519 0.3 0.3 0.0 0.0 0.0 0.0 0.0 0.0 0.72115 0.0 0.0 45.47487 -0.49999 0.07399 0.0 0.0 0.0 0.0 0.0 0.0 0.00401054877947 7 0 0.880728185813 1.97335800612 0.741866209897
-0.12623 0.35028 3.35743 -0.12979 0.543181192408 4.02072 0.78258 0.98072 0.30541 0.41196 152.77952 195.62801 147.22542 138.42519 0.3 0.3 0.0 0.0 0.0 0.0 0.0 0.0 0.72115 0.0 0.0 45.47487 -0.49999 0.07399 0.0 0.0 0.0 0.0 0.0 0.0 0.00398070232614 8 0 0.962345679012 1.21780510751 0.741866209897
-0.12623 0.35028 3.35743 -0.12979 0.48335109716 4.02072 0.78258 0.98072 0.30541 0.41196 152.77952 195.62801 147.22542 138.42519 0.3 0.3 0.0 0.0 0.0 0.0 0.0 0.0 0.72115 0.0 0.0 45.47487 -0.49999 0.07399 0.0 0.0 0.0 0.0 0.0 0.0 0.00543713509266 9 0 0.809498680739 1.69267665554 0.741866209897
-0.12623 0.35028 3.35743 -0.12979 0.6160247344 4.02072 0.78258 0.98072 0.30541 0.41196 152.77952 195.62801 147.22542 138.42519 0.3 0.3 0.0 0.0 0.0 0.0 0.0 0.0 0.72115 0.0 0.0 45.47487 -0.49999 0.07399 0.0 0.0 0.0 0.0 0.0 0.0 0.00583796035494 10 0 0.91776522285 1.71288435059 0.741866209897
-0.12623 0.35028 3.35743 -0.12979 0.325417101976 4.02072 0.78258 0.98072 0.30541 0.41196 152.77952 195.62801 147.22542 138.42519 0.3 0.3 0.0 0.0 0.0 0.0 0.0 0.0 0.72115 0.0 0.0 45.47487 -0.49999 0.07399 0.0 0.0 0.0 0.0 0.0 0.0 0.00497563263212 11 0 0.602071005917 3.29762404574 0.741866209897
-0.12623 0.35028 3.35743 -0.12979 0.459743354423 4.02072 0.78258 0.98072 0.30541 0.41196 152.77952 195.62801 147.22542 138.42519 0.3 0.3 0.0 0.0 0.0 0.0 0.0 0.0 0.72115 0.0 0.0 45.47487 -0.49999 0.07399 0.0 0.0 0.0 0.0 0.0 0.0 0.00423864421105 12 0 0.735395189003 1.83095555315 0.741866209897
-0.12623 0.35028 3.35743 -0.12979 0.571593134781 4.02072 0.78258 0.98072 0.30541 0.41196 152.77952 195.62801 147.22542 138.42519 0.3 0.3 0.0 0.0 0.0 0.0 0.0 0.0 0.72115 0.0 0.0 45.47487 -0.49999 0.07399 0.0 0.0 0.0 0.0 0.0 0.0 0.0052111470732 13 0 0.971050975456 1.28084430214 0.741866209897
-0.12623 0.35028 3.35743 -0.12979 0.56593268342 4.02072 0.78258 0.98072 0.30541 0.41196 152.77952 195.62801 147.22542 138.42519 0.3 0.3 0.0 0.0 0.0 0.0 0.0 0.0 0.72115 0.0 0.0 45.47487 -0.49999 0.07399 0.0 0.0 0.0 0.0 0.0 0.0 0.00472590074502 14 0 0.979219143577 1.39500057055 0.741866209897
-0.12623 0.35028 3.35743 -0.12979 0.635333416751 4.02072 0.78258 0.98072 0.30541 0.41196 152.77952 195.62801 147.22542 138.42519 0.3 0.3 0.0 0.0 0.0 0.0 0.0 0.0 0.72115 0.0 0.0 45.47487 -0.49999 0.07399 0.0 0.0 0.0 0.0 0.0 0.0 0.00410143576847 15 0 0.895297805643 1.95429094034 0.741866209897
-0.12623 0.35028 3.35743 -0.12979 0.702800886284 4.02072 0.78258 0.98072 0.30541 0.41196 152.77952 195.62801 147.22542 138.42519 0.3 0.3 0.0 0.0 0.0 0.0 0.0 0.0 0.72115 0.0 0.0 45.47487 -0.49999 0.07399 0.0 0.0 0.0 0.0 0.0 0.0 0.00499283143351 16 0 0.829680651221 2.20418797664 0.741866209897
-0.12623 0.35028 3.35743 -0.12979 0.621652749311 4.02072 0.78258 0.98072 0.30541 0.41196 152.77952 195.62801 147.22542 138.42519 0.3 0.3 0.0 0.0 0.0 0.0 0.0 0.0 0.72115 0.0 0.0 45.47487 -0.49999 0.07399 0.0 0.0 0.0 0.0 0.0 0.0 0.00478625821 17 0 0.910915934755 1.84590412379 0.741866209897
-0.12623 0.35028 3.35743 -0.12979 0.370063455253 4.02072 0.78258 0.98072 0.30541 0.41196 152.77952 195.62801 147.22542 138.42519 0.3 0.3 0.0 0.0 0.0 0.0 0.0 0.0 0.72115 0.0 0.0 45.47487 -0.49999 0.07399 0.0 0.0 0.0 0.0 0.0 0.0 0.00489272543798 18 0 0.59068627451 3.42167411164 0.741866209897
-0.12623 0.35028 3.35743 -0.12979 0.50289540836 4.02072 0.78258 0.98072 0.30541 0.41196 152.77952 195.62801 147.22542 138.42519 0.3 0.3 0.0 0.0 0.0 0.0 0.0 0.0 0.72115 0.0 0.0 45.47487 -0.49999 0.07399 0.0 0.0 0.0 0.0 0.0 0.0 0.00699206936069 19 0 0.885292447473 1.52542462885 0.741866209897
-0.12623 0.35028 3.35743 -0.12979 0.650005443489 4.02072 0.78258 0.98072 0.30541 0.41196 152.77952 195.62801 147.22542 138.42519 0.3 0.3 0.0 0.0 0.0 0.0 0.0 0.0 0.72115 0.0 0.0 45.47487 -0.49999 0.07399 0.0 0.0 0.0 0.0 0.0 0.0 0.00492685737662 20 0 0.879472693032 1.96762275015 0.741866209897
-0.12623 0.35028 3.35743 -0.12979 0.55062592679 4.02072 0.78258 0.98072 0.30541 0.41196 152.77952 195.62801 147.22542 138.42519 0.3 0.3 0.0 0.0 0.0 0.0 0.0 0.0 0.72115 0.0 0.0 45.47487 -0.49999 0.07399 0.0 0.0 0.0 0.0 0.0 0.0 0.00441656866186 21 0 0.975670617592 1.26866158347 0.741866209897
-0.12623 0.35028 3.35743 -0.12979 0.590549333106 4.02072 0.78258 0.98072 0.30541 0.41196 152.77952 195.62801 147.22542 138.42519 0.3 0.3 0.0 0.0 0.0 0.0 0.0 0.0 0.72115 0.0 0.0 45.47487 -0.49999 0.07399 0.0 0.0 0.0 0.0 0.0 0.0 0.00567075654042 22 0 0.946608040201 1.50820642001 0.741866209897
-0.12623 0.35028 3.35743 -0.12979 0.76530344764 4.02072 0.78258 0.98072 0.30541 0.41196 152.77952 195.62801 147.22542 138.42519 0.3 0.3 0.0 0.0 0.0 0.0 0.0 0.0 0.72115 0.0 0.0 45.47487 -0.49999 0.07399 0.0 0.0 0.0 0.0 0.0 0.0 0.00554981951005 23 0 0.784509681449 2.44264721909 0.741866209897
-0.12623 0.35028 3.35743 -0.12979 0.434737220381 4.02072 0.78258 0.98072 0.30541 0.41196 152.77952 195.62801 147.22542 138.42519 0.3 0.3 0.0 0.0 0.0 0.0 0.0 0.0 0.72115 0.0 0.0 45.47487 -0.49999 0.07399 0.0 0.0 0.0 0.0 0.0 0.0 0.00544373621674 24 0 0.718124084025 1.90910846212 0.741866209897
-0.12623 0.35028 3.35743 -0.12979 0.759118251893 4.02072 0.78258 0.98072 0.30541 0.41196 152.77952 195.62801 147.22542 138.42519 0.3 0.3 0.0 0.0 0.0 0.0 0.0 0.0 0.72115 0.0 0.0 45.47487 -0.49999 0.07399 0.0 0.0 0.0 0.0 0.0 0.0 0.00483831995399 25 0 0.79125 2.41618406765 0.741866209897
-0.12623 0.35028 3.35743 -0.12979 0.468905695237 4.02072 0.78258 0.98072 0.30541 0.41196 152.77952 195.62801 147.22542 138.42519 0.3 0.3 0.0 0.0 0.0 0.0 0.0 0.0 0.72115 0.0 0.0 45.47487 -0.49999 0.07399 0.0 0.0 0.0 0.0 0.0 0.0 0.00486242608428 26 0 0.762694821518 1.75600998114 0.741866209897
-0.12623 0.35028 3.35743 -0.12979 0.714440694054 4.02072 0.78258 0.98072 0.30541 0.41196 152.77952 195.62801 147.22542 138.42519 0.3 0.3 0.0 0.0 0.0 0.0 0.0 0.0 0.72115 0.0 0.0 45.47487 -0.49999 0.07399 0.0 0.0 0.0 0.0 0.0 0.0 0.0045659826882 27 0 0.823529411765 2.2857640657 0.741866209897
-0.12623 0.35028 3.35743 -0.12979 0.574299738392 4.02072 0.78258 0.98072 0.30541 0.41196 152.77952 195.62801 147.22542 138.42519 0.3 0.3 0.0 0.0 0.0 0.0 0.0 0.0 0.72115 0.0 0.0 45.47487 -0.49999 0.07399 0.0 0.0 0.0 0.0 0.0 0.0 0.00463884898142 28 0 0.970365699874 1.18927899932 0.741866209897
-0.12623 0.35028 3.35743 -0.12979 0.37043746705 4.02072 0.78258 0.98072 0.30541 0.41196 152.77952 195.62801 147.22542 138.42519 0.3 0.3 0.0 0.0 0.0 0.0 0.0 0.0 0.72115 0.0 0.0 45.47487 -0.49999 0.07399 0.0 0.0 0.0 0.0 0.0 0.0 0.0039080010151 29 0 0.589995095635 3.40466857885 0.741866209897
-0.12623 0.35028 3.35743 -0.12979 0.592443230214 4.02072 0.78258 0.98072 0.30541 0.41196 152.77952 195.62801 147.22542 138.42519 0.3 0.3 0.0 0.0 0.0 0.0 0.0 0.0 0.72115 0.0 0.0 45.47487 -0.49999 0.07399 0.0 0.0 0.0 0.0 0.0 0.0 0.00475185934925 30 0 0.945911949686 1.54757694613 0.741866209897
-0.12623 0.35028 3.35743 -0.12979 0.650871123152 4.02072 0.78258 0.98072 0.30541 0.41196 152.77952 195.62801 147.22542 138.42519 0.3 0.3 0.0 0.0 0.0 0.0 0.0 0.0 0.72115 0.0 0.0 45.47487 -0.49999 0.07399 0.0 0.0 0.0 0.0 0.0 0.0 0.00488041828492 31 0 0.87696170747 1.96419866425 0.741866209897
-0.12623 0.35028 3.35743 -0.12979 0.818843759971 4.02072 0.78258 0.98072 0.30541 0.41196 152.77952 195.62801 147.22542 138.42519 0.3 0.3 0.0 0.0 0.0 0.0 0.0 0.0 0.72115 0.0 0.0 45.47487 -0.49999 0.07399 0.0 0.0 0.0 0.0 0.0 0.0 0.00469015002023 32 0 0.733950617284 2.72497488979 0.741866209897
-0.12623 0.35028 3.35743 -0.12979 0.483941032934 4.02072 0.78258 0.98072 0.30541 0.41196 152.77952 195.62801 147.22542 138.42519 0.3 0.3 0.0 0.0 0.0 0.0 0.0 0.0 0.72115 0.0 0.0 45.47487 -0.49999 0.07399 0.0 0.0 0.0 0.0 0.0 0.0 0.0040844392074 33 0 0.814618644068 1.69244064073 0.741866209897
-0.12623 0.35028 3.35743 -0.12979 0.599582726525 4.02072 0.78258 0.98072 0.30541 0.41196 152.77952 195.62801 147.22542 138.42519 0.3 0.3 0.0 0.0 0.0 0.0 0.0 0.0 0.72115 0.0 0.0 45.47487 -0.49999 0.07399 0.0 0.0 0.0 0.0 0.0 0.0 0.00566898586084 34 0 0.936477987421 1.56854811214 0.741866209897
-0.12623 0.35028 3.35743 -0.12979 0.664052210481 4.02072 0.78258 0.98072 0.30541 0.41196 152.77952 195.62801 147.22542 138.42519 0.3 0.3 0.0 0.0 0.0 0.0 0.0 0.0 0.72115 0.0 0.0 45.47487 -0.49999 0.07399 0.0 0.0 0.0 0.0 0.0 0.0 0.00521345148397 35 0 0.866917765223 2.08353975144 0.741866209897
-0.12623 0.35028 3.35743 -0.12979 0.656295687219 4.02072 0.78258 0.98072 0.30541 0.41196 152.77952 195.62801 147.22542 138.42519 0.3 0.3 0.0 0.0 0.0 0.0 0.0 0.0 0.72115 0.0 0.0 45.47487 -0.49999 0.07399 0.0 0.0 0.0 0.0 0.0 0.0 0.00536478127477 36 0 0.872487437186 2.12732660268 0.741866209897
-0.12623 0.35028 3.35743 -0.12979 0.58015280134 4.02072 0.78258 0.98072 0.30541 0.41196 152.77952 195.62801 147.22542 138.42519 0.3 0.3 0.0 0.0 0.0 0.0 0.0 0.0 0.72115 0.0 0.0 45.47487 -0.49999 0.07399 0.0 0.0 0.0 0.0 0.0 0.0 0.00514134470915 37 0 0.960402262728 1.29107115374 0.741866209897
-0.12623 0.35028 3.35743 -0.12979 0.282228193259 4.02072 0.78258 0.98072 0.30541 0.41196 152.77952 195.62801 147.22542 138.42519 0.3 0.3 0.0 0.0 0.0 0.0 0.0 0.0 0.72115 0.0 0.0 45.47487 -0.49999 0.07399 0.0 0.0 0.0 0.0 0.0 0.0 0.00311041853162 38 0 0.588351431392 3.12663909878 0.741866209897
-0.12623 0.35028 3.35743 -0.12979 0.594907262915 4.02072 0.78258 0.98072 0.30541 0.41196 152.77952 195.62801 147.22542 138.42519 0.3 0.3 0.0 0.0 0.0 0.0 0.0 0.0 0.72115 0.0 0.0 45.47487 -0.49999 0.07399 0.0 0.0 0.0 0.0 0.0 0.0 0.00499279660068 39 0 0.941582914573 1.62836055878 0.741866209897
-0.12623 0.35028 3.35743 -0.12979 0.70180977024 4.02072 0.78258 0.98072 0.30541 0.41196 152.77952 195.62801 147.22542 138.42519 0.3 0.3 0.0 0.0 0.0 0.0 0.0 0.0 0.72115 0.0 0.0 45.47487 -0.49999 0.07399 0.0 0.0 0.0 0.0 0.0 0.0 0.00501166422494 40 0 0.832916145181 2.25124141837 0.741866209897
-0.12623 0.35028 3.35743 -0.12979 0.402285542415 4.02072 0.78258 0.98072 0.30541 0.41196 152.77952 195.62801 147.22542 138.42519 0.3 0.3 0.0 0.0 0.0 0.0 0.0 0.0 0.72115 0.0 0.0 45.47487 -0.49999 0.07399 0.0 0.0 0.0 0.0 0.0 0.0 0.00653009863916 41 0 0.621138996139 2.741236115 0.741866209897
-0.12623 0.35028 3.35743 -0.12979 0.395401617918 4.02072 0.78258 0.98072 0.30541 0.41196 152.77952 195.62801 147.22542 138.42519 0.3 0.3 0.0 0.0 0.0 0.0 0.0 0.0 0.72115 0.0 0.0 45.47487 -0.49999 0.07399 0.0 0.0 0.0 0.0 0.0 0.0 0.0052927010751 42 0 0.608590733591 2.9435245585 0.741866209897
-0.12623 0.35028 3.35743 -0.12979 0.405546453097 4.02072 0.78258 0.98072 0.30541 0.41196 152.77952 195.62801 147.22542 138.42519 0.3 0.3 0.0 0.0 0.0 0.0 0.0 0.0 0.72115 0.0 0.0 45.47487 -0.49999 0.07399 0.0 0.0 0.0 0.0 0.0 0.0 0.00486546868074 43 0 0.634652509653 2.68181605615 0.741866209897
-0.12623 0.35028 3.35743 -0.12979 0.757701666028 4.02072 0.78258 0.98072 0.30541 0.41196 152.77952 195.62801 147.22542 138.42519 0.3 0.3 0.0 0.0 0.0 0.0 0.0 0.0 0.72115 0.0 0.0 45.47487 -0.49999 0.07399 0.0 0.0 0.0 0.0 0.0 0.0 0.00468540948273 44 0 0.79612257661 2.45426700883 0.741866209897
-0.12623 0.35028 3.35743 -0.12979 0.585700451495 4.02072 0.78258 0.98072 0.30541 0.41196 152.77952 195.62801 147.22542 138.42519 0.3 0.3 0.0 0.0 0.0 0.0 0.0 0.0 0.72115 0.0 0.0 45.47487 -0.49999 0.07399 0.0 0.0 0.0 0.0 0.0 0.0 0.00463970715185 45 0 0.953488372093 1.48337212482 0.741866209897
-0.12623 0.35028 3.35743 -0.12979 0.562848704761 4.02072 0.78258 0.98072 0.30541 0.41196 152.77952 195.62801 147.22542 138.42519 0.3 0.3 0.0 0.0 0.0 0.0 0.0 0.0 0.72115 0.0 0.0 45.47487 -0.49999 0.07399 0.0 0.0 0.0 0.0 0.0 0.0 0.00415532176627 46 0 0.98738170347 1.06681999289 0.741866209897
-0.12623 0.35028 3.35743 -0.12979 0.556751753996 4.02072 0.78258 0.98072 0.30541 0.41196 152.77952 195.62801 147.22542 138.42519 0.3 0.3 0.0 0.0 0.0 0.0 0.0 0.0 0.72115 0.0 0.0 45.47487 -0.49999 0.07399 0.0 0.0 0.0 0.0 0.0 0.0 0.00491523000512 47 1 0.983647798742 0.698922696598 1.69318563784
-0.12623 0.35028 3.35743 -0.12979 0.577027223861 4.02072 0.78258 0.98072 0.30541 0.41196 152.77952 195.62801 147.22542 138.42519 0.3 0.3 0.0 0.0 0.0 0.0 0.0 0.0 0.72115 0.0 0.0 45.47487 -0.49999 0.07399 0.0 0.0 0.0 0.0 0.0 0.0 0.00504596779737 48 0 0.961635220126 1.29038695999 1.69318563784
-0.12623 0.35028 3.35743 -0.12979 0.493751551192 4.02072 0.78258 0.98072 0.30541 0.41196 152.77952 195.62801 147.22542 138.42519 0.3 0.3 0.0 0.0 0.0 0.0 0.0 0.0 0.72115 0.0 0.0 45.47487 -0.49999 0.07399 0.0 0.0 0.0 0.0 0.0 0.0 0.00441568123514 49 0 0.849118942731 1.58296194715 1.69318563784
-0.12623 0.35028 3.35743 -0.12979 0.470605645487 4.02072 0.78258 0.98072 0.30541 0.41196 152.77952 195.62801 147.22542 138.42519 0.3 0.3 0.0 0.0 0.0 0.0 0.0 0.0 0.72115 0.0 0.0 45.47487 -0.49999 0.07399 0.0 0.0 0.0 0.0 0.0 0.0 0.00483464818662 50 0 0.767559373421 1.76183380434 1.69318563784
