-0.12623 0.35028 3.35743 -0.12979 0.464019574951 4.02072 0.78258 0.98072 0.30541 0.41196 152.77952 195.62801 147.22542 138.42519 0.3 0.3 0.0 0.0 0.0 0.0 0.0 0.0 0.72115 0.0 0.0 45.47487 -0.49999 0.07399 0.0 0.0 0.0 0.0 0.0 0.0 0.005 0 1 0.76033881415 1.87149612153 -4019.11377122
-0.12623 0.35028 3.35743 -0.12979 0.67199727916 4.02072 0.78258 0.98072 0.30541 0.41196 152.77952 195.62801 147.22542 138.42519 0.3 0.3 0.0 0.0 0.0 0.0 0.0 0.0 0.72115 0.0 0.0 45.47487 -0.49999 0.07399 0.0 0.0 0.0 0.0 0.0 0.0 0.0050951812527 1 1 0.856963613551 2.13468661436 -1791.24958866
-0.12623 0.35028 3.35743 -0.12979 0.774799202624 4.02072 0.78258 0.98072 0.30541 0.41196 152.77952 195.62801 147.22542 138.42519 0.3 0.3 0.0 0.0 0.0 0.0 0.0 0.0 0.72115 0.0 0.0 45.47487 -0.49999 0.07399 0.0 0.0 0.0 0.0 0.0 0.0 0.00479363261039 2 0 0.777014366021 2.49743913571 -1791.24958866
-0.12623 0.35028 3.35743 -0.12979 0.731075432773 4.02072 0.78258 0.98072 0.30541 0.41196 152.77952 195.62801 147.22542 138.42519 0.3 0.3 0.0 0.0 0.0 0.0 0.0 0.0 0.72115 0.0 0.0 45.47487 -0.49999 0.07399 0.0 0.0 0.0 0.0 0.0 0.0 0.00514915635046 3 0 0.817271589487 2.13186055345 -1791.24958866
-0.12623 0.35028 3.35743 -0.12979 0.629543678102 4.02072 0.78258 0.98072 0.30541 0.41196 152.77952 195.62801 147.22542 138.42519 0.3 0.3 0.0 0.0 0.0 0.0 0.0 0.0 0.72115 0.0 0.0 45.47487 -0.49999 0.07399 0.0 0.0 0.0 0.0 0.0 0.0 0.00502411876803 4 1 0.903448275862 2.00030083258 -734.483310597
-0.12623 0.35028 3.35743 -0.12979 0.578808619118 4.02072 0.78258 0.98072 0.30541 0.41196 152.77952 195.62801 147.22542 138.42519 0.3 0.3 0.0 0.0 0.0 0.0 0.0 0.0 0.72115 0.0 0.0 45.47487 -0.49999 0.07399 0.0 0.0 0.0 0.0 0.0 0.0 0.00562823105786 5 1 0.960427135678 1.24959729136 -34.3366663372
-0.12623 0.35028 3.35743 -0.12979 0.591733502351 4.02072 0.78258 0.98072 0.30541 0.41196 152.77952 195.62801 147.22542 138.42519 0.3 0.3 0.0 0.0 0.0 0.0 0.0 0.0 0.72115 0.0 0.0 45.47487 -0.49999 0.07399 0.0 0.0 0.0 0.0 0.0 0.0 0.00534814116558 6 0 0.947798742138 1.50550107588 -34.3366663372
-0.12623 0.35028 3.35743 -0.12979 0.484856054981 4.02072 0.78258 0.98072 0.30541 0.41196 152.77952 195.62801 147.22542 138.42519 0.3 0.3 0.0 0.0 0.0 0.0 0.0 0.0 0.72115 0.0 0.0 45.47487 -0.49999 0.07399 0.0 0.0 0.0 0.0 0.0 0.0 0.00523564477047 7 0 0.817456093667 1.70703650749 -34.3366663372
-0.12623 0.35028 3.35743 -0.12979 0.430545499156 4.02072 0.78258 0.98072 0.30541 0.41196 152.77952 195.62801 147.22542 138.42519 0.3 0.3 0.0 0.0 0.0 0.0 0.0 0.0 0.72115 0.0 0.0 45.47487 -0.49999 0.07399 0.0 0.0 0.0 0.0 0.0 0.0 0.00540635332732 8 0 0.70794734276 2.06471275634 -34.3366663372
-0.12623 0.35028 3.35743 -0.12979 0.517833655905 4.02072 0.78258 0.98072 0.30541 0.41196 152.77952 195.62801 147.22542 138.42519 0.3 0.3 0.0 0.0 0.0 0.0 0.0 0.0 0.72115 0.0 0.0 45.47487 -0.49999 0.07399 0.0 0.0 0.0 0.0 0.0 0.0 0.00548033014781 9 0 0.913478516775 1.53979229383 -34.3366663372
-0.12623 0.35028 3.35743 -0.12979 0.478578706555 4.02072 0.78258 0.98072 0.30541 0.41196 152.77952 195.62801 147.22542 138.42519 0.3 0.3 0.0 0.0 0.0 0.0 0.0 0.0 0.72115 0.0 0.0 45.47487 -0.49999 0.07399 0.0 0.0 0.0 0.0 0.0 0.0 0.00579631422711 10 0 0.795419052577 1.72217898929 -34.3366663372
-0.12623 0.35028 3.35743 -0.12979 0.495926146718 4.02072 0.78258 0.98072 0.30541 0.41196 152.77952 195.62801 147.22542 138.42519 0.3 0.3 0.0 0.0 0.0 0.0 0.0 0.0 0.72115 0.0 0.0 45.47487 -0.49999 0.07399 0.0 0.0 0.0 0.0 0.0 0.0 0.00478707596558 11 0 0.855561704483 1.52320543623 -34.3366663372
-0.12623 0.35028 3.35743 -0.12979 0.48019717774 4.02072 0.78258 0.98072 0.30541 0.41196 152.77952 195.62801 147.22542 138.42519 0.3 0.3 0.0 0.0 0.0 0.0 0.0 0.0 0.72115 0.0 0.0 45.47487 -0.49999 0.07399 0.0 0.0 0.0 0.0 0.0 0.0 0.0056510272768 12 0 0.803767660911 1.73054471452 -34.3366663372
-0.12623 0.35028 3.35743 -0.12979 0.690673581014 4.02072 0.78258 0.98072 0.30541 0.41196 152.77952 195.62801 147.22542 138.42519 0.3 0.3 0.0 0.0 0.0 0.0 0.0 0.0 0.72115 0.0 0.0 45.47487 -0.49999 0.07399 0.0 0.0 0.0 0.0 0.0 0.0 0.00532986494858 13 0 0.845238095238 2.10585480238 -34.3366663372
-0.12623 0.35028 3.35743 -0.12979 0.656134320168 4.02072 0.78258 0.98072 0.30541 0.41196 152.77952 195.62801 147.22542 138.42519 0.3 0.3 0.0 0.0 0.0 0.0 0.0 0.0 0.72115 0.0 0.0 45.47487 -0.49999 0.07399 0.0 0.0 0.0 0.0 0.0 0.0 0.00548260550588 14 0 0.873115577889 2.08385774539 -34.3366663372
-0.12623 0.35028 3.35743 -0.12979 0.503785606945 4.02072 0.78258 0.98072 0.30541 0.41196 152.77952 195.62801 147.22542 138.42519 0.3 0.3 0.0 0.0 0.0 0.0 0.0 0.0 0.72115 0.0 0.0 45.47487 -0.49999 0.07399 0.0 0.0 0.0 0.0 0.0 0.0 0.00483245970902 15 0 0.883390216155 1.531856565 -34.3366663372
-0.12623 0.35028 3.35743 -0.12979 0.720500780133 4.02072 0.78258 0.98072 0.30541 0.41196 152.77952 195.62801 147.22542 138.42519 0.3 0.3 0.0 0.0 0.0 0.0 0.0 0.0 0.72115 0.0 0.0 45.47487 -0.49999 0.07399 0.0 0.0 0.0 0.0 0.0 0.0 0.00583006358634 16 0 0.821138211382 2.20300195052 -34.3366663372
-0.12623 0.35028 3.35743 -0.12979 0.355833341064 4.02072 0.78258 0.98072 0.30541 0.41196 152.77952 195.62801 147.22542 138.42519 0.3 0.3 0.0 0.0 0.0 0.0 0.0 0.0 0.72115 0.0 0.0 45.47487 -0.49999 0.07399 0.0 0.0 0.0 0.0 0.0 0.0 0.00580290568548 17 0 0.589832181639 3.42862774044 -34.3366663372
-0.12623 0.35028 3.35743 -0.12979 0.561461978538 4.02072 0.78258 0.98072 0.30541 0.41196 152.77952 195.62801 147.22542 138.42519 0.3 0.3 0.0 0.0 0.0 0.0 0.0 0.0 0.72115 0.0 0.0 45.47487 -0.49999 0.07399 0.0 0.0 0.0 0.0 0.0 0.0 0.00540692014898 18 1 0.986119873817 1.05165676814 0.656913946256
-0.12623 0.35028 3.35743 -0.12979 0.533606849996 4.02072 0.78258 0.98072 0.30541 0.41196 152.77952 195.62801 147.22542 138.42519 0.3 0.3 0.0 0.0 0.0 0.0 0.0 0.0 0.72115 0.0 0.0 45.47487 -0.49999 0.07399 0.0 0.0 0.0 0.0 0.0 0.0 0.00546331012862 19 0 0.944072948328 1.31690311281 0.656913946256
-0.12623 0.35028 3.35743 -0.12979 0.615114027606 4.02072 0.78258 0.98072 0.30541 0.41196 152.77952 195.62801 147.22542 138.42519 0.3 0.3 0.0 0.0 0.0 0.0 0.0 0.0 0.72115 0.0 0.0 45.47487 -0.49999 0.07399 0.0 0.0 0.0 0.0 0.0 0.0 0.00523661129017 20 0 0.920903954802 1.70934332679 0.656913946256
-0.12623 0.35028 3.35743 -0.12979 0.664232586253 4.02072 0.78258 0.98072 0.30541 0.41196 152.77952 195.62801 147.22542 138.42519 0.3 0.3 0.0 0.0 0.0 0.0 0.0 0.0 0.72115 0.0 0.0 45.47487 -0.49999 0.07399 0.0 0.0 0.0 0.0 0.0 0.0 0.00531962607215 21 0 0.866917765223 2.10130339271 0.656913946256
-0.12623 0.35028 3.35743 -0.12979 0.405943868729 4.02072 0.78258 0.98072 0.30541 0.41196 152.77952 195.62801 147.22542 138.42519 0.3 0.3 0.0 0.0 0.0 0.0 0.0 0.0 0.72115 0.0 0.0 45.47487 -0.49999 0.07399 0.0 0.0 0.0 0.0 0.0 0.0 0.00519820783276 22 0 0.635703918723 2.67387322423 0.656913946256
-0.12623 0.35028 3.35743 -0.12979 0.36410619197 4.02072 0.78258 0.98072 0.30541 0.41196 152.77952 195.62801 147.22542 138.42519 0.3 0.3 0.0 0.0 0.0 0.0 0.0 0.0 0.72115 0.0 0.0 45.47487 -0.49999 0.07399 0.0 0.0 0.0 0.0 0.0 0.0 0.00585413063984 23 0 0.588899803536 3.43275021817 0.656913946256
-0.12623 0.35028 3.35743 -0.12979 0.611081456145 4.02072 0.78258 0.98072 0.30541 0.41196 152.77952 195.62801 147.22542 138.42519 0.3 0.3 0.0 0.0 0.0 0.0 0.0 0.0 0.72115 0.0 0.0 45.47487 -0.49999 0.07399 0.0 0.0 0.0 0.0 0.0 0.0 0.00560342026739 24 0 0.922738693467 1.59416912682 0.656913946256
-0.12623 0.35028 3.35743 -0.12979 0.406412767087 4.02072 0.78258 0.98072 0.30541 0.41196 152.77952 195.62801 147.22542 138.42519 0.3 0.3 0.0 0.0 0.0 0.0 0.0 0.0 0.72115 0.0 0.0 45.47487 -0.49999 0.07399 0.0 0.0 0.0 0.0 0.0 0.0 0.004891687205 25 0 0.637639090469 2.63002170547 0.656913946256
-0.12623 0.35028 3.35743 -0.12979 0.530318151645 4.02072 0.78258 0.98072 0.30541 0.41196 152.77952 195.62801 147.22542 138.42519 0.3 0.3 0.0 0.0 0.0 0.0 0.0 0.0 0.72115 0.0 0.0 45.47487 -0.49999 0.07399 0.0 0.0 0.0 0.0 0.0 0.0 0.00548780666305 26 0 0.937311633514 1.30043759951 0.656913946256
-0.12623 0.35028 3.35743 -0.12979 0.768236550643 4.02072 0.78258 0.98072 0.30541 0.41196 152.77952 195.62801 147.22542 138.42519 0.3 0.3 0.0 0.0 0.0 0.0 0.0 0.0 0.72115 0.0 0.0 45.47487 -0.49999 0.07399 0.0 0.0 0.0 0.0 0.0 0.0 0.00474853179669 27 0 0.785490931832 2.5019834815 0.656913946256
-0.12623 0.35028 3.35743 -0.12979 0.51938367768 4.02072 0.78258 0.98072 0.30541 0.41196 152.77952 195.62801 147.22542 138.42519 0.3 0.3 0.0 0.0 0.0 0.0 0.0 0.0 0.72115 0.0 0.0 45.47487 -0.49999 0.07399 0.0 0.0 0.0 0.0 0.0 0.0 0.00549458357285 28 0 0.918934911243 1.44928950046 0.656913946256
-0.12623 0.35028 3.35743 -0.12979 0.53439909391 4.02072 0.78258 0.98072 0.30541 0.41196 152.77952 195.62801 147.22542 138.42519 0.3 0.3 0.0 0.0 0.0 0.0 0.0 0.0 0.72115 0.0 0.0 45.47487 -0.49999 0.07399 0.0 0.0 0.0 0.0 0.0 0.0 0.00560816311962 29 0 0.945731707317 1.29305574553 0.656913946256
-0.12623 0.35028 3.35743 -0.12979 0.43008208301 4.02072 0.78258 0.98072 0.30541 0.41196 152.77952 195.62801 147.22542 138.42519 0.3 0.3 0.0 0.0 0.0 0.0 0.0 0.0 0.72115 0.0 0.0 45.47487 -0.49999 0.07399 0.0 0.0 0.0 0.0 0.0 0.0 0.0047542830706 30 0 0.706627680312 2.0719228161 0.656913946256
-0.12623 0.35028 3.35743 -0.12979 0.579420380262 4.02072 0.78258 0.98072 0.30541 0.41196 152.77952 195.62801 147.22542 138.42519 0.3 0.3 0.0 0.0 0.0 0.0 0.0 0.0 0.72115 0.0 0.0 45.47487 -0.49999 0.07399 0.0 0.0 0.0 0.0 0.0 0.0 0.00574106835694 31 0 0.962287869265 1.21656961615 0.656913946256
-0.12623 0.35028 3.35743 -0.12979 0.64216156797 4.02072 0.78258 0.98072 0.30541 0.41196 152.77952 195.62801 147.22542 138.42519 0.3 0.3 0.0 0.0 0.0 0.0 0.0 0.0 0.72115 0.0 0.0 45.47487 -0.49999 0.07399 0.0 0.0 0.0 0.0 0.0 0.0 0.00622143769981 32 0 0.891468005019 1.91800838228 0.656913946256
-0.12623 0.35028 3.35743 -0.12979 0.398976743805 4.02072 0.78258 0.98072 0.30541 0.41196 152.77952 195.62801 147.22542 138.42519 0.3 0.3 0.0 0.0 0.0 0.0 0.0 0.0 0.72115 0.0 0.0 45.47487 -0.49999 0.07399 0.0 0.0 0.0 0.0 0.0 0.0 0.00532017750439 33 0 0.615942028986 2.90689102619 0.656913946256
-0.12623 0.35028 3.35743 -0.12979 0.579665213769 4.02072 0.78258 0.98072 0.30541 0.41196 152.77952 195.62801 147.22542 138.42519 0.3 0.3 0.0 0.0 0.0 0.0 0.0 0.0 0.72115 0.0 0.0 45.47487 -0.49999 0.07399 0.0 0.0 0.0 0.0 0.0 0.0 0.00561963252364 34 0 0.961055276382 1.21681700633 0.656913946256
-0.12623 0.35028 3.35743 -0.12979 0.50473378748 4.02072 0.78258 0.98072 0.30541 0.41196 152.77952 195.62801 147.22542 138.42519 0.3 0.3 0.0 0.0 0.0 0.0 0.0 0.0 0.72115 0.0 0.0 45.47487 -0.49999 0.07399 0.0 0.0 0.0 0.0 0.0 0.0 0.00574088914286 35 0 0.885273972603 1.58664492595 0.656913946256
-0.12623 0.35028 3.35743 -0.12979 0.587031297236 4.02072 0.78258 0.98072 0.30541 0.41196 152.77952 195.62801 147.22542 138.42519 0.3 0.3 0.0 0.0 0.0 0.0 0.0 0.0 0.72115 0.0 0.0 45.47487 -0.49999 0.07399 0.0 0.0 0.0 0.0 0.0 0.0 0.00567415859284 36 0 0.949780288763 1.5210249664 0.656913946256
-0.12623 0.35028 3.35743 -0.12979 0.570158559367 4.02072 0.78258 0.98072 0.30541 0.41196 152.77952 195.62801 147.22542 138.42519 0.3 0.3 0.0 0.0 0.0 0.0 0.0 0.0 0.72115 0.0 0.0 45.47487 -0.49999 0.07399 0.0 0.0 0.0 0.0 0.0 0.0 0.00503074143757 37 0 0.971105527638 1.19620301461 0.656913946256
-0.12623 0.35028 3.35743 -0.12979 0.516482300986 4.02072 0.78258 0.98072 0.30541 0.41196 152.77952 195.62801 147.22542 138.42519 0.3 0.3 0.0 0.0 0.0 0.0 0.0 0.0 0.72115 0.0 0.0 45.47487 -0.49999 0.07399 0.0 0.0 0.0 0.0 0.0 0.0 0.00538334173426 38 0 0.909571344686 1.53547506091 0.656913946256
-0.12623 0.35028 3.35743 -0.12979 0.434978091881 4.02072 0.78258 0.98072 0.30541 0.41196 152.77952 195.62801 147.22542 138.42519 0.3 0.3 0.0 0.0 0.0 0.0 0.0 0.0 0.72115 0.0 0.0 45.47487 -0.49999 0.07399 0.0 0.0 0.0 0.0 0.0 0.0 0.0070982930135 39 0 0.71783625731 1.89478570247 0.656913946256
-0.12623 0.35028 3.35743 -0.12979 0.579644521288 4.02072 0.78258 0.98072 0.30541 0.41196 152.77952 195.62801 147.22542 138.42519 0.3 0.3 0.0 0.0 0.0 0.0 0.0 0.0 0.72115 0.0 0.0 45.47487 -0.49999 0.07399 0.0 0.0 0.0 0.0 0.0 0.0 0.00504779726709 40 0 0.961055276382 1.21980505903 0.656913946256
-0.12623 0.35028 3.35743 -0.12979 0.539275094718 4.02072 0.78258 0.98072 0.30541 0.41196 152.77952 195.62801 147.22542 138.42519 0.3 0.3 0.0 0.0 0.0 0.0 0.0 0.0 0.72115 0.0 0.0 45.47487 -0.49999 0.07399 0.0 0.0 0.0 0.0 0.0 0.0 0.00618012703022 41 0 0.95518723143 1.23127659231 0.656913946256
-0.12623 0.35028 3.35743 -0.12979 0.444631079253 4.02072 0.78258 0.98072 0.30541 0.41196 152.77952 195.62801 147.22542 138.42519 0.3 0.3 0.0 0.0 0.0 0.0 0.0 0.0 0.72115 0.0 0.0 45.47487 -0.49999 0.07399 0.0 0.0 0.0 0.0 0.0 0.0 0.00523388820978 42 0 0.718507751938 1.78095281251 0.656913946256
-0.12623 0.35028 3.35743 -0.12979 0.484883429418 4.02072 0.78258 0.98072 0.30541 0.41196 152.77952 195.62801 147.22542 138.42519 0.3 0.3 0.0 0.0 0.0 0.0 0.0 0.0 0.72115 0.0 0.0 45.47487 -0.49999 0.07399 0.0 0.0 0.0 0.0 0.0 0.0 0.00535162552705 43 0 0.817456093667 1.70838971286 0.656913946256
-0.12623 0.35028 3.35743 -0.12979 0.509992187543 4.02072 0.78258 0.98072 0.30541 0.41196 152.77952 195.62801 147.22542 138.42519 0.3 0.3 0.0 0.0 0.0 0.0 0.0 0.0 0.72115 0.0 0.0 45.47487 -0.49999 0.07399 0.0 0.0 0.0 0.0 0.0 0.0 0.00478619271212 44 0 0.900926998841 1.57066954077 0.656913946256
-0.12623 0.35028 3.35743 -0.12979 0.560239448614 4.02072 0.78258 0.98072 0.30541 0.41196 152.77952 195.62801 147.22542 138.42519 0.3 0.3 0.0 0.0 0.0 0.0 0.0 0.0 0.72115 0.0 0.0 45.47487 -0.49999 0.07399 0.0 0.0 0.0 0.0 0.0 0.0 0.00539359852252 45 1 0.997465145754 0.565113020699 4.26833525967
-0.12623 0.35028 3.35743 -0.12979 0.565704879385 4.02072 0.78258 0.98072 0.30541 0.41196 152.77952 195.62801 147.22542 138.42519 0.3 0.3 0.0 0.0 0.0 0.0 0.0 0.0 0.72115 0.0 0.0 45.47487 -0.49999 0.07399 0.0 0.0 0.0 0.0 0.0 0.0 0.0052029047942 46 0 0.979861548143 1.39277055776 4.26833525967
-0.12623 0.35028 3.35743 -0.12979 0.585841018945 4.02072 0.78258 0.98072 0.30541 0.41196 152.77952 195.62801 147.22542 138.42519 0.3 0.3 0.0 0.0 0.0 0.0 0.0 0.0 0.72115 0.0 0.0 45.47487 -0.49999 0.07399 0.0 0.0 0.0 0.0 0.0 0.0 0.00475116578027 47 0 0.953488372093 1.4819525673 4.26833525967
-0.12623 0.35028 3.35743 -0.12979 0.598882050228 4.02072 0.78258 0.98072 0.30541 0.41196 152.77952 195.62801 147.22542 138.42519 0.3 0.3 0.0 0.0 0.0 0.0 0.0 0.0 0.72115 0.0 0.0 45.47487 -0.49999 0.07399 0.0 0.0 0.0 0.0 0.0 0.0 0.00549890264212 48 0 0.937696664569 1.58843316003 4.26833525967
-0.12623 0.35028 3.35743 -0.12979 0.474058002453 4.02072 0.78258 0.98072 0.30541 0.41196 152.77952 195.62801 147.22542 138.42519 0.3 0.3 0.0 0.0 0.0 0.0 0.0 0.0 0.72115 0.0 0.0 45.47487 -0.49999 0.07399 0.0 0.0 0.0 0.0 0.0 0.0 0.0056584149415 49 0 0.786557208825 1.75803424086 4.26833525967
-0.12623 0.35028 3.35743 -0.12979 0.405867129138 4.02072 0.78258 0.98072 0.30541 0.41196 152.77952 195.62801 147.22542 138.42519 0.3 0.3 0.0 0.0 0.0 0.0 0.0 0.0 0.72115 0.0 0.0 45.47487 -0.49999 0.07399 0.0 0.0 0.0 0.0 0.0 0.0 0.00536949301299 50 0 0.636979670862 2.65868331852 4.26833525967
