-0.12623 0.35028 3.35743 -0.12979 0.55971 4.09142595133 0.78258 0.98072 0.30541 0.41196 152.77952 195.62801 147.22542 138.42519 0.3 0.3 0.0 0.0 0.0 0.0 0.0 0.0 0.72115 0.0 0.0 45.47487 -0.49999 0.07399 0.0 0.0 0.0 0.0 0.0 0.0 0.01 0 1 0.965430546826 1.25140115929 -5.67101613197
-0.12623 0.35028 3.35743 -0.12979 0.55971 4.08494088441 0.78258 0.98072 0.30541 0.41196 152.77952 195.62801 147.22542 138.42519 0.3 0.3 0.0 0.0 0.0 0.0 0.0 0.0 0.72115 0.0 0.0 45.47487 -0.49999 0.07399 0.0 0.0 0.0 0.0 0.0 0.0 0.0108868710024 1 1 0.972972972973 1.23587955586 -1.10539942994
-0.12623 0.35028 3.35743 -0.12979 0.55971 4.0792837041 0.78258 0.98072 0.30541 0.41196 152.77952 195.62801 147.22542 138.42519 0.3 0.3 0.0 0.0 0.0 0.0 0.0 0.0 0.72115 0.0 0.0 45.47487 -0.49999 0.07399 0.0 0.0 0.0 0.0 0.0 0.0 0.01053135892 2 1 0.971105527638 1.17152866427 -1.53132828612
-0.12623 0.35028 3.35743 -0.12979 0.55971 4.10034883595 0.78258 0.98072 0.30541 0.41196 152.77952 195.62801 147.22542 138.42519 0.3 0.3 0.0 0.0 0.0 0.0 0.0 0.0 0.72115 0.0 0.0 45.47487 -0.49999 0.07399 0.0 0.0 0.0 0.0 0.0 0.0 0.00964188749606 3 0 0.962962962963 1.11528337405 -1.53132828612
-0.12623 0.35028 3.35743 -0.12979 0.55971 4.06235151064 0.78258 0.98072 0.30541 0.41196 152.77952 195.62801 147.22542 138.42519 0.3 0.3 0.0 0.0 0.0 0.0 0.0 0.0 0.72115 0.0 0.0 45.47487 -0.49999 0.07399 0.0 0.0 0.0 0.0 0.0 0.0 0.0114125468285 4 1 0.974874371859 1.20824113998 0.0162001373231
-0.12623 0.35028 3.35743 -0.12979 0.55971 4.08258575395 0.78258 0.98072 0.30541 0.41196 152.77952 195.62801 147.22542 138.42519 0.3 0.3 0.0 0.0 0.0 0.0 0.0 0.0 0.72115 0.0 0.0 45.47487 -0.49999 0.07399 0.0 0.0 0.0 0.0 0.0 0.0 0.0112320095318 5 0 0.975487115022 1.26869459861 0.0162001373231
-0.12623 0.35028 3.35743 -0.12979 0.55971 4.07939626057 0.78258 0.98072 0.30541 0.41196 152.77952 195.62801 147.22542 138.42519 0.3 0.3 0.0 0.0 0.0 0.0 0.0 0.0 0.72115 0.0 0.0 45.47487 -0.49999 0.07399 0.0 0.0 0.0 0.0 0.0 0.0 0.0123906293389 6 1 0.970477386935 1.16709533698 -0.394512598383
-0.12623 0.35028 3.35743 -0.12979 0.55971 4.07483693917 0.78258 0.98072 0.30541 0.41196 152.77952 195.62801 147.22542 138.42519 0.3 0.3 0.0 0.0 0.0 0.0 0.0 0.0 0.72115 0.0 0.0 45.47487 -0.49999 0.07399 0.0 0.0 0.0 0.0 0.0 0.0 0.0121478087467 7 1 0.972344437461 1.08036835021 0.466964419653
-0.12623 0.35028 3.35743 -0.12979 0.55971 4.0847504673 0.78258 0.98072 0.30541 0.41196 152.77952 195.62801 147.22542 138.42519 0.3 0.3 0.0 0.0 0.0 0.0 0.0 0.0 0.72115 0.0 0.0 45.47487 -0.49999 0.07399 0.0 0.0 0.0 0.0 0.0 0.0 0.0132120212832 8 1 0.972972972973 1.25055201273 0.135552120085
-0.12623 0.35028 3.35743 -0.12979 0.55971 4.07880704234 0.78258 0.98072 0.30541 0.41196 152.77952 195.62801 147.22542 138.42519 0.3 0.3 0.0 0.0 0.0 0.0 0.0 0.0 0.72115 0.0 0.0 45.47487 -0.49999 0.07399 0.0 0.0 0.0 0.0 0.0 0.0 0.0136353520241 9 1 0.971105527638 1.16515526148 0.328014261012
-0.12623 0.35028 3.35743 -0.12979 0.55971 4.07308721357 0.78258 0.98072 0.30541 0.41196 152.77952 195.62801 147.22542 138.42519 0.3 0.3 0.0 0.0 0.0 0.0 0.0 0.0 0.72115 0.0 0.0 45.47487 -0.49999 0.07399 0.0 0.0 0.0 0.0 0.0 0.0 0.013730774537 10 1 0.973601508485 1.06988702474 1.25367241325
-0.12623 0.35028 3.35743 -0.12979 0.55971 4.07838202986 0.78258 0.98072 0.30541 0.41196 152.77952 195.62801 147.22542 138.42519 0.3 0.3 0.0 0.0 0.0 0.0 0.0 0.0 0.72115 0.0 0.0 45.47487 -0.49999 0.07399 0.0 0.0 0.0 0.0 0.0 0.0 0.0132551731554 11 1 0.971105527638 1.16660143818 0.170922292219
-0.12623 0.35028 3.35743 -0.12979 0.55971 4.11819902775 0.78258 0.98072 0.30541 0.41196 152.77952 195.62801 147.22542 138.42519 0.3 0.3 0.0 0.0 0.0 0.0 0.0 0.0 0.72115 0.0 0.0 45.47487 -0.49999 0.07399 0.0 0.0 0.0 0.0 0.0 0.0 0.0130003362259 12 0 0.963522012579 1.21247645872 0.170922292219
-0.12623 0.35028 3.35743 -0.12979 0.55971 4.08181295695 0.78258 0.98072 0.30541 0.41196 152.77952 195.62801 147.22542 138.42519 0.3 0.3 0.0 0.0 0.0 0.0 0.0 0.0 0.72115 0.0 0.0 45.47487 -0.49999 0.07399 0.0 0.0 0.0 0.0 0.0 0.0 0.0130131283459 13 1 0.976115650534 1.269904815 0.706570421122
-0.12623 0.35028 3.35743 -0.12979 0.55971 4.07866542778 0.78258 0.98072 0.30541 0.41196 152.77952 195.62801 147.22542 138.42519 0.3 0.3 0.0 0.0 0.0 0.0 0.0 0.0 0.72115 0.0 0.0 45.47487 -0.49999 0.07399 0.0 0.0 0.0 0.0 0.0 0.0 0.0133802736035 14 1 0.971105527638 1.17466414101 0.17769511838
-0.12623 0.35028 3.35743 -0.12979 0.55971 4.06993722618 0.78258 0.98072 0.30541 0.41196 152.77952 195.62801 147.22542 138.42519 0.3 0.3 0.0 0.0 0.0 0.0 0.0 0.0 0.72115 0.0 0.0 45.47487 -0.49999 0.07399 0.0 0.0 0.0 0.0 0.0 0.0 0.0137881049739 15 1 0.971751412429 1.09893582371 0.830471474428
-0.12623 0.35028 3.35743 -0.12979 0.55971 4.07580953723 0.78258 0.98072 0.30541 0.41196 152.77952 195.62801 147.22542 138.42519 0.3 0.3 0.0 0.0 0.0 0.0 0.0 0.0 0.72115 0.0 0.0 45.47487 -0.49999 0.07399 0.0 0.0 0.0 0.0 0.0 0.0 0.0131491739197 16 1 0.973618090452 1.08320277779 1.05086482941
-0.12623 0.35028 3.35743 -0.12979 0.55971 4.08482938845 0.78258 0.98072 0.30541 0.41196 152.77952 195.62801 147.22542 138.42519 0.3 0.3 0.0 0.0 0.0 0.0 0.0 0.0 0.72115 0.0 0.0 45.47487 -0.49999 0.07399 0.0 0.0 0.0 0.0 0.0 0.0 0.0138863470543 17 1 0.972972972973 1.23995530217 0.445835413634
-0.12623 0.35028 3.35743 -0.12979 0.55971 4.06122205364 0.78258 0.98072 0.30541 0.41196 152.77952 195.62801 147.22542 138.42519 0.3 0.3 0.0 0.0 0.0 0.0 0.0 0.0 0.72115 0.0 0.0 45.47487 -0.49999 0.07399 0.0 0.0 0.0 0.0 0.0 0.0 0.0138133868293 18 1 0.97675879397 1.2200888209 1.25615266604
-0.12623 0.35028 3.35743 -0.12979 0.55971 4.07110451717 0.78258 0.98072 0.30541 0.41196 152.77952 195.62801 147.22542 138.42519 0.3 0.3 0.0 0.0 0.0 0.0 0.0 0.0 0.72115 0.0 0.0 45.47487 -0.49999 0.07399 0.0 0.0 0.0 0.0 0.0 0.0 0.0138928791088 19 1 0.971105527638 1.14181605512 0.537711672919
-0.12623 0.35028 3.35743 -0.12979 0.55971 4.05943923038 0.78258 0.98072 0.30541 0.41196 152.77952 195.62801 147.22542 138.42519 0.3 0.3 0.0 0.0 0.0 0.0 0.0 0.0 0.72115 0.0 0.0 45.47487 -0.49999 0.07399 0.0 0.0 0.0 0.0 0.0 0.0 0.0136401817997 20 1 0.977386934673 1.22668110777 1.30798065267
-0.12623 0.35028 3.35743 -0.12979 0.55971 4.01925027646 0.78258 0.98072 0.30541 0.41196 152.77952 195.62801 147.22542 138.42519 0.3 0.3 0.0 0.0 0.0 0.0 0.0 0.0 0.72115 0.0 0.0 45.47487 -0.49999 0.07399 0.0 0.0 0.0 0.0 0.0 0.0 0.0134536251119 21 1 0.998731769182 0.49534909242 3.38847793962
-0.12623 0.35028 3.35743 -0.12979 0.55971 4.05585831035 0.78258 0.98072 0.30541 0.41196 152.77952 195.62801 147.22542 138.42519 0.3 0.3 0.0 0.0 0.0 0.0 0.0 0.0 0.72115 0.0 0.0 45.47487 -0.49999 0.07399 0.0 0.0 0.0 0.0 0.0 0.0 0.0130190119037 22 1 0.978001257071 1.19432128956 1.38605783808
-0.12623 0.35028 3.35743 -0.12979 0.55971 4.06446886144 0.78258 0.98072 0.30541 0.41196 152.77952 195.62801 147.22542 138.42519 0.3 0.3 0.0 0.0 0.0 0.0 0.0 0.0 0.72115 0.0 0.0 45.47487 -0.49999 0.07399 0.0 0.0 0.0 0.0 0.0 0.0 0.0140318756949 23 1 0.973618090452 1.0877181227 1.25634218173
-0.12623 0.35028 3.35743 -0.12979 0.55971 4.05779621667 0.78258 0.98072 0.30541 0.41196 152.77952 195.62801 147.22542 138.42519 0.3 0.3 0.0 0.0 0.0 0.0 0.0 0.0 0.72115 0.0 0.0 45.47487 -0.49999 0.07399 0.0 0.0 0.0 0.0 0.0 0.0 0.013267147538 24 1 0.977372721559 1.19361248969 1.33144721593
-0.12623 0.35028 3.35743 -0.12979 0.55971 4.07321459364 0.78258 0.98072 0.30541 0.41196 152.77952 195.62801 147.22542 138.42519 0.3 0.3 0.0 0.0 0.0 0.0 0.0 0.0 0.72115 0.0 0.0 45.47487 -0.49999 0.07399 0.0 0.0 0.0 0.0 0.0 0.0 0.0134907849754 25 1 0.972344437461 1.03821580093 1.12197875678
-0.12623 0.35028 3.35743 -0.12979 0.55971 4.06748980442 0.78258 0.98072 0.30541 0.41196 152.77952 195.62801 147.22542 138.42519 0.3 0.3 0.0 0.0 0.0 0.0 0.0 0.0 0.72115 0.0 0.0 45.47487 -0.49999 0.07399 0.0 0.0 0.0 0.0 0.0 0.0 0.014000228214 26 1 0.973618090452 1.09516954254 1.2202563626
-0.12623 0.35028 3.35743 -0.12979 0.55971 4.06310235646 0.78258 0.98072 0.30541 0.41196 152.77952 195.62801 147.22542 138.42519 0.3 0.3 0.0 0.0 0.0 0.0 0.0 0.0 0.72115 0.0 0.0 45.47487 -0.49999 0.07399 0.0 0.0 0.0 0.0 0.0 0.0 0.0139778170932 27 0 0.972396486826 1.10854024089 1.2202563626
-0.12623 0.35028 3.35743 -0.12979 0.55971 4.04368150956 0.78258 0.98072 0.30541 0.41196 152.77952 195.62801 147.22542 138.42519 0.3 0.3 0.0 0.0 0.0 0.0 0.0 0.0 0.72115 0.0 0.0 45.47487 -0.49999 0.07399 0.0 0.0 0.0 0.0 0.0 0.0 0.0130256031888 28 1 0.981084489281 1.20955865537 1.8792607755
-0.12623 0.35028 3.35743 -0.12979 0.55971 4.02540677129 0.78258 0.98072 0.30541 0.41196 152.77952 195.62801 147.22542 138.42519 0.3 0.3 0.0 0.0 0.0 0.0 0.0 0.0 0.72115 0.0 0.0 45.47487 -0.49999 0.07399 0.0 0.0 0.0 0.0 0.0 0.0 0.0120816895486 29 1 0.992419456728 0.316875901442 3.47736083954
-0.12623 0.35028 3.35743 -0.12979 0.55971 4.0638620528 0.78258 0.98072 0.30541 0.41196 152.77952 195.62801 147.22542 138.42519 0.3 0.3 0.0 0.0 0.0 0.0 0.0 0.0 0.72115 0.0 0.0 45.47487 -0.49999 0.07399 0.0 0.0 0.0 0.0 0.0 0.0 0.0120006436131 30 0 0.973618090452 1.12736794022 3.47736083954
-0.12623 0.35028 3.35743 -0.12979 0.55971 4.03220837728 0.78258 0.98072 0.30541 0.41196 152.77952 195.62801 147.22542 138.42519 0.3 0.3 0.0 0.0 0.0 0.0 0.0 0.0 0.72115 0.0 0.0 45.47487 -0.49999 0.07399 0.0 0.0 0.0 0.0 0.0 0.0 0.0126521415247 31 0 0.983616887209 0.932402927113 3.47736083954
-0.12623 0.35028 3.35743 -0.12979 0.55971 4.01618263146 0.78258 0.98072 0.30541 0.41196 152.77952 195.62801 147.22542 138.42519 0.3 0.3 0.0 0.0 0.0 0.0 0.0 0.0 0.72115 0.0 0.0 45.47487 -0.49999 0.07399 0.0 0.0 0.0 0.0 0.0 0.0 0.0130714200434 32 1 0.986767485822 0.956160903176 2.94993003313
-0.12623 0.35028 3.35743 -0.12979 0.55971 4.0448502351 0.78258 0.98072 0.30541 0.41196 152.77952 195.62801 147.22542 138.42519 0.3 0.3 0.0 0.0 0.0 0.0 0.0 0.0 0.72115 0.0 0.0 45.47487 -0.49999 0.07399 0.0 0.0 0.0 0.0 0.0 0.0 0.0127580964916 33 1 0.980453972257 1.22546487445 1.68019988099
-0.12623 0.35028 3.35743 -0.12979 0.55971 4.05671390171 0.78258 0.98072 0.30541 0.41196 152.77952 195.62801 147.22542 138.42519 0.3 0.3 0.0 0.0 0.0 0.0 0.0 0.0 0.72115 0.0 0.0 45.47487 -0.49999 0.07399 0.0 0.0 0.0 0.0 0.0 0.0 0.0131226675172 34 1 0.978001257071 1.21920829852 1.32576972095
-0.12623 0.35028 3.35743 -0.12979 0.55971 4.04018653731 0.78258 0.98072 0.30541 0.41196 152.77952 195.62801 147.22542 138.42519 0.3 0.3 0.0 0.0 0.0 0.0 0.0 0.0 0.72115 0.0 0.0 45.47487 -0.49999 0.07399 0.0 0.0 0.0 0.0 0.0 0.0 0.0136941537284 35 1 0.979823455233 1.20379794434 1.79895034843
-0.12623 0.35028 3.35743 -0.12979 0.55971 4.03511349209 0.78258 0.98072 0.30541 0.41196 152.77952 195.62801 147.22542 138.42519 0.3 0.3 0.0 0.0 0.0 0.0 0.0 0.0 0.72115 0.0 0.0 45.47487 -0.49999 0.07399 0.0 0.0 0.0 0.0 0.0 0.0 0.0138287968529 36 1 0.983616887209 0.858968286051 2.84427997368
-0.12623 0.35028 3.35743 -0.12979 0.55971 4.03715208096 0.78258 0.98072 0.30541 0.41196 152.77952 195.62801 147.22542 138.42519 0.3 0.3 0.0 0.0 0.0 0.0 0.0 0.0 0.72115 0.0 0.0 45.47487 -0.49999 0.07399 0.0 0.0 0.0 0.0 0.0 0.0 0.0137085014782 37 0 0.982345523329 1.18232903161 2.84427997368
-0.12623 0.35028 3.35743 -0.12979 0.55971 4.04030585536 0.78258 0.98072 0.30541 0.41196 152.77952 195.62801 147.22542 138.42519 0.3 0.3 0.0 0.0 0.0 0.0 0.0 0.0 0.72115 0.0 0.0 45.47487 -0.49999 0.07399 0.0 0.0 0.0 0.0 0.0 0.0 0.0136913475576 38 0 0.980453972257 1.21616893686 2.84427997368
-0.12623 0.35028 3.35743 -0.12979 0.55971 4.02338786827 0.78258 0.98072 0.30541 0.41196 152.77952 195.62801 147.22542 138.42519 0.3 0.3 0.0 0.0 0.0 0.0 0.0 0.0 0.72115 0.0 0.0 45.47487 -0.49999 0.07399 0.0 0.0 0.0 0.0 0.0 0.0 0.0138241951687 39 1 0.997466751108 0.296610119642 3.36091928835
-0.12623 0.35028 3.35743 -0.12979 0.55971 4.04194378216 0.78258 0.98072 0.30541 0.41196 152.77952 195.62801 147.22542 138.42519 0.3 0.3 0.0 0.0 0.0 0.0 0.0 0.0 0.72115 0.0 0.0 45.47487 -0.49999 0.07399 0.0 0.0 0.0 0.0 0.0 0.0 0.014020437859 40 0 0.981084489281 1.23963637751 3.36091928835
-0.12623 0.35028 3.35743 -0.12979 0.55971 3.991717331 0.78258 0.98072 0.30541 0.41196 152.77952 195.62801 147.22542 138.42519 0.3 0.3 0.0 0.0 0.0 0.0 0.0 0.0 0.72115 0.0 0.0 45.47487 -0.49999 0.07399 0.0 0.0 0.0 0.0 0.0 0.0 0.0131459848818 41 0 0.979323308271 1.15999547285 3.36091928835
-0.12623 0.35028 3.35743 -0.12979 0.55971 4.00383998908 0.78258 0.98072 0.30541 0.41196 152.77952 195.62801 147.22542 138.42519 0.3 0.3 0.0 0.0 0.0 0.0 0.0 0.0 0.72115 0.0 0.0 45.47487 -0.49999 0.07399 0.0 0.0 0.0 0.0 0.0 0.0 0.0141589019884 42 0 0.986163522013 1.17781336375 3.36091928835
-0.12623 0.35028 3.35743 -0.12979 0.55971 4.01329534516 0.78258 0.98072 0.30541 0.41196 152.77952 195.62801 147.22542 138.42519 0.3 0.3 0.0 0.0 0.0 0.0 0.0 0.0 0.72115 0.0 0.0 45.47487 -0.49999 0.07399 0.0 0.0 0.0 0.0 0.0 0.0 0.0138370370531 43 1 0.987397605545 0.962972206399 2.97686067829
-0.12623 0.35028 3.35743 -0.12979 0.55971 4.00023593158 0.78258 0.98072 0.30541 0.41196 152.77952 195.62801 147.22542 138.42519 0.3 0.3 0.0 0.0 0.0 0.0 0.0 0.0 0.72115 0.0 0.0 45.47487 -0.49999 0.07399 0.0 0.0 0.0 0.0 0.0 0.0 0.0144486157295 44 1 0.983029541169 1.31884028502 2.11847271309
-0.12623 0.35028 3.35743 -0.12979 0.55971 3.99545656002 0.78258 0.98072 0.30541 0.41196 152.77952 195.62801 147.22542 138.42519 0.3 0.3 0.0 0.0 0.0 0.0 0.0 0.0 0.72115 0.0 0.0 45.47487 -0.49999 0.07399 0.0 0.0 0.0 0.0 0.0 0.0 0.0137779220002 45 0 0.981783919598 1.27431203112 2.11847271309
-0.12623 0.35028 3.35743 -0.12979 0.55971 4.00079376944 0.78258 0.98072 0.30541 0.41196 152.77952 195.62801 147.22542 138.42519 0.3 0.3 0.0 0.0 0.0 0.0 0.0 0.0 0.72115 0.0 0.0 45.47487 -0.49999 0.07399 0.0 0.0 0.0 0.0 0.0 0.0 0.0143063276295 46 1 0.983029541169 1.27436189149 2.18553540927
-0.12623 0.35028 3.35743 -0.12979 0.55971 4.00988311424 0.78258 0.98072 0.30541 0.41196 152.77952 195.62801 147.22542 138.42519 0.3 0.3 0.0 0.0 0.0 0.0 0.0 0.0 0.72115 0.0 0.0 45.47487 -0.49999 0.07399 0.0 0.0 0.0 0.0 0.0 0.0 0.0142833470288 47 1 0.98679245283 1.18920892055 2.72511889034
-0.12623 0.35028 3.35743 -0.12979 0.55971 4.04615895623 0.78258 0.98072 0.30541 0.41196 152.77952 195.62801 147.22542 138.42519 0.3 0.3 0.0 0.0 0.0 0.0 0.0 0.0 0.72115 0.0 0.0 45.47487 -0.49999 0.07399 0.0 0.0 0.0 0.0 0.0 0.0 0.0140037580618 48 0 0.981715006305 1.16968722929 2.72511889034
-0.12623 0.35028 3.35743 -0.12979 0.55971 4.0163225273 0.78258 0.98072 0.30541 0.41196 152.77952 195.62801 147.22542 138.42519 0.3 0.3 0.0 0.0 0.0 0.0 0.0 0.0 0.72115 0.0 0.0 45.47487 -0.49999 0.07399 0.0 0.0 0.0 0.0 0.0 0.0 0.0139555575928 49 1 0.986767485822 0.943382112395 2.95286925298
-0.12623 0.35028 3.35743 -0.12979 0.55971 4.01552496087 0.78258 0.98072 0.30541 0.41196 152.77952 195.62801 147.22542 138.42519 0.3 0.3 0.0 0.0 0.0 0.0 0.0 0.0 0.72115 0.0 0.0 45.47487 -0.49999 0.07399 0.0 0.0 0.0 0.0 0.0 0.0 0.013696634985 50 1 0.986767485822 0.950715583789 2.94984555984
