-0.12623 0.35028 3.35743 -0.12979 0.55971 4.37424975666 0.78258 0.98072 0.30541 0.41196 152.77952 195.62801 147.22542 138.42519 0.3 0.3 0.0 0.0 0.0 0.0 0.0 0.0 0.72115 0.0 0.0 45.47487 -0.49999 0.07399 0.0 0.0 0.0 0.0 0.0 0.0 0.01 0 1 0.917596034696 1.78942783521 -105.030053188
-0.12623 0.35028 3.35743 -0.12979 0.55971 4.3687264712 0.78258 0.98072 0.30541 0.41196 152.77952 195.62801 147.22542 138.42519 0.3 0.3 0.0 0.0 0.0 0.0 0.0 0.0 0.72115 0.0 0.0 45.47487 -0.49999 0.07399 0.0 0.0 0.0 0.0 0.0 0.0 0.00928960660425 1 0 0.91940483571 1.74184304183 -105.030053188
-0.12623 0.35028 3.35743 -0.12979 0.55971 4.3603024051 0.78258 0.98072 0.30541 0.41196 152.77952 195.62801 147.22542 138.42519 0.3 0.3 0.0 0.0 0.0 0.0 0.0 0.0 0.72115 0.0 0.0 45.47487 -0.49999 0.07399 0.0 0.0 0.0 0.0 0.0 0.0 0.00931535873734 2 1 0.921981424149 1.65840163978 -92.702637194
-0.12623 0.35028 3.35743 -0.12979 0.55971 4.41105665536 0.78258 0.98072 0.30541 0.41196 152.77952 195.62801 147.22542 138.42519 0.3 0.3 0.0 0.0 0.0 0.0 0.0 0.0 0.72115 0.0 0.0 45.47487 -0.49999 0.07399 0.0 0.0 0.0 0.0 0.0 0.0 0.00879621337416 3 0 0.912453760789 1.83461238957 -92.702637194
-0.12623 0.35028 3.35743 -0.12979 0.55971 4.40022677167 0.78258 0.98072 0.30541 0.41196 152.77952 195.62801 147.22542 138.42519 0.3 0.3 0.0 0.0 0.0 0.0 0.0 0.0 0.72115 0.0 0.0 45.47487 -0.49999 0.07399 0.0 0.0 0.0 0.0 0.0 0.0 0.00894354117359 4 0 0.91347342398 1.82219219009 -92.702637194
-0.12623 0.35028 3.35743 -0.12979 0.55971 4.35571567312 0.78258 0.98072 0.30541 0.41196 152.77952 195.62801 147.22542 138.42519 0.3 0.3 0.0 0.0 0.0 0.0 0.0 0.0 0.72115 0.0 0.0 45.47487 -0.49999 0.07399 0.0 0.0 0.0 0.0 0.0 0.0 0.00937454530265 5 1 0.924270639354 1.64051089439 -84.0616927668
-0.12623 0.35028 3.35743 -0.12979 0.55971 4.33467164694 0.78258 0.98072 0.30541 0.41196 152.77952 195.62801 147.22542 138.42519 0.3 0.3 0.0 0.0 0.0 0.0 0.0 0.0 0.72115 0.0 0.0 45.47487 -0.49999 0.07399 0.0 0.0 0.0 0.0 0.0 0.0 0.0098004552448 6 1 0.926571250778 1.67254376595 -74.8108019497
-0.12623 0.35028 3.35743 -0.12979 0.55971 4.321335523 0.78258 0.98072 0.30541 0.41196 152.77952 195.62801 147.22542 138.42519 0.3 0.3 0.0 0.0 0.0 0.0 0.0 0.0 0.72115 0.0 0.0 45.47487 -0.49999 0.07399 0.0 0.0 0.0 0.0 0.0 0.0 0.00928403415472 7 1 0.930841121495 1.59538449087 -66.8587392162
-0.12623 0.35028 3.35743 -0.12979 0.55971 4.31924820936 0.78258 0.98072 0.30541 0.41196 152.77952 195.62801 147.22542 138.42519 0.3 0.3 0.0 0.0 0.0 0.0 0.0 0.0 0.72115 0.0 0.0 45.47487 -0.49999 0.07399 0.0 0.0 0.0 0.0 0.0 0.0 0.00987936446317 8 1 0.930841121495 1.60623407525 -59.5174176278
-0.12623 0.35028 3.35743 -0.12979 0.55971 4.30252094145 0.78258 0.98072 0.30541 0.41196 152.77952 195.62801 147.22542 138.42519 0.3 0.3 0.0 0.0 0.0 0.0 0.0 0.0 0.72115 0.0 0.0 45.47487 -0.49999 0.07399 0.0 0.0 0.0 0.0 0.0 0.0 0.00948018280405 9 1 0.935202492212 1.48495655074 -47.7690975069
-0.12623 0.35028 3.35743 -0.12979 0.55971 4.28132034805 0.78258 0.98072 0.30541 0.41196 152.77952 195.62801 147.22542 138.42519 0.3 0.3 0.0 0.0 0.0 0.0 0.0 0.0 0.72115 0.0 0.0 45.47487 -0.49999 0.07399 0.0 0.0 0.0 0.0 0.0 0.0 0.00899699273033 10 0 0.938240798503 1.49583604175 -47.7690975069
-0.12623 0.35028 3.35743 -0.12979 0.55971 4.31491094856 0.78258 0.98072 0.30541 0.41196 152.77952 195.62801 147.22542 138.42519 0.3 0.3 0.0 0.0 0.0 0.0 0.0 0.0 0.72115 0.0 0.0 45.47487 -0.49999 0.07399 0.0 0.0 0.0 0.0 0.0 0.0 0.0102935787072 11 0 0.93399750934 1.58873447544 -47.7690975069
-0.12623 0.35028 3.35743 -0.12979 0.55971 4.31648471604 0.78258 0.98072 0.30541 0.41196 152.77952 195.62801 147.22542 138.42519 0.3 0.3 0.0 0.0 0.0 0.0 0.0 0.0 0.72115 0.0 0.0 45.47487 -0.49999 0.07399 0.0 0.0 0.0 0.0 0.0 0.0 0.00918357500202 12 0 0.934038581207 1.58638419818 -47.7690975069
-0.12623 0.35028 3.35743 -0.12979 0.55971 4.33511784682 0.78258 0.98072 0.30541 0.41196 152.77952 195.62801 147.22542 138.42519 0.3 0.3 0.0 0.0 0.0 0.0 0.0 0.0 0.72115 0.0 0.0 45.47487 -0.49999 0.07399 0.0 0.0 0.0 0.0 0.0 0.0 0.0102535883216 13 0 0.925373134328 1.65438910909 -47.7690975069
-0.12623 0.35028 3.35743 -0.12979 0.55971 4.2934548934 0.78258 0.98072 0.30541 0.41196 152.77952 195.62801 147.22542 138.42519 0.3 0.3 0.0 0.0 0.0 0.0 0.0 0.0 0.72115 0.0 0.0 45.47487 -0.49999 0.07399 0.0 0.0 0.0 0.0 0.0 0.0 0.0092799108638 14 1 0.937616968185 1.45317730512 -43.953775403
-0.12623 0.35028 3.35743 -0.12979 0.55971 4.27628356702 0.78258 0.98072 0.30541 0.41196 152.77952 195.62801 147.22542 138.42519 0.3 0.3 0.0 0.0 0.0 0.0 0.0 0.0 0.72115 0.0 0.0 45.47487 -0.49999 0.07399 0.0 0.0 0.0 0.0 0.0 0.0 0.00884090158048 15 0 0.936408977556 1.48128414879 -43.953775403
-0.12623 0.35028 3.35743 -0.12979 0.55971 4.26474666217 0.78258 0.98072 0.30541 0.41196 152.77952 195.62801 147.22542 138.42519 0.3 0.3 0.0 0.0 0.0 0.0 0.0 0.0 0.72115 0.0 0.0 45.47487 -0.49999 0.07399 0.0 0.0 0.0 0.0 0.0 0.0 0.0098204854975 16 1 0.94125 1.53088781809 -38.2335425728
-0.12623 0.35028 3.35743 -0.12979 0.55971 4.26751203586 0.78258 0.98072 0.30541 0.41196 152.77952 195.62801 147.22542 138.42519 0.3 0.3 0.0 0.0 0.0 0.0 0.0 0.0 0.72115 0.0 0.0 45.47487 -0.49999 0.07399 0.0 0.0 0.0 0.0 0.0 0.0 0.00897190542909 17 0 0.940074906367 1.51074098475 -38.2335425728
-0.12623 0.35028 3.35743 -0.12979 0.55971 4.24606809306 0.78258 0.98072 0.30541 0.41196 152.77952 195.62801 147.22542 138.42519 0.3 0.3 0.0 0.0 0.0 0.0 0.0 0.0 0.72115 0.0 0.0 45.47487 -0.49999 0.07399 0.0 0.0 0.0 0.0 0.0 0.0 0.00956946908663 18 1 0.943196004994 1.4907020212 -35.419940559
-0.12623 0.35028 3.35743 -0.12979 0.55971 4.25042221448 0.78258 0.98072 0.30541 0.41196 152.77952 195.62801 147.22542 138.42519 0.3 0.3 0.0 0.0 0.0 0.0 0.0 0.0 0.72115 0.0 0.0 45.47487 -0.49999 0.07399 0.0 0.0 0.0 0.0 0.0 0.0 0.00981270214911 19 1 0.944444444444 1.49034663704 -31.8925942167
-0.12623 0.35028 3.35743 -0.12979 0.55971 4.25039159312 0.78258 0.98072 0.30541 0.41196 152.77952 195.62801 147.22542 138.42519 0.3 0.3 0.0 0.0 0.0 0.0 0.0 0.0 0.72115 0.0 0.0 45.47487 -0.49999 0.07399 0.0 0.0 0.0 0.0 0.0 0.0 0.0094393657943 20 0 0.943820224719 1.49057405922 -31.8925942167
-0.12623 0.35028 3.35743 -0.12979 0.55971 4.26233913781 0.78258 0.98072 0.30541 0.41196 152.77952 195.62801 147.22542 138.42519 0.3 0.3 0.0 0.0 0.0 0.0 0.0 0.0 0.72115 0.0 0.0 45.47487 -0.49999 0.07399 0.0 0.0 0.0 0.0 0.0 0.0 0.00966701725971 21 0 0.94125 1.48020629498 -31.8925942167
-0.12623 0.35028 3.35743 -0.12979 0.55971 4.25933440954 0.78258 0.98072 0.30541 0.41196 152.77952 195.62801 147.22542 138.42519 0.3 0.3 0.0 0.0 0.0 0.0 0.0 0.0 0.72115 0.0 0.0 45.47487 -0.49999 0.07399 0.0 0.0 0.0 0.0 0.0 0.0 0.0100308660188 22 0 0.940625 1.47214780024 -31.8925942167
-0.12623 0.35028 3.35743 -0.12979 0.55971 4.25439475573 0.78258 0.98072 0.30541 0.41196 152.77952 195.62801 147.22542 138.42519 0.3 0.3 0.0 0.0 0.0 0.0 0.0 0.0 0.72115 0.0 0.0 45.47487 -0.49999 0.07399 0.0 0.0 0.0 0.0 0.0 0.0 0.00975282950108 23 0 0.943231441048 1.5426843883 -31.8925942167
-0.12623 0.35028 3.35743 -0.12979 0.55971 4.23902349636 0.78258 0.98072 0.30541 0.41196 152.77952 195.62801 147.22542 138.42519 0.3 0.3 0.0 0.0 0.0 0.0 0.0 0.0 0.72115 0.0 0.0 45.47487 -0.49999 0.07399 0.0 0.0 0.0 0.0 0.0 0.0 0.0100544735776 24 1 0.944375 1.46260258028 -29.0565906458
-0.12623 0.35028 3.35743 -0.12979 0.55971 4.23658495542 0.78258 0.98072 0.30541 0.41196 152.77952 195.62801 147.22542 138.42519 0.3 0.3 0.0 0.0 0.0 0.0 0.0 0.0 0.72115 0.0 0.0 45.47487 -0.49999 0.07399 0.0 0.0 0.0 0.0 0.0 0.0 0.00990451970897 25 1 0.944375 1.47074468048 -30.4170070997
-0.12623 0.35028 3.35743 -0.12979 0.55971 4.24897528388 0.78258 0.98072 0.30541 0.41196 152.77952 195.62801 147.22542 138.42519 0.3 0.3 0.0 0.0 0.0 0.0 0.0 0.0 0.72115 0.0 0.0 45.47487 -0.49999 0.07399 0.0 0.0 0.0 0.0 0.0 0.0 0.00967884172729 26 0 0.943196004994 1.48941750315 -30.4170070997
-0.12623 0.35028 3.35743 -0.12979 0.55971 4.24546364564 0.78258 0.98072 0.30541 0.41196 152.77952 195.62801 147.22542 138.42519 0.3 0.3 0.0 0.0 0.0 0.0 0.0 0.0 0.72115 0.0 0.0 45.47487 -0.49999 0.07399 0.0 0.0 0.0 0.0 0.0 0.0 0.00959916827964 27 0 0.943196004994 1.4804703953 -30.4170070997
-0.12623 0.35028 3.35743 -0.12979 0.55971 4.26240152195 0.78258 0.98072 0.30541 0.41196 152.77952 195.62801 147.22542 138.42519 0.3 0.3 0.0 0.0 0.0 0.0 0.0 0.0 0.72115 0.0 0.0 45.47487 -0.49999 0.07399 0.0 0.0 0.0 0.0 0.0 0.0 0.0101152155812 28 0 0.94125 1.50028772279 -30.4170070997
-0.12623 0.35028 3.35743 -0.12979 0.55971 4.22171011324 0.78258 0.98072 0.30541 0.41196 152.77952 195.62801 147.22542 138.42519 0.3 0.3 0.0 0.0 0.0 0.0 0.0 0.0 0.72115 0.0 0.0 45.47487 -0.49999 0.07399 0.0 0.0 0.0 0.0 0.0 0.0 0.0105442589618 29 1 0.944965603502 1.39861735059 -23.0110526764
-0.12623 0.35028 3.35743 -0.12979 0.55971 4.22330075067 0.78258 0.98072 0.30541 0.41196 152.77952 195.62801 147.22542 138.42519 0.3 0.3 0.0 0.0 0.0 0.0 0.0 0.0 0.72115 0.0 0.0 45.47487 -0.49999 0.07399 0.0 0.0 0.0 0.0 0.0 0.0 0.0106349523346 30 0 0.945 1.45209074662 -23.0110526764
-0.12623 0.35028 3.35743 -0.12979 0.55971 4.21227486692 0.78258 0.98072 0.30541 0.41196 152.77952 195.62801 147.22542 138.42519 0.3 0.3 0.0 0.0 0.0 0.0 0.0 0.0 0.72115 0.0 0.0 45.47487 -0.49999 0.07399 0.0 0.0 0.0 0.0 0.0 0.0 0.0116324366834 31 1 0.945658963148 1.33136168237 -15.805875309
-0.12623 0.35028 3.35743 -0.12979 0.55971 4.19433069222 0.78258 0.98072 0.30541 0.41196 152.77952 195.62801 147.22542 138.42519 0.3 0.3 0.0 0.0 0.0 0.0 0.0 0.0 0.72115 0.0 0.0 45.47487 -0.49999 0.07399 0.0 0.0 0.0 0.0 0.0 0.0 0.011237420964 32 1 0.948685857322 1.3261824108 -14.7669724349
-0.12623 0.35028 3.35743 -0.12979 0.55971 4.18975118403 0.78258 0.98072 0.30541 0.41196 152.77952 195.62801 147.22542 138.42519 0.3 0.3 0.0 0.0 0.0 0.0 0.0 0.0 0.72115 0.0 0.0 45.47487 -0.49999 0.07399 0.0 0.0 0.0 0.0 0.0 0.0 0.0119144047045 33 1 0.951814768461 1.3392804199 -11.1577874901
-0.12623 0.35028 3.35743 -0.12979 0.55971 4.19233948169 0.78258 0.98072 0.30541 0.41196 152.77952 195.62801 147.22542 138.42519 0.3 0.3 0.0 0.0 0.0 0.0 0.0 0.0 0.72115 0.0 0.0 45.47487 -0.49999 0.07399 0.0 0.0 0.0 0.0 0.0 0.0 0.0119709094845 34 1 0.951158422041 1.35302771516 -11.7309785606
-0.12623 0.35028 3.35743 -0.12979 0.55971 4.20667308253 0.78258 0.98072 0.30541 0.41196 152.77952 195.62801 147.22542 138.42519 0.3 0.3 0.0 0.0 0.0 0.0 0.0 0.0 0.72115 0.0 0.0 45.47487 -0.49999 0.07399 0.0 0.0 0.0 0.0 0.0 0.0 0.0120718312677 35 0 0.944965603502 1.33751245854 -11.7309785606
-0.12623 0.35028 3.35743 -0.12979 0.55971 4.18638316276 0.78258 0.98072 0.30541 0.41196 152.77952 195.62801 147.22542 138.42519 0.3 0.3 0.0 0.0 0.0 0.0 0.0 0.0 0.72115 0.0 0.0 45.47487 -0.49999 0.07399 0.0 0.0 0.0 0.0 0.0 0.0 0.0118651221345 36 1 0.955430006277 1.38060789413 -9.93259223484
-0.12623 0.35028 3.35743 -0.12979 0.55971 4.20064794798 0.78258 0.98072 0.30541 0.41196 152.77952 195.62801 147.22542 138.42519 0.3 0.3 0.0 0.0 0.0 0.0 0.0 0.0 0.72115 0.0 0.0 45.47487 -0.49999 0.07399 0.0 0.0 0.0 0.0 0.0 0.0 0.0120337191036 37 0 0.949906073889 1.36109294577 -9.93259223484
-0.12623 0.35028 3.35743 -0.12979 0.55971 4.16875769466 0.78258 0.98072 0.30541 0.41196 152.77952 195.62801 147.22542 138.42519 0.3 0.3 0.0 0.0 0.0 0.0 0.0 0.0 0.72115 0.0 0.0 45.47487 -0.49999 0.07399 0.0 0.0 0.0 0.0 0.0 0.0 0.012597609849 38 1 0.957967377666 1.28149777996 -5.6858729473
-0.12623 0.35028 3.35743 -0.12979 0.55971 4.13800168508 0.78258 0.98072 0.30541 0.41196 152.77952 195.62801 147.22542 138.42519 0.3 0.3 0.0 0.0 0.0 0.0 0.0 0.0 0.72115 0.0 0.0 45.47487 -0.49999 0.07399 0.0 0.0 0.0 0.0 0.0 0.0 0.0127454864742 39 1 0.961707470182 1.37848085828 -5.13239990004
-0.12623 0.35028 3.35743 -0.12979 0.55971 4.07497829161 0.78258 0.98072 0.30541 0.41196 152.77952 195.62801 147.22542 138.42519 0.3 0.3 0.0 0.0 0.0 0.0 0.0 0.0 0.72115 0.0 0.0 45.47487 -0.49999 0.07399 0.0 0.0 0.0 0.0 0.0 0.0 0.0125260631765 40 1 0.971733668342 1.06894036575 0.551717561932
-0.12623 0.35028 3.35743 -0.12979 0.55971 4.08766263582 0.78258 0.98072 0.30541 0.41196 152.77952 195.62801 147.22542 138.42519 0.3 0.3 0.0 0.0 0.0 0.0 0.0 0.0 0.72115 0.0 0.0 45.47487 -0.49999 0.07399 0.0 0.0 0.0 0.0 0.0 0.0 0.012071429448 41 0 0.969221105528 1.29646983053 0.551717561932
-0.12623 0.35028 3.35743 -0.12979 0.55971 4.07262871809 0.78258 0.98072 0.30541 0.41196 152.77952 195.62801 147.22542 138.42519 0.3 0.3 0.0 0.0 0.0 0.0 0.0 0.0 0.72115 0.0 0.0 45.47487 -0.49999 0.07399 0.0 0.0 0.0 0.0 0.0 0.0 0.0118672211008 42 1 0.972344437461 1.06372267458 0.442523428703
-0.12623 0.35028 3.35743 -0.12979 0.55971 4.08043173365 0.78258 0.98072 0.30541 0.41196 152.77952 195.62801 147.22542 138.42519 0.3 0.3 0.0 0.0 0.0 0.0 0.0 0.0 0.72115 0.0 0.0 45.47487 -0.49999 0.07399 0.0 0.0 0.0 0.0 0.0 0.0 0.0112237392728 43 0 0.969849246231 1.16901366594 0.442523428703
-0.12623 0.35028 3.35743 -0.12979 0.55971 4.06891476453 0.78258 0.98072 0.30541 0.41196 152.77952 195.62801 147.22542 138.42519 0.3 0.3 0.0 0.0 0.0 0.0 0.0 0.0 0.72115 0.0 0.0 45.47487 -0.49999 0.07399 0.0 0.0 0.0 0.0 0.0 0.0 0.0120630686302 44 1 0.972361809045 1.11139149056 0.256707277018
-0.12623 0.35028 3.35743 -0.12979 0.55971 4.09332789918 0.78258 0.98072 0.30541 0.41196 152.77952 195.62801 147.22542 138.42519 0.3 0.3 0.0 0.0 0.0 0.0 0.0 0.0 0.72115 0.0 0.0 45.47487 -0.49999 0.07399 0.0 0.0 0.0 0.0 0.0 0.0 0.0119866689872 45 0 0.965452261307 1.14999685149 0.256707277018
-0.12623 0.35028 3.35743 -0.12979 0.55971 4.05293101835 0.78258 0.98072 0.30541 0.41196 152.77952 195.62801 147.22542 138.42519 0.3 0.3 0.0 0.0 0.0 0.0 0.0 0.0 0.72115 0.0 0.0 45.47487 -0.49999 0.07399 0.0 0.0 0.0 0.0 0.0 0.0 0.0117908709982 46 1 0.97675879397 1.245200664 0.50935751267
-0.12623 0.35028 3.35743 -0.12979 0.55971 4.03287373281 0.78258 0.98072 0.30541 0.41196 152.77952 195.62801 147.22542 138.42519 0.3 0.3 0.0 0.0 0.0 0.0 0.0 0.0 0.72115 0.0 0.0 45.47487 -0.49999 0.07399 0.0 0.0 0.0 0.0 0.0 0.0 0.0121902276599 47 1 0.984247006931 0.937104368917 2.75493822325
-0.12623 0.35028 3.35743 -0.12979 0.55971 4.03099698636 0.78258 0.98072 0.30541 0.41196 152.77952 195.62801 147.22542 138.42519 0.3 0.3 0.0 0.0 0.0 0.0 0.0 0.0 0.72115 0.0 0.0 45.47487 -0.49999 0.07399 0.0 0.0 0.0 0.0 0.0 0.0 0.012515647612 48 0 0.982986767486 0.969973515516 2.75493822325
-0.12623 0.35028 3.35743 -0.12979 0.55971 4.03111705536 0.78258 0.98072 0.30541 0.41196 152.77952 195.62801 147.22542 138.42519 0.3 0.3 0.0 0.0 0.0 0.0 0.0 0.0 0.72115 0.0 0.0 45.47487 -0.49999 0.07399 0.0 0.0 0.0 0.0 0.0 0.0 0.0120727893448 49 0 0.982986767486 0.972784253337 2.75493822325
-0.12623 0.35028 3.35743 -0.12979 0.55971 4.03160788677 0.78258 0.98072 0.30541 0.41196 152.77952 195.62801 147.22542 138.42519 0.3 0.3 0.0 0.0 0.0 0.0 0.0 0.0 0.72115 0.0 0.0 45.47487 -0.49999 0.07399 0.0 0.0 0.0 0.0 0.0 0.0 0.0124175995654 50 1 0.982986767486 0.933330415005 2.65210509996
