-0.12623 0.35028 3.35743 -0.12979 0.55971 3.87930809733 0.78258 0.98072 0.30541 0.41196 152.77952 195.62801 147.22542 138.42519 0.3 0.3 0.0 0.0 0.0 0.0 0.0 0.0 0.72115 0.0 0.0 45.47487 -0.49999 0.07399 0.0 0.0 0.0 0.0 0.0 0.0 0.01 0 1 0.957616707617 1.37023464627 -13.1773287891
-0.12623 0.35028 3.35743 -0.12979 0.55971 3.84589544391 0.78258 0.98072 0.30541 0.41196 152.77952 195.62801 147.22542 138.42519 0.3 0.3 0.0 0.0 0.0 0.0 0.0 0.0 0.72115 0.0 0.0 45.47487 -0.49999 0.07399 0.0 0.0 0.0 0.0 0.0 0.0 0.0112342098134 1 1 0.95540623091 1.38371552138 -11.5145082459
-0.12623 0.35028 3.35743 -0.12979 0.55971 3.83047137498 0.78258 0.98072 0.30541 0.41196 152.77952 195.62801 147.22542 138.42519 0.3 0.3 0.0 0.0 0.0 0.0 0.0 0.0 0.72115 0.0 0.0 45.47487 -0.49999 0.07399 0.0 0.0 0.0 0.0 0.0 0.0 0.0112111666459 2 0 0.949328449328 1.54742127336 -11.5145082459
-0.12623 0.35028 3.35743 -0.12979 0.55971 3.84028986222 0.78258 0.98072 0.30541 0.41196 152.77952 195.62801 147.22542 138.42519 0.3 0.3 0.0 0.0 0.0 0.0 0.0 0.0 0.72115 0.0 0.0 45.47487 -0.49999 0.07399 0.0 0.0 0.0 0.0 0.0 0.0 0.0110026680563 3 0 0.951219512195 1.45433337594 -11.5145082459
-0.12623 0.35028 3.35743 -0.12979 0.55971 3.86073906091 0.78258 0.98072 0.30541 0.41196 152.77952 195.62801 147.22542 138.42519 0.3 0.3 0.0 0.0 0.0 0.0 0.0 0.0 0.72115 0.0 0.0 45.47487 -0.49999 0.07399 0.0 0.0 0.0 0.0 0.0 0.0 0.0108533621011 4 1 0.959459459459 1.30192236036 -8.22037258388
-0.12623 0.35028 3.35743 -0.12979 0.55971 3.84110379912 0.78258 0.98072 0.30541 0.41196 152.77952 195.62801 147.22542 138.42519 0.3 0.3 0.0 0.0 0.0 0.0 0.0 0.0 0.72115 0.0 0.0 45.47487 -0.49999 0.07399 0.0 0.0 0.0 0.0 0.0 0.0 0.0100823649073 5 0 0.951799877974 1.4305599486 -8.22037258388
-0.12623 0.35028 3.35743 -0.12979 0.55971 3.82498639234 0.78258 0.98072 0.30541 0.41196 152.77952 195.62801 147.22542 138.42519 0.3 0.3 0.0 0.0 0.0 0.0 0.0 0.0 0.72115 0.0 0.0 45.47487 -0.49999 0.07399 0.0 0.0 0.0 0.0 0.0 0.0 0.0111268369412 6 0 0.948717948718 1.38073164383 -8.22037258388
-0.12623 0.35028 3.35743 -0.12979 0.55971 3.85704348544 0.78258 0.98072 0.30541 0.41196 152.77952 195.62801 147.22542 138.42519 0.3 0.3 0.0 0.0 0.0 0.0 0.0 0.0 0.72115 0.0 0.0 45.47487 -0.49999 0.07399 0.0 0.0 0.0 0.0 0.0 0.0 0.0109433975045 7 1 0.958895705521 1.31306656605 -8.56615868967
-0.12623 0.35028 3.35743 -0.12979 0.55971 3.83968514881 0.78258 0.98072 0.30541 0.41196 152.77952 195.62801 147.22542 138.42519 0.3 0.3 0.0 0.0 0.0 0.0 0.0 0.0 0.72115 0.0 0.0 45.47487 -0.49999 0.07399 0.0 0.0 0.0 0.0 0.0 0.0 0.0104551450807 8 0 0.953048780488 1.51841582535 -8.56615868967
-0.12623 0.35028 3.35743 -0.12979 0.55971 3.85787233479 0.78258 0.98072 0.30541 0.41196 152.77952 195.62801 147.22542 138.42519 0.3 0.3 0.0 0.0 0.0 0.0 0.0 0.0 0.72115 0.0 0.0 45.47487 -0.49999 0.07399 0.0 0.0 0.0 0.0 0.0 0.0 0.0114363829626 9 1 0.958895705521 1.3135566144 -7.59258627542
-0.12623 0.35028 3.35743 -0.12979 0.55971 3.85123975197 0.78258 0.98072 0.30541 0.41196 152.77952 195.62801 147.22542 138.42519 0.3 0.3 0.0 0.0 0.0 0.0 0.0 0.0 0.72115 0.0 0.0 45.47487 -0.49999 0.07399 0.0 0.0 0.0 0.0 0.0 0.0 0.0121620279062 10 1 0.955909369259 1.33221942989 -8.1722840311
-0.12623 0.35028 3.35743 -0.12979 0.55971 3.83005392639 0.78258 0.98072 0.30541 0.41196 152.77952 195.62801 147.22542 138.42519 0.3 0.3 0.0 0.0 0.0 0.0 0.0 0.0 0.72115 0.0 0.0 45.47487 -0.49999 0.07399 0.0 0.0 0.0 0.0 0.0 0.0 0.0111178514955 11 0 0.95177045177 1.5508185294 -8.1722840311
-0.12623 0.35028 3.35743 -0.12979 0.55971 3.83440452811 0.78258 0.98072 0.30541 0.41196 152.77952 195.62801 147.22542 138.42519 0.3 0.3 0.0 0.0 0.0 0.0 0.0 0.0 0.72115 0.0 0.0 45.47487 -0.49999 0.07399 0.0 0.0 0.0 0.0 0.0 0.0 0.0113437706522 12 0 0.95115995116 1.54919935455 -8.1722840311
-0.12623 0.35028 3.35743 -0.12979 0.55971 3.83591667979 0.78258 0.98072 0.30541 0.41196 152.77952 195.62801 147.22542 138.42519 0.3 0.3 0.0 0.0 0.0 0.0 0.0 0.0 0.72115 0.0 0.0 45.47487 -0.49999 0.07399 0.0 0.0 0.0 0.0 0.0 0.0 0.0121572058544 13 0 0.950639853748 1.46408060361 -8.1722840311
-0.12623 0.35028 3.35743 -0.12979 0.55971 3.85340836412 0.78258 0.98072 0.30541 0.41196 152.77952 195.62801 147.22542 138.42519 0.3 0.3 0.0 0.0 0.0 0.0 0.0 0.0 0.72115 0.0 0.0 45.47487 -0.49999 0.07399 0.0 0.0 0.0 0.0 0.0 0.0 0.0126944975885 14 1 0.958333333333 1.35651433119 -6.46444239499
-0.12623 0.35028 3.35743 -0.12979 0.55971 3.83343890027 0.78258 0.98072 0.30541 0.41196 152.77952 195.62801 147.22542 138.42519 0.3 0.3 0.0 0.0 0.0 0.0 0.0 0.0 0.72115 0.0 0.0 45.47487 -0.49999 0.07399 0.0 0.0 0.0 0.0 0.0 0.0 0.0134450004987 15 0 0.95177045177 1.49220809387 -6.46444239499
-0.12623 0.35028 3.35743 -0.12979 0.55971 3.8230179514 0.78258 0.98072 0.30541 0.41196 152.77952 195.62801 147.22542 138.42519 0.3 0.3 0.0 0.0 0.0 0.0 0.0 0.0 0.72115 0.0 0.0 45.47487 -0.49999 0.07399 0.0 0.0 0.0 0.0 0.0 0.0 0.0125793045509 16 0 0.944680851064 1.44495153727 -6.46444239499
-0.12623 0.35028 3.35743 -0.12979 0.55971 3.85054043544 0.78258 0.98072 0.30541 0.41196 152.77952 195.62801 147.22542 138.42519 0.3 0.3 0.0 0.0 0.0 0.0 0.0 0.0 0.72115 0.0 0.0 45.47487 -0.49999 0.07399 0.0 0.0 0.0 0.0 0.0 0.0 0.013128042567 17 1 0.957134109002 1.32125607437 -5.89203473661
-0.12623 0.35028 3.35743 -0.12979 0.55971 3.85678041006 0.78258 0.98072 0.30541 0.41196 152.77952 195.62801 147.22542 138.42519 0.3 0.3 0.0 0.0 0.0 0.0 0.0 0.0 0.72115 0.0 0.0 45.47487 -0.49999 0.07399 0.0 0.0 0.0 0.0 0.0 0.0 0.0129219423059 18 1 0.958307786634 1.31470243581 -5.5667273895
-0.12623 0.35028 3.35743 -0.12979 0.55971 3.8551643759 0.78258 0.98072 0.30541 0.41196 152.77952 195.62801 147.22542 138.42519 0.3 0.3 0.0 0.0 0.0 0.0 0.0 0.0 0.72115 0.0 0.0 45.47487 -0.49999 0.07399 0.0 0.0 0.0 0.0 0.0 0.0 0.0125541336022 19 1 0.960122699387 1.31745040185 -5.2974512282
-0.12623 0.35028 3.35743 -0.12979 0.55971 3.83689494261 0.78258 0.98072 0.30541 0.41196 152.77952 195.62801 147.22542 138.42519 0.3 0.3 0.0 0.0 0.0 0.0 0.0 0.0 0.72115 0.0 0.0 45.47487 -0.49999 0.07399 0.0 0.0 0.0 0.0 0.0 0.0 0.0115344383306 20 0 0.951219512195 1.46751995114 -5.2974512282
-0.12623 0.35028 3.35743 -0.12979 0.55971 3.87409190626 0.78258 0.98072 0.30541 0.41196 152.77952 195.62801 147.22542 138.42519 0.3 0.3 0.0 0.0 0.0 0.0 0.0 0.0 0.72115 0.0 0.0 45.47487 -0.49999 0.07399 0.0 0.0 0.0 0.0 0.0 0.0 0.0121232924388 21 0 0.957642725599 1.35068658764 -5.2974512282
-0.12623 0.35028 3.35743 -0.12979 0.55971 3.84889087712 0.78258 0.98072 0.30541 0.41196 152.77952 195.62801 147.22542 138.42519 0.3 0.3 0.0 0.0 0.0 0.0 0.0 0.0 0.72115 0.0 0.0 45.47487 -0.49999 0.07399 0.0 0.0 0.0 0.0 0.0 0.0 0.0133773574859 22 0 0.954822954823 1.39143851975 -5.2974512282
-0.12623 0.35028 3.35743 -0.12979 0.55971 3.85170218714 0.78258 0.98072 0.30541 0.41196 152.77952 195.62801 147.22542 138.42519 0.3 0.3 0.0 0.0 0.0 0.0 0.0 0.0 0.72115 0.0 0.0 45.47487 -0.49999 0.07399 0.0 0.0 0.0 0.0 0.0 0.0 0.0116537690731 23 0 0.957134109002 1.33654730477 -5.2974512282
-0.12623 0.35028 3.35743 -0.12979 0.55971 3.88777517308 0.78258 0.98072 0.30541 0.41196 152.77952 195.62801 147.22542 138.42519 0.3 0.3 0.0 0.0 0.0 0.0 0.0 0.0 0.72115 0.0 0.0 45.47487 -0.49999 0.07399 0.0 0.0 0.0 0.0 0.0 0.0 0.0118197777599 24 0 0.959950708564 1.37226790357 -5.2974512282
-0.12623 0.35028 3.35743 -0.12979 0.55971 3.85041104859 0.78258 0.98072 0.30541 0.41196 152.77952 195.62801 147.22542 138.42519 0.3 0.3 0.0 0.0 0.0 0.0 0.0 0.0 0.72115 0.0 0.0 45.47487 -0.49999 0.07399 0.0 0.0 0.0 0.0 0.0 0.0 0.012773517473 25 0 0.954767726161 1.3138008972 -5.2974512282
-0.12623 0.35028 3.35743 -0.12979 0.55971 3.88527125776 0.78258 0.98072 0.30541 0.41196 152.77952 195.62801 147.22542 138.42519 0.3 0.3 0.0 0.0 0.0 0.0 0.0 0.0 0.72115 0.0 0.0 45.47487 -0.49999 0.07399 0.0 0.0 0.0 0.0 0.0 0.0 0.0131343155121 26 1 0.958794587946 1.39475993733 -6.15973135579
-0.12623 0.35028 3.35743 -0.12979 0.55971 3.87413296212 0.78258 0.98072 0.30541 0.41196 152.77952 195.62801 147.22542 138.42519 0.3 0.3 0.0 0.0 0.0 0.0 0.0 0.0 0.72115 0.0 0.0 45.47487 -0.49999 0.07399 0.0 0.0 0.0 0.0 0.0 0.0 0.0133236441793 27 1 0.957028852056 1.35181283719 -6.10482345382
-0.12623 0.35028 3.35743 -0.12979 0.55971 3.86743365258 0.78258 0.98072 0.30541 0.41196 152.77952 195.62801 147.22542 138.42519 0.3 0.3 0.0 0.0 0.0 0.0 0.0 0.0 0.72115 0.0 0.0 45.47487 -0.49999 0.07399 0.0 0.0 0.0 0.0 0.0 0.0 0.0134192755133 28 1 0.957028852056 1.41402458367 -6.85919318429
-0.12623 0.35028 3.35743 -0.12979 0.55971 3.84183155763 0.78258 0.98072 0.30541 0.41196 152.77952 195.62801 147.22542 138.42519 0.3 0.3 0.0 0.0 0.0 0.0 0.0 0.0 0.72115 0.0 0.0 45.47487 -0.49999 0.07399 0.0 0.0 0.0 0.0 0.0 0.0 0.0128535051738 29 0 0.954822954823 1.44440397334 -6.85919318429
-0.12623 0.35028 3.35743 -0.12979 0.55971 3.86819161279 0.78258 0.98072 0.30541 0.41196 152.77952 195.62801 147.22542 138.42519 0.3 0.3 0.0 0.0 0.0 0.0 0.0 0.0 0.72115 0.0 0.0 45.47487 -0.49999 0.07399 0.0 0.0 0.0 0.0 0.0 0.0 0.0126917502612 30 0 0.957028852056 1.42543526789 -6.85919318429
-0.12623 0.35028 3.35743 -0.12979 0.55971 3.91586628014 0.78258 0.98072 0.30541 0.41196 152.77952 195.62801 147.22542 138.42519 0.3 0.3 0.0 0.0 0.0 0.0 0.0 0.0 0.72115 0.0 0.0 45.47487 -0.49999 0.07399 0.0 0.0 0.0 0.0 0.0 0.0 0.0131837435994 31 1 0.965923172243 1.44392888493 -3.55486810915
-0.12623 0.35028 3.35743 -0.12979 0.55971 3.90475255282 0.78258 0.98072 0.30541 0.41196 152.77952 195.62801 147.22542 138.42519 0.3 0.3 0.0 0.0 0.0 0.0 0.0 0.0 0.72115 0.0 0.0 45.47487 -0.49999 0.07399 0.0 0.0 0.0 0.0 0.0 0.0 0.0134487813825 32 1 0.965944272446 1.3691525843 -2.62026122025
-0.12623 0.35028 3.35743 -0.12979 0.55971 3.9308127801 0.78258 0.98072 0.30541 0.41196 152.77952 195.62801 147.22542 138.42519 0.3 0.3 0.0 0.0 0.0 0.0 0.0 0.0 0.72115 0.0 0.0 45.47487 -0.49999 0.07399 0.0 0.0 0.0 0.0 0.0 0.0 0.0141284499967 33 1 0.970204841713 1.25238799972 -0.147162363367
-0.12623 0.35028 3.35743 -0.12979 0.55971 3.97420982759 0.78258 0.98072 0.30541 0.41196 152.77952 195.62801 147.22542 138.42519 0.3 0.3 0.0 0.0 0.0 0.0 0.0 0.0 0.72115 0.0 0.0 45.47487 -0.49999 0.07399 0.0 0.0 0.0 0.0 0.0 0.0 0.0145462700214 34 1 0.977514053716 0.995201703219 2.12813743253
-0.12623 0.35028 3.35743 -0.12979 0.55971 3.95470542661 0.78258 0.98072 0.30541 0.41196 152.77952 195.62801 147.22542 138.42519 0.3 0.3 0.0 0.0 0.0 0.0 0.0 0.0 0.72115 0.0 0.0 45.47487 -0.49999 0.07399 0.0 0.0 0.0 0.0 0.0 0.0 0.0148559196018 35 0 0.9725 1.34071419577 2.12813743253
-0.12623 0.35028 3.35743 -0.12979 0.55971 3.97919879029 0.78258 0.98072 0.30541 0.41196 152.77952 195.62801 147.22542 138.42519 0.3 0.3 0.0 0.0 0.0 0.0 0.0 0.0 0.72115 0.0 0.0 45.47487 -0.49999 0.07399 0.0 0.0 0.0 0.0 0.0 0.0 0.0143261787259 36 1 0.980588603632 1.2232967039 1.95304546332
-0.12623 0.35028 3.35743 -0.12979 0.55971 3.95209229759 0.78258 0.98072 0.30541 0.41196 152.77952 195.62801 147.22542 138.42519 0.3 0.3 0.0 0.0 0.0 0.0 0.0 0.0 0.72115 0.0 0.0 45.47487 -0.49999 0.07399 0.0 0.0 0.0 0.0 0.0 0.0 0.0139785593388 37 0 0.968164794007 1.34295896168 1.95304546332
-0.12623 0.35028 3.35743 -0.12979 0.55971 3.95973290929 0.78258 0.98072 0.30541 0.41196 152.77952 195.62801 147.22542 138.42519 0.3 0.3 0.0 0.0 0.0 0.0 0.0 0.0 0.72115 0.0 0.0 45.47487 -0.49999 0.07399 0.0 0.0 0.0 0.0 0.0 0.0 0.0137457298919 38 0 0.979336255479 1.22504889106 1.95304546332
-0.12623 0.35028 3.35743 -0.12979 0.55971 3.99259037163 0.78258 0.98072 0.30541 0.41196 152.77952 195.62801 147.22542 138.42519 0.3 0.3 0.0 0.0 0.0 0.0 0.0 0.0 0.72115 0.0 0.0 45.47487 -0.49999 0.07399 0.0 0.0 0.0 0.0 0.0 0.0 0.0141205988436 39 1 0.978696741855 1.15701087729 1.81772328976
-0.12623 0.35028 3.35743 -0.12979 0.55971 4.0072091383 0.78258 0.98072 0.30541 0.41196 152.77952 195.62801 147.22542 138.42519 0.3 0.3 0.0 0.0 0.0 0.0 0.0 0.0 0.72115 0.0 0.0 45.47487 -0.49999 0.07399 0.0 0.0 0.0 0.0 0.0 0.0 0.0136654899623 40 1 0.986163522013 1.15649600378 2.68836175284
-0.12623 0.35028 3.35743 -0.12979 0.55971 3.99558813875 0.78258 0.98072 0.30541 0.41196 152.77952 195.62801 147.22542 138.42519 0.3 0.3 0.0 0.0 0.0 0.0 0.0 0.0 0.72115 0.0 0.0 45.47487 -0.49999 0.07399 0.0 0.0 0.0 0.0 0.0 0.0 0.0127629982457 41 0 0.981783919598 1.2858597302 2.68836175284
-0.12623 0.35028 3.35743 -0.12979 0.55971 4.00494159499 0.78258 0.98072 0.30541 0.41196 152.77952 195.62801 147.22542 138.42519 0.3 0.3 0.0 0.0 0.0 0.0 0.0 0.0 0.72115 0.0 0.0 45.47487 -0.49999 0.07399 0.0 0.0 0.0 0.0 0.0 0.0 0.0136794091259 42 1 0.986800754243 1.20245857907 2.69983398989
-0.12623 0.35028 3.35743 -0.12979 0.55971 3.98624848455 0.78258 0.98072 0.30541 0.41196 152.77952 195.62801 147.22542 138.42519 0.3 0.3 0.0 0.0 0.0 0.0 0.0 0.0 0.72115 0.0 0.0 45.47487 -0.49999 0.07399 0.0 0.0 0.0 0.0 0.0 0.0 0.0136470417841 43 0 0.978710081403 1.1676874215 2.69983398989
-0.12623 0.35028 3.35743 -0.12979 0.55971 4.02416060948 0.78258 0.98072 0.30541 0.41196 152.77952 195.62801 147.22542 138.42519 0.3 0.3 0.0 0.0 0.0 0.0 0.0 0.0 0.72115 0.0 0.0 45.47487 -0.49999 0.07399 0.0 0.0 0.0 0.0 0.0 0.0 0.0141464591566 44 1 0.993682880606 0.451974759847 3.31898473382
-0.12623 0.35028 3.35743 -0.12979 0.55971 4.02665572041 0.78258 0.98072 0.30541 0.41196 152.77952 195.62801 147.22542 138.42519 0.3 0.3 0.0 0.0 0.0 0.0 0.0 0.0 0.72115 0.0 0.0 45.47487 -0.49999 0.07399 0.0 0.0 0.0 0.0 0.0 0.0 0.0135379616736 45 1 0.993678887484 0.420944510647 3.36400378727
-0.12623 0.35028 3.35743 -0.12979 0.55971 4.05047168182 0.78258 0.98072 0.30541 0.41196 152.77952 195.62801 147.22542 138.42519 0.3 0.3 0.0 0.0 0.0 0.0 0.0 0.0 0.72115 0.0 0.0 45.47487 -0.49999 0.07399 0.0 0.0 0.0 0.0 0.0 0.0 0.0143860861288 46 0 0.977344241661 1.1892813979 3.36400378727
-0.12623 0.35028 3.35743 -0.12979 0.55971 4.03113553384 0.78258 0.98072 0.30541 0.41196 152.77952 195.62801 147.22542 138.42519 0.3 0.3 0.0 0.0 0.0 0.0 0.0 0.0 0.72115 0.0 0.0 45.47487 -0.49999 0.07399 0.0 0.0 0.0 0.0 0.0 0.0 0.0133004496381 47 1 0.982986767486 0.957764027028 2.65055799416
-0.12623 0.35028 3.35743 -0.12979 0.55971 4.03528039591 0.78258 0.98072 0.30541 0.41196 152.77952 195.62801 147.22542 138.42519 0.3 0.3 0.0 0.0 0.0 0.0 0.0 0.0 0.72115 0.0 0.0 45.47487 -0.49999 0.07399 0.0 0.0 0.0 0.0 0.0 0.0 0.0132000166016 48 1 0.981096408318 1.11252534801 2.13940020258
-0.12623 0.35028 3.35743 -0.12979 0.55971 4.05413496351 0.78258 0.98072 0.30541 0.41196 152.77952 195.62801 147.22542 138.42519 0.3 0.3 0.0 0.0 0.0 0.0 0.0 0.0 0.72115 0.0 0.0 45.47487 -0.49999 0.07399 0.0 0.0 0.0 0.0 0.0 0.0 0.0130727556963 49 1 0.980503144654 1.25500177627 1.66661138974
-0.12623 0.35028 3.35743 -0.12979 0.55971 4.05354897238 0.78258 0.98072 0.30541 0.41196 152.77952 195.62801 147.22542 138.42519 0.3 0.3 0.0 0.0 0.0 0.0 0.0 0.0 0.72115 0.0 0.0 45.47487 -0.49999 0.07399 0.0 0.0 0.0 0.0 0.0 0.0 0.0131147618491 50 1 0.97675879397 1.25500648551 0.941882785542
