-0.12623 0.35028 3.35743 -0.12979 0.55971 3.24295453534 0.78258 0.98072 0.30541 0.41196 152.77952 195.62801 147.22542 138.42519 0.3 0.3 0.0 0.0 0.0 0.0 0.0 0.0 0.72115 0.0 0.0 45.47487 -0.49999 0.07399 0.0 0.0 0.0 0.0 0.0 0.0 0.01 0 1 0.838495575221 1.7014991914 -373.888001513
-0.12623 0.35028 3.35743 -0.12979 0.55971 3.2295968937 0.78258 0.98072 0.30541 0.41196 152.77952 195.62801 147.22542 138.42519 0.3 0.3 0.0 0.0 0.0 0.0 0.0 0.0 0.72115 0.0 0.0 45.47487 -0.49999 0.07399 0.0 0.0 0.0 0.0 0.0 0.0 0.00968090911137 1 0 0.832322118036 1.65157998246 -373.888001513
-0.12623 0.35028 3.35743 -0.12979 0.55971 3.21354472137 0.78258 0.98072 0.30541 0.41196 152.77952 195.62801 147.22542 138.42519 0.3 0.3 0.0 0.0 0.0 0.0 0.0 0.0 0.72115 0.0 0.0 45.47487 -0.49999 0.07399 0.0 0.0 0.0 0.0 0.0 0.0 0.00930001681833 2 0 0.827643171806 1.65100526564 -373.888001513
-0.12623 0.35028 3.35743 -0.12979 0.55971 3.22450625006 0.78258 0.98072 0.30541 0.41196 152.77952 195.62801 147.22542 138.42519 0.3 0.3 0.0 0.0 0.0 0.0 0.0 0.0 0.72115 0.0 0.0 45.47487 -0.49999 0.07399 0.0 0.0 0.0 0.0 0.0 0.0 0.00981140056434 3 0 0.833241607045 1.65509215515 -373.888001513
-0.12623 0.35028 3.35743 -0.12979 0.55971 3.3039336803 0.78258 0.98072 0.30541 0.41196 152.77952 195.62801 147.22542 138.42519 0.3 0.3 0.0 0.0 0.0 0.0 0.0 0.0 0.72115 0.0 0.0 45.47487 -0.49999 0.07399 0.0 0.0 0.0 0.0 0.0 0.0 0.00994817060046 4 1 0.841111111111 1.65288112743 -344.769311115
-0.12623 0.35028 3.35743 -0.12979 0.55971 3.30490847673 0.78258 0.98072 0.30541 0.41196 152.77952 195.62801 147.22542 138.42519 0.3 0.3 0.0 0.0 0.0 0.0 0.0 0.0 0.72115 0.0 0.0 45.47487 -0.49999 0.07399 0.0 0.0 0.0 0.0 0.0 0.0 0.00951824606684 5 0 0.840820854132 1.63922916882 -344.769311115
-0.12623 0.35028 3.35743 -0.12979 0.55971 3.36660809288 0.78258 0.98072 0.30541 0.41196 152.77952 195.62801 147.22542 138.42519 0.3 0.3 0.0 0.0 0.0 0.0 0.0 0.0 0.72115 0.0 0.0 45.47487 -0.49999 0.07399 0.0 0.0 0.0 0.0 0.0 0.0 0.0102049845615 6 1 0.857303370787 1.83307001761 -324.830627746
-0.12623 0.35028 3.35743 -0.12979 0.55971 3.38052002186 0.78258 0.98072 0.30541 0.41196 152.77952 195.62801 147.22542 138.42519 0.3 0.3 0.0 0.0 0.0 0.0 0.0 0.0 0.72115 0.0 0.0 45.47487 -0.49999 0.07399 0.0 0.0 0.0 0.0 0.0 0.0 0.00989006148448 7 1 0.856741573034 1.68293512482 -293.433140599
-0.12623 0.35028 3.35743 -0.12979 0.55971 3.35608742772 0.78258 0.98072 0.30541 0.41196 152.77952 195.62801 147.22542 138.42519 0.3 0.3 0.0 0.0 0.0 0.0 0.0 0.0 0.72115 0.0 0.0 45.47487 -0.49999 0.07399 0.0 0.0 0.0 0.0 0.0 0.0 0.0100168638193 8 0 0.8523301516 1.69383278706 -293.433140599
-0.12623 0.35028 3.35743 -0.12979 0.55971 3.39492050786 0.78258 0.98072 0.30541 0.41196 152.77952 195.62801 147.22542 138.42519 0.3 0.3 0.0 0.0 0.0 0.0 0.0 0.0 0.72115 0.0 0.0 45.47487 -0.49999 0.07399 0.0 0.0 0.0 0.0 0.0 0.0 0.00937363361222 9 0 0.862711864407 1.66754819808 -293.433140599
-0.12623 0.35028 3.35743 -0.12979 0.55971 3.35793448746 0.78258 0.98072 0.30541 0.41196 152.77952 195.62801 147.22542 138.42519 0.3 0.3 0.0 0.0 0.0 0.0 0.0 0.0 0.72115 0.0 0.0 45.47487 -0.49999 0.07399 0.0 0.0 0.0 0.0 0.0 0.0 0.00994021482295 10 1 0.857705286839 1.67318985001 -283.152211517
-0.12623 0.35028 3.35743 -0.12979 0.55971 3.34488531274 0.78258 0.98072 0.30541 0.41196 152.77952 195.62801 147.22542 138.42519 0.3 0.3 0.0 0.0 0.0 0.0 0.0 0.0 0.72115 0.0 0.0 45.47487 -0.49999 0.07399 0.0 0.0 0.0 0.0 0.0 0.0 0.0099448559108 11 0 0.85251396648 1.79893360798 -283.152211517
-0.12623 0.35028 3.35743 -0.12979 0.55971 3.3277220791 0.78258 0.98072 0.30541 0.41196 152.77952 195.62801 147.22542 138.42519 0.3 0.3 0.0 0.0 0.0 0.0 0.0 0.0 0.72115 0.0 0.0 45.47487 -0.49999 0.07399 0.0 0.0 0.0 0.0 0.0 0.0 0.0111739496965 12 1 0.853236607143 1.6563138097 -233.058859712
-0.12623 0.35028 3.35743 -0.12979 0.55971 3.31169508551 0.78258 0.98072 0.30541 0.41196 152.77952 195.62801 147.22542 138.42519 0.3 0.3 0.0 0.0 0.0 0.0 0.0 0.0 0.72115 0.0 0.0 45.47487 -0.49999 0.07399 0.0 0.0 0.0 0.0 0.0 0.0 0.0111092798988 13 0 0.844271412681 1.57688372915 -233.058859712
-0.12623 0.35028 3.35743 -0.12979 0.55971 3.33602920199 0.78258 0.98072 0.30541 0.41196 152.77952 195.62801 147.22542 138.42519 0.3 0.3 0.0 0.0 0.0 0.0 0.0 0.0 0.72115 0.0 0.0 45.47487 -0.49999 0.07399 0.0 0.0 0.0 0.0 0.0 0.0 0.0103234881093 14 0 0.849330357143 1.75793976767 -233.058859712
-0.12623 0.35028 3.35743 -0.12979 0.55971 3.33263900316 0.78258 0.98072 0.30541 0.41196 152.77952 195.62801 147.22542 138.42519 0.3 0.3 0.0 0.0 0.0 0.0 0.0 0.0 0.72115 0.0 0.0 45.47487 -0.49999 0.07399 0.0 0.0 0.0 0.0 0.0 0.0 0.0104059797381 15 0 0.850446428571 1.67820968787 -233.058859712
-0.12623 0.35028 3.35743 -0.12979 0.55971 3.33531507019 0.78258 0.98072 0.30541 0.41196 152.77952 195.62801 147.22542 138.42519 0.3 0.3 0.0 0.0 0.0 0.0 0.0 0.0 0.72115 0.0 0.0 45.47487 -0.49999 0.07399 0.0 0.0 0.0 0.0 0.0 0.0 0.0110523255895 16 0 0.848940914158 1.74910297351 -233.058859712
-0.12623 0.35028 3.35743 -0.12979 0.55971 3.34874414724 0.78258 0.98072 0.30541 0.41196 152.77952 195.62801 147.22542 138.42519 0.3 0.3 0.0 0.0 0.0 0.0 0.0 0.0 0.72115 0.0 0.0 45.47487 -0.49999 0.07399 0.0 0.0 0.0 0.0 0.0 0.0 0.0114384669025 17 0 0.849944008959 1.75178686988 -233.058859712
-0.12623 0.35028 3.35743 -0.12979 0.55971 3.33260507418 0.78258 0.98072 0.30541 0.41196 152.77952 195.62801 147.22542 138.42519 0.3 0.3 0.0 0.0 0.0 0.0 0.0 0.0 0.72115 0.0 0.0 45.47487 -0.49999 0.07399 0.0 0.0 0.0 0.0 0.0 0.0 0.0113241508963 18 0 0.850446428571 1.68057107093 -233.058859712
-0.12623 0.35028 3.35743 -0.12979 0.55971 3.32064775507 0.78258 0.98072 0.30541 0.41196 152.77952 195.62801 147.22542 138.42519 0.3 0.3 0.0 0.0 0.0 0.0 0.0 0.0 0.72115 0.0 0.0 45.47487 -0.49999 0.07399 0.0 0.0 0.0 0.0 0.0 0.0 0.0114233366087 19 0 0.846068042387 1.66403013379 -233.058859712
-0.12623 0.35028 3.35743 -0.12979 0.55971 3.32548888507 0.78258 0.98072 0.30541 0.41196 152.77952 195.62801 147.22542 138.42519 0.3 0.3 0.0 0.0 0.0 0.0 0.0 0.0 0.72115 0.0 0.0 45.47487 -0.49999 0.07399 0.0 0.0 0.0 0.0 0.0 0.0 0.0107982802257 20 0 0.85052983826 1.66002555223 -233.058859712
-0.12623 0.35028 3.35743 -0.12979 0.55971 3.34221839572 0.78258 0.98072 0.30541 0.41196 152.77952 195.62801 147.22542 138.42519 0.3 0.3 0.0 0.0 0.0 0.0 0.0 0.0 0.72115 0.0 0.0 45.47487 -0.49999 0.07399 0.0 0.0 0.0 0.0 0.0 0.0 0.011799479079 21 1 0.852037967616 1.69056559193 -221.18228609
-0.12623 0.35028 3.35743 -0.12979 0.55971 3.3642425882 0.78258 0.98072 0.30541 0.41196 152.77952 195.62801 147.22542 138.42519 0.3 0.3 0.0 0.0 0.0 0.0 0.0 0.0 0.72115 0.0 0.0 45.47487 -0.49999 0.07399 0.0 0.0 0.0 0.0 0.0 0.0 0.0120486049338 22 1 0.858108108108 1.78012638594 -216.242251773
-0.12623 0.35028 3.35743 -0.12979 0.55971 3.40317777619 0.78258 0.98072 0.30541 0.41196 152.77952 195.62801 147.22542 138.42519 0.3 0.3 0.0 0.0 0.0 0.0 0.0 0.0 0.72115 0.0 0.0 45.47487 -0.49999 0.07399 0.0 0.0 0.0 0.0 0.0 0.0 0.0119610735569 23 1 0.861660079051 1.64903667496 -178.373013281
-0.12623 0.35028 3.35743 -0.12979 0.55971 3.43975749204 0.78258 0.98072 0.30541 0.41196 152.77952 195.62801 147.22542 138.42519 0.3 0.3 0.0 0.0 0.0 0.0 0.0 0.0 0.72115 0.0 0.0 45.47487 -0.49999 0.07399 0.0 0.0 0.0 0.0 0.0 0.0 0.0120722252802 24 1 0.870328425821 1.7424967539 -171.659641288
-0.12623 0.35028 3.35743 -0.12979 0.55971 3.43404242304 0.78258 0.98072 0.30541 0.41196 152.77952 195.62801 147.22542 138.42519 0.3 0.3 0.0 0.0 0.0 0.0 0.0 0.0 0.72115 0.0 0.0 45.47487 -0.49999 0.07399 0.0 0.0 0.0 0.0 0.0 0.0 0.0118458744394 25 0 0.868973340896 1.71395386211 -171.659641288
-0.12623 0.35028 3.35743 -0.12979 0.55971 3.41541016546 0.78258 0.98072 0.30541 0.41196 152.77952 195.62801 147.22542 138.42519 0.3 0.3 0.0 0.0 0.0 0.0 0.0 0.0 0.72115 0.0 0.0 45.47487 -0.49999 0.07399 0.0 0.0 0.0 0.0 0.0 0.0 0.0117740245435 26 0 0.864589235127 1.63490612185 -171.659641288
-0.12623 0.35028 3.35743 -0.12979 0.55971 3.4331154256 0.78258 0.98072 0.30541 0.41196 152.77952 195.62801 147.22542 138.42519 0.3 0.3 0.0 0.0 0.0 0.0 0.0 0.0 0.72115 0.0 0.0 45.47487 -0.49999 0.07399 0.0 0.0 0.0 0.0 0.0 0.0 0.0124260659854 27 1 0.869540555871 1.78632914091 -172.394882432
-0.12623 0.35028 3.35743 -0.12979 0.55971 3.44785452179 0.78258 0.98072 0.30541 0.41196 152.77952 195.62801 147.22542 138.42519 0.3 0.3 0.0 0.0 0.0 0.0 0.0 0.0 0.72115 0.0 0.0 45.47487 -0.49999 0.07399 0.0 0.0 0.0 0.0 0.0 0.0 0.0121801725604 28 1 0.873295454545 1.73948717662 -160.226559311
-0.12623 0.35028 3.35743 -0.12979 0.55971 3.47239601807 0.78258 0.98072 0.30541 0.41196 152.77952 195.62801 147.22542 138.42519 0.3 0.3 0.0 0.0 0.0 0.0 0.0 0.0 0.72115 0.0 0.0 45.47487 -0.49999 0.07399 0.0 0.0 0.0 0.0 0.0 0.0 0.0124291305977 29 1 0.872789503708 1.59306032337 -129.453829419
-0.12623 0.35028 3.35743 -0.12979 0.55971 3.45103870812 0.78258 0.98072 0.30541 0.41196 152.77952 195.62801 147.22542 138.42519 0.3 0.3 0.0 0.0 0.0 0.0 0.0 0.0 0.72115 0.0 0.0 45.47487 -0.49999 0.07399 0.0 0.0 0.0 0.0 0.0 0.0 0.0117863558065 30 0 0.87074829932 1.6335260896 -129.453829419
-0.12623 0.35028 3.35743 -0.12979 0.55971 3.49162137284 0.78258 0.98072 0.30541 0.41196 152.77952 195.62801 147.22542 138.42519 0.3 0.3 0.0 0.0 0.0 0.0 0.0 0.0 0.72115 0.0 0.0 45.47487 -0.49999 0.07399 0.0 0.0 0.0 0.0 0.0 0.0 0.0118045400829 31 1 0.881511161992 1.5793430265 -122.134639314
-0.12623 0.35028 3.35743 -0.12979 0.55971 3.49063406552 0.78258 0.98072 0.30541 0.41196 152.77952 195.62801 147.22542 138.42519 0.3 0.3 0.0 0.0 0.0 0.0 0.0 0.0 0.72115 0.0 0.0 45.47487 -0.49999 0.07399 0.0 0.0 0.0 0.0 0.0 0.0 0.0119861651577 32 0 0.880434782609 1.59969076523 -122.134639314
-0.12623 0.35028 3.35743 -0.12979 0.55971 3.46425448371 0.78258 0.98072 0.30541 0.41196 152.77952 195.62801 147.22542 138.42519 0.3 0.3 0.0 0.0 0.0 0.0 0.0 0.0 0.72115 0.0 0.0 45.47487 -0.49999 0.07399 0.0 0.0 0.0 0.0 0.0 0.0 0.0110520244217 33 0 0.873791927231 1.65627115667 -122.134639314
-0.12623 0.35028 3.35743 -0.12979 0.55971 3.46568972686 0.78258 0.98072 0.30541 0.41196 152.77952 195.62801 147.22542 138.42519 0.3 0.3 0.0 0.0 0.0 0.0 0.0 0.0 0.72115 0.0 0.0 45.47487 -0.49999 0.07399 0.0 0.0 0.0 0.0 0.0 0.0 0.0117554355393 34 0 0.871517907902 1.78642386712 -122.134639314
-0.12623 0.35028 3.35743 -0.12979 0.55971 3.4687313402 0.78258 0.98072 0.30541 0.41196 152.77952 195.62801 147.22542 138.42519 0.3 0.3 0.0 0.0 0.0 0.0 0.0 0.0 0.72115 0.0 0.0 45.47487 -0.49999 0.07399 0.0 0.0 0.0 0.0 0.0 0.0 0.0128629036891 35 0 0.873006833713 1.73205049044 -122.134639314
-0.12623 0.35028 3.35743 -0.12979 0.55971 3.45541323126 0.78258 0.98072 0.30541 0.41196 152.77952 195.62801 147.22542 138.42519 0.3 0.3 0.0 0.0 0.0 0.0 0.0 0.0 0.72115 0.0 0.0 45.47487 -0.49999 0.07399 0.0 0.0 0.0 0.0 0.0 0.0 0.0124946379286 36 0 0.870601589103 1.61724641054 -122.134639314
-0.12623 0.35028 3.35743 -0.12979 0.55971 3.47131007809 0.78258 0.98072 0.30541 0.41196 152.77952 195.62801 147.22542 138.42519 0.3 0.3 0.0 0.0 0.0 0.0 0.0 0.0 0.72115 0.0 0.0 45.47487 -0.49999 0.07399 0.0 0.0 0.0 0.0 0.0 0.0 0.010937962943 37 0 0.871298405467 1.65014382169 -122.134639314
-0.12623 0.35028 3.35743 -0.12979 0.55971 3.48683188782 0.78258 0.98072 0.30541 0.41196 152.77952 195.62801 147.22542 138.42519 0.3 0.3 0.0 0.0 0.0 0.0 0.0 0.0 0.72115 0.0 0.0 45.47487 -0.49999 0.07399 0.0 0.0 0.0 0.0 0.0 0.0 0.0122863236659 38 1 0.877283105023 1.52054320874 -111.847029371
-0.12623 0.35028 3.35743 -0.12979 0.55971 3.45128038824 0.78258 0.98072 0.30541 0.41196 152.77952 195.62801 147.22542 138.42519 0.3 0.3 0.0 0.0 0.0 0.0 0.0 0.0 0.72115 0.0 0.0 45.47487 -0.49999 0.07399 0.0 0.0 0.0 0.0 0.0 0.0 0.0119712725984 39 0 0.870181405896 1.63779567776 -111.847029371
-0.12623 0.35028 3.35743 -0.12979 0.55971 3.47793223362 0.78258 0.98072 0.30541 0.41196 152.77952 195.62801 147.22542 138.42519 0.3 0.3 0.0 0.0 0.0 0.0 0.0 0.0 0.72115 0.0 0.0 45.47487 -0.49999 0.07399 0.0 0.0 0.0 0.0 0.0 0.0 0.012810898981 40 0 0.877784123358 1.60446404191 -111.847029371
-0.12623 0.35028 3.35743 -0.12979 0.55971 3.50235661487 0.78258 0.98072 0.30541 0.41196 152.77952 195.62801 147.22542 138.42519 0.3 0.3 0.0 0.0 0.0 0.0 0.0 0.0 0.72115 0.0 0.0 45.47487 -0.49999 0.07399 0.0 0.0 0.0 0.0 0.0 0.0 0.0118593767811 41 0 0.881074899943 1.6704743867 -111.847029371
-0.12623 0.35028 3.35743 -0.12979 0.55971 3.47572531988 0.78258 0.98072 0.30541 0.41196 152.77952 195.62801 147.22542 138.42519 0.3 0.3 0.0 0.0 0.0 0.0 0.0 0.0 0.72115 0.0 0.0 45.47487 -0.49999 0.07399 0.0 0.0 0.0 0.0 0.0 0.0 0.0123551901999 42 0 0.877213021131 1.64825261213 -111.847029371
-0.12623 0.35028 3.35743 -0.12979 0.55971 3.45895901386 0.78258 0.98072 0.30541 0.41196 152.77952 195.62801 147.22542 138.42519 0.3 0.3 0.0 0.0 0.0 0.0 0.0 0.0 0.72115 0.0 0.0 45.47487 -0.49999 0.07399 0.0 0.0 0.0 0.0 0.0 0.0 0.0125384581288 43 0 0.873791927231 1.62074699397 -111.847029371
-0.12623 0.35028 3.35743 -0.12979 0.55971 3.45847882565 0.78258 0.98072 0.30541 0.41196 152.77952 195.62801 147.22542 138.42519 0.3 0.3 0.0 0.0 0.0 0.0 0.0 0.0 0.72115 0.0 0.0 45.47487 -0.49999 0.07399 0.0 0.0 0.0 0.0 0.0 0.0 0.0120034907374 44 0 0.873863636364 1.62391800985 -111.847029371
-0.12623 0.35028 3.35743 -0.12979 0.55971 3.47799824165 0.78258 0.98072 0.30541 0.41196 152.77952 195.62801 147.22542 138.42519 0.3 0.3 0.0 0.0 0.0 0.0 0.0 0.0 0.72115 0.0 0.0 45.47487 -0.49999 0.07399 0.0 0.0 0.0 0.0 0.0 0.0 0.0122273716333 45 0 0.877784123358 1.60564660078 -111.847029371
-0.12623 0.35028 3.35743 -0.12979 0.55971 3.44293838235 0.78258 0.98072 0.30541 0.41196 152.77952 195.62801 147.22542 138.42519 0.3 0.3 0.0 0.0 0.0 0.0 0.0 0.0 0.72115 0.0 0.0 45.47487 -0.49999 0.07399 0.0 0.0 0.0 0.0 0.0 0.0 0.0124909553206 46 0 0.870181405896 1.68161140455 -111.847029371
-0.12623 0.35028 3.35743 -0.12979 0.55971 3.50052928334 0.78258 0.98072 0.30541 0.41196 152.77952 195.62801 147.22542 138.42519 0.3 0.3 0.0 0.0 0.0 0.0 0.0 0.0 0.72115 0.0 0.0 45.47487 -0.49999 0.07399 0.0 0.0 0.0 0.0 0.0 0.0 0.0122603117728 47 0 0.881781838949 1.64967824534 -111.847029371
-0.12623 0.35028 3.35743 -0.12979 0.55971 3.47515451519 0.78258 0.98072 0.30541 0.41196 152.77952 195.62801 147.22542 138.42519 0.3 0.3 0.0 0.0 0.0 0.0 0.0 0.0 0.72115 0.0 0.0 45.47487 -0.49999 0.07399 0.0 0.0 0.0 0.0 0.0 0.0 0.0125020529336 48 0 0.877353108956 1.62980739714 -111.847029371
-0.12623 0.35028 3.35743 -0.12979 0.55971 3.47582264032 0.78258 0.98072 0.30541 0.41196 152.77952 195.62801 147.22542 138.42519 0.3 0.3 0.0 0.0 0.0 0.0 0.0 0.0 0.72115 0.0 0.0 45.47487 -0.49999 0.07399 0.0 0.0 0.0 0.0 0.0 0.0 0.0118062708245 49 0 0.877213021131 1.64973007133 -111.847029371
-0.12623 0.35028 3.35743 -0.12979 0.55971 3.50626714375 0.78258 0.98072 0.30541 0.41196 152.77952 195.62801 147.22542 138.42519 0.3 0.3 0.0 0.0 0.0 0.0 0.0 0.0 0.72115 0.0 0.0 45.47487 -0.49999 0.07399 0.0 0.0 0.0 0.0 0.0 0.0 0.01131237942 50 0 0.88 1.60607617923 -111.847029371
