-0.12623 0.35028 3.35743 -0.12979 0.55971 4.72777951333 0.78258 0.98072 0.30541 0.41196 152.77952 195.62801 147.22542 138.42519 0.3 0.3 0.0 0.0 0.0 0.0 0.0 0.0 0.72115 0.0 0.0 45.47487 -0.49999 0.07399 0.0 0.0 0.0 0.0 0.0 0.0 0.01 0 1 0.817865429234 2.33655827177 -901.85454275
-0.12623 0.35028 3.35743 -0.12979 0.55971 4.73173261239 0.78258 0.98072 0.30541 0.41196 152.77952 195.62801 147.22542 138.42519 0.3 0.3 0.0 0.0 0.0 0.0 0.0 0.0 0.72115 0.0 0.0 45.47487 -0.49999 0.07399 0.0 0.0 0.0 0.0 0.0 0.0 0.0104805274007 1 1 0.815393518519 2.41985122436 -904.756152335
-0.12623 0.35028 3.35743 -0.12979 0.55971 4.73849463989 0.78258 0.98072 0.30541 0.41196 152.77952 195.62801 147.22542 138.42519 0.3 0.3 0.0 0.0 0.0 0.0 0.0 0.0 0.72115 0.0 0.0 45.47487 -0.49999 0.07399 0.0 0.0 0.0 0.0 0.0 0.0 0.0110688615005 2 1 0.820869565217 2.44908608394 -781.85160094
-0.12623 0.35028 3.35743 -0.12979 0.55971 4.74865294186 0.78258 0.98072 0.30541 0.41196 152.77952 195.62801 147.22542 138.42519 0.3 0.3 0.0 0.0 0.0 0.0 0.0 0.0 0.72115 0.0 0.0 45.47487 -0.49999 0.07399 0.0 0.0 0.0 0.0 0.0 0.0 0.0108535745966 3 0 0.812247255921 2.43191666875 -781.85160094
-0.12623 0.35028 3.35743 -0.12979 0.55971 4.7101886064 0.78258 0.98072 0.30541 0.41196 152.77952 195.62801 147.22542 138.42519 0.3 0.3 0.0 0.0 0.0 0.0 0.0 0.0 0.72115 0.0 0.0 45.47487 -0.49999 0.07399 0.0 0.0 0.0 0.0 0.0 0.0 0.010557517564 4 1 0.827988338192 2.36013579388 -735.694303774
-0.12623 0.35028 3.35743 -0.12979 0.55971 4.72130373141 0.78258 0.98072 0.30541 0.41196 152.77952 195.62801 147.22542 138.42519 0.3 0.3 0.0 0.0 0.0 0.0 0.0 0.0 0.72115 0.0 0.0 45.47487 -0.49999 0.07399 0.0 0.0 0.0 0.0 0.0 0.0 0.00961349565714 5 0 0.817917393834 2.34905577576 -735.694303774
-0.12623 0.35028 3.35743 -0.12979 0.55971 4.72252449133 0.78258 0.98072 0.30541 0.41196 152.77952 195.62801 147.22542 138.42519 0.3 0.3 0.0 0.0 0.0 0.0 0.0 0.0 0.72115 0.0 0.0 45.47487 -0.49999 0.07399 0.0 0.0 0.0 0.0 0.0 0.0 0.0111022819341 6 1 0.819186046512 2.34833028583 -727.772506317
-0.12623 0.35028 3.35743 -0.12979 0.55971 4.71873463915 0.78258 0.98072 0.30541 0.41196 152.77952 195.62801 147.22542 138.42519 0.3 0.3 0.0 0.0 0.0 0.0 0.0 0.0 0.72115 0.0 0.0 45.47487 -0.49999 0.07399 0.0 0.0 0.0 0.0 0.0 0.0 0.0106063111101 7 0 0.821615339919 2.35098231418 -727.772506317
-0.12623 0.35028 3.35743 -0.12979 0.55971 4.7134493684 0.78258 0.98072 0.30541 0.41196 152.77952 195.62801 147.22542 138.42519 0.3 0.3 0.0 0.0 0.0 0.0 0.0 0.0 0.72115 0.0 0.0 45.47487 -0.49999 0.07399 0.0 0.0 0.0 0.0 0.0 0.0 0.010531243098 8 0 0.82634032634 2.36470715763 -727.772506317
-0.12623 0.35028 3.35743 -0.12979 0.55971 4.72156852734 0.78258 0.98072 0.30541 0.41196 152.77952 195.62801 147.22542 138.42519 0.3 0.3 0.0 0.0 0.0 0.0 0.0 0.0 0.72115 0.0 0.0 45.47487 -0.49999 0.07399 0.0 0.0 0.0 0.0 0.0 0.0 0.011090880448 9 1 0.819080860966 2.34689407556 -729.231645207
-0.12623 0.35028 3.35743 -0.12979 0.55971 4.72323835814 0.78258 0.98072 0.30541 0.41196 152.77952 195.62801 147.22542 138.42519 0.3 0.3 0.0 0.0 0.0 0.0 0.0 0.0 0.72115 0.0 0.0 45.47487 -0.49999 0.07399 0.0 0.0 0.0 0.0 0.0 0.0 0.0114662644655 10 1 0.82066163668 2.37260371357 -684.980661291
-0.12623 0.35028 3.35743 -0.12979 0.55971 4.73304620127 0.78258 0.98072 0.30541 0.41196 152.77952 195.62801 147.22542 138.42519 0.3 0.3 0.0 0.0 0.0 0.0 0.0 0.0 0.72115 0.0 0.0 45.47487 -0.49999 0.07399 0.0 0.0 0.0 0.0 0.0 0.0 0.0122818059798 11 1 0.815393518519 2.40609943429 -650.502471189
-0.12623 0.35028 3.35743 -0.12979 0.55971 4.73984442189 0.78258 0.98072 0.30541 0.41196 152.77952 195.62801 147.22542 138.42519 0.3 0.3 0.0 0.0 0.0 0.0 0.0 0.0 0.72115 0.0 0.0 45.47487 -0.49999 0.07399 0.0 0.0 0.0 0.0 0.0 0.0 0.012838357932 12 1 0.819339895773 2.44029249827 -586.166136155
-0.12623 0.35028 3.35743 -0.12979 0.55971 4.73317429755 0.78258 0.98072 0.30541 0.41196 152.77952 195.62801 147.22542 138.42519 0.3 0.3 0.0 0.0 0.0 0.0 0.0 0.0 0.72115 0.0 0.0 45.47487 -0.49999 0.07399 0.0 0.0 0.0 0.0 0.0 0.0 0.0129779275351 13 1 0.815393518519 2.39986668197 -579.250845095
-0.12623 0.35028 3.35743 -0.12979 0.55971 4.75959281635 0.78258 0.98072 0.30541 0.41196 152.77952 195.62801 147.22542 138.42519 0.3 0.3 0.0 0.0 0.0 0.0 0.0 0.0 0.72115 0.0 0.0 45.47487 -0.49999 0.07399 0.0 0.0 0.0 0.0 0.0 0.0 0.0134542110342 14 1 0.81199538639 2.3974720644 -557.784626291
-0.12623 0.35028 3.35743 -0.12979 0.55971 4.75276801812 0.78258 0.98072 0.30541 0.41196 152.77952 195.62801 147.22542 138.42519 0.3 0.3 0.0 0.0 0.0 0.0 0.0 0.0 0.72115 0.0 0.0 45.47487 -0.49999 0.07399 0.0 0.0 0.0 0.0 0.0 0.0 0.0142334344351 15 1 0.811778290993 2.44134037746 -517.7975111
-0.12623 0.35028 3.35743 -0.12979 0.55971 4.75131069187 0.78258 0.98072 0.30541 0.41196 152.77952 195.62801 147.22542 138.42519 0.3 0.3 0.0 0.0 0.0 0.0 0.0 0.0 0.72115 0.0 0.0 45.47487 -0.49999 0.07399 0.0 0.0 0.0 0.0 0.0 0.0 0.0140989163316 16 0 0.811309867282 2.44179751579 -517.7975111
-0.12623 0.35028 3.35743 -0.12979 0.55971 4.76839308198 0.78258 0.98072 0.30541 0.41196 152.77952 195.62801 147.22542 138.42519 0.3 0.3 0.0 0.0 0.0 0.0 0.0 0.0 0.72115 0.0 0.0 45.47487 -0.49999 0.07399 0.0 0.0 0.0 0.0 0.0 0.0 0.0150547416535 17 1 0.812176909822 2.48067411354 -475.640459648
-0.12623 0.35028 3.35743 -0.12979 0.55971 4.73055670323 0.78258 0.98072 0.30541 0.41196 152.77952 195.62801 147.22542 138.42519 0.3 0.3 0.0 0.0 0.0 0.0 0.0 0.0 0.72115 0.0 0.0 45.47487 -0.49999 0.07399 0.0 0.0 0.0 0.0 0.0 0.0 0.0147455984556 18 1 0.816444701795 2.41872595037 -449.967326422
-0.12623 0.35028 3.35743 -0.12979 0.55971 4.7419649487 0.78258 0.98072 0.30541 0.41196 152.77952 195.62801 147.22542 138.42519 0.3 0.3 0.0 0.0 0.0 0.0 0.0 0.0 0.72115 0.0 0.0 45.47487 -0.49999 0.07399 0.0 0.0 0.0 0.0 0.0 0.0 0.0149466484605 19 1 0.819075144509 2.47039490117 -443.822802133
-0.12623 0.35028 3.35743 -0.12979 0.55971 4.72314108346 0.78258 0.98072 0.30541 0.41196 152.77952 195.62801 147.22542 138.42519 0.3 0.3 0.0 0.0 0.0 0.0 0.0 0.0 0.72115 0.0 0.0 45.47487 -0.49999 0.07399 0.0 0.0 0.0 0.0 0.0 0.0 0.0155245652267 20 1 0.82066163668 2.37286404603 -372.438063634
-0.12623 0.35028 3.35743 -0.12979 0.55971 4.7509009943 0.78258 0.98072 0.30541 0.41196 152.77952 195.62801 147.22542 138.42519 0.3 0.3 0.0 0.0 0.0 0.0 0.0 0.0 0.72115 0.0 0.0 45.47487 -0.49999 0.07399 0.0 0.0 0.0 0.0 0.0 0.0 0.0158636173406 21 0 0.811309867282 2.44845353184 -372.438063634
-0.12623 0.35028 3.35743 -0.12979 0.55971 4.7098476606 0.78258 0.98072 0.30541 0.41196 152.77952 195.62801 147.22542 138.42519 0.3 0.3 0.0 0.0 0.0 0.0 0.0 0.0 0.72115 0.0 0.0 45.47487 -0.49999 0.07399 0.0 0.0 0.0 0.0 0.0 0.0 0.0163447722785 22 1 0.828571428571 2.33954569143 -297.857239749
-0.12623 0.35028 3.35743 -0.12979 0.55971 4.69675429668 0.78258 0.98072 0.30541 0.41196 152.77952 195.62801 147.22542 138.42519 0.3 0.3 0.0 0.0 0.0 0.0 0.0 0.0 0.72115 0.0 0.0 45.47487 -0.49999 0.07399 0.0 0.0 0.0 0.0 0.0 0.0 0.0169504408889 23 1 0.831282952548 2.3949089579 -280.962884113
-0.12623 0.35028 3.35743 -0.12979 0.55971 4.68044088679 0.78258 0.98072 0.30541 0.41196 152.77952 195.62801 147.22542 138.42519 0.3 0.3 0.0 0.0 0.0 0.0 0.0 0.0 0.72115 0.0 0.0 45.47487 -0.49999 0.07399 0.0 0.0 0.0 0.0 0.0 0.0 0.0169619540875 24 1 0.838235294118 2.35507857885 -249.072067343
-0.12623 0.35028 3.35743 -0.12979 0.55971 4.67563240255 0.78258 0.98072 0.30541 0.41196 152.77952 195.62801 147.22542 138.42519 0.3 0.3 0.0 0.0 0.0 0.0 0.0 0.0 0.72115 0.0 0.0 45.47487 -0.49999 0.07399 0.0 0.0 0.0 0.0 0.0 0.0 0.0169370159873 25 0 0.835592221567 2.32723601345 -249.072067343
-0.12623 0.35028 3.35743 -0.12979 0.55971 4.67702291817 0.78258 0.98072 0.30541 0.41196 152.77952 195.62801 147.22542 138.42519 0.3 0.3 0.0 0.0 0.0 0.0 0.0 0.0 0.72115 0.0 0.0 45.47487 -0.49999 0.07399 0.0 0.0 0.0 0.0 0.0 0.0 0.0169338669847 26 1 0.838348082596 2.34493910676 -247.383673244
-0.12623 0.35028 3.35743 -0.12979 0.55971 4.67866214434 0.78258 0.98072 0.30541 0.41196 152.77952 195.62801 147.22542 138.42519 0.3 0.3 0.0 0.0 0.0 0.0 0.0 0.0 0.72115 0.0 0.0 45.47487 -0.49999 0.07399 0.0 0.0 0.0 0.0 0.0 0.0 0.0166818075634 27 0 0.837455830389 2.35991787808 -247.383673244
-0.12623 0.35028 3.35743 -0.12979 0.55971 4.66774560663 0.78258 0.98072 0.30541 0.41196 152.77952 195.62801 147.22542 138.42519 0.3 0.3 0.0 0.0 0.0 0.0 0.0 0.0 0.72115 0.0 0.0 45.47487 -0.49999 0.07399 0.0 0.0 0.0 0.0 0.0 0.0 0.0160285159161 28 0 0.83863368669 2.3340115127 -247.383673244
-0.12623 0.35028 3.35743 -0.12979 0.55971 4.67058813024 0.78258 0.98072 0.30541 0.41196 152.77952 195.62801 147.22542 138.42519 0.3 0.3 0.0 0.0 0.0 0.0 0.0 0.0 0.72115 0.0 0.0 45.47487 -0.49999 0.07399 0.0 0.0 0.0 0.0 0.0 0.0 0.0177109870612 29 1 0.8401179941 2.34340187963 -220.642660397
-0.12623 0.35028 3.35743 -0.12979 0.55971 4.63937839422 0.78258 0.98072 0.30541 0.41196 152.77952 195.62801 147.22542 138.42519 0.3 0.3 0.0 0.0 0.0 0.0 0.0 0.0 0.72115 0.0 0.0 45.47487 -0.49999 0.07399 0.0 0.0 0.0 0.0 0.0 0.0 0.0176449153878 30 1 0.853919239905 2.28967764088 -176.547494953
-0.12623 0.35028 3.35743 -0.12979 0.55971 4.62683386078 0.78258 0.98072 0.30541 0.41196 152.77952 195.62801 147.22542 138.42519 0.3 0.3 0.0 0.0 0.0 0.0 0.0 0.0 0.72115 0.0 0.0 45.47487 -0.49999 0.07399 0.0 0.0 0.0 0.0 0.0 0.0 0.0175245031296 31 1 0.859440142942 2.22784711267 -156.525899442
-0.12623 0.35028 3.35743 -0.12979 0.55971 4.63509651218 0.78258 0.98072 0.30541 0.41196 152.77952 195.62801 147.22542 138.42519 0.3 0.3 0.0 0.0 0.0 0.0 0.0 0.0 0.72115 0.0 0.0 45.47487 -0.49999 0.07399 0.0 0.0 0.0 0.0 0.0 0.0 0.0169664575766 32 0 0.857312722949 2.27364691059 -156.525899442
-0.12623 0.35028 3.35743 -0.12979 0.55971 4.62769150741 0.78258 0.98072 0.30541 0.41196 152.77952 195.62801 147.22542 138.42519 0.3 0.3 0.0 0.0 0.0 0.0 0.0 0.0 0.72115 0.0 0.0 45.47487 -0.49999 0.07399 0.0 0.0 0.0 0.0 0.0 0.0 0.0165834217885 33 0 0.858928571429 2.23467055201 -156.525899442
-0.12623 0.35028 3.35743 -0.12979 0.55971 4.59767687668 0.78258 0.98072 0.30541 0.41196 152.77952 195.62801 147.22542 138.42519 0.3 0.3 0.0 0.0 0.0 0.0 0.0 0.0 0.72115 0.0 0.0 45.47487 -0.49999 0.07399 0.0 0.0 0.0 0.0 0.0 0.0 0.0177327614541 34 1 0.870793269231 2.20802482234 -126.30482217
-0.12623 0.35028 3.35743 -0.12979 0.55971 4.59183675672 0.78258 0.98072 0.30541 0.41196 152.77952 195.62801 147.22542 138.42519 0.3 0.3 0.0 0.0 0.0 0.0 0.0 0.0 0.72115 0.0 0.0 45.47487 -0.49999 0.07399 0.0 0.0 0.0 0.0 0.0 0.0 0.0181969160812 35 1 0.870192307692 2.17568604003 -117.351598349
-0.12623 0.35028 3.35743 -0.12979 0.55971 4.61125591374 0.78258 0.98072 0.30541 0.41196 152.77952 195.62801 147.22542 138.42519 0.3 0.3 0.0 0.0 0.0 0.0 0.0 0.0 0.72115 0.0 0.0 45.47487 -0.49999 0.07399 0.0 0.0 0.0 0.0 0.0 0.0 0.0175974175474 36 0 0.866188769415 2.19505217763 -117.351598349
-0.12623 0.35028 3.35743 -0.12979 0.55971 4.59208770701 0.78258 0.98072 0.30541 0.41196 152.77952 195.62801 147.22542 138.42519 0.3 0.3 0.0 0.0 0.0 0.0 0.0 0.0 0.72115 0.0 0.0 45.47487 -0.49999 0.07399 0.0 0.0 0.0 0.0 0.0 0.0 0.0183070184612 37 1 0.869591346154 2.15748208737 -115.016316453
-0.12623 0.35028 3.35743 -0.12979 0.55971 4.59976048788 0.78258 0.98072 0.30541 0.41196 152.77952 195.62801 147.22542 138.42519 0.3 0.3 0.0 0.0 0.0 0.0 0.0 0.0 0.72115 0.0 0.0 45.47487 -0.49999 0.07399 0.0 0.0 0.0 0.0 0.0 0.0 0.0176230571583 38 0 0.871471471471 2.20150397936 -115.016316453
-0.12623 0.35028 3.35743 -0.12979 0.55971 4.59536889826 0.78258 0.98072 0.30541 0.41196 152.77952 195.62801 147.22542 138.42519 0.3 0.3 0.0 0.0 0.0 0.0 0.0 0.0 0.72115 0.0 0.0 45.47487 -0.49999 0.07399 0.0 0.0 0.0 0.0 0.0 0.0 0.0183845977137 39 0 0.86690647482 2.17416133677 -115.016316453
-0.12623 0.35028 3.35743 -0.12979 0.55971 4.57240919101 0.78258 0.98072 0.30541 0.41196 152.77952 195.62801 147.22542 138.42519 0.3 0.3 0.0 0.0 0.0 0.0 0.0 0.0 0.72115 0.0 0.0 45.47487 -0.49999 0.07399 0.0 0.0 0.0 0.0 0.0 0.0 0.0185802755407 40 1 0.871161950632 2.05150734585 -98.1145566808
-0.12623 0.35028 3.35743 -0.12979 0.55971 4.54705230717 0.78258 0.98072 0.30541 0.41196 152.77952 195.62801 147.22542 138.42519 0.3 0.3 0.0 0.0 0.0 0.0 0.0 0.0 0.72115 0.0 0.0 45.47487 -0.49999 0.07399 0.0 0.0 0.0 0.0 0.0 0.0 0.0192203956375 41 1 0.878402903811 2.06749599615 -82.509494089
-0.12623 0.35028 3.35743 -0.12979 0.55971 4.52810638071 0.78258 0.98072 0.30541 0.41196 152.77952 195.62801 147.22542 138.42519 0.3 0.3 0.0 0.0 0.0 0.0 0.0 0.0 0.72115 0.0 0.0 45.47487 -0.49999 0.07399 0.0 0.0 0.0 0.0 0.0 0.0 0.0192340216627 42 1 0.876438522108 2.00559407651 -79.9686236376
-0.12623 0.35028 3.35743 -0.12979 0.55971 4.5321756353 0.78258 0.98072 0.30541 0.41196 152.77952 195.62801 147.22542 138.42519 0.3 0.3 0.0 0.0 0.0 0.0 0.0 0.0 0.72115 0.0 0.0 45.47487 -0.49999 0.07399 0.0 0.0 0.0 0.0 0.0 0.0 0.0191166588338 43 1 0.878714372347 2.02460995129 -79.4605069336
-0.12623 0.35028 3.35743 -0.12979 0.55971 4.53390865713 0.78258 0.98072 0.30541 0.41196 152.77952 195.62801 147.22542 138.42519 0.3 0.3 0.0 0.0 0.0 0.0 0.0 0.0 0.72115 0.0 0.0 45.47487 -0.49999 0.07399 0.0 0.0 0.0 0.0 0.0 0.0 0.0200188773547 44 1 0.880461165049 2.03537671985 -70.8659723259
-0.12623 0.35028 3.35743 -0.12979 0.55971 4.49551787168 0.78258 0.98072 0.30541 0.41196 152.77952 195.62801 147.22542 138.42519 0.3 0.3 0.0 0.0 0.0 0.0 0.0 0.0 0.72115 0.0 0.0 45.47487 -0.49999 0.07399 0.0 0.0 0.0 0.0 0.0 0.0 0.0196081424075 45 1 0.895057962172 1.99693873976 -54.0988916715
-0.12623 0.35028 3.35743 -0.12979 0.55971 4.51443736831 0.78258 0.98072 0.30541 0.41196 152.77952 195.62801 147.22542 138.42519 0.3 0.3 0.0 0.0 0.0 0.0 0.0 0.0 0.72115 0.0 0.0 45.47487 -0.49999 0.07399 0.0 0.0 0.0 0.0 0.0 0.0 0.0192294021585 46 0 0.887674559806 2.01351689644 -54.0988916715
-0.12623 0.35028 3.35743 -0.12979 0.55971 4.47031759171 0.78258 0.98072 0.30541 0.41196 152.77952 195.62801 147.22542 138.42519 0.3 0.3 0.0 0.0 0.0 0.0 0.0 0.0 0.72115 0.0 0.0 45.47487 -0.49999 0.07399 0.0 0.0 0.0 0.0 0.0 0.0 0.018812102165 47 1 0.897859327217 1.93202518319 -51.9653992638
-0.12623 0.35028 3.35743 -0.12979 0.55971 4.43885681199 0.78258 0.98072 0.30541 0.41196 152.77952 195.62801 147.22542 138.42519 0.3 0.3 0.0 0.0 0.0 0.0 0.0 0.0 0.72115 0.0 0.0 45.47487 -0.49999 0.07399 0.0 0.0 0.0 0.0 0.0 0.0 0.018556924266 48 1 0.907076923077 1.86762103512 -40.6623498593
-0.12623 0.35028 3.35743 -0.12979 0.55971 4.45340572184 0.78258 0.98072 0.30541 0.41196 152.77952 195.62801 147.22542 138.42519 0.3 0.3 0.0 0.0 0.0 0.0 0.0 0.0 0.72115 0.0 0.0 45.47487 -0.49999 0.07399 0.0 0.0 0.0 0.0 0.0 0.0 0.0185456272693 49 0 0.903680981595 1.89950638647 -40.6623498593
-0.12623 0.35028 3.35743 -0.12979 0.55971 4.40935206532 0.78258 0.98072 0.30541 0.41196 152.77952 195.62801 147.22542 138.42519 0.3 0.3 0.0 0.0 0.0 0.0 0.0 0.0 0.72115 0.0 0.0 45.47487 -0.49999 0.07399 0.0 0.0 0.0 0.0 0.0 0.0 0.0186495764111 50 1 0.912399753239 1.83643700991 -34.141448435
