-0.12623 0.35028 3.35743 -0.12979 0.55971 4.232837854 0.78258 0.98072 0.30541 0.41196 152.77952 195.62801 147.22542 138.42519 0.3 0.3 0.0 0.0 0.0 0.0 0.0 0.0 0.72115 0.0 0.0 45.47487 -0.49999 0.07399 0.0 0.0 0.0 0.0 0.0 0.0 0.01 0 1 0.945590994371 1.4844445268 -28.9304314386
-0.12623 0.35028 3.35743 -0.12979 0.55971 4.237060082 0.78258 0.98072 0.30541 0.41196 152.77952 195.62801 147.22542 138.42519 0.3 0.3 0.0 0.0 0.0 0.0 0.0 0.0 0.72115 0.0 0.0 45.47487 -0.49999 0.07399 0.0 0.0 0.0 0.0 0.0 0.0 0.0101487074929 1 1 0.944375 1.46972088851 -28.7743167615
-0.12623 0.35028 3.35743 -0.12979 0.55971 4.25480237294 0.78258 0.98072 0.30541 0.41196 152.77952 195.62801 147.22542 138.42519 0.3 0.3 0.0 0.0 0.0 0.0 0.0 0.0 0.72115 0.0 0.0 45.47487 -0.49999 0.07399 0.0 0.0 0.0 0.0 0.0 0.0 0.0096751073353 2 0 0.943231441048 1.54031796884 -28.7743167615
-0.12623 0.35028 3.35743 -0.12979 0.55971 4.23540671736 0.78258 0.98072 0.30541 0.41196 152.77952 195.62801 147.22542 138.42519 0.3 0.3 0.0 0.0 0.0 0.0 0.0 0.0 0.72115 0.0 0.0 45.47487 -0.49999 0.07399 0.0 0.0 0.0 0.0 0.0 0.0 0.00984397570686 3 0 0.943714821764 1.49324081426 -28.7743167615
-0.12623 0.35028 3.35743 -0.12979 0.55971 4.2509035415 0.78258 0.98072 0.30541 0.41196 152.77952 195.62801 147.22542 138.42519 0.3 0.3 0.0 0.0 0.0 0.0 0.0 0.0 0.72115 0.0 0.0 45.47487 -0.49999 0.07399 0.0 0.0 0.0 0.0 0.0 0.0 0.0103330101865 4 1 0.944444444444 1.49327292816 -28.575737071
-0.12623 0.35028 3.35743 -0.12979 0.55971 4.26729475012 0.78258 0.98072 0.30541 0.41196 152.77952 195.62801 147.22542 138.42519 0.3 0.3 0.0 0.0 0.0 0.0 0.0 0.0 0.72115 0.0 0.0 45.47487 -0.49999 0.07399 0.0 0.0 0.0 0.0 0.0 0.0 0.00954442330489 5 0 0.940037476577 1.52081380943 -28.575737071
-0.12623 0.35028 3.35743 -0.12979 0.55971 4.24158245521 0.78258 0.98072 0.30541 0.41196 152.77952 195.62801 147.22542 138.42519 0.3 0.3 0.0 0.0 0.0 0.0 0.0 0.0 0.72115 0.0 0.0 45.47487 -0.49999 0.07399 0.0 0.0 0.0 0.0 0.0 0.0 0.0109967006701 6 1 0.945 1.46507416221 -23.2554095956
-0.12623 0.35028 3.35743 -0.12979 0.55971 4.19130924657 0.78258 0.98072 0.30541 0.41196 152.77952 195.62801 147.22542 138.42519 0.3 0.3 0.0 0.0 0.0 0.0 0.0 0.0 0.72115 0.0 0.0 45.47487 -0.49999 0.07399 0.0 0.0 0.0 0.0 0.0 0.0 0.0111941648482 7 1 0.951158422041 1.33779361589 -13.4616575457
-0.12623 0.35028 3.35743 -0.12979 0.55971 4.20406060031 0.78258 0.98072 0.30541 0.41196 152.77952 195.62801 147.22542 138.42519 0.3 0.3 0.0 0.0 0.0 0.0 0.0 0.0 0.72115 0.0 0.0 45.47487 -0.49999 0.07399 0.0 0.0 0.0 0.0 0.0 0.0 0.0105246787088 8 0 0.949906073889 1.39650781798 -13.4616575457
-0.12623 0.35028 3.35743 -0.12979 0.55971 4.19209628838 0.78258 0.98072 0.30541 0.41196 152.77952 195.62801 147.22542 138.42519 0.3 0.3 0.0 0.0 0.0 0.0 0.0 0.0 0.72115 0.0 0.0 45.47487 -0.49999 0.07399 0.0 0.0 0.0 0.0 0.0 0.0 0.00999117191838 9 0 0.951158422041 1.35097369367 -13.4616575457
-0.12623 0.35028 3.35743 -0.12979 0.55971 4.21941489591 0.78258 0.98072 0.30541 0.41196 152.77952 195.62801 147.22542 138.42519 0.3 0.3 0.0 0.0 0.0 0.0 0.0 0.0 0.72115 0.0 0.0 45.47487 -0.49999 0.07399 0.0 0.0 0.0 0.0 0.0 0.0 0.0109091665279 10 0 0.945556946183 1.36682497851 -13.4616575457
-0.12623 0.35028 3.35743 -0.12979 0.55971 4.18676528364 0.78258 0.98072 0.30541 0.41196 152.77952 195.62801 147.22542 138.42519 0.3 0.3 0.0 0.0 0.0 0.0 0.0 0.0 0.72115 0.0 0.0 45.47487 -0.49999 0.07399 0.0 0.0 0.0 0.0 0.0 0.0 0.0110317339054 11 1 0.954773869347 1.38275159196 -12.4795088723
-0.12623 0.35028 3.35743 -0.12979 0.55971 4.20127265398 0.78258 0.98072 0.30541 0.41196 152.77952 195.62801 147.22542 138.42519 0.3 0.3 0.0 0.0 0.0 0.0 0.0 0.0 0.72115 0.0 0.0 45.47487 -0.49999 0.07399 0.0 0.0 0.0 0.0 0.0 0.0 0.0106996243265 12 0 0.949279899812 1.36725554559 -12.4795088723
-0.12623 0.35028 3.35743 -0.12979 0.55971 4.19367012914 0.78258 0.98072 0.30541 0.41196 152.77952 195.62801 147.22542 138.42519 0.3 0.3 0.0 0.0 0.0 0.0 0.0 0.0 0.72115 0.0 0.0 45.47487 -0.49999 0.07399 0.0 0.0 0.0 0.0 0.0 0.0 0.0109443557386 13 1 0.949937421777 1.32602111496 -14.7997319892
-0.12623 0.35028 3.35743 -0.12979 0.55971 4.16792487672 0.78258 0.98072 0.30541 0.41196 152.77952 195.62801 147.22542 138.42519 0.3 0.3 0.0 0.0 0.0 0.0 0.0 0.0 0.72115 0.0 0.0 45.47487 -0.49999 0.07399 0.0 0.0 0.0 0.0 0.0 0.0 0.0110987541934 14 1 0.958594730238 1.32818480038 -8.69381563375
-0.12623 0.35028 3.35743 -0.12979 0.55971 4.19542832375 0.78258 0.98072 0.30541 0.41196 152.77952 195.62801 147.22542 138.42519 0.3 0.3 0.0 0.0 0.0 0.0 0.0 0.0 0.72115 0.0 0.0 45.47487 -0.49999 0.07399 0.0 0.0 0.0 0.0 0.0 0.0 0.0106189210821 15 0 0.948685857322 1.31567462009 -8.69381563375
-0.12623 0.35028 3.35743 -0.12979 0.55971 4.1796784388 0.78258 0.98072 0.30541 0.41196 152.77952 195.62801 147.22542 138.42519 0.3 0.3 0.0 0.0 0.0 0.0 0.0 0.0 0.72115 0.0 0.0 45.47487 -0.49999 0.07399 0.0 0.0 0.0 0.0 0.0 0.0 0.0118766112392 16 1 0.95540201005 1.32976186957 -8.95279116584
-0.12623 0.35028 3.35743 -0.12979 0.55971 4.16341277202 0.78258 0.98072 0.30541 0.41196 152.77952 195.62801 147.22542 138.42519 0.3 0.3 0.0 0.0 0.0 0.0 0.0 0.0 0.72115 0.0 0.0 45.47487 -0.49999 0.07399 0.0 0.0 0.0 0.0 0.0 0.0 0.0114922628239 17 1 0.959798994975 1.33105216377 -7.2926974131
-0.12623 0.35028 3.35743 -0.12979 0.55971 4.14918561363 0.78258 0.98072 0.30541 0.41196 152.77952 195.62801 147.22542 138.42519 0.3 0.3 0.0 0.0 0.0 0.0 0.0 0.0 0.72115 0.0 0.0 45.47487 -0.49999 0.07399 0.0 0.0 0.0 0.0 0.0 0.0 0.0117276907018 18 0 0.959222082811 1.43177162805 -7.2926974131
-0.12623 0.35028 3.35743 -0.12979 0.55971 4.15506146139 0.78258 0.98072 0.30541 0.41196 152.77952 195.62801 147.22542 138.42519 0.3 0.3 0.0 0.0 0.0 0.0 0.0 0.0 0.72115 0.0 0.0 45.47487 -0.49999 0.07399 0.0 0.0 0.0 0.0 0.0 0.0 0.0112697307593 19 1 0.95987460815 1.27067685535 -6.66745268761
-0.12623 0.35028 3.35743 -0.12979 0.55971 4.18711816484 0.78258 0.98072 0.30541 0.41196 152.77952 195.62801 147.22542 138.42519 0.3 0.3 0.0 0.0 0.0 0.0 0.0 0.0 0.72115 0.0 0.0 45.47487 -0.49999 0.07399 0.0 0.0 0.0 0.0 0.0 0.0 0.0111471282973 20 0 0.954773869347 1.38081450538 -6.66745268761
-0.12623 0.35028 3.35743 -0.12979 0.55971 4.14227356557 0.78258 0.98072 0.30541 0.41196 152.77952 195.62801 147.22542 138.42519 0.3 0.3 0.0 0.0 0.0 0.0 0.0 0.0 0.72115 0.0 0.0 45.47487 -0.49999 0.07399 0.0 0.0 0.0 0.0 0.0 0.0 0.0108032095921 21 0 0.957420162805 1.42938349051 -6.66745268761
-0.12623 0.35028 3.35743 -0.12979 0.55971 4.15290141409 0.78258 0.98072 0.30541 0.41196 152.77952 195.62801 147.22542 138.42519 0.3 0.3 0.0 0.0 0.0 0.0 0.0 0.0 0.72115 0.0 0.0 45.47487 -0.49999 0.07399 0.0 0.0 0.0 0.0 0.0 0.0 0.0114391633803 22 0 0.95736677116 1.30753819508 -6.66745268761
-0.12623 0.35028 3.35743 -0.12979 0.55971 4.1567016079 0.78258 0.98072 0.30541 0.41196 152.77952 195.62801 147.22542 138.42519 0.3 0.3 0.0 0.0 0.0 0.0 0.0 0.0 0.72115 0.0 0.0 45.47487 -0.49999 0.07399 0.0 0.0 0.0 0.0 0.0 0.0 0.0109383470727 23 0 0.957993730408 1.32922343903 -6.66745268761
-0.12623 0.35028 3.35743 -0.12979 0.55971 4.17000501701 0.78258 0.98072 0.30541 0.41196 152.77952 195.62801 147.22542 138.42519 0.3 0.3 0.0 0.0 0.0 0.0 0.0 0.0 0.72115 0.0 0.0 45.47487 -0.49999 0.07399 0.0 0.0 0.0 0.0 0.0 0.0 0.0109270187872 24 0 0.95919648462 1.29037506907 -6.66745268761
-0.12623 0.35028 3.35743 -0.12979 0.55971 4.11460295642 0.78258 0.98072 0.30541 0.41196 152.77952 195.62801 147.22542 138.42519 0.3 0.3 0.0 0.0 0.0 0.0 0.0 0.0 0.72115 0.0 0.0 45.47487 -0.49999 0.07399 0.0 0.0 0.0 0.0 0.0 0.0 0.0106614196378 25 1 0.961683417085 1.0679130242 -3.74302660834
-0.12623 0.35028 3.35743 -0.12979 0.55971 4.10570029894 0.78258 0.98072 0.30541 0.41196 152.77952 195.62801 147.22542 138.42519 0.3 0.3 0.0 0.0 0.0 0.0 0.0 0.0 0.72115 0.0 0.0 45.47487 -0.49999 0.07399 0.0 0.0 0.0 0.0 0.0 0.0 0.010703475374 26 0 0.959824231011 1.10184639002 -3.74302660834
-0.12623 0.35028 3.35743 -0.12979 0.55971 4.12014148257 0.78258 0.98072 0.30541 0.41196 152.77952 195.62801 147.22542 138.42519 0.3 0.3 0.0 0.0 0.0 0.0 0.0 0.0 0.72115 0.0 0.0 45.47487 -0.49999 0.07399 0.0 0.0 0.0 0.0 0.0 0.0 0.0107909895649 27 0 0.962893081761 1.21921147604 -3.74302660834
-0.12623 0.35028 3.35743 -0.12979 0.55971 4.11447550187 0.78258 0.98072 0.30541 0.41196 152.77952 195.62801 147.22542 138.42519 0.3 0.3 0.0 0.0 0.0 0.0 0.0 0.0 0.72115 0.0 0.0 45.47487 -0.49999 0.07399 0.0 0.0 0.0 0.0 0.0 0.0 0.0103884195623 28 0 0.961683417085 1.06938402398 -3.74302660834
-0.12623 0.35028 3.35743 -0.12979 0.55971 4.12193388565 0.78258 0.98072 0.30541 0.41196 152.77952 195.62801 147.22542 138.42519 0.3 0.3 0.0 0.0 0.0 0.0 0.0 0.0 0.72115 0.0 0.0 45.47487 -0.49999 0.07399 0.0 0.0 0.0 0.0 0.0 0.0 0.0112784429254 29 0 0.964173475801 1.24658374809 -3.74302660834
-0.12623 0.35028 3.35743 -0.12979 0.55971 4.14010348218 0.78258 0.98072 0.30541 0.41196 152.77952 195.62801 147.22542 138.42519 0.3 0.3 0.0 0.0 0.0 0.0 0.0 0.0 0.72115 0.0 0.0 45.47487 -0.49999 0.07399 0.0 0.0 0.0 0.0 0.0 0.0 0.0100958928477 30 0 0.958046336882 1.40122267118 -3.74302660834
-0.12623 0.35028 3.35743 -0.12979 0.55971 4.12719146351 0.78258 0.98072 0.30541 0.41196 152.77952 195.62801 147.22542 138.42519 0.3 0.3 0.0 0.0 0.0 0.0 0.0 0.0 0.72115 0.0 0.0 45.47487 -0.49999 0.07399 0.0 0.0 0.0 0.0 0.0 0.0 0.0103535937466 31 0 0.959824231011 1.21505929956 -3.74302660834
-0.12623 0.35028 3.35743 -0.12979 0.55971 4.13088995402 0.78258 0.98072 0.30541 0.41196 152.77952 195.62801 147.22542 138.42519 0.3 0.3 0.0 0.0 0.0 0.0 0.0 0.0 0.72115 0.0 0.0 45.47487 -0.49999 0.07399 0.0 0.0 0.0 0.0 0.0 0.0 0.0107356018592 32 0 0.959145191703 1.20130977353 -3.74302660834
-0.12623 0.35028 3.35743 -0.12979 0.55971 4.11621818649 0.78258 0.98072 0.30541 0.41196 152.77952 195.62801 147.22542 138.42519 0.3 0.3 0.0 0.0 0.0 0.0 0.0 0.0 0.72115 0.0 0.0 45.47487 -0.49999 0.07399 0.0 0.0 0.0 0.0 0.0 0.0 0.0102682754193 33 0 0.964779874214 1.22834985646 -3.74302660834
-0.12623 0.35028 3.35743 -0.12979 0.55971 4.10235887356 0.78258 0.98072 0.30541 0.41196 152.77952 195.62801 147.22542 138.42519 0.3 0.3 0.0 0.0 0.0 0.0 0.0 0.0 0.72115 0.0 0.0 45.47487 -0.49999 0.07399 0.0 0.0 0.0 0.0 0.0 0.0 0.0105458407299 34 1 0.961128526646 1.13827660216 -5.16858739668
-0.12623 0.35028 3.35743 -0.12979 0.55971 4.07874732476 0.78258 0.98072 0.30541 0.41196 152.77952 195.62801 147.22542 138.42519 0.3 0.3 0.0 0.0 0.0 0.0 0.0 0.0 0.72115 0.0 0.0 45.47487 -0.49999 0.07399 0.0 0.0 0.0 0.0 0.0 0.0 0.010986417499 35 1 0.971105527638 1.16409784761 -1.09453393686
-0.12623 0.35028 3.35743 -0.12979 0.55971 4.11851523866 0.78258 0.98072 0.30541 0.41196 152.77952 195.62801 147.22542 138.42519 0.3 0.3 0.0 0.0 0.0 0.0 0.0 0.0 0.72115 0.0 0.0 45.47487 -0.49999 0.07399 0.0 0.0 0.0 0.0 0.0 0.0 0.010902601909 36 0 0.963522012579 1.22114412979 -1.09453393686
-0.12623 0.35028 3.35743 -0.12979 0.55971 4.09283926588 0.78258 0.98072 0.30541 0.41196 152.77952 195.62801 147.22542 138.42519 0.3 0.3 0.0 0.0 0.0 0.0 0.0 0.0 0.72115 0.0 0.0 45.47487 -0.49999 0.07399 0.0 0.0 0.0 0.0 0.0 0.0 0.0111663087102 37 1 0.965452261307 1.14920487964 -2.74507165763
-0.12623 0.35028 3.35743 -0.12979 0.55971 4.04724959129 0.78258 0.98072 0.30541 0.41196 152.77952 195.62801 147.22542 138.42519 0.3 0.3 0.0 0.0 0.0 0.0 0.0 0.0 0.72115 0.0 0.0 45.47487 -0.49999 0.07399 0.0 0.0 0.0 0.0 0.0 0.0 0.0119430877442 38 1 0.976115650534 1.1525399224 0.852373697347
-0.12623 0.35028 3.35743 -0.12979 0.55971 4.06074174705 0.78258 0.98072 0.30541 0.41196 152.77952 195.62801 147.22542 138.42519 0.3 0.3 0.0 0.0 0.0 0.0 0.0 0.0 0.72115 0.0 0.0 45.47487 -0.49999 0.07399 0.0 0.0 0.0 0.0 0.0 0.0 0.0128899902038 39 1 0.97675879397 1.20972042126 1.05359720937
-0.12623 0.35028 3.35743 -0.12979 0.55971 4.0352149139 0.78258 0.98072 0.30541 0.41196 152.77952 195.62801 147.22542 138.42519 0.3 0.3 0.0 0.0 0.0 0.0 0.0 0.0 0.72115 0.0 0.0 45.47487 -0.49999 0.07399 0.0 0.0 0.0 0.0 0.0 0.0 0.0127435119857 40 1 0.981096408318 1.13568503048 2.02474936398
-0.12623 0.35028 3.35743 -0.12979 0.55971 4.0177002546 0.78258 0.98072 0.30541 0.41196 152.77952 195.62801 147.22542 138.42519 0.3 0.3 0.0 0.0 0.0 0.0 0.0 0.0 0.72115 0.0 0.0 45.47487 -0.49999 0.07399 0.0 0.0 0.0 0.0 0.0 0.0 0.0127765862304 41 1 0.987389659521 0.984577887496 2.96903708825
-0.12623 0.35028 3.35743 -0.12979 0.55971 4.03939459272 0.78258 0.98072 0.30541 0.41196 152.77952 195.62801 147.22542 138.42519 0.3 0.3 0.0 0.0 0.0 0.0 0.0 0.0 0.72115 0.0 0.0 45.47487 -0.49999 0.07399 0.0 0.0 0.0 0.0 0.0 0.0 0.012748864419 42 0 0.981084489281 1.19555834874 2.96903708825
-0.12623 0.35028 3.35743 -0.12979 0.55971 4.00503254752 0.78258 0.98072 0.30541 0.41196 152.77952 195.62801 147.22542 138.42519 0.3 0.3 0.0 0.0 0.0 0.0 0.0 0.0 0.72115 0.0 0.0 45.47487 -0.49999 0.07399 0.0 0.0 0.0 0.0 0.0 0.0 0.0127803176118 43 1 0.986800754243 1.20672038224 2.66430892292
-0.12623 0.35028 3.35743 -0.12979 0.55971 3.99285611326 0.78258 0.98072 0.30541 0.41196 152.77952 195.62801 147.22542 138.42519 0.3 0.3 0.0 0.0 0.0 0.0 0.0 0.0 0.72115 0.0 0.0 45.47487 -0.49999 0.07399 0.0 0.0 0.0 0.0 0.0 0.0 0.0130291329031 44 0 0.978696741855 1.20130371675 2.66430892292
-0.12623 0.35028 3.35743 -0.12979 0.55971 4.00985462258 0.78258 0.98072 0.30541 0.41196 152.77952 195.62801 147.22542 138.42519 0.3 0.3 0.0 0.0 0.0 0.0 0.0 0.0 0.72115 0.0 0.0 45.47487 -0.49999 0.07399 0.0 0.0 0.0 0.0 0.0 0.0 0.0125009153934 45 1 0.98679245283 1.17434323908 2.69331605925
-0.12623 0.35028 3.35743 -0.12979 0.55971 4.00323042459 0.78258 0.98072 0.30541 0.41196 152.77952 195.62801 147.22542 138.42519 0.3 0.3 0.0 0.0 0.0 0.0 0.0 0.0 0.72115 0.0 0.0 45.47487 -0.49999 0.07399 0.0 0.0 0.0 0.0 0.0 0.0 0.012587274097 46 1 0.986163522013 1.16774850048 2.63226482388
-0.12623 0.35028 3.35743 -0.12979 0.55971 3.9867731847 0.78258 0.98072 0.30541 0.41196 152.77952 195.62801 147.22542 138.42519 0.3 0.3 0.0 0.0 0.0 0.0 0.0 0.0 0.72115 0.0 0.0 45.47487 -0.49999 0.07399 0.0 0.0 0.0 0.0 0.0 0.0 0.0131906190963 47 0 0.979323308271 1.17067905199 2.63226482388
-0.12623 0.35028 3.35743 -0.12979 0.55971 3.99859715385 0.78258 0.98072 0.30541 0.41196 152.77952 195.62801 147.22542 138.42519 0.3 0.3 0.0 0.0 0.0 0.0 0.0 0.0 0.72115 0.0 0.0 45.47487 -0.49999 0.07399 0.0 0.0 0.0 0.0 0.0 0.0 0.0123060384882 48 0 0.983658076681 1.31408923053 2.63226482388
-0.12623 0.35028 3.35743 -0.12979 0.55971 4.00576637733 0.78258 0.98072 0.30541 0.41196 152.77952 195.62801 147.22542 138.42519 0.3 0.3 0.0 0.0 0.0 0.0 0.0 0.0 0.72115 0.0 0.0 45.47487 -0.49999 0.07399 0.0 0.0 0.0 0.0 0.0 0.0 0.0135143276758 49 1 0.986800754243 1.2337062129 2.65912276789
-0.12623 0.35028 3.35743 -0.12979 0.55971 3.98913052322 0.78258 0.98072 0.30541 0.41196 152.77952 195.62801 147.22542 138.42519 0.3 0.3 0.0 0.0 0.0 0.0 0.0 0.0 0.72115 0.0 0.0 45.47487 -0.49999 0.07399 0.0 0.0 0.0 0.0 0.0 0.0 0.0136361083816 50 1 0.978056426332 1.1341968415 1.71045715109
