-0.12623 0.35028 3.35743 -0.12979 0.55971 4.79848546466 0.78258 0.98072 0.30541 0.41196 152.77952 195.62801 147.22542 138.42519 0.3 0.3 0.0 0.0 0.0 0.0 0.0 0.0 0.72115 0.0 0.0 45.47487 -0.49999 0.07399 0.0 0.0 0.0 0.0 0.0 0.0 0.01 0 1 0.796919566458 2.42135521471 -1205.30507769
-0.12623 0.35028 3.35743 -0.12979 0.55971 4.79309468335 0.78258 0.98072 0.30541 0.41196 152.77952 195.62801 147.22542 138.42519 0.3 0.3 0.0 0.0 0.0 0.0 0.0 0.0 0.72115 0.0 0.0 45.47487 -0.49999 0.07399 0.0 0.0 0.0 0.0 0.0 0.0 0.0103946505098 1 1 0.7949743004 2.42254548574 -1137.94391953
-0.12623 0.35028 3.35743 -0.12979 0.55971 4.8036095653 0.78258 0.98072 0.30541 0.41196 152.77952 195.62801 147.22542 138.42519 0.3 0.3 0.0 0.0 0.0 0.0 0.0 0.0 0.72115 0.0 0.0 45.47487 -0.49999 0.07399 0.0 0.0 0.0 0.0 0.0 0.0 0.0104439747697 2 1 0.794184720639 2.40996098421 -1124.10925905
-0.12623 0.35028 3.35743 -0.12979 0.55971 4.82952502584 0.78258 0.98072 0.30541 0.41196 152.77952 195.62801 147.22542 138.42519 0.3 0.3 0.0 0.0 0.0 0.0 0.0 0.0 0.72115 0.0 0.0 45.47487 -0.49999 0.07399 0.0 0.0 0.0 0.0 0.0 0.0 0.0106023136777 3 0 0.791358726549 2.41881926324 -1124.10925905
-0.12623 0.35028 3.35743 -0.12979 0.55971 4.80072307477 0.78258 0.98072 0.30541 0.41196 152.77952 195.62801 147.22542 138.42519 0.3 0.3 0.0 0.0 0.0 0.0 0.0 0.0 0.72115 0.0 0.0 45.47487 -0.49999 0.07399 0.0 0.0 0.0 0.0 0.0 0.0 0.00998492736456 4 0 0.795662100457 2.42646820591 -1124.10925905
-0.12623 0.35028 3.35743 -0.12979 0.55971 4.7807710275 0.78258 0.98072 0.30541 0.41196 152.77952 195.62801 147.22542 138.42519 0.3 0.3 0.0 0.0 0.0 0.0 0.0 0.0 0.72115 0.0 0.0 45.47487 -0.49999 0.07399 0.0 0.0 0.0 0.0 0.0 0.0 0.0101797775698 5 1 0.804934021801 2.37476070481 -1031.70305935
-0.12623 0.35028 3.35743 -0.12979 0.55971 4.79326399282 0.78258 0.98072 0.30541 0.41196 152.77952 195.62801 147.22542 138.42519 0.3 0.3 0.0 0.0 0.0 0.0 0.0 0.0 0.72115 0.0 0.0 45.47487 -0.49999 0.07399 0.0 0.0 0.0 0.0 0.0 0.0 0.00889227700813 6 0 0.794857142857 2.40148477115 -1031.70305935
-0.12623 0.35028 3.35743 -0.12979 0.55971 4.78866216351 0.78258 0.98072 0.30541 0.41196 152.77952 195.62801 147.22542 138.42519 0.3 0.3 0.0 0.0 0.0 0.0 0.0 0.0 0.72115 0.0 0.0 45.47487 -0.49999 0.07399 0.0 0.0 0.0 0.0 0.0 0.0 0.00968010145456 7 0 0.800457404231 2.42823808241 -1031.70305935
-0.12623 0.35028 3.35743 -0.12979 0.55971 4.79056357812 0.78258 0.98072 0.30541 0.41196 152.77952 195.62801 147.22542 138.42519 0.3 0.3 0.0 0.0 0.0 0.0 0.0 0.0 0.72115 0.0 0.0 45.47487 -0.49999 0.07399 0.0 0.0 0.0 0.0 0.0 0.0 0.0101058135547 8 0 0.798170383076 2.41228338512 -1031.70305935
-0.12623 0.35028 3.35743 -0.12979 0.55971 4.74048917225 0.78258 0.98072 0.30541 0.41196 152.77952 195.62801 147.22542 138.42519 0.3 0.3 0.0 0.0 0.0 0.0 0.0 0.0 0.72115 0.0 0.0 45.47487 -0.49999 0.07399 0.0 0.0 0.0 0.0 0.0 0.0 0.0100911521878 9 1 0.819235225956 2.4452381618 -955.631640868
-0.12623 0.35028 3.35743 -0.12979 0.55971 4.74402865575 0.78258 0.98072 0.30541 0.41196 152.77952 195.62801 147.22542 138.42519 0.3 0.3 0.0 0.0 0.0 0.0 0.0 0.0 0.72115 0.0 0.0 45.47487 -0.49999 0.07399 0.0 0.0 0.0 0.0 0.0 0.0 0.0096278795001 10 0 0.818287037037 2.43257493156 -955.631640868
-0.12623 0.35028 3.35743 -0.12979 0.55971 4.75425358655 0.78258 0.98072 0.30541 0.41196 152.77952 195.62801 147.22542 138.42519 0.3 0.3 0.0 0.0 0.0 0.0 0.0 0.0 0.72115 0.0 0.0 45.47487 -0.49999 0.07399 0.0 0.0 0.0 0.0 0.0 0.0 0.00989065370341 11 0 0.810265282584 2.44156449622 -955.631640868
-0.12623 0.35028 3.35743 -0.12979 0.55971 4.72935009094 0.78258 0.98072 0.30541 0.41196 152.77952 195.62801 147.22542 138.42519 0.3 0.3 0.0 0.0 0.0 0.0 0.0 0.0 0.72115 0.0 0.0 45.47487 -0.49999 0.07399 0.0 0.0 0.0 0.0 0.0 0.0 0.0100493998634 12 0 0.817023740591 2.42423705406 -955.631640868
-0.12623 0.35028 3.35743 -0.12979 0.55971 4.74028157711 0.78258 0.98072 0.30541 0.41196 152.77952 195.62801 147.22542 138.42519 0.3 0.3 0.0 0.0 0.0 0.0 0.0 0.0 0.72115 0.0 0.0 45.47487 -0.49999 0.07399 0.0 0.0 0.0 0.0 0.0 0.0 0.0111408045756 13 1 0.820393974508 2.43942390228 -769.731121635
-0.12623 0.35028 3.35743 -0.12979 0.55971 4.72189233663 0.78258 0.98072 0.30541 0.41196 152.77952 195.62801 147.22542 138.42519 0.3 0.3 0.0 0.0 0.0 0.0 0.0 0.0 0.72115 0.0 0.0 45.47487 -0.49999 0.07399 0.0 0.0 0.0 0.0 0.0 0.0 0.0102130085455 14 0 0.819080860966 2.34770510035 -769.731121635
-0.12623 0.35028 3.35743 -0.12979 0.55971 4.7443358803 0.78258 0.98072 0.30541 0.41196 152.77952 195.62801 147.22542 138.42519 0.3 0.3 0.0 0.0 0.0 0.0 0.0 0.0 0.72115 0.0 0.0 45.47487 -0.49999 0.07399 0.0 0.0 0.0 0.0 0.0 0.0 0.0117469254018 15 1 0.815242494226 2.44911623242 -738.373385034
-0.12623 0.35028 3.35743 -0.12979 0.55971 4.76943197746 0.78258 0.98072 0.30541 0.41196 152.77952 195.62801 147.22542 138.42519 0.3 0.3 0.0 0.0 0.0 0.0 0.0 0.0 0.72115 0.0 0.0 45.47487 -0.49999 0.07399 0.0 0.0 0.0 0.0 0.0 0.0 0.012382390228 16 1 0.812176909822 2.47949759468 -703.799314712
-0.12623 0.35028 3.35743 -0.12979 0.55971 4.75687669218 0.78258 0.98072 0.30541 0.41196 152.77952 195.62801 147.22542 138.42519 0.3 0.3 0.0 0.0 0.0 0.0 0.0 0.0 0.72115 0.0 0.0 45.47487 -0.49999 0.07399 0.0 0.0 0.0 0.0 0.0 0.0 0.0122383326522 17 1 0.81199538639 2.43851017631 -698.151419478
-0.12623 0.35028 3.35743 -0.12979 0.55971 4.7543240323 0.78258 0.98072 0.30541 0.41196 152.77952 195.62801 147.22542 138.42519 0.3 0.3 0.0 0.0 0.0 0.0 0.0 0.0 0.72115 0.0 0.0 45.47487 -0.49999 0.07399 0.0 0.0 0.0 0.0 0.0 0.0 0.0130525697727 18 1 0.810841983852 2.4365471988 -619.994979094
-0.12623 0.35028 3.35743 -0.12979 0.55971 4.75065731224 0.78258 0.98072 0.30541 0.41196 152.77952 195.62801 147.22542 138.42519 0.3 0.3 0.0 0.0 0.0 0.0 0.0 0.0 0.72115 0.0 0.0 45.47487 -0.49999 0.07399 0.0 0.0 0.0 0.0 0.0 0.0 0.0131431357351 19 1 0.811309867282 2.43976720758 -610.020142421
-0.12623 0.35028 3.35743 -0.12979 0.55971 4.7509881884 0.78258 0.98072 0.30541 0.41196 152.77952 195.62801 147.22542 138.42519 0.3 0.3 0.0 0.0 0.0 0.0 0.0 0.0 0.72115 0.0 0.0 45.47487 -0.49999 0.07399 0.0 0.0 0.0 0.0 0.0 0.0 0.0129741328929 20 0 0.811886901327 2.4386505792 -610.020142421
-0.12623 0.35028 3.35743 -0.12979 0.55971 4.75937771119 0.78258 0.98072 0.30541 0.41196 152.77952 195.62801 147.22542 138.42519 0.3 0.3 0.0 0.0 0.0 0.0 0.0 0.0 0.72115 0.0 0.0 45.47487 -0.49999 0.07399 0.0 0.0 0.0 0.0 0.0 0.0 0.0125562900649 21 0 0.812211981567 2.42239191853 -610.020142421
-0.12623 0.35028 3.35743 -0.12979 0.55971 4.75495716259 0.78258 0.98072 0.30541 0.41196 152.77952 195.62801 147.22542 138.42519 0.3 0.3 0.0 0.0 0.0 0.0 0.0 0.0 0.72115 0.0 0.0 45.47487 -0.49999 0.07399 0.0 0.0 0.0 0.0 0.0 0.0 0.0136194339753 22 1 0.810951008646 2.44181800998 -571.039571187
-0.12623 0.35028 3.35743 -0.12979 0.55971 4.74411386779 0.78258 0.98072 0.30541 0.41196 152.77952 195.62801 147.22542 138.42519 0.3 0.3 0.0 0.0 0.0 0.0 0.0 0.0 0.72115 0.0 0.0 45.47487 -0.49999 0.07399 0.0 0.0 0.0 0.0 0.0 0.0 0.0145162281679 23 1 0.818287037037 2.43280537602 -460.399145941
-0.12623 0.35028 3.35743 -0.12979 0.55971 4.73190945982 0.78258 0.98072 0.30541 0.41196 152.77952 195.62801 147.22542 138.42519 0.3 0.3 0.0 0.0 0.0 0.0 0.0 0.0 0.72115 0.0 0.0 45.47487 -0.49999 0.07399 0.0 0.0 0.0 0.0 0.0 0.0 0.0144288827477 24 0 0.815393518519 2.41860035529 -460.399145941
-0.12623 0.35028 3.35743 -0.12979 0.55971 4.747409558 0.78258 0.98072 0.30541 0.41196 152.77952 195.62801 147.22542 138.42519 0.3 0.3 0.0 0.0 0.0 0.0 0.0 0.0 0.72115 0.0 0.0 45.47487 -0.49999 0.07399 0.0 0.0 0.0 0.0 0.0 0.0 0.0144075820829 25 0 0.81387283237 2.46355522786 -460.399145941
-0.12623 0.35028 3.35743 -0.12979 0.55971 4.74510700378 0.78258 0.98072 0.30541 0.41196 152.77952 195.62801 147.22542 138.42519 0.3 0.3 0.0 0.0 0.0 0.0 0.0 0.0 0.72115 0.0 0.0 45.47487 -0.49999 0.07399 0.0 0.0 0.0 0.0 0.0 0.0 0.0146857564789 26 0 0.814087759815 2.45678421766 -460.399145941
-0.12623 0.35028 3.35743 -0.12979 0.55971 4.72203448189 0.78258 0.98072 0.30541 0.41196 152.77952 195.62801 147.22542 138.42519 0.3 0.3 0.0 0.0 0.0 0.0 0.0 0.0 0.72115 0.0 0.0 45.47487 -0.49999 0.07399 0.0 0.0 0.0 0.0 0.0 0.0 0.0138428481098 27 0 0.819080860966 2.34501311073 -460.399145941
-0.12623 0.35028 3.35743 -0.12979 0.55971 4.74298919252 0.78258 0.98072 0.30541 0.41196 152.77952 195.62801 147.22542 138.42519 0.3 0.3 0.0 0.0 0.0 0.0 0.0 0.0 0.72115 0.0 0.0 45.47487 -0.49999 0.07399 0.0 0.0 0.0 0.0 0.0 0.0 0.0143237317759 28 0 0.818024263432 2.4733058 -460.399145941
-0.12623 0.35028 3.35743 -0.12979 0.55971 4.74100244925 0.78258 0.98072 0.30541 0.41196 152.77952 195.62801 147.22542 138.42519 0.3 0.3 0.0 0.0 0.0 0.0 0.0 0.0 0.72115 0.0 0.0 45.47487 -0.49999 0.07399 0.0 0.0 0.0 0.0 0.0 0.0 0.0139561506076 29 0 0.81954887218 2.46484440596 -460.399145941
-0.12623 0.35028 3.35743 -0.12979 0.55971 4.76114565484 0.78258 0.98072 0.30541 0.41196 152.77952 195.62801 147.22542 138.42519 0.3 0.3 0.0 0.0 0.0 0.0 0.0 0.0 0.72115 0.0 0.0 45.47487 -0.49999 0.07399 0.0 0.0 0.0 0.0 0.0 0.0 0.014970718366 30 1 0.810951008646 2.41383227938 -461.283506268
-0.12623 0.35028 3.35743 -0.12979 0.55971 4.75869124026 0.78258 0.98072 0.30541 0.41196 152.77952 195.62801 147.22542 138.42519 0.3 0.3 0.0 0.0 0.0 0.0 0.0 0.0 0.72115 0.0 0.0 45.47487 -0.49999 0.07399 0.0 0.0 0.0 0.0 0.0 0.0 0.0147507450339 31 0 0.810017271157 2.44475604948 -461.283506268
-0.12623 0.35028 3.35743 -0.12979 0.55971 4.75215541369 0.78258 0.98072 0.30541 0.41196 152.77952 195.62801 147.22542 138.42519 0.3 0.3 0.0 0.0 0.0 0.0 0.0 0.0 0.72115 0.0 0.0 45.47487 -0.49999 0.07399 0.0 0.0 0.0 0.0 0.0 0.0 0.0146991820997 32 0 0.811886901327 2.46173009543 -461.283506268
-0.12623 0.35028 3.35743 -0.12979 0.55971 4.80318722714 0.78258 0.98072 0.30541 0.41196 152.77952 195.62801 147.22542 138.42519 0.3 0.3 0.0 0.0 0.0 0.0 0.0 0.0 0.72115 0.0 0.0 45.47487 -0.49999 0.07399 0.0 0.0 0.0 0.0 0.0 0.0 0.014663904728 33 0 0.794637763833 2.40907858602 -461.283506268
-0.12623 0.35028 3.35743 -0.12979 0.55971 4.7568409605 0.78258 0.98072 0.30541 0.41196 152.77952 195.62801 147.22542 138.42519 0.3 0.3 0.0 0.0 0.0 0.0 0.0 0.0 0.72115 0.0 0.0 45.47487 -0.49999 0.07399 0.0 0.0 0.0 0.0 0.0 0.0 0.0151756201428 34 1 0.81199538639 2.43874721051 -453.133037411
-0.12623 0.35028 3.35743 -0.12979 0.55971 4.75488090757 0.78258 0.98072 0.30541 0.41196 152.77952 195.62801 147.22542 138.42519 0.3 0.3 0.0 0.0 0.0 0.0 0.0 0.0 0.72115 0.0 0.0 45.47487 -0.49999 0.07399 0.0 0.0 0.0 0.0 0.0 0.0 0.0162472427774 35 1 0.810951008646 2.43616744912 -398.565554549
-0.12623 0.35028 3.35743 -0.12979 0.55971 4.7607579662 0.78258 0.98072 0.30541 0.41196 152.77952 195.62801 147.22542 138.42519 0.3 0.3 0.0 0.0 0.0 0.0 0.0 0.0 0.72115 0.0 0.0 45.47487 -0.49999 0.07399 0.0 0.0 0.0 0.0 0.0 0.0 0.0162024365903 36 1 0.810483870968 2.40740932283 -393.258350513
-0.12623 0.35028 3.35743 -0.12979 0.55971 4.77129459728 0.78258 0.98072 0.30541 0.41196 152.77952 195.62801 147.22542 138.42519 0.3 0.3 0.0 0.0 0.0 0.0 0.0 0.0 0.72115 0.0 0.0 45.47487 -0.49999 0.07399 0.0 0.0 0.0 0.0 0.0 0.0 0.0166732610043 37 1 0.810206422018 2.46790011894 -391.415912935
-0.12623 0.35028 3.35743 -0.12979 0.55971 4.7321288729 0.78258 0.98072 0.30541 0.41196 152.77952 195.62801 147.22542 138.42519 0.3 0.3 0.0 0.0 0.0 0.0 0.0 0.0 0.72115 0.0 0.0 45.47487 -0.49999 0.07399 0.0 0.0 0.0 0.0 0.0 0.0 0.017838685262 38 1 0.815865662999 2.40738486129 -305.641107452
-0.12623 0.35028 3.35743 -0.12979 0.55971 4.68205200997 0.78258 0.98072 0.30541 0.41196 152.77952 195.62801 147.22542 138.42519 0.3 0.3 0.0 0.0 0.0 0.0 0.0 0.0 0.72115 0.0 0.0 45.47487 -0.49999 0.07399 0.0 0.0 0.0 0.0 0.0 0.0 0.0184201519427 39 1 0.838140082401 2.34407718137 -209.056553134
-0.12623 0.35028 3.35743 -0.12979 0.55971 4.67071660166 0.78258 0.98072 0.30541 0.41196 152.77952 195.62801 147.22542 138.42519 0.3 0.3 0.0 0.0 0.0 0.0 0.0 0.0 0.72115 0.0 0.0 45.47487 -0.49999 0.07399 0.0 0.0 0.0 0.0 0.0 0.0 0.0188241941808 40 1 0.841297935103 2.34115862977 -191.735158141
-0.12623 0.35028 3.35743 -0.12979 0.55971 4.65812225635 0.78258 0.98072 0.30541 0.41196 152.77952 195.62801 147.22542 138.42519 0.3 0.3 0.0 0.0 0.0 0.0 0.0 0.0 0.72115 0.0 0.0 45.47487 -0.49999 0.07399 0.0 0.0 0.0 0.0 0.0 0.0 0.0189978579518 41 1 0.846153846154 2.33433814154 -175.629588097
-0.12623 0.35028 3.35743 -0.12979 0.55971 4.62248994816 0.78258 0.98072 0.30541 0.41196 152.77952 195.62801 147.22542 138.42519 0.3 0.3 0.0 0.0 0.0 0.0 0.0 0.0 0.72115 0.0 0.0 45.47487 -0.49999 0.07399 0.0 0.0 0.0 0.0 0.0 0.0 0.0187601245736 42 1 0.859440142942 2.20204482247 -133.0477325
-0.12623 0.35028 3.35743 -0.12979 0.55971 4.63623340864 0.78258 0.98072 0.30541 0.41196 152.77952 195.62801 147.22542 138.42519 0.3 0.3 0.0 0.0 0.0 0.0 0.0 0.0 0.72115 0.0 0.0 45.47487 -0.49999 0.07399 0.0 0.0 0.0 0.0 0.0 0.0 0.0188471888528 43 0 0.857312722949 2.29626674194 -133.0477325
-0.12623 0.35028 3.35743 -0.12979 0.55971 4.63362760616 0.78258 0.98072 0.30541 0.41196 152.77952 195.62801 147.22542 138.42519 0.3 0.3 0.0 0.0 0.0 0.0 0.0 0.0 0.72115 0.0 0.0 45.47487 -0.49999 0.07399 0.0 0.0 0.0 0.0 0.0 0.0 0.0186896662338 44 0 0.857822724569 2.28105436382 -133.0477325
-0.12623 0.35028 3.35743 -0.12979 0.55971 4.64965316645 0.78258 0.98072 0.30541 0.41196 152.77952 195.62801 147.22542 138.42519 0.3 0.3 0.0 0.0 0.0 0.0 0.0 0.0 0.72115 0.0 0.0 45.47487 -0.49999 0.07399 0.0 0.0 0.0 0.0 0.0 0.0 0.0188733263729 45 0 0.851807943094 2.32398527635 -133.0477325
-0.12623 0.35028 3.35743 -0.12979 0.55971 4.62784061957 0.78258 0.98072 0.30541 0.41196 152.77952 195.62801 147.22542 138.42519 0.3 0.3 0.0 0.0 0.0 0.0 0.0 0.0 0.72115 0.0 0.0 45.47487 -0.49999 0.07399 0.0 0.0 0.0 0.0 0.0 0.0 0.0189095242176 46 1 0.858928571429 2.23789481978 -136.319877082
-0.12623 0.35028 3.35743 -0.12979 0.55971 4.61624099053 0.78258 0.98072 0.30541 0.41196 152.77952 195.62801 147.22542 138.42519 0.3 0.3 0.0 0.0 0.0 0.0 0.0 0.0 0.72115 0.0 0.0 45.47487 -0.49999 0.07399 0.0 0.0 0.0 0.0 0.0 0.0 0.0183910549069 47 1 0.863880597015 2.21667325 -131.509130913
-0.12623 0.35028 3.35743 -0.12979 0.55971 4.63098818945 0.78258 0.98072 0.30541 0.41196 152.77952 195.62801 147.22542 138.42519 0.3 0.3 0.0 0.0 0.0 0.0 0.0 0.0 0.72115 0.0 0.0 45.47487 -0.49999 0.07399 0.0 0.0 0.0 0.0 0.0 0.0 0.0185382554085 48 0 0.856462179869 2.25492501078 -131.509130913
-0.12623 0.35028 3.35743 -0.12979 0.55971 4.62655310985 0.78258 0.98072 0.30541 0.41196 152.77952 195.62801 147.22542 138.42519 0.3 0.3 0.0 0.0 0.0 0.0 0.0 0.0 0.72115 0.0 0.0 45.47487 -0.49999 0.07399 0.0 0.0 0.0 0.0 0.0 0.0 0.0179495584825 49 0 0.859440142942 2.22838720034 -131.509130913
-0.12623 0.35028 3.35743 -0.12979 0.55971 4.61614230611 0.78258 0.98072 0.30541 0.41196 152.77952 195.62801 147.22542 138.42519 0.3 0.3 0.0 0.0 0.0 0.0 0.0 0.0 0.72115 0.0 0.0 45.47487 -0.49999 0.07399 0.0 0.0 0.0 0.0 0.0 0.0 0.0178182666032 50 0 0.863880597015 2.21469509734 -131.509130913
