-0.12623 0.35028 3.35743 -0.12979 0.55971 4.444955708 0.78258 0.98072 0.30541 0.41196 152.77952 195.62801 147.22542 138.42519 0.3 0.3 0.0 0.0 0.0 0.0 0.0 0.0 0.72115 0.0 0.0 45.47487 -0.49999 0.07399 0.0 0.0 0.0 0.0 0.0 0.0 0.01 0 1 0.903067484663 1.78830401527 -146.555877856
-0.12623 0.35028 3.35743 -0.12979 0.55971 4.43951934268 0.78258 0.98072 0.30541 0.41196 152.77952 195.62801 147.22542 138.42519 0.3 0.3 0.0 0.0 0.0 0.0 0.0 0.0 0.72115 0.0 0.0 45.47487 -0.49999 0.07399 0.0 0.0 0.0 0.0 0.0 0.0 0.0106578290007 1 1 0.905347264905 1.86385835882 -133.378767738
-0.12623 0.35028 3.35743 -0.12979 0.55971 4.45370932928 0.78258 0.98072 0.30541 0.41196 152.77952 195.62801 147.22542 138.42519 0.3 0.3 0.0 0.0 0.0 0.0 0.0 0.0 0.72115 0.0 0.0 45.47487 -0.49999 0.07399 0.0 0.0 0.0 0.0 0.0 0.0 0.0113888567933 2 1 0.903680981595 1.89367460452 -124.690030677
-0.12623 0.35028 3.35743 -0.12979 0.55971 4.43269743104 0.78258 0.98072 0.30541 0.41196 152.77952 195.62801 147.22542 138.42519 0.3 0.3 0.0 0.0 0.0 0.0 0.0 0.0 0.72115 0.0 0.0 45.47487 -0.49999 0.07399 0.0 0.0 0.0 0.0 0.0 0.0 0.0113321353209 3 1 0.910769230769 1.85385380163 -102.98227147
-0.12623 0.35028 3.35743 -0.12979 0.55971 4.4289096473 0.78258 0.98072 0.30541 0.41196 152.77952 195.62801 147.22542 138.42519 0.3 0.3 0.0 0.0 0.0 0.0 0.0 0.0 0.72115 0.0 0.0 45.47487 -0.49999 0.07399 0.0 0.0 0.0 0.0 0.0 0.0 0.0113874431189 4 1 0.911493546404 1.84439557677 -99.1922169867
-0.12623 0.35028 3.35743 -0.12979 0.55971 4.40992071351 0.78258 0.98072 0.30541 0.41196 152.77952 195.62801 147.22542 138.42519 0.3 0.3 0.0 0.0 0.0 0.0 0.0 0.0 0.72115 0.0 0.0 45.47487 -0.49999 0.07399 0.0 0.0 0.0 0.0 0.0 0.0 0.0115098176264 5 1 0.912453760789 1.85240902798 -95.7161242737
-0.12623 0.35028 3.35743 -0.12979 0.55971 4.4396550937 0.78258 0.98072 0.30541 0.41196 152.77952 195.62801 147.22542 138.42519 0.3 0.3 0.0 0.0 0.0 0.0 0.0 0.0 0.72115 0.0 0.0 45.47487 -0.49999 0.07399 0.0 0.0 0.0 0.0 0.0 0.0 0.0109696731646 6 0 0.905347264905 1.85789772912 -95.7161242737
-0.12623 0.35028 3.35743 -0.12979 0.55971 4.40125071098 0.78258 0.98072 0.30541 0.41196 152.77952 195.62801 147.22542 138.42519 0.3 0.3 0.0 0.0 0.0 0.0 0.0 0.0 0.72115 0.0 0.0 45.47487 -0.49999 0.07399 0.0 0.0 0.0 0.0 0.0 0.0 0.0115535707705 7 1 0.912909203212 1.82599804288 -91.1871204342
-0.12623 0.35028 3.35743 -0.12979 0.55971 4.40230868421 0.78258 0.98072 0.30541 0.41196 152.77952 195.62801 147.22542 138.42519 0.3 0.3 0.0 0.0 0.0 0.0 0.0 0.0 0.72115 0.0 0.0 45.47487 -0.49999 0.07399 0.0 0.0 0.0 0.0 0.0 0.0 0.011794411926 8 1 0.912291537986 1.82785622304 -88.8601955115
-0.12623 0.35028 3.35743 -0.12979 0.55971 4.42963301675 0.78258 0.98072 0.30541 0.41196 152.77952 195.62801 147.22542 138.42519 0.3 0.3 0.0 0.0 0.0 0.0 0.0 0.0 0.72115 0.0 0.0 45.47487 -0.49999 0.07399 0.0 0.0 0.0 0.0 0.0 0.0 0.010960173739 9 0 0.910769230769 1.86600815333 -88.8601955115
-0.12623 0.35028 3.35743 -0.12979 0.55971 4.42126453489 0.78258 0.98072 0.30541 0.41196 152.77952 195.62801 147.22542 138.42519 0.3 0.3 0.0 0.0 0.0 0.0 0.0 0.0 0.72115 0.0 0.0 45.47487 -0.49999 0.07399 0.0 0.0 0.0 0.0 0.0 0.0 0.0120067085584 10 1 0.914919852035 1.8481173288 -82.2473376888
-0.12623 0.35028 3.35743 -0.12979 0.55971 4.44079456696 0.78258 0.98072 0.30541 0.41196 152.77952 195.62801 147.22542 138.42519 0.3 0.3 0.0 0.0 0.0 0.0 0.0 0.0 0.72115 0.0 0.0 45.47487 -0.49999 0.07399 0.0 0.0 0.0 0.0 0.0 0.0 0.011539163659 11 0 0.905347264905 1.86145786174 -82.2473376888
-0.12623 0.35028 3.35743 -0.12979 0.55971 4.43018783227 0.78258 0.98072 0.30541 0.41196 152.77952 195.62801 147.22542 138.42519 0.3 0.3 0.0 0.0 0.0 0.0 0.0 0.0 0.72115 0.0 0.0 45.47487 -0.49999 0.07399 0.0 0.0 0.0 0.0 0.0 0.0 0.0125837551528 12 0 0.910209102091 1.86700723037 -82.2473376888
-0.12623 0.35028 3.35743 -0.12979 0.55971 4.4519462254 0.78258 0.98072 0.30541 0.41196 152.77952 195.62801 147.22542 138.42519 0.3 0.3 0.0 0.0 0.0 0.0 0.0 0.0 0.72115 0.0 0.0 45.47487 -0.49999 0.07399 0.0 0.0 0.0 0.0 0.0 0.0 0.0127504261512 13 0 0.90490797546 1.8986818248 -82.2473376888
-0.12623 0.35028 3.35743 -0.12979 0.55971 4.44247551415 0.78258 0.98072 0.30541 0.41196 152.77952 195.62801 147.22542 138.42519 0.3 0.3 0.0 0.0 0.0 0.0 0.0 0.0 0.72115 0.0 0.0 45.47487 -0.49999 0.07399 0.0 0.0 0.0 0.0 0.0 0.0 0.0122864938541 14 0 0.90467404674 1.86204498224 -82.2473376888
-0.12623 0.35028 3.35743 -0.12979 0.55971 4.4110077093 0.78258 0.98072 0.30541 0.41196 152.77952 195.62801 147.22542 138.42519 0.3 0.3 0.0 0.0 0.0 0.0 0.0 0.0 0.72115 0.0 0.0 45.47487 -0.49999 0.07399 0.0 0.0 0.0 0.0 0.0 0.0 0.0114276479093 15 0 0.912453760789 1.83514940734 -82.2473376888
-0.12623 0.35028 3.35743 -0.12979 0.55971 4.4251581555 0.78258 0.98072 0.30541 0.41196 152.77952 195.62801 147.22542 138.42519 0.3 0.3 0.0 0.0 0.0 0.0 0.0 0.0 0.72115 0.0 0.0 45.47487 -0.49999 0.07399 0.0 0.0 0.0 0.0 0.0 0.0 0.0126065220898 16 1 0.913230769231 1.84147391082 -76.868793495
-0.12623 0.35028 3.35743 -0.12979 0.55971 4.43145023617 0.78258 0.98072 0.30541 0.41196 152.77952 195.62801 147.22542 138.42519 0.3 0.3 0.0 0.0 0.0 0.0 0.0 0.0 0.72115 0.0 0.0 45.47487 -0.49999 0.07399 0.0 0.0 0.0 0.0 0.0 0.0 0.0127285686447 17 0 0.910824108241 1.86663570455 -76.868793495
-0.12623 0.35028 3.35743 -0.12979 0.55971 4.44418325156 0.78258 0.98072 0.30541 0.41196 152.77952 195.62801 147.22542 138.42519 0.3 0.3 0.0 0.0 0.0 0.0 0.0 0.0 0.72115 0.0 0.0 45.47487 -0.49999 0.07399 0.0 0.0 0.0 0.0 0.0 0.0 0.0126109608046 18 0 0.904118008605 1.79234291278 -76.868793495
-0.12623 0.35028 3.35743 -0.12979 0.55971 4.43199554071 0.78258 0.98072 0.30541 0.41196 152.77952 195.62801 147.22542 138.42519 0.3 0.3 0.0 0.0 0.0 0.0 0.0 0.0 0.72115 0.0 0.0 45.47487 -0.49999 0.07399 0.0 0.0 0.0 0.0 0.0 0.0 0.0123252836983 19 0 0.911439114391 1.87900762181 -76.868793495
-0.12623 0.35028 3.35743 -0.12979 0.55971 4.43798488028 0.78258 0.98072 0.30541 0.41196 152.77952 195.62801 147.22542 138.42519 0.3 0.3 0.0 0.0 0.0 0.0 0.0 0.0 0.72115 0.0 0.0 45.47487 -0.49999 0.07399 0.0 0.0 0.0 0.0 0.0 0.0 0.0131589564927 20 0 0.905846153846 1.85413806093 -76.868793495
-0.12623 0.35028 3.35743 -0.12979 0.55971 4.4315209676 0.78258 0.98072 0.30541 0.41196 152.77952 195.62801 147.22542 138.42519 0.3 0.3 0.0 0.0 0.0 0.0 0.0 0.0 0.72115 0.0 0.0 45.47487 -0.49999 0.07399 0.0 0.0 0.0 0.0 0.0 0.0 0.012307415062 21 0 0.910824108241 1.86801519147 -76.868793495
-0.12623 0.35028 3.35743 -0.12979 0.55971 4.4430384619 0.78258 0.98072 0.30541 0.41196 152.77952 195.62801 147.22542 138.42519 0.3 0.3 0.0 0.0 0.0 0.0 0.0 0.0 0.72115 0.0 0.0 45.47487 -0.49999 0.07399 0.0 0.0 0.0 0.0 0.0 0.0 0.0123181588777 22 0 0.904732636755 1.87354548287 -76.868793495
-0.12623 0.35028 3.35743 -0.12979 0.55971 4.41939306528 0.78258 0.98072 0.30541 0.41196 152.77952 195.62801 147.22542 138.42519 0.3 0.3 0.0 0.0 0.0 0.0 0.0 0.0 0.72115 0.0 0.0 45.47487 -0.49999 0.07399 0.0 0.0 0.0 0.0 0.0 0.0 0.0129446749637 23 1 0.9130702836 1.76326675505 -66.6786878311
-0.12623 0.35028 3.35743 -0.12979 0.55971 4.39778805279 0.78258 0.98072 0.30541 0.41196 152.77952 195.62801 147.22542 138.42519 0.3 0.3 0.0 0.0 0.0 0.0 0.0 0.0 0.72115 0.0 0.0 45.47487 -0.49999 0.07399 0.0 0.0 0.0 0.0 0.0 0.0 0.0127209299868 24 0 0.914091470952 1.81466300708 -66.6786878311
-0.12623 0.35028 3.35743 -0.12979 0.55971 4.40661160545 0.78258 0.98072 0.30541 0.41196 152.77952 195.62801 147.22542 138.42519 0.3 0.3 0.0 0.0 0.0 0.0 0.0 0.0 0.72115 0.0 0.0 45.47487 -0.49999 0.07399 0.0 0.0 0.0 0.0 0.0 0.0 0.0125456830365 25 0 0.911782850093 1.84319007644 -66.6786878311
-0.12623 0.35028 3.35743 -0.12979 0.55971 4.37975745766 0.78258 0.98072 0.30541 0.41196 152.77952 195.62801 147.22542 138.42519 0.3 0.3 0.0 0.0 0.0 0.0 0.0 0.0 0.72115 0.0 0.0 45.47487 -0.49999 0.07399 0.0 0.0 0.0 0.0 0.0 0.0 0.0133522122735 26 1 0.919454770756 1.77839262812 -54.1466590995
-0.12623 0.35028 3.35743 -0.12979 0.55971 4.39139532016 0.78258 0.98072 0.30541 0.41196 152.77952 195.62801 147.22542 138.42519 0.3 0.3 0.0 0.0 0.0 0.0 0.0 0.0 0.72115 0.0 0.0 45.47487 -0.49999 0.07399 0.0 0.0 0.0 0.0 0.0 0.0 0.0129450156381 27 0 0.911056207536 1.78111710434 -54.1466590995
-0.12623 0.35028 3.35743 -0.12979 0.55971 4.35930511133 0.78258 0.98072 0.30541 0.41196 152.77952 195.62801 147.22542 138.42519 0.3 0.3 0.0 0.0 0.0 0.0 0.0 0.0 0.72115 0.0 0.0 45.47487 -0.49999 0.07399 0.0 0.0 0.0 0.0 0.0 0.0 0.0140766121661 28 1 0.922600619195 1.67808783612 -39.2231901738
-0.12623 0.35028 3.35743 -0.12979 0.55971 4.3649499049 0.78258 0.98072 0.30541 0.41196 152.77952 195.62801 147.22542 138.42519 0.3 0.3 0.0 0.0 0.0 0.0 0.0 0.0 0.72115 0.0 0.0 45.47487 -0.49999 0.07399 0.0 0.0 0.0 0.0 0.0 0.0 0.0136504040145 29 0 0.920595533499 1.73441498824 -39.2231901738
-0.12623 0.35028 3.35743 -0.12979 0.55971 4.34832209747 0.78258 0.98072 0.30541 0.41196 152.77952 195.62801 147.22542 138.42519 0.3 0.3 0.0 0.0 0.0 0.0 0.0 0.0 0.72115 0.0 0.0 45.47487 -0.49999 0.07399 0.0 0.0 0.0 0.0 0.0 0.0 0.0146995659826 30 1 0.921118012422 1.64382143491 -35.6058402893
-0.12623 0.35028 3.35743 -0.12979 0.55971 4.3676302429 0.78258 0.98072 0.30541 0.41196 152.77952 195.62801 147.22542 138.42519 0.3 0.3 0.0 0.0 0.0 0.0 0.0 0.0 0.72115 0.0 0.0 45.47487 -0.49999 0.07399 0.0 0.0 0.0 0.0 0.0 0.0 0.0147774531463 31 0 0.91940483571 1.70272673514 -35.6058402893
-0.12623 0.35028 3.35743 -0.12979 0.55971 4.33871896887 0.78258 0.98072 0.30541 0.41196 152.77952 195.62801 147.22542 138.42519 0.3 0.3 0.0 0.0 0.0 0.0 0.0 0.0 0.72115 0.0 0.0 45.47487 -0.49999 0.07399 0.0 0.0 0.0 0.0 0.0 0.0 0.014750375163 32 1 0.924657534247 1.65824965477 -32.5734416546
-0.12623 0.35028 3.35743 -0.12979 0.55971 4.32342983683 0.78258 0.98072 0.30541 0.41196 152.77952 195.62801 147.22542 138.42519 0.3 0.3 0.0 0.0 0.0 0.0 0.0 0.0 0.72115 0.0 0.0 45.47487 -0.49999 0.07399 0.0 0.0 0.0 0.0 0.0 0.0 0.0153295574014 33 1 0.92901618929 1.52715946136 -21.744314187
-0.12623 0.35028 3.35743 -0.12979 0.55971 4.29764353329 0.78258 0.98072 0.30541 0.41196 152.77952 195.62801 147.22542 138.42519 0.3 0.3 0.0 0.0 0.0 0.0 0.0 0.0 0.72115 0.0 0.0 45.47487 -0.49999 0.07399 0.0 0.0 0.0 0.0 0.0 0.0 0.01546716363 34 1 0.938279301746 1.47587907839 -14.0924087499
-0.12623 0.35028 3.35743 -0.12979 0.55971 4.31677698994 0.78258 0.98072 0.30541 0.41196 152.77952 195.62801 147.22542 138.42519 0.3 0.3 0.0 0.0 0.0 0.0 0.0 0.0 0.72115 0.0 0.0 45.47487 -0.49999 0.07399 0.0 0.0 0.0 0.0 0.0 0.0 0.0161089960659 35 0 0.934038581207 1.58564147951 -14.0924087499
-0.12623 0.35028 3.35743 -0.12979 0.55971 4.31238309221 0.78258 0.98072 0.30541 0.41196 152.77952 195.62801 147.22542 138.42519 0.3 0.3 0.0 0.0 0.0 0.0 0.0 0.0 0.72115 0.0 0.0 45.47487 -0.49999 0.07399 0.0 0.0 0.0 0.0 0.0 0.0 0.0157111856781 36 0 0.933374844334 1.59055108834 -14.0924087499
-0.12623 0.35028 3.35743 -0.12979 0.55971 4.3068595995 0.78258 0.98072 0.30541 0.41196 152.77952 195.62801 147.22542 138.42519 0.3 0.3 0.0 0.0 0.0 0.0 0.0 0.0 0.72115 0.0 0.0 45.47487 -0.49999 0.07399 0.0 0.0 0.0 0.0 0.0 0.0 0.0148814263022 37 0 0.935865504359 1.49723232116 -14.0924087499
-0.12623 0.35028 3.35743 -0.12979 0.55971 4.29355100545 0.78258 0.98072 0.30541 0.41196 152.77952 195.62801 147.22542 138.42519 0.3 0.3 0.0 0.0 0.0 0.0 0.0 0.0 0.72115 0.0 0.0 45.47487 -0.49999 0.07399 0.0 0.0 0.0 0.0 0.0 0.0 0.0162525048098 38 1 0.937032418953 1.45356719904 -12.6568910723
-0.12623 0.35028 3.35743 -0.12979 0.55971 4.28359783548 0.78258 0.98072 0.30541 0.41196 152.77952 195.62801 147.22542 138.42519 0.3 0.3 0.0 0.0 0.0 0.0 0.0 0.0 0.72115 0.0 0.0 45.47487 -0.49999 0.07399 0.0 0.0 0.0 0.0 0.0 0.0 0.0155153239886 39 0 0.938864628821 1.50500559789 -12.6568910723
-0.12623 0.35028 3.35743 -0.12979 0.55971 4.30171706155 0.78258 0.98072 0.30541 0.41196 152.77952 195.62801 147.22542 138.42519 0.3 0.3 0.0 0.0 0.0 0.0 0.0 0.0 0.72115 0.0 0.0 45.47487 -0.49999 0.07399 0.0 0.0 0.0 0.0 0.0 0.0 0.0169391112423 40 1 0.935202492212 1.48410609682 -12.9559924416
-0.12623 0.35028 3.35743 -0.12979 0.55971 4.30221411306 0.78258 0.98072 0.30541 0.41196 152.77952 195.62801 147.22542 138.42519 0.3 0.3 0.0 0.0 0.0 0.0 0.0 0.0 0.72115 0.0 0.0 45.47487 -0.49999 0.07399 0.0 0.0 0.0 0.0 0.0 0.0 0.0161653912136 41 0 0.935202492212 1.48099695547 -12.9559924416
-0.12623 0.35028 3.35743 -0.12979 0.55971 4.30740735295 0.78258 0.98072 0.30541 0.41196 152.77952 195.62801 147.22542 138.42519 0.3 0.3 0.0 0.0 0.0 0.0 0.0 0.0 0.72115 0.0 0.0 45.47487 -0.49999 0.07399 0.0 0.0 0.0 0.0 0.0 0.0 0.0168538196856 42 1 0.935865504359 1.49682221676 -13.0574890067
-0.12623 0.35028 3.35743 -0.12979 0.55971 4.2633978509 0.78258 0.98072 0.30541 0.41196 152.77952 195.62801 147.22542 138.42519 0.3 0.3 0.0 0.0 0.0 0.0 0.0 0.0 0.72115 0.0 0.0 45.47487 -0.49999 0.07399 0.0 0.0 0.0 0.0 0.0 0.0 0.0160662556112 43 1 0.940625 1.46978737829 -11.5401091812
-0.12623 0.35028 3.35743 -0.12979 0.55971 4.27057890862 0.78258 0.98072 0.30541 0.41196 152.77952 195.62801 147.22542 138.42519 0.3 0.3 0.0 0.0 0.0 0.0 0.0 0.0 0.72115 0.0 0.0 45.47487 -0.49999 0.07399 0.0 0.0 0.0 0.0 0.0 0.0 0.0148235988168 44 0 0.938864628821 1.49990877346 -11.5401091812
-0.12623 0.35028 3.35743 -0.12979 0.55971 4.27822553543 0.78258 0.98072 0.30541 0.41196 152.77952 195.62801 147.22542 138.42519 0.3 0.3 0.0 0.0 0.0 0.0 0.0 0.0 0.72115 0.0 0.0 45.47487 -0.49999 0.07399 0.0 0.0 0.0 0.0 0.0 0.0 0.0164701242774 45 0 0.937655860349 1.49928704359 -11.5401091812
-0.12623 0.35028 3.35743 -0.12979 0.55971 4.26457383824 0.78258 0.98072 0.30541 0.41196 152.77952 195.62801 147.22542 138.42519 0.3 0.3 0.0 0.0 0.0 0.0 0.0 0.0 0.72115 0.0 0.0 45.47487 -0.49999 0.07399 0.0 0.0 0.0 0.0 0.0 0.0 0.0153310648463 46 0 0.94125 1.52925584094 -11.5401091812
-0.12623 0.35028 3.35743 -0.12979 0.55971 4.24133555212 0.78258 0.98072 0.30541 0.41196 152.77952 195.62801 147.22542 138.42519 0.3 0.3 0.0 0.0 0.0 0.0 0.0 0.0 0.72115 0.0 0.0 45.47487 -0.49999 0.07399 0.0 0.0 0.0 0.0 0.0 0.0 0.0168390108528 47 1 0.94375 1.47256122463 -8.93330063445
-0.12623 0.35028 3.35743 -0.12979 0.55971 4.24306022905 0.78258 0.98072 0.30541 0.41196 152.77952 195.62801 147.22542 138.42519 0.3 0.3 0.0 0.0 0.0 0.0 0.0 0.0 0.72115 0.0 0.0 45.47487 -0.49999 0.07399 0.0 0.0 0.0 0.0 0.0 0.0 0.0163082843379 48 1 0.941947565543 1.49453139179 -10.9544195499
-0.12623 0.35028 3.35743 -0.12979 0.55971 4.24853465448 0.78258 0.98072 0.30541 0.41196 152.77952 195.62801 147.22542 138.42519 0.3 0.3 0.0 0.0 0.0 0.0 0.0 0.0 0.72115 0.0 0.0 45.47487 -0.49999 0.07399 0.0 0.0 0.0 0.0 0.0 0.0 0.0171408870201 49 1 0.942571785268 1.50244831167 -9.52196481703
-0.12623 0.35028 3.35743 -0.12979 0.55971 4.27110790806 0.78258 0.98072 0.30541 0.41196 152.77952 195.62801 147.22542 138.42519 0.3 0.3 0.0 0.0 0.0 0.0 0.0 0.0 0.72115 0.0 0.0 45.47487 -0.49999 0.07399 0.0 0.0 0.0 0.0 0.0 0.0 0.0171509058483 50 0 0.940699126092 1.51907913373 -9.52196481703
