-0.12623 0.35028 3.35743 -0.12979 0.55971 4.72777951333 0.78258 0.98072 0.30541 0.41196 152.77952 195.62801 147.22542 138.42519 0.3 0.3 0.0 0.0 0.0 0.0 0.0 0.0 0.72115 0.0 0.0 45.47487 -0.49999 0.07399 0.0 0.0 0.0 0.0 0.0 0.0 0.01 0 1 0.817865429234 2.33655827177 -901.85454275
-0.12623 0.35028 3.35743 -0.12979 0.55971 4.73772392799 0.78258 0.98072 0.30541 0.41196 152.77952 195.62801 147.22542 138.42519 0.3 0.3 0.0 0.0 0.0 0.0 0.0 0.0 0.72115 0.0 0.0 45.47487 -0.49999 0.07399 0.0 0.0 0.0 0.0 0.0 0.0 0.00954137526162 1 0 0.820289855072 2.43926838944 -901.85454275
-0.12623 0.35028 3.35743 -0.12979 0.55971 4.76546509816 0.78258 0.98072 0.30541 0.41196 152.77952 195.62801 147.22542 138.42519 0.3 0.3 0.0 0.0 0.0 0.0 0.0 0.0 0.72115 0.0 0.0 45.47487 -0.49999 0.07399 0.0 0.0 0.0 0.0 0.0 0.0 0.0107672321627 2 0 0.807249712313 2.41979202485 -901.85454275
-0.12623 0.35028 3.35743 -0.12979 0.55971 4.7505588778 0.78258 0.98072 0.30541 0.41196 152.77952 195.62801 147.22542 138.42519 0.3 0.3 0.0 0.0 0.0 0.0 0.0 0.0 0.72115 0.0 0.0 45.47487 -0.49999 0.07399 0.0 0.0 0.0 0.0 0.0 0.0 0.00993408794102 3 0 0.811778290993 2.43455084264 -901.85454275
-0.12623 0.35028 3.35743 -0.12979 0.55971 4.72546475098 0.78258 0.98072 0.30541 0.41196 152.77952 195.62801 147.22542 138.42519 0.3 0.3 0.0 0.0 0.0 0.0 0.0 0.0 0.72115 0.0 0.0 45.47487 -0.49999 0.07399 0.0 0.0 0.0 0.0 0.0 0.0 0.00926690423426 4 0 0.819500870575 2.37856703895 -901.85454275
-0.12623 0.35028 3.35743 -0.12979 0.55971 4.71909386618 0.78258 0.98072 0.30541 0.41196 152.77952 195.62801 147.22542 138.42519 0.3 0.3 0.0 0.0 0.0 0.0 0.0 0.0 0.72115 0.0 0.0 45.47487 -0.49999 0.07399 0.0 0.0 0.0 0.0 0.0 0.0 0.0097081760316 5 0 0.822674418605 2.36069062939 -901.85454275
-0.12623 0.35028 3.35743 -0.12979 0.55971 4.74499156113 0.78258 0.98072 0.30541 0.41196 152.77952 195.62801 147.22542 138.42519 0.3 0.3 0.0 0.0 0.0 0.0 0.0 0.0 0.72115 0.0 0.0 45.47487 -0.49999 0.07399 0.0 0.0 0.0 0.0 0.0 0.0 0.0109744549737 6 1 0.815242494226 2.44527194123 -843.75628291
-0.12623 0.35028 3.35743 -0.12979 0.55971 4.75115674602 0.78258 0.98072 0.30541 0.41196 152.77952 195.62801 147.22542 138.42519 0.3 0.3 0.0 0.0 0.0 0.0 0.0 0.0 0.72115 0.0 0.0 45.47487 -0.49999 0.07399 0.0 0.0 0.0 0.0 0.0 0.0 0.0108913171066 7 0 0.811886901327 2.43780829014 -843.75628291
-0.12623 0.35028 3.35743 -0.12979 0.55971 4.72711896592 0.78258 0.98072 0.30541 0.41196 152.77952 195.62801 147.22542 138.42519 0.3 0.3 0.0 0.0 0.0 0.0 0.0 0.0 0.72115 0.0 0.0 45.47487 -0.49999 0.07399 0.0 0.0 0.0 0.0 0.0 0.0 0.010324783332 8 0 0.817865429234 2.33779384267 -843.75628291
-0.12623 0.35028 3.35743 -0.12979 0.55971 4.75573128226 0.78258 0.98072 0.30541 0.41196 152.77952 195.62801 147.22542 138.42519 0.3 0.3 0.0 0.0 0.0 0.0 0.0 0.0 0.72115 0.0 0.0 45.47487 -0.49999 0.07399 0.0 0.0 0.0 0.0 0.0 0.0 0.0115231583742 9 1 0.81199538639 2.43653439678 -786.604642341
-0.12623 0.35028 3.35743 -0.12979 0.55971 4.71323542279 0.78258 0.98072 0.30541 0.41196 152.77952 195.62801 147.22542 138.42519 0.3 0.3 0.0 0.0 0.0 0.0 0.0 0.0 0.72115 0.0 0.0 45.47487 -0.49999 0.07399 0.0 0.0 0.0 0.0 0.0 0.0 0.0108711636577 10 1 0.82634032634 2.36734477601 -711.451432553
-0.12623 0.35028 3.35743 -0.12979 0.55971 4.70451454944 0.78258 0.98072 0.30541 0.41196 152.77952 195.62801 147.22542 138.42519 0.3 0.3 0.0 0.0 0.0 0.0 0.0 0.0 0.72115 0.0 0.0 45.47487 -0.49999 0.07399 0.0 0.0 0.0 0.0 0.0 0.0 0.0109493081101 11 1 0.82788798133 2.34190357194 -673.978978431
-0.12623 0.35028 3.35743 -0.12979 0.55971 4.70926544359 0.78258 0.98072 0.30541 0.41196 152.77952 195.62801 147.22542 138.42519 0.3 0.3 0.0 0.0 0.0 0.0 0.0 0.0 0.72115 0.0 0.0 45.47487 -0.49999 0.07399 0.0 0.0 0.0 0.0 0.0 0.0 0.0114881476215 12 1 0.828471411902 2.34762543464 -610.780947361
-0.12623 0.35028 3.35743 -0.12979 0.55971 4.7410261209 0.78258 0.98072 0.30541 0.41196 152.77952 195.62801 147.22542 138.42519 0.3 0.3 0.0 0.0 0.0 0.0 0.0 0.0 0.72115 0.0 0.0 45.47487 -0.49999 0.07399 0.0 0.0 0.0 0.0 0.0 0.0 0.0108691926774 13 0 0.81954887218 2.46221609334 -610.780947361
-0.12623 0.35028 3.35743 -0.12979 0.55971 4.73991787874 0.78258 0.98072 0.30541 0.41196 152.77952 195.62801 147.22542 138.42519 0.3 0.3 0.0 0.0 0.0 0.0 0.0 0.0 0.72115 0.0 0.0 45.47487 -0.49999 0.07399 0.0 0.0 0.0 0.0 0.0 0.0 0.0119510424831 14 0 0.817813765182 2.44115764051 -610.780947361
-0.12623 0.35028 3.35743 -0.12979 0.55971 4.71949965578 0.78258 0.98072 0.30541 0.41196 152.77952 195.62801 147.22542 138.42519 0.3 0.3 0.0 0.0 0.0 0.0 0.0 0.0 0.72115 0.0 0.0 45.47487 -0.49999 0.07399 0.0 0.0 0.0 0.0 0.0 0.0 0.0109303336594 15 0 0.822093023256 2.34878896081 -610.780947361
-0.12623 0.35028 3.35743 -0.12979 0.55971 4.72557280822 0.78258 0.98072 0.30541 0.41196 152.77952 195.62801 147.22542 138.42519 0.3 0.3 0.0 0.0 0.0 0.0 0.0 0.0 0.72115 0.0 0.0 45.47487 -0.49999 0.07399 0.0 0.0 0.0 0.0 0.0 0.0 0.0110892701419 16 0 0.819872167345 2.35055459445 -610.780947361
-0.12623 0.35028 3.35743 -0.12979 0.55971 4.67611794951 0.78258 0.98072 0.30541 0.41196 152.77952 195.62801 147.22542 138.42519 0.3 0.3 0.0 0.0 0.0 0.0 0.0 0.0 0.72115 0.0 0.0 45.47487 -0.49999 0.07399 0.0 0.0 0.0 0.0 0.0 0.0 0.0106932726829 17 0 0.835592221567 2.32965410305 -610.780947361
-0.12623 0.35028 3.35743 -0.12979 0.55971 4.66619889035 0.78258 0.98072 0.30541 0.41196 152.77952 195.62801 147.22542 138.42519 0.3 0.3 0.0 0.0 0.0 0.0 0.0 0.0 0.72115 0.0 0.0 45.47487 -0.49999 0.07399 0.0 0.0 0.0 0.0 0.0 0.0 0.0108354606721 18 1 0.838044758539 2.32486904248 -600.151104567
-0.12623 0.35028 3.35743 -0.12979 0.55971 4.62188236813 0.78258 0.98072 0.30541 0.41196 152.77952 195.62801 147.22542 138.42519 0.3 0.3 0.0 0.0 0.0 0.0 0.0 0.0 0.72115 0.0 0.0 45.47487 -0.49999 0.07399 0.0 0.0 0.0 0.0 0.0 0.0 0.0107144821436 19 1 0.860465116279 2.1924912191 -404.015416682
-0.12623 0.35028 3.35743 -0.12979 0.55971 4.64828295447 0.78258 0.98072 0.30541 0.41196 152.77952 195.62801 147.22542 138.42519 0.3 0.3 0.0 0.0 0.0 0.0 0.0 0.0 0.72115 0.0 0.0 45.47487 -0.49999 0.07399 0.0 0.0 0.0 0.0 0.0 0.0 0.00981626324775 20 0 0.85349940688 2.32496596774 -404.015416682
-0.12623 0.35028 3.35743 -0.12979 0.55971 4.60761821477 0.78258 0.98072 0.30541 0.41196 152.77952 195.62801 147.22542 138.42519 0.3 0.3 0.0 0.0 0.0 0.0 0.0 0.0 0.72115 0.0 0.0 45.47487 -0.49999 0.07399 0.0 0.0 0.0 0.0 0.0 0.0 0.00984432177726 21 0 0.866188769415 2.20354694021 -404.015416682
-0.12623 0.35028 3.35743 -0.12979 0.55971 4.6178648994 0.78258 0.98072 0.30541 0.41196 152.77952 195.62801 147.22542 138.42519 0.3 0.3 0.0 0.0 0.0 0.0 0.0 0.0 0.72115 0.0 0.0 45.47487 -0.49999 0.07399 0.0 0.0 0.0 0.0 0.0 0.0 0.0115759772184 22 1 0.863201911589 2.19016715302 -331.401844056
-0.12623 0.35028 3.35743 -0.12979 0.55971 4.6004767434 0.78258 0.98072 0.30541 0.41196 152.77952 195.62801 147.22542 138.42519 0.3 0.3 0.0 0.0 0.0 0.0 0.0 0.0 0.72115 0.0 0.0 45.47487 -0.49999 0.07399 0.0 0.0 0.0 0.0 0.0 0.0 0.0111933089834 23 0 0.869304556355 2.22506354105 -331.401844056
-0.12623 0.35028 3.35743 -0.12979 0.55971 4.63835410105 0.78258 0.98072 0.30541 0.41196 152.77952 195.62801 147.22542 138.42519 0.3 0.3 0.0 0.0 0.0 0.0 0.0 0.0 0.72115 0.0 0.0 45.47487 -0.49999 0.07399 0.0 0.0 0.0 0.0 0.0 0.0 0.011328177533 24 0 0.854005934718 2.28846708213 -331.401844056
-0.12623 0.35028 3.35743 -0.12979 0.55971 4.61726518176 0.78258 0.98072 0.30541 0.41196 152.77952 195.62801 147.22542 138.42519 0.3 0.3 0.0 0.0 0.0 0.0 0.0 0.0 0.72115 0.0 0.0 45.47487 -0.49999 0.07399 0.0 0.0 0.0 0.0 0.0 0.0 0.0121122487827 25 1 0.862254025045 2.22285377456 -316.026883253
-0.12623 0.35028 3.35743 -0.12979 0.55971 4.62402583351 0.78258 0.98072 0.30541 0.41196 152.77952 195.62801 147.22542 138.42519 0.3 0.3 0.0 0.0 0.0 0.0 0.0 0.0 0.72115 0.0 0.0 45.47487 -0.49999 0.07399 0.0 0.0 0.0 0.0 0.0 0.0 0.0120907052799 26 0 0.859440142942 2.20544990754 -316.026883253
-0.12623 0.35028 3.35743 -0.12979 0.55971 4.62398284919 0.78258 0.98072 0.30541 0.41196 152.77952 195.62801 147.22542 138.42519 0.3 0.3 0.0 0.0 0.0 0.0 0.0 0.0 0.72115 0.0 0.0 45.47487 -0.49999 0.07399 0.0 0.0 0.0 0.0 0.0 0.0 0.0120419885883 27 0 0.859440142942 2.2029906007 -316.026883253
-0.12623 0.35028 3.35743 -0.12979 0.55971 4.634513564 0.78258 0.98072 0.30541 0.41196 152.77952 195.62801 147.22542 138.42519 0.3 0.3 0.0 0.0 0.0 0.0 0.0 0.0 0.72115 0.0 0.0 45.47487 -0.49999 0.07399 0.0 0.0 0.0 0.0 0.0 0.0 0.0116220766435 28 0 0.85790725327 2.27409326981 -316.026883253
-0.12623 0.35028 3.35743 -0.12979 0.55971 4.63043958513 0.78258 0.98072 0.30541 0.41196 152.77952 195.62801 147.22542 138.42519 0.3 0.3 0.0 0.0 0.0 0.0 0.0 0.0 0.72115 0.0 0.0 45.47487 -0.49999 0.07399 0.0 0.0 0.0 0.0 0.0 0.0 0.0122265013602 29 0 0.858760429082 2.25301669169 -316.026883253
-0.12623 0.35028 3.35743 -0.12979 0.55971 4.57879011224 0.78258 0.98072 0.30541 0.41196 152.77952 195.62801 147.22542 138.42519 0.3 0.3 0.0 0.0 0.0 0.0 0.0 0.0 0.72115 0.0 0.0 45.47487 -0.49999 0.07399 0.0 0.0 0.0 0.0 0.0 0.0 0.0125232305119 30 1 0.871161950632 2.07958854104 -225.40428856
-0.12623 0.35028 3.35743 -0.12979 0.55971 4.55286130106 0.78258 0.98072 0.30541 0.41196 152.77952 195.62801 147.22542 138.42519 0.3 0.3 0.0 0.0 0.0 0.0 0.0 0.0 0.72115 0.0 0.0 45.47487 -0.49999 0.07399 0.0 0.0 0.0 0.0 0.0 0.0 0.012142118176 31 1 0.877415458937 2.08326392583 -217.685438239
-0.12623 0.35028 3.35743 -0.12979 0.55971 4.53150982189 0.78258 0.98072 0.30541 0.41196 152.77952 195.62801 147.22542 138.42519 0.3 0.3 0.0 0.0 0.0 0.0 0.0 0.0 0.72115 0.0 0.0 45.47487 -0.49999 0.07399 0.0 0.0 0.0 0.0 0.0 0.0 0.0125062349159 32 1 0.880533656762 2.05720834448 -189.629523783
-0.12623 0.35028 3.35743 -0.12979 0.55971 4.50881721987 0.78258 0.98072 0.30541 0.41196 152.77952 195.62801 147.22542 138.42519 0.3 0.3 0.0 0.0 0.0 0.0 0.0 0.0 0.72115 0.0 0.0 45.47487 -0.49999 0.07399 0.0 0.0 0.0 0.0 0.0 0.0 0.0131989271199 33 1 0.892204628502 1.92715597662 -120.450071509
-0.12623 0.35028 3.35743 -0.12979 0.55971 4.51910215581 0.78258 0.98072 0.30541 0.41196 152.77952 195.62801 147.22542 138.42519 0.3 0.3 0.0 0.0 0.0 0.0 0.0 0.0 0.72115 0.0 0.0 45.47487 -0.49999 0.07399 0.0 0.0 0.0 0.0 0.0 0.0 0.0123586378163 34 0 0.885245901639 2.03784823898 -120.450071509
-0.12623 0.35028 3.35743 -0.12979 0.55971 4.52042109026 0.78258 0.98072 0.30541 0.41196 152.77952 195.62801 147.22542 138.42519 0.3 0.3 0.0 0.0 0.0 0.0 0.0 0.0 0.72115 0.0 0.0 45.47487 -0.49999 0.07399 0.0 0.0 0.0 0.0 0.0 0.0 0.0124946902686 35 0 0.883495145631 2.04134739805 -120.450071509
-0.12623 0.35028 3.35743 -0.12979 0.55971 4.46717837996 0.78258 0.98072 0.30541 0.41196 152.77952 195.62801 147.22542 138.42519 0.3 0.3 0.0 0.0 0.0 0.0 0.0 0.0 0.72115 0.0 0.0 45.47487 -0.49999 0.07399 0.0 0.0 0.0 0.0 0.0 0.0 0.0123124939221 36 1 0.903245560318 1.9576208645 -114.846908826
-0.12623 0.35028 3.35743 -0.12979 0.55971 4.45889939385 0.78258 0.98072 0.30541 0.41196 152.77952 195.62801 147.22542 138.42519 0.3 0.3 0.0 0.0 0.0 0.0 0.0 0.0 0.72115 0.0 0.0 45.47487 -0.49999 0.07399 0.0 0.0 0.0 0.0 0.0 0.0 0.0120242919871 37 0 0.902513795218 1.91120463017 -114.846908826
-0.12623 0.35028 3.35743 -0.12979 0.55971 4.47166551109 0.78258 0.98072 0.30541 0.41196 152.77952 195.62801 147.22542 138.42519 0.3 0.3 0.0 0.0 0.0 0.0 0.0 0.0 0.72115 0.0 0.0 45.47487 -0.49999 0.07399 0.0 0.0 0.0 0.0 0.0 0.0 0.0114660330617 38 0 0.897921760391 1.89736814251 -114.846908826
-0.12623 0.35028 3.35743 -0.12979 0.55971 4.44782479882 0.78258 0.98072 0.30541 0.41196 152.77952 195.62801 147.22542 138.42519 0.3 0.3 0.0 0.0 0.0 0.0 0.0 0.0 0.72115 0.0 0.0 45.47487 -0.49999 0.07399 0.0 0.0 0.0 0.0 0.0 0.0 0.0133844948872 39 1 0.902513795218 1.80446848632 -82.9729022231
-0.12623 0.35028 3.35743 -0.12979 0.55971 4.45954754714 0.78258 0.98072 0.30541 0.41196 152.77952 195.62801 147.22542 138.42519 0.3 0.3 0.0 0.0 0.0 0.0 0.0 0.0 0.72115 0.0 0.0 45.47487 -0.49999 0.07399 0.0 0.0 0.0 0.0 0.0 0.0 0.0128533089609 40 0 0.903126916002 1.92459984876 -82.9729022231
-0.12623 0.35028 3.35743 -0.12979 0.55971 4.48725934638 0.78258 0.98072 0.30541 0.41196 152.77952 195.62801 147.22542 138.42519 0.3 0.3 0.0 0.0 0.0 0.0 0.0 0.0 0.72115 0.0 0.0 45.47487 -0.49999 0.07399 0.0 0.0 0.0 0.0 0.0 0.0 0.0139296458758 41 0 0.893772893773 1.89472510419 -82.9729022231
-0.12623 0.35028 3.35743 -0.12979 0.55971 4.43278838446 0.78258 0.98072 0.30541 0.41196 152.77952 195.62801 147.22542 138.42519 0.3 0.3 0.0 0.0 0.0 0.0 0.0 0.0 0.72115 0.0 0.0 45.47487 -0.49999 0.07399 0.0 0.0 0.0 0.0 0.0 0.0 0.0130334185312 42 1 0.910769230769 1.85583865159 -77.2953308327
-0.12623 0.35028 3.35743 -0.12979 0.55971 4.46431643332 0.78258 0.98072 0.30541 0.41196 152.77952 195.62801 147.22542 138.42519 0.3 0.3 0.0 0.0 0.0 0.0 0.0 0.0 0.72115 0.0 0.0 45.47487 -0.49999 0.07399 0.0 0.0 0.0 0.0 0.0 0.0 0.0126372546389 43 0 0.901408450704 1.95520701311 -77.2953308327
-0.12623 0.35028 3.35743 -0.12979 0.55971 4.45601587595 0.78258 0.98072 0.30541 0.41196 152.77952 195.62801 147.22542 138.42519 0.3 0.3 0.0 0.0 0.0 0.0 0.0 0.0 0.72115 0.0 0.0 45.47487 -0.49999 0.07399 0.0 0.0 0.0 0.0 0.0 0.0 0.0125770292562 44 0 0.901960784314 1.92689880765 -77.2953308327
-0.12623 0.35028 3.35743 -0.12979 0.55971 4.38811528152 0.78258 0.98072 0.30541 0.41196 152.77952 195.62801 147.22542 138.42519 0.3 0.3 0.0 0.0 0.0 0.0 0.0 0.0 0.72115 0.0 0.0 45.47487 -0.49999 0.07399 0.0 0.0 0.0 0.0 0.0 0.0 0.0130042722079 45 1 0.915789473684 1.74469488591 -60.3983481692
-0.12623 0.35028 3.35743 -0.12979 0.55971 4.35641584411 0.78258 0.98072 0.30541 0.41196 152.77952 195.62801 147.22542 138.42519 0.3 0.3 0.0 0.0 0.0 0.0 0.0 0.0 0.72115 0.0 0.0 45.47487 -0.49999 0.07399 0.0 0.0 0.0 0.0 0.0 0.0 0.0138152601029 46 1 0.923124612523 1.66294872666 -39.4508013996
-0.12623 0.35028 3.35743 -0.12979 0.55971 4.34278269656 0.78258 0.98072 0.30541 0.41196 152.77952 195.62801 147.22542 138.42519 0.3 0.3 0.0 0.0 0.0 0.0 0.0 0.0 0.72115 0.0 0.0 45.47487 -0.49999 0.07399 0.0 0.0 0.0 0.0 0.0 0.0 0.0136931290208 47 1 0.924704418171 1.67990582927 -39.2932459319
-0.12623 0.35028 3.35743 -0.12979 0.55971 4.36297124141 0.78258 0.98072 0.30541 0.41196 152.77952 195.62801 147.22542 138.42519 0.3 0.3 0.0 0.0 0.0 0.0 0.0 0.0 0.72115 0.0 0.0 45.47487 -0.49999 0.07399 0.0 0.0 0.0 0.0 0.0 0.0 0.0137675087679 48 0 0.920123839009 1.70960393588 -39.2932459319
-0.12623 0.35028 3.35743 -0.12979 0.55971 4.37501504774 0.78258 0.98072 0.30541 0.41196 152.77952 195.62801 147.22542 138.42519 0.3 0.3 0.0 0.0 0.0 0.0 0.0 0.0 0.72115 0.0 0.0 45.47487 -0.49999 0.07399 0.0 0.0 0.0 0.0 0.0 0.0 0.0136148698291 49 0 0.919454770756 1.70643191557 -39.2932459319
-0.12623 0.35028 3.35743 -0.12979 0.55971 4.35650510778 0.78258 0.98072 0.30541 0.41196 152.77952 195.62801 147.22542 138.42519 0.3 0.3 0.0 0.0 0.0 0.0 0.0 0.0 0.72115 0.0 0.0 45.47487 -0.49999 0.07399 0.0 0.0 0.0 0.0 0.0 0.0 0.0134018291383 50 0 0.923124612523 1.66308367527 -39.2932459319
