-0.12623 0.35028 3.35743 -0.12979 0.55971 3.66719024333 0.78258 0.98072 0.30541 0.41196 152.77952 195.62801 147.22542 138.42519 0.3 0.3 0.0 0.0 0.0 0.0 0.0 0.0 0.72115 0.0 0.0 45.47487 -0.49999 0.07399 0.0 0.0 0.0 0.0 0.0 0.0 0.01 0 1 0.91548463357 1.58927972974 -86.5211444288
-0.12623 0.35028 3.35743 -0.12979 0.55971 3.61500330235 0.78258 0.98072 0.30541 0.41196 152.77952 195.62801 147.22542 138.42519 0.3 0.3 0.0 0.0 0.0 0.0 0.0 0.0 0.72115 0.0 0.0 45.47487 -0.49999 0.07399 0.0 0.0 0.0 0.0 0.0 0.0 0.00978468786515 1 0 0.903150525088 1.6538199873 -86.5211444288
-0.12623 0.35028 3.35743 -0.12979 0.55971 3.66747545651 0.78258 0.98072 0.30541 0.41196 152.77952 195.62801 147.22542 138.42519 0.3 0.3 0.0 0.0 0.0 0.0 0.0 0.0 0.72115 0.0 0.0 45.47487 -0.49999 0.07399 0.0 0.0 0.0 0.0 0.0 0.0 0.0102018958429 2 1 0.916075650118 1.58424317279 -81.2572585777
-0.12623 0.35028 3.35743 -0.12979 0.55971 3.69403599258 0.78258 0.98072 0.30541 0.41196 152.77952 195.62801 147.22542 138.42519 0.3 0.3 0.0 0.0 0.0 0.0 0.0 0.0 0.72115 0.0 0.0 45.47487 -0.49999 0.07399 0.0 0.0 0.0 0.0 0.0 0.0 0.0102425210059 3 1 0.926785714286 1.70945609609 -70.9935802189
-0.12623 0.35028 3.35743 -0.12979 0.55971 3.69182388321 0.78258 0.98072 0.30541 0.41196 152.77952 195.62801 147.22542 138.42519 0.3 0.3 0.0 0.0 0.0 0.0 0.0 0.0 0.72115 0.0 0.0 45.47487 -0.49999 0.07399 0.0 0.0 0.0 0.0 0.0 0.0 0.0106595272638 4 1 0.925 1.67891958259 -66.1488756418
-0.12623 0.35028 3.35743 -0.12979 0.55971 3.66975538165 0.78258 0.98072 0.30541 0.41196 152.77952 195.62801 147.22542 138.42519 0.3 0.3 0.0 0.0 0.0 0.0 0.0 0.0 0.72115 0.0 0.0 45.47487 -0.49999 0.07399 0.0 0.0 0.0 0.0 0.0 0.0 0.011099510563 5 0 0.917208752218 1.63872357783 -66.1488756418
-0.12623 0.35028 3.35743 -0.12979 0.55971 3.72129744324 0.78258 0.98072 0.30541 0.41196 152.77952 195.62801 147.22542 138.42519 0.3 0.3 0.0 0.0 0.0 0.0 0.0 0.0 0.72115 0.0 0.0 45.47487 -0.49999 0.07399 0.0 0.0 0.0 0.0 0.0 0.0 0.0103239793175 6 1 0.92725104353 1.58490693551 -58.7100628934
-0.12623 0.35028 3.35743 -0.12979 0.55971 3.69957401725 0.78258 0.98072 0.30541 0.41196 152.77952 195.62801 147.22542 138.42519 0.3 0.3 0.0 0.0 0.0 0.0 0.0 0.0 0.72115 0.0 0.0 45.47487 -0.49999 0.07399 0.0 0.0 0.0 0.0 0.0 0.0 0.0109267872283 7 0 0.92789034565 1.80484041253 -58.7100628934
-0.12623 0.35028 3.35743 -0.12979 0.55971 3.73346422783 0.78258 0.98072 0.30541 0.41196 152.77952 195.62801 147.22542 138.42519 0.3 0.3 0.0 0.0 0.0 0.0 0.0 0.0 0.72115 0.0 0.0 45.47487 -0.49999 0.07399 0.0 0.0 0.0 0.0 0.0 0.0 0.0107949168971 8 1 0.931777378815 1.72876738874 -56.0747261216
-0.12623 0.35028 3.35743 -0.12979 0.55971 3.75842205963 0.78258 0.98072 0.30541 0.41196 152.77952 195.62801 147.22542 138.42519 0.3 0.3 0.0 0.0 0.0 0.0 0.0 0.0 0.72115 0.0 0.0 45.47487 -0.49999 0.07399 0.0 0.0 0.0 0.0 0.0 0.0 0.0103069708574 9 1 0.937575030012 1.46913751799 -35.9307212029
-0.12623 0.35028 3.35743 -0.12979 0.55971 3.74809661315 0.78258 0.98072 0.30541 0.41196 152.77952 195.62801 147.22542 138.42519 0.3 0.3 0.0 0.0 0.0 0.0 0.0 0.0 0.72115 0.0 0.0 45.47487 -0.49999 0.07399 0.0 0.0 0.0 0.0 0.0 0.0 0.00973897821541 10 0 0.934013197361 1.6269305735 -35.9307212029
-0.12623 0.35028 3.35743 -0.12979 0.55971 3.73357914232 0.78258 0.98072 0.30541 0.41196 152.77952 195.62801 147.22542 138.42519 0.3 0.3 0.0 0.0 0.0 0.0 0.0 0.0 0.72115 0.0 0.0 45.47487 -0.49999 0.07399 0.0 0.0 0.0 0.0 0.0 0.0 0.0099521150367 11 0 0.932335329341 1.74619948891 -35.9307212029
-0.12623 0.35028 3.35743 -0.12979 0.55971 3.759751712 0.78258 0.98072 0.30541 0.41196 152.77952 195.62801 147.22542 138.42519 0.3 0.3 0.0 0.0 0.0 0.0 0.0 0.0 0.72115 0.0 0.0 45.47487 -0.49999 0.07399 0.0 0.0 0.0 0.0 0.0 0.0 0.00987284927383 12 0 0.938100961538 1.59851427139 -35.9307212029
-0.12623 0.35028 3.35743 -0.12979 0.55971 3.75666159078 0.78258 0.98072 0.30541 0.41196 152.77952 195.62801 147.22542 138.42519 0.3 0.3 0.0 0.0 0.0 0.0 0.0 0.0 0.72115 0.0 0.0 45.47487 -0.49999 0.07399 0.0 0.0 0.0 0.0 0.0 0.0 0.0102946737804 13 1 0.938138138138 1.50203141873 -37.0760384534
-0.12623 0.35028 3.35743 -0.12979 0.55971 3.77249216913 0.78258 0.98072 0.30541 0.41196 152.77952 195.62801 147.22542 138.42519 0.3 0.3 0.0 0.0 0.0 0.0 0.0 0.0 0.72115 0.0 0.0 45.47487 -0.49999 0.07399 0.0 0.0 0.0 0.0 0.0 0.0 0.00963645918404 14 0 0.937951807229 1.60370172605 -37.0760384534
-0.12623 0.35028 3.35743 -0.12979 0.55971 3.75082233122 0.78258 0.98072 0.30541 0.41196 152.77952 195.62801 147.22542 138.42519 0.3 0.3 0.0 0.0 0.0 0.0 0.0 0.0 0.72115 0.0 0.0 45.47487 -0.49999 0.07399 0.0 0.0 0.0 0.0 0.0 0.0 0.0109852843774 15 1 0.935174069628 1.53885720823 -37.6404194577
-0.12623 0.35028 3.35743 -0.12979 0.55971 3.73641134007 0.78258 0.98072 0.30541 0.41196 152.77952 195.62801 147.22542 138.42519 0.3 0.3 0.0 0.0 0.0 0.0 0.0 0.0 0.72115 0.0 0.0 45.47487 -0.49999 0.07399 0.0 0.0 0.0 0.0 0.0 0.0 0.0113868894183 16 0 0.934730538922 1.69867776638 -37.6404194577
-0.12623 0.35028 3.35743 -0.12979 0.55971 3.76247189291 0.78258 0.98072 0.30541 0.41196 152.77952 195.62801 147.22542 138.42519 0.3 0.3 0.0 0.0 0.0 0.0 0.0 0.0 0.72115 0.0 0.0 45.47487 -0.49999 0.07399 0.0 0.0 0.0 0.0 0.0 0.0 0.0112454225327 17 1 0.94046903187 1.61787611688 -33.1082340598
-0.12623 0.35028 3.35743 -0.12979 0.55971 3.76400981068 0.78258 0.98072 0.30541 0.41196 152.77952 195.62801 147.22542 138.42519 0.3 0.3 0.0 0.0 0.0 0.0 0.0 0.0 0.72115 0.0 0.0 45.47487 -0.49999 0.07399 0.0 0.0 0.0 0.0 0.0 0.0 0.0106367391636 18 0 0.939795304034 1.55490504959 -33.1082340598
-0.12623 0.35028 3.35743 -0.12979 0.55971 3.75577854609 0.78258 0.98072 0.30541 0.41196 152.77952 195.62801 147.22542 138.42519 0.3 0.3 0.0 0.0 0.0 0.0 0.0 0.0 0.72115 0.0 0.0 45.47487 -0.49999 0.07399 0.0 0.0 0.0 0.0 0.0 0.0 0.01152489251 19 1 0.938138138138 1.52431805664 -29.9285970899
-0.12623 0.35028 3.35743 -0.12979 0.55971 3.74884504442 0.78258 0.98072 0.30541 0.41196 152.77952 195.62801 147.22542 138.42519 0.3 0.3 0.0 0.0 0.0 0.0 0.0 0.0 0.72115 0.0 0.0 45.47487 -0.49999 0.07399 0.0 0.0 0.0 0.0 0.0 0.0 0.0110329254142 20 0 0.936974789916 1.52238957604 -29.9285970899
-0.12623 0.35028 3.35743 -0.12979 0.55971 3.76579418723 0.78258 0.98072 0.30541 0.41196 152.77952 195.62801 147.22542 138.42519 0.3 0.3 0.0 0.0 0.0 0.0 0.0 0.0 0.72115 0.0 0.0 45.47487 -0.49999 0.07399 0.0 0.0 0.0 0.0 0.0 0.0 0.0117977918058 21 1 0.942098914355 1.56027941215 -25.7979312233
-0.12623 0.35028 3.35743 -0.12979 0.55971 3.75518422539 0.78258 0.98072 0.30541 0.41196 152.77952 195.62801 147.22542 138.42519 0.3 0.3 0.0 0.0 0.0 0.0 0.0 0.0 0.72115 0.0 0.0 45.47487 -0.49999 0.07399 0.0 0.0 0.0 0.0 0.0 0.0 0.0111660076002 22 0 0.938775510204 1.52725717182 -25.7979312233
-0.12623 0.35028 3.35743 -0.12979 0.55971 3.76486201212 0.78258 0.98072 0.30541 0.41196 152.77952 195.62801 147.22542 138.42519 0.3 0.3 0.0 0.0 0.0 0.0 0.0 0.0 0.72115 0.0 0.0 45.47487 -0.49999 0.07399 0.0 0.0 0.0 0.0 0.0 0.0 0.0108893688795 23 0 0.941531042797 1.53779423434 -25.7979312233
-0.12623 0.35028 3.35743 -0.12979 0.55971 3.75979407158 0.78258 0.98072 0.30541 0.41196 152.77952 195.62801 147.22542 138.42519 0.3 0.3 0.0 0.0 0.0 0.0 0.0 0.0 0.72115 0.0 0.0 45.47487 -0.49999 0.07399 0.0 0.0 0.0 0.0 0.0 0.0 0.0118687916941 24 0 0.938100961538 1.59698715032 -25.7979312233
-0.12623 0.35028 3.35743 -0.12979 0.55971 3.7544603548 0.78258 0.98072 0.30541 0.41196 152.77952 195.62801 147.22542 138.42519 0.3 0.3 0.0 0.0 0.0 0.0 0.0 0.0 0.72115 0.0 0.0 45.47487 -0.49999 0.07399 0.0 0.0 0.0 0.0 0.0 0.0 0.0113836393958 25 0 0.937612477504 1.58295380562 -25.7979312233
-0.12623 0.35028 3.35743 -0.12979 0.55971 3.77384592806 0.78258 0.98072 0.30541 0.41196 152.77952 195.62801 147.22542 138.42519 0.3 0.3 0.0 0.0 0.0 0.0 0.0 0.0 0.72115 0.0 0.0 45.47487 -0.49999 0.07399 0.0 0.0 0.0 0.0 0.0 0.0 0.0115208071291 26 0 0.936183022276 1.58809241747 -25.7979312233
-0.12623 0.35028 3.35743 -0.12979 0.55971 3.78717249336 0.78258 0.98072 0.30541 0.41196 152.77952 195.62801 147.22542 138.42519 0.3 0.3 0.0 0.0 0.0 0.0 0.0 0.0 0.72115 0.0 0.0 45.47487 -0.49999 0.07399 0.0 0.0 0.0 0.0 0.0 0.0 0.0119684388474 27 1 0.940963855422 1.52453844547 -24.7687895153
-0.12623 0.35028 3.35743 -0.12979 0.55971 3.76777006823 0.78258 0.98072 0.30541 0.41196 152.77952 195.62801 147.22542 138.42519 0.3 0.3 0.0 0.0 0.0 0.0 0.0 0.0 0.72115 0.0 0.0 45.47487 -0.49999 0.07399 0.0 0.0 0.0 0.0 0.0 0.0 0.0118940792024 28 1 0.943908323281 1.56853104433 -23.8456705452
-0.12623 0.35028 3.35743 -0.12979 0.55971 3.75416973122 0.78258 0.98072 0.30541 0.41196 152.77952 195.62801 147.22542 138.42519 0.3 0.3 0.0 0.0 0.0 0.0 0.0 0.0 0.72115 0.0 0.0 45.47487 -0.49999 0.07399 0.0 0.0 0.0 0.0 0.0 0.0 0.0110887073808 29 0 0.937012597481 1.58600913198 -23.8456705452
-0.12623 0.35028 3.35743 -0.12979 0.55971 3.76987810899 0.78258 0.98072 0.30541 0.41196 152.77952 195.62801 147.22542 138.42519 0.3 0.3 0.0 0.0 0.0 0.0 0.0 0.0 0.72115 0.0 0.0 45.47487 -0.49999 0.07399 0.0 0.0 0.0 0.0 0.0 0.0 0.0116155616977 30 0 0.937989163155 1.60621649826 -23.8456705452
-0.12623 0.35028 3.35743 -0.12979 0.55971 3.75125519341 0.78258 0.98072 0.30541 0.41196 152.77952 195.62801 147.22542 138.42519 0.3 0.3 0.0 0.0 0.0 0.0 0.0 0.0 0.72115 0.0 0.0 45.47487 -0.49999 0.07399 0.0 0.0 0.0 0.0 0.0 0.0 0.0117626042555 31 0 0.934013197361 1.54199693517 -23.8456705452
-0.12623 0.35028 3.35743 -0.12979 0.55971 3.76064074793 0.78258 0.98072 0.30541 0.41196 152.77952 195.62801 147.22542 138.42519 0.3 0.3 0.0 0.0 0.0 0.0 0.0 0.0 0.72115 0.0 0.0 45.47487 -0.49999 0.07399 0.0 0.0 0.0 0.0 0.0 0.0 0.0114218041125 32 0 0.939831528279 1.59523795409 -23.8456705452
-0.12623 0.35028 3.35743 -0.12979 0.55971 3.79432990725 0.78258 0.98072 0.30541 0.41196 152.77952 195.62801 147.22542 138.42519 0.3 0.3 0.0 0.0 0.0 0.0 0.0 0.0 0.72115 0.0 0.0 45.47487 -0.49999 0.07399 0.0 0.0 0.0 0.0 0.0 0.0 0.0117807525954 33 0 0.939649969825 1.54434482671 -23.8456705452
-0.12623 0.35028 3.35743 -0.12979 0.55971 3.78364589381 0.78258 0.98072 0.30541 0.41196 152.77952 195.62801 147.22542 138.42519 0.3 0.3 0.0 0.0 0.0 0.0 0.0 0.0 0.72115 0.0 0.0 45.47487 -0.49999 0.07399 0.0 0.0 0.0 0.0 0.0 0.0 0.0106329520962 34 0 0.939722724533 1.48346781144 -23.8456705452
-0.12623 0.35028 3.35743 -0.12979 0.55971 3.76471331113 0.78258 0.98072 0.30541 0.41196 152.77952 195.62801 147.22542 138.42519 0.3 0.3 0.0 0.0 0.0 0.0 0.0 0.0 0.72115 0.0 0.0 45.47487 -0.49999 0.07399 0.0 0.0 0.0 0.0 0.0 0.0 0.0125403638888 35 1 0.940361445783 1.54320960924 -23.4712162856
-0.12623 0.35028 3.35743 -0.12979 0.55971 3.7826970136 0.78258 0.98072 0.30541 0.41196 152.77952 195.62801 147.22542 138.42519 0.3 0.3 0.0 0.0 0.0 0.0 0.0 0.0 0.72115 0.0 0.0 45.47487 -0.49999 0.07399 0.0 0.0 0.0 0.0 0.0 0.0 0.0114739353128 36 0 0.938591210114 1.50118359601 -23.4712162856
-0.12623 0.35028 3.35743 -0.12979 0.55971 3.75640206368 0.78258 0.98072 0.30541 0.41196 152.77952 195.62801 147.22542 138.42519 0.3 0.3 0.0 0.0 0.0 0.0 0.0 0.0 0.72115 0.0 0.0 45.47487 -0.49999 0.07399 0.0 0.0 0.0 0.0 0.0 0.0 0.0128784512806 37 1 0.938138138138 1.53271698206 -23.6694437174
-0.12623 0.35028 3.35743 -0.12979 0.55971 3.74205565919 0.78258 0.98072 0.30541 0.41196 152.77952 195.62801 147.22542 138.42519 0.3 0.3 0.0 0.0 0.0 0.0 0.0 0.0 0.72115 0.0 0.0 45.47487 -0.49999 0.07399 0.0 0.0 0.0 0.0 0.0 0.0 0.0128544794706 38 0 0.937612477504 1.6134355 -23.6694437174
-0.12623 0.35028 3.35743 -0.12979 0.55971 3.72730971319 0.78258 0.98072 0.30541 0.41196 152.77952 195.62801 147.22542 138.42519 0.3 0.3 0.0 0.0 0.0 0.0 0.0 0.0 0.72115 0.0 0.0 45.47487 -0.49999 0.07399 0.0 0.0 0.0 0.0 0.0 0.0 0.0122676854259 39 0 0.928443649374 1.65239130901 -23.6694437174
-0.12623 0.35028 3.35743 -0.12979 0.55971 3.73655908658 0.78258 0.98072 0.30541 0.41196 152.77952 195.62801 147.22542 138.42519 0.3 0.3 0.0 0.0 0.0 0.0 0.0 0.0 0.72115 0.0 0.0 45.47487 -0.49999 0.07399 0.0 0.0 0.0 0.0 0.0 0.0 0.0117969767641 40 0 0.935329341317 1.64222436562 -23.6694437174
-0.12623 0.35028 3.35743 -0.12979 0.55971 3.74288602334 0.78258 0.98072 0.30541 0.41196 152.77952 195.62801 147.22542 138.42519 0.3 0.3 0.0 0.0 0.0 0.0 0.0 0.0 0.72115 0.0 0.0 45.47487 -0.49999 0.07399 0.0 0.0 0.0 0.0 0.0 0.0 0.0137862876367 41 1 0.937612477504 1.59754214622 -22.7670269074
-0.12623 0.35028 3.35743 -0.12979 0.55971 3.73521867129 0.78258 0.98072 0.30541 0.41196 152.77952 195.62801 147.22542 138.42519 0.3 0.3 0.0 0.0 0.0 0.0 0.0 0.0 0.72115 0.0 0.0 45.47487 -0.49999 0.07399 0.0 0.0 0.0 0.0 0.0 0.0 0.0134570554491 42 0 0.935329341317 1.67574441818 -22.7670269074
-0.12623 0.35028 3.35743 -0.12979 0.55971 3.70625215085 0.78258 0.98072 0.30541 0.41196 152.77952 195.62801 147.22542 138.42519 0.3 0.3 0.0 0.0 0.0 0.0 0.0 0.0 0.72115 0.0 0.0 45.47487 -0.49999 0.07399 0.0 0.0 0.0 0.0 0.0 0.0 0.0137542354549 43 0 0.929039952296 1.65117425407 -22.7670269074
-0.12623 0.35028 3.35743 -0.12979 0.55971 3.72416050031 0.78258 0.98072 0.30541 0.41196 152.77952 195.62801 147.22542 138.42519 0.3 0.3 0.0 0.0 0.0 0.0 0.0 0.0 0.72115 0.0 0.0 45.47487 -0.49999 0.07399 0.0 0.0 0.0 0.0 0.0 0.0 0.0133432623286 44 0 0.92725104353 1.72649129113 -22.7670269074
-0.12623 0.35028 3.35743 -0.12979 0.55971 3.77700742489 0.78258 0.98072 0.30541 0.41196 152.77952 195.62801 147.22542 138.42519 0.3 0.3 0.0 0.0 0.0 0.0 0.0 0.0 0.72115 0.0 0.0 45.47487 -0.49999 0.07399 0.0 0.0 0.0 0.0 0.0 0.0 0.0138369906968 45 1 0.937989163155 1.56410073792 -21.2054838853
-0.12623 0.35028 3.35743 -0.12979 0.55971 3.7993682512 0.78258 0.98072 0.30541 0.41196 152.77952 195.62801 147.22542 138.42519 0.3 0.3 0.0 0.0 0.0 0.0 0.0 0.0 0.72115 0.0 0.0 45.47487 -0.49999 0.07399 0.0 0.0 0.0 0.0 0.0 0.0 0.0143710964171 46 1 0.939046469523 1.63527016588 -20.7292751174
-0.12623 0.35028 3.35743 -0.12979 0.55971 3.79688309764 0.78258 0.98072 0.30541 0.41196 152.77952 195.62801 147.22542 138.42519 0.3 0.3 0.0 0.0 0.0 0.0 0.0 0.0 0.72115 0.0 0.0 45.47487 -0.49999 0.07399 0.0 0.0 0.0 0.0 0.0 0.0 0.0146974308969 47 1 0.941993957704 1.51755174338 -14.6346511628
-0.12623 0.35028 3.35743 -0.12979 0.55971 3.79333538291 0.78258 0.98072 0.30541 0.41196 152.77952 195.62801 147.22542 138.42519 0.3 0.3 0.0 0.0 0.0 0.0 0.0 0.0 0.72115 0.0 0.0 45.47487 -0.49999 0.07399 0.0 0.0 0.0 0.0 0.0 0.0 0.0147585756257 48 0 0.942028985507 1.6612085939 -14.6346511628
-0.12623 0.35028 3.35743 -0.12979 0.55971 3.80392702468 0.78258 0.98072 0.30541 0.41196 152.77952 195.62801 147.22542 138.42519 0.3 0.3 0.0 0.0 0.0 0.0 0.0 0.0 0.72115 0.0 0.0 45.47487 -0.49999 0.07399 0.0 0.0 0.0 0.0 0.0 0.0 0.0156210891742 49 0 0.939046469523 1.60861850786 -14.6346511628
-0.12623 0.35028 3.35743 -0.12979 0.55971 3.80816052383 0.78258 0.98072 0.30541 0.41196 152.77952 195.62801 147.22542 138.42519 0.3 0.3 0.0 0.0 0.0 0.0 0.0 0.0 0.72115 0.0 0.0 45.47487 -0.49999 0.07399 0.0 0.0 0.0 0.0 0.0 0.0 0.0148496109338 50 1 0.941389728097 1.52849070881 -14.9067073966
