-0.12623 0.35028 3.35743 -0.12979 0.55971 4.16213190267 0.78258 0.98072 0.30541 0.41196 152.77952 195.62801 147.22542 138.42519 0.3 0.3 0.0 0.0 0.0 0.0 0.0 0.0 0.72115 0.0 0.0 45.47487 -0.49999 0.07399 0.0 0.0 0.0 0.0 0.0 0.0 0.01 0 1 0.957993730408 1.34115564045 -12.1830254313
-0.12623 0.35028 3.35743 -0.12979 0.55971 4.1431273699 0.78258 0.98072 0.30541 0.41196 152.77952 195.62801 147.22542 138.42519 0.3 0.3 0.0 0.0 0.0 0.0 0.0 0.0 0.72115 0.0 0.0 45.47487 -0.49999 0.07399 0.0 0.0 0.0 0.0 0.0 0.0 0.0102518069021 1 0 0.958646616541 1.50081957423 -12.1830254313
-0.12623 0.35028 3.35743 -0.12979 0.55971 4.16784498884 0.78258 0.98072 0.30541 0.41196 152.77952 195.62801 147.22542 138.42519 0.3 0.3 0.0 0.0 0.0 0.0 0.0 0.0 0.72115 0.0 0.0 45.47487 -0.49999 0.07399 0.0 0.0 0.0 0.0 0.0 0.0 0.00897950283176 2 0 0.958594730238 1.32897740073 -12.1830254313
-0.12623 0.35028 3.35743 -0.12979 0.55971 4.16607672676 0.78258 0.98072 0.30541 0.41196 152.77952 195.62801 147.22542 138.42519 0.3 0.3 0.0 0.0 0.0 0.0 0.0 0.0 0.72115 0.0 0.0 45.47487 -0.49999 0.07399 0.0 0.0 0.0 0.0 0.0 0.0 0.00895291865057 3 0 0.958594730238 1.34142873198 -12.1830254313
-0.12623 0.35028 3.35743 -0.12979 0.55971 4.12784973075 0.78258 0.98072 0.30541 0.41196 152.77952 195.62801 147.22542 138.42519 0.3 0.3 0.0 0.0 0.0 0.0 0.0 0.0 0.72115 0.0 0.0 45.47487 -0.49999 0.07399 0.0 0.0 0.0 0.0 0.0 0.0 0.00996762484187 4 1 0.958542713568 1.24517471802 -9.72114906271
-0.12623 0.35028 3.35743 -0.12979 0.55971 4.12991725032 0.78258 0.98072 0.30541 0.41196 152.77952 195.62801 147.22542 138.42519 0.3 0.3 0.0 0.0 0.0 0.0 0.0 0.0 0.72115 0.0 0.0 45.47487 -0.49999 0.07399 0.0 0.0 0.0 0.0 0.0 0.0 0.0102194139574 5 1 0.958542713568 1.26010397524 -9.40116788508
-0.12623 0.35028 3.35743 -0.12979 0.55971 4.1355823008 0.78258 0.98072 0.30541 0.41196 152.77952 195.62801 147.22542 138.42519 0.3 0.3 0.0 0.0 0.0 0.0 0.0 0.0 0.72115 0.0 0.0 45.47487 -0.49999 0.07399 0.0 0.0 0.0 0.0 0.0 0.0 0.0102627234534 6 0 0.961707470182 1.3897047984 -9.40116788508
-0.12623 0.35028 3.35743 -0.12979 0.55971 4.10199341098 0.78258 0.98072 0.30541 0.41196 152.77952 195.62801 147.22542 138.42519 0.3 0.3 0.0 0.0 0.0 0.0 0.0 0.0 0.72115 0.0 0.0 45.47487 -0.49999 0.07399 0.0 0.0 0.0 0.0 0.0 0.0 0.0101143039365 7 1 0.960501567398 1.08741372504 -5.34182827029
-0.12623 0.35028 3.35743 -0.12979 0.55971 4.0844465411 0.78258 0.98072 0.30541 0.41196 152.77952 195.62801 147.22542 138.42519 0.3 0.3 0.0 0.0 0.0 0.0 0.0 0.0 0.72115 0.0 0.0 45.47487 -0.49999 0.07399 0.0 0.0 0.0 0.0 0.0 0.0 0.0113497997514 8 1 0.974230043997 1.24631418228 -0.444217087579
-0.12623 0.35028 3.35743 -0.12979 0.55971 4.07699904258 0.78258 0.98072 0.30541 0.41196 152.77952 195.62801 147.22542 138.42519 0.3 0.3 0.0 0.0 0.0 0.0 0.0 0.0 0.72115 0.0 0.0 45.47487 -0.49999 0.07399 0.0 0.0 0.0 0.0 0.0 0.0 0.0117378940511 9 1 0.973618090452 1.09972306261 0.471293001564
-0.12623 0.35028 3.35743 -0.12979 0.55971 4.07230451718 0.78258 0.98072 0.30541 0.41196 152.77952 195.62801 147.22542 138.42519 0.3 0.3 0.0 0.0 0.0 0.0 0.0 0.0 0.72115 0.0 0.0 45.47487 -0.49999 0.07399 0.0 0.0 0.0 0.0 0.0 0.0 0.0111454312399 10 1 0.972344437461 1.04396716017 0.2226140804
-0.12623 0.35028 3.35743 -0.12979 0.55971 4.046877194 0.78258 0.98072 0.30541 0.41196 152.77952 195.62801 147.22542 138.42519 0.3 0.3 0.0 0.0 0.0 0.0 0.0 0.0 0.72115 0.0 0.0 45.47487 -0.49999 0.07399 0.0 0.0 0.0 0.0 0.0 0.0 0.011051512992 11 1 0.976115650534 1.15519741009 0.469759142569
-0.12623 0.35028 3.35743 -0.12979 0.55971 4.06057163248 0.78258 0.98072 0.30541 0.41196 152.77952 195.62801 147.22542 138.42519 0.3 0.3 0.0 0.0 0.0 0.0 0.0 0.0 0.72115 0.0 0.0 45.47487 -0.49999 0.07399 0.0 0.0 0.0 0.0 0.0 0.0 0.00998469224891 12 1 0.97675879397 1.20948163082 -0.275167414514
-0.12623 0.35028 3.35743 -0.12979 0.55971 4.0206712268 0.78258 0.98072 0.30541 0.41196 152.77952 195.62801 147.22542 138.42519 0.3 0.3 0.0 0.0 0.0 0.0 0.0 0.0 0.72115 0.0 0.0 45.47487 -0.49999 0.07399 0.0 0.0 0.0 0.0 0.0 0.0 0.00939040642786 13 1 1.0 0.00700214699401 3.74912817044
-0.12623 0.35028 3.35743 -0.12979 0.55971 4.03109042674 0.78258 0.98072 0.30541 0.41196 152.77952 195.62801 147.22542 138.42519 0.3 0.3 0.0 0.0 0.0 0.0 0.0 0.0 0.72115 0.0 0.0 45.47487 -0.49999 0.07399 0.0 0.0 0.0 0.0 0.0 0.0 0.00917376894809 14 0 0.982986767486 0.970314835201 3.74912817044
-0.12623 0.35028 3.35743 -0.12979 0.55971 3.97761428419 0.78258 0.98072 0.30541 0.41196 152.77952 195.62801 147.22542 138.42519 0.3 0.3 0.0 0.0 0.0 0.0 0.0 0.0 0.72115 0.0 0.0 45.47487 -0.49999 0.07399 0.0 0.0 0.0 0.0 0.0 0.0 0.00945472002238 15 0 0.978111319575 1.17684517735 3.74912817044
-0.12623 0.35028 3.35743 -0.12979 0.55971 4.00298805472 0.78258 0.98072 0.30541 0.41196 152.77952 195.62801 147.22542 138.42519 0.3 0.3 0.0 0.0 0.0 0.0 0.0 0.0 0.72115 0.0 0.0 45.47487 -0.49999 0.07399 0.0 0.0 0.0 0.0 0.0 0.0 0.00940787219996 16 1 0.986163522013 1.17799018725 2.24647400451
-0.12623 0.35028 3.35743 -0.12979 0.55971 4.00405323306 0.78258 0.98072 0.30541 0.41196 152.77952 195.62801 147.22542 138.42519 0.3 0.3 0.0 0.0 0.0 0.0 0.0 0.0 0.72115 0.0 0.0 45.47487 -0.49999 0.07399 0.0 0.0 0.0 0.0 0.0 0.0 0.00960265101736 17 1 0.98679245283 1.18524400742 2.39801434402
-0.12623 0.35028 3.35743 -0.12979 0.55971 4.03640156564 0.78258 0.98072 0.30541 0.41196 152.77952 195.62801 147.22542 138.42519 0.3 0.3 0.0 0.0 0.0 0.0 0.0 0.0 0.72115 0.0 0.0 45.47487 -0.49999 0.07399 0.0 0.0 0.0 0.0 0.0 0.0 0.00964643979036 18 1 0.981096408318 1.06869078945 1.52927809717
-0.12623 0.35028 3.35743 -0.12979 0.55971 4.06490364242 0.78258 0.98072 0.30541 0.41196 152.77952 195.62801 147.22542 138.42519 0.3 0.3 0.0 0.0 0.0 0.0 0.0 0.0 0.72115 0.0 0.0 45.47487 -0.49999 0.07399 0.0 0.0 0.0 0.0 0.0 0.0 0.0104746080523 19 0 0.973618090452 1.09582856456 1.52927809717
-0.12623 0.35028 3.35743 -0.12979 0.55971 4.05701193139 0.78258 0.98072 0.30541 0.41196 152.77952 195.62801 147.22542 138.42519 0.3 0.3 0.0 0.0 0.0 0.0 0.0 0.0 0.72115 0.0 0.0 45.47487 -0.49999 0.07399 0.0 0.0 0.0 0.0 0.0 0.0 0.0099644274828 20 0 0.977372721559 1.22279407618 1.52927809717
-0.12623 0.35028 3.35743 -0.12979 0.55971 4.03159592788 0.78258 0.98072 0.30541 0.41196 152.77952 195.62801 147.22542 138.42519 0.3 0.3 0.0 0.0 0.0 0.0 0.0 0.0 0.72115 0.0 0.0 45.47487 -0.49999 0.07399 0.0 0.0 0.0 0.0 0.0 0.0 0.00899561178053 21 1 0.982986767486 0.935615645198 2.22649281528
-0.12623 0.35028 3.35743 -0.12979 0.55971 4.03356904299 0.78258 0.98072 0.30541 0.41196 152.77952 195.62801 147.22542 138.42519 0.3 0.3 0.0 0.0 0.0 0.0 0.0 0.0 0.72115 0.0 0.0 45.47487 -0.49999 0.07399 0.0 0.0 0.0 0.0 0.0 0.0 0.00966458400683 22 1 0.984247006931 0.842978411708 2.77636878462
-0.12623 0.35028 3.35743 -0.12979 0.55971 4.05959459013 0.78258 0.98072 0.30541 0.41196 152.77952 195.62801 147.22542 138.42519 0.3 0.3 0.0 0.0 0.0 0.0 0.0 0.0 0.72115 0.0 0.0 45.47487 -0.49999 0.07399 0.0 0.0 0.0 0.0 0.0 0.0 0.00915715728558 23 0 0.97675879397 1.22529013779 2.77636878462
-0.12623 0.35028 3.35743 -0.12979 0.55971 4.04603821581 0.78258 0.98072 0.30541 0.41196 152.77952 195.62801 147.22542 138.42519 0.3 0.3 0.0 0.0 0.0 0.0 0.0 0.0 0.72115 0.0 0.0 45.47487 -0.49999 0.07399 0.0 0.0 0.0 0.0 0.0 0.0 0.00923069117958 24 0 0.981715006305 1.16627313437 2.77636878462
-0.12623 0.35028 3.35743 -0.12979 0.55971 4.02757605369 0.78258 0.98072 0.30541 0.41196 152.77952 195.62801 147.22542 138.42519 0.3 0.3 0.0 0.0 0.0 0.0 0.0 0.0 0.72115 0.0 0.0 45.47487 -0.49999 0.07399 0.0 0.0 0.0 0.0 0.0 0.0 0.00992250731981 25 1 0.99430740038 0.35806554804 3.67291153746
-0.12623 0.35028 3.35743 -0.12979 0.55971 4.03695249886 0.78258 0.98072 0.30541 0.41196 152.77952 195.62801 147.22542 138.42519 0.3 0.3 0.0 0.0 0.0 0.0 0.0 0.0 0.72115 0.0 0.0 45.47487 -0.49999 0.07399 0.0 0.0 0.0 0.0 0.0 0.0 0.0100040575782 26 0 0.981084489281 1.17744304815 3.67291153746
-0.12623 0.35028 3.35743 -0.12979 0.55971 4.02870450798 0.78258 0.98072 0.30541 0.41196 152.77952 195.62801 147.22542 138.42519 0.3 0.3 0.0 0.0 0.0 0.0 0.0 0.0 0.72115 0.0 0.0 45.47487 -0.49999 0.07399 0.0 0.0 0.0 0.0 0.0 0.0 0.00996809040971 27 1 0.988020176545 0.802890567863 3.22388491247
-0.12623 0.35028 3.35743 -0.12979 0.55971 4.02389086879 0.78258 0.98072 0.30541 0.41196 152.77952 195.62801 147.22542 138.42519 0.3 0.3 0.0 0.0 0.0 0.0 0.0 0.0 0.72115 0.0 0.0 45.47487 -0.49999 0.07399 0.0 0.0 0.0 0.0 0.0 0.0 0.0101143807472 28 1 0.993682880606 0.472261837702 3.63135789462
-0.12623 0.35028 3.35743 -0.12979 0.55971 4.03580338943 0.78258 0.98072 0.30541 0.41196 152.77952 195.62801 147.22542 138.42519 0.3 0.3 0.0 0.0 0.0 0.0 0.0 0.0 0.72115 0.0 0.0 45.47487 -0.49999 0.07399 0.0 0.0 0.0 0.0 0.0 0.0 0.00921106511464 29 0 0.98172652804 1.05690997399 3.63135789462
-0.12623 0.35028 3.35743 -0.12979 0.55971 4.0124455699 0.78258 0.98072 0.30541 0.41196 152.77952 195.62801 147.22542 138.42519 0.3 0.3 0.0 0.0 0.0 0.0 0.0 0.0 0.72115 0.0 0.0 45.47487 -0.49999 0.07399 0.0 0.0 0.0 0.0 0.0 0.0 0.0100014138773 30 1 0.984896161108 1.10695969067 2.28880363271
-0.12623 0.35028 3.35743 -0.12979 0.55971 3.98890456789 0.78258 0.98072 0.30541 0.41196 152.77952 195.62801 147.22542 138.42519 0.3 0.3 0.0 0.0 0.0 0.0 0.0 0.0 0.72115 0.0 0.0 45.47487 -0.49999 0.07399 0.0 0.0 0.0 0.0 0.0 0.0 0.010542952806 31 0 0.97868338558 1.13969023862 2.28880363271
-0.12623 0.35028 3.35743 -0.12979 0.55971 4.0228063034 0.78258 0.98072 0.30541 0.41196 152.77952 195.62801 147.22542 138.42519 0.3 0.3 0.0 0.0 0.0 0.0 0.0 0.0 0.72115 0.0 0.0 45.47487 -0.49999 0.07399 0.0 0.0 0.0 0.0 0.0 0.0 0.0101327865035 32 1 0.998100063331 0.404055319873 3.67017045552
-0.12623 0.35028 3.35743 -0.12979 0.55971 4.02551945812 0.78258 0.98072 0.30541 0.41196 152.77952 195.62801 147.22542 138.42519 0.3 0.3 0.0 0.0 0.0 0.0 0.0 0.0 0.72115 0.0 0.0 45.47487 -0.49999 0.07399 0.0 0.0 0.0 0.0 0.0 0.0 0.0101206160488 33 1 0.993046776233 0.316820974717 3.65055268346
-0.12623 0.35028 3.35743 -0.12979 0.55971 4.031904121 0.78258 0.98072 0.30541 0.41196 152.77952 195.62801 147.22542 138.42519 0.3 0.3 0.0 0.0 0.0 0.0 0.0 0.0 0.72115 0.0 0.0 45.47487 -0.49999 0.07399 0.0 0.0 0.0 0.0 0.0 0.0 0.0101326964825 34 0 0.983616887209 0.948800277177 3.65055268346
-0.12623 0.35028 3.35743 -0.12979 0.55971 4.01074480744 0.78258 0.98072 0.30541 0.41196 152.77952 195.62801 147.22542 138.42519 0.3 0.3 0.0 0.0 0.0 0.0 0.0 0.0 0.72115 0.0 0.0 45.47487 -0.49999 0.07399 0.0 0.0 0.0 0.0 0.0 0.0 0.00968367860802 35 0 0.984896161108 1.0891872648 3.65055268346
-0.12623 0.35028 3.35743 -0.12979 0.55971 4.02737503051 0.78258 0.98072 0.30541 0.41196 152.77952 195.62801 147.22542 138.42519 0.3 0.3 0.0 0.0 0.0 0.0 0.0 0.0 0.72115 0.0 0.0 45.47487 -0.49999 0.07399 0.0 0.0 0.0 0.0 0.0 0.0 0.00970907894765 36 1 0.993678887484 0.355670590047 3.68894531923
-0.12623 0.35028 3.35743 -0.12979 0.55971 4.01500643831 0.78258 0.98072 0.30541 0.41196 152.77952 195.62801 147.22542 138.42519 0.3 0.3 0.0 0.0 0.0 0.0 0.0 0.0 0.72115 0.0 0.0 45.47487 -0.49999 0.07399 0.0 0.0 0.0 0.0 0.0 0.0 0.00973797031591 37 0 0.986767485822 0.954625187419 3.68894531923
-0.12623 0.35028 3.35743 -0.12979 0.55971 4.02374261588 0.78258 0.98072 0.30541 0.41196 152.77952 195.62801 147.22542 138.42519 0.3 0.3 0.0 0.0 0.0 0.0 0.0 0.0 0.72115 0.0 0.0 45.47487 -0.49999 0.07399 0.0 0.0 0.0 0.0 0.0 0.0 0.0100028626422 38 1 0.996833438885 0.447317618333 3.67591939605
-0.12623 0.35028 3.35743 -0.12979 0.55971 4.04163029267 0.78258 0.98072 0.30541 0.41196 152.77952 195.62801 147.22542 138.42519 0.3 0.3 0.0 0.0 0.0 0.0 0.0 0.0 0.72115 0.0 0.0 45.47487 -0.49999 0.07399 0.0 0.0 0.0 0.0 0.0 0.0 0.00995544178595 39 0 0.981084489281 1.25425361897 3.67591939605
-0.12623 0.35028 3.35743 -0.12979 0.55971 3.99736732435 0.78258 0.98072 0.30541 0.41196 152.77952 195.62801 147.22542 138.42519 0.3 0.3 0.0 0.0 0.0 0.0 0.0 0.0 0.72115 0.0 0.0 45.47487 -0.49999 0.07399 0.0 0.0 0.0 0.0 0.0 0.0 0.00993567828461 40 0 0.983658076681 1.34319518844 3.67591939605
-0.12623 0.35028 3.35743 -0.12979 0.55971 4.04366378914 0.78258 0.98072 0.30541 0.41196 152.77952 195.62801 147.22542 138.42519 0.3 0.3 0.0 0.0 0.0 0.0 0.0 0.0 0.72115 0.0 0.0 45.47487 -0.49999 0.07399 0.0 0.0 0.0 0.0 0.0 0.0 0.00943207856593 41 0 0.981084489281 1.20972307634 3.67591939605
-0.12623 0.35028 3.35743 -0.12979 0.55971 4.02058662847 0.78258 0.98072 0.30541 0.41196 152.77952 195.62801 147.22542 138.42519 0.3 0.3 0.0 0.0 0.0 0.0 0.0 0.0 0.72115 0.0 0.0 45.47487 -0.49999 0.07399 0.0 0.0 0.0 0.0 0.0 0.0 0.00876514839315 42 1 1.0 0.110455272638 3.81803329735
-0.12623 0.35028 3.35743 -0.12979 0.55971 4.02791779512 0.78258 0.98072 0.30541 0.41196 152.77952 195.62801 147.22542 138.42519 0.3 0.3 0.0 0.0 0.0 0.0 0.0 0.0 0.72115 0.0 0.0 45.47487 -0.49999 0.07399 0.0 0.0 0.0 0.0 0.0 0.0 0.008888220809 43 0 0.987389659521 0.836918590487 3.81803329735
-0.12623 0.35028 3.35743 -0.12979 0.55971 4.00011254828 0.78258 0.98072 0.30541 0.41196 152.77952 195.62801 147.22542 138.42519 0.3 0.3 0.0 0.0 0.0 0.0 0.0 0.0 0.72115 0.0 0.0 45.47487 -0.49999 0.07399 0.0 0.0 0.0 0.0 0.0 0.0 0.0102789409587 44 0 0.983029541169 1.31847036538 3.81803329735
-0.12623 0.35028 3.35743 -0.12979 0.55971 4.01723433451 0.78258 0.98072 0.30541 0.41196 152.77952 195.62801 147.22542 138.42519 0.3 0.3 0.0 0.0 0.0 0.0 0.0 0.0 0.72115 0.0 0.0 45.47487 -0.49999 0.07399 0.0 0.0 0.0 0.0 0.0 0.0 0.00914978561105 45 1 0.988020176545 0.936126594602 3.0239510003
-0.12623 0.35028 3.35743 -0.12979 0.55971 4.04064311933 0.78258 0.98072 0.30541 0.41196 152.77952 195.62801 147.22542 138.42519 0.3 0.3 0.0 0.0 0.0 0.0 0.0 0.0 0.72115 0.0 0.0 45.47487 -0.49999 0.07399 0.0 0.0 0.0 0.0 0.0 0.0 0.00917542111466 46 0 0.980453972257 1.21461225548 3.0239510003
-0.12623 0.35028 3.35743 -0.12979 0.55971 3.99126523437 0.78258 0.98072 0.30541 0.41196 152.77952 195.62801 147.22542 138.42519 0.3 0.3 0.0 0.0 0.0 0.0 0.0 0.0 0.72115 0.0 0.0 45.47487 -0.49999 0.07399 0.0 0.0 0.0 0.0 0.0 0.0 0.00851917572493 47 0 0.979323308271 1.16598840769 3.0239510003
-0.12623 0.35028 3.35743 -0.12979 0.55971 4.04659161821 0.78258 0.98072 0.30541 0.41196 152.77952 195.62801 147.22542 138.42519 0.3 0.3 0.0 0.0 0.0 0.0 0.0 0.0 0.72115 0.0 0.0 45.47487 -0.49999 0.07399 0.0 0.0 0.0 0.0 0.0 0.0 0.00902923159285 48 0 0.976115650534 1.13229089041 3.0239510003
-0.12623 0.35028 3.35743 -0.12979 0.55971 4.02237877783 0.78258 0.98072 0.30541 0.41196 152.77952 195.62801 147.22542 138.42519 0.3 0.3 0.0 0.0 0.0 0.0 0.0 0.0 0.72115 0.0 0.0 45.47487 -0.49999 0.07399 0.0 0.0 0.0 0.0 0.0 0.0 0.00897393158357 49 1 0.999366286439 0.168910247609 3.79442172396
-0.12623 0.35028 3.35743 -0.12979 0.55971 3.9843716839 0.78258 0.98072 0.30541 0.41196 152.77952 195.62801 147.22542 138.42519 0.3 0.3 0.0 0.0 0.0 0.0 0.0 0.0 0.72115 0.0 0.0 45.47487 -0.49999 0.07399 0.0 0.0 0.0 0.0 0.0 0.0 0.00841121143599 50 0 0.980588603632 1.17415080671 3.79442172396
