-0.12623 0.35028 3.35743 -0.12979 0.55971 3.95001404867 0.78258 0.98072 0.30541 0.41196 152.77952 195.62801 147.22542 138.42519 0.3 0.3 0.0 0.0 0.0 0.0 0.0 0.0 0.72115 0.0 0.0 45.47487 -0.49999 0.07399 0.0 0.0 0.0 0.0 0.0 0.0 0.01 0 1 0.971321695761 1.33980793973 -3.69556426133
-0.12623 0.35028 3.35743 -0.12979 0.55971 3.96443951296 0.78258 0.98072 0.30541 0.41196 152.77952 195.62801 147.22542 138.42519 0.3 0.3 0.0 0.0 0.0 0.0 0.0 0.0 0.72115 0.0 0.0 45.47487 -0.49999 0.07399 0.0 0.0 0.0 0.0 0.0 0.0 0.0101166011265 1 1 0.979323308271 1.19301719296 0.701903554973
-0.12623 0.35028 3.35743 -0.12979 0.55971 3.96165128153 0.78258 0.98072 0.30541 0.41196 152.77952 195.62801 147.22542 138.42519 0.3 0.3 0.0 0.0 0.0 0.0 0.0 0.0 0.72115 0.0 0.0 45.47487 -0.49999 0.07399 0.0 0.0 0.0 0.0 0.0 0.0 0.0100469511428 2 1 0.978723404255 1.26853768427 0.0731659697685
-0.12623 0.35028 3.35743 -0.12979 0.55971 3.98585532066 0.78258 0.98072 0.30541 0.41196 152.77952 195.62801 147.22542 138.42519 0.3 0.3 0.0 0.0 0.0 0.0 0.0 0.0 0.72115 0.0 0.0 45.47487 -0.49999 0.07399 0.0 0.0 0.0 0.0 0.0 0.0 0.0102847189543 3 1 0.979336255479 1.16858533394 0.901872952959
-0.12623 0.35028 3.35743 -0.12979 0.55971 3.97911841088 0.78258 0.98072 0.30541 0.41196 152.77952 195.62801 147.22542 138.42519 0.3 0.3 0.0 0.0 0.0 0.0 0.0 0.0 0.72115 0.0 0.0 45.47487 -0.49999 0.07399 0.0 0.0 0.0 0.0 0.0 0.0 0.0106152748212 4 1 0.979375 1.1061298533 1.31707756003
-0.12623 0.35028 3.35743 -0.12979 0.55971 3.99859443215 0.78258 0.98072 0.30541 0.41196 152.77952 195.62801 147.22542 138.42519 0.3 0.3 0.0 0.0 0.0 0.0 0.0 0.0 0.72115 0.0 0.0 45.47487 -0.49999 0.07399 0.0 0.0 0.0 0.0 0.0 0.0 0.0098756792297 5 1 0.983658076681 1.31410177542 1.33445356399
-0.12623 0.35028 3.35743 -0.12979 0.55971 3.98117381052 0.78258 0.98072 0.30541 0.41196 152.77952 195.62801 147.22542 138.42519 0.3 0.3 0.0 0.0 0.0 0.0 0.0 0.0 0.72115 0.0 0.0 45.47487 -0.49999 0.07399 0.0 0.0 0.0 0.0 0.0 0.0 0.0095353691014 6 1 0.981226533166 1.19558448755 0.963395968956
-0.12623 0.35028 3.35743 -0.12979 0.55971 4.00312168651 0.78258 0.98072 0.30541 0.41196 152.77952 195.62801 147.22542 138.42519 0.3 0.3 0.0 0.0 0.0 0.0 0.0 0.0 0.72115 0.0 0.0 45.47487 -0.49999 0.07399 0.0 0.0 0.0 0.0 0.0 0.0 0.0100264855414 7 1 0.986163522013 1.16537979475 2.39040766469
-0.12623 0.35028 3.35743 -0.12979 0.55971 4.0214281001 0.78258 0.98072 0.30541 0.41196 152.77952 195.62801 147.22542 138.42519 0.3 0.3 0.0 0.0 0.0 0.0 0.0 0.0 0.72115 0.0 0.0 45.47487 -0.49999 0.07399 0.0 0.0 0.0 0.0 0.0 0.0 0.0102510229551 8 1 1.0 0.134733221824 3.66143924468
-0.12623 0.35028 3.35743 -0.12979 0.55971 4.07059964476 0.78258 0.98072 0.30541 0.41196 152.77952 195.62801 147.22542 138.42519 0.3 0.3 0.0 0.0 0.0 0.0 0.0 0.0 0.72115 0.0 0.0 45.47487 -0.49999 0.07399 0.0 0.0 0.0 0.0 0.0 0.0 0.01131366156 9 0 0.971751412429 1.1317430595 3.66143924468
-0.12623 0.35028 3.35743 -0.12979 0.55971 4.02076005172 0.78258 0.98072 0.30541 0.41196 152.77952 195.62801 147.22542 138.42519 0.3 0.3 0.0 0.0 0.0 0.0 0.0 0.0 0.72115 0.0 0.0 45.47487 -0.49999 0.07399 0.0 0.0 0.0 0.0 0.0 0.0 0.0105501599221 10 1 1.0 0.142875212433 3.63267572747
-0.12623 0.35028 3.35743 -0.12979 0.55971 4.0603931393 0.78258 0.98072 0.30541 0.41196 152.77952 195.62801 147.22542 138.42519 0.3 0.3 0.0 0.0 0.0 0.0 0.0 0.0 0.72115 0.0 0.0 45.47487 -0.49999 0.07399 0.0 0.0 0.0 0.0 0.0 0.0 0.011318478376 11 0 0.976130653266 1.19393682528 3.63267572747
-0.12623 0.35028 3.35743 -0.12979 0.55971 4.0381978053 0.78258 0.98072 0.30541 0.41196 152.77952 195.62801 147.22542 138.42519 0.3 0.3 0.0 0.0 0.0 0.0 0.0 0.0 0.72115 0.0 0.0 45.47487 -0.49999 0.07399 0.0 0.0 0.0 0.0 0.0 0.0 0.0106130661848 12 0 0.981084489281 1.17568595606 3.63267572747
-0.12623 0.35028 3.35743 -0.12979 0.55971 4.02233510487 0.78258 0.98072 0.30541 0.41196 152.77952 195.62801 147.22542 138.42519 0.3 0.3 0.0 0.0 0.0 0.0 0.0 0.0 0.72115 0.0 0.0 45.47487 -0.49999 0.07399 0.0 0.0 0.0 0.0 0.0 0.0 0.0104022911142 13 1 0.999366286439 0.1675199322 3.64673858925
-0.12623 0.35028 3.35743 -0.12979 0.55971 4.01882261395 0.78258 0.98072 0.30541 0.41196 152.77952 195.62801 147.22542 138.42519 0.3 0.3 0.0 0.0 0.0 0.0 0.0 0.0 0.72115 0.0 0.0 45.47487 -0.49999 0.07399 0.0 0.0 0.0 0.0 0.0 0.0 0.00981262255496 14 1 0.991156032849 0.715809228473 3.49703923585
-0.12623 0.35028 3.35743 -0.12979 0.55971 4.04792357633 0.78258 0.98072 0.30541 0.41196 152.77952 195.62801 147.22542 138.42519 0.3 0.3 0.0 0.0 0.0 0.0 0.0 0.0 0.72115 0.0 0.0 45.47487 -0.49999 0.07399 0.0 0.0 0.0 0.0 0.0 0.0 0.00904188449911 15 0 0.975487115022 1.20294037874 3.49703923585
-0.12623 0.35028 3.35743 -0.12979 0.55971 4.03128344589 0.78258 0.98072 0.30541 0.41196 152.77952 195.62801 147.22542 138.42519 0.3 0.3 0.0 0.0 0.0 0.0 0.0 0.0 0.72115 0.0 0.0 45.47487 -0.49999 0.07399 0.0 0.0 0.0 0.0 0.0 0.0 0.00919183220968 16 0 0.982986767486 0.955891196984 3.49703923585
-0.12623 0.35028 3.35743 -0.12979 0.55971 4.03674171996 0.78258 0.98072 0.30541 0.41196 152.77952 195.62801 147.22542 138.42519 0.3 0.3 0.0 0.0 0.0 0.0 0.0 0.0 0.72115 0.0 0.0 45.47487 -0.49999 0.07399 0.0 0.0 0.0 0.0 0.0 0.0 0.00987271014109 17 0 0.980466288595 1.1788128059 3.49703923585
-0.12623 0.35028 3.35743 -0.12979 0.55971 4.05346146583 0.78258 0.98072 0.30541 0.41196 152.77952 195.62801 147.22542 138.42519 0.3 0.3 0.0 0.0 0.0 0.0 0.0 0.0 0.72115 0.0 0.0 45.47487 -0.49999 0.07399 0.0 0.0 0.0 0.0 0.0 0.0 0.00958861300601 18 0 0.97675879397 1.27210023083 3.49703923585
-0.12623 0.35028 3.35743 -0.12979 0.55971 3.97719147487 0.78258 0.98072 0.30541 0.41196 152.77952 195.62801 147.22542 138.42519 0.3 0.3 0.0 0.0 0.0 0.0 0.0 0.0 0.72115 0.0 0.0 45.47487 -0.49999 0.07399 0.0 0.0 0.0 0.0 0.0 0.0 0.0090564591614 19 0 0.97875 1.17071618579 3.49703923585
-0.12623 0.35028 3.35743 -0.12979 0.55971 3.98351013313 0.78258 0.98072 0.30541 0.41196 152.77952 195.62801 147.22542 138.42519 0.3 0.3 0.0 0.0 0.0 0.0 0.0 0.0 0.72115 0.0 0.0 45.47487 -0.49999 0.07399 0.0 0.0 0.0 0.0 0.0 0.0 0.00861535694309 20 0 0.980588603632 1.20262251456 3.49703923585
-0.12623 0.35028 3.35743 -0.12979 0.55971 3.98759910737 0.78258 0.98072 0.30541 0.41196 152.77952 195.62801 147.22542 138.42519 0.3 0.3 0.0 0.0 0.0 0.0 0.0 0.0 0.72115 0.0 0.0 45.47487 -0.49999 0.07399 0.0 0.0 0.0 0.0 0.0 0.0 0.00946002283529 21 0 0.978070175439 1.133415573 3.49703923585
-0.12623 0.35028 3.35743 -0.12979 0.55971 4.01263239187 0.78258 0.98072 0.30541 0.41196 152.77952 195.62801 147.22542 138.42519 0.3 0.3 0.0 0.0 0.0 0.0 0.0 0.0 0.72115 0.0 0.0 45.47487 -0.49999 0.07399 0.0 0.0 0.0 0.0 0.0 0.0 0.00961056236403 22 0 0.986146095718 0.963813245151 3.49703923585
-0.12623 0.35028 3.35743 -0.12979 0.55971 4.06320990134 0.78258 0.98072 0.30541 0.41196 152.77952 195.62801 147.22542 138.42519 0.3 0.3 0.0 0.0 0.0 0.0 0.0 0.0 0.72115 0.0 0.0 45.47487 -0.49999 0.07399 0.0 0.0 0.0 0.0 0.0 0.0 0.0104631330129 23 0 0.972396486826 1.10832146851 3.49703923585
-0.12623 0.35028 3.35743 -0.12979 0.55971 4.02132842661 0.78258 0.98072 0.30541 0.41196 152.77952 195.62801 147.22542 138.42519 0.3 0.3 0.0 0.0 0.0 0.0 0.0 0.0 0.72115 0.0 0.0 45.47487 -0.49999 0.07399 0.0 0.0 0.0 0.0 0.0 0.0 0.00930737083526 24 1 1.0 0.134732452656 3.7580100966
-0.12623 0.35028 3.35743 -0.12979 0.55971 4.00692522355 0.78258 0.98072 0.30541 0.41196 152.77952 195.62801 147.22542 138.42519 0.3 0.3 0.0 0.0 0.0 0.0 0.0 0.0 0.72115 0.0 0.0 45.47487 -0.49999 0.07399 0.0 0.0 0.0 0.0 0.0 0.0 0.00932012793194 25 0 0.986800754243 1.17784450307 3.7580100966
-0.12623 0.35028 3.35743 -0.12979 0.55971 4.00071059095 0.78258 0.98072 0.30541 0.41196 152.77952 195.62801 147.22542 138.42519 0.3 0.3 0.0 0.0 0.0 0.0 0.0 0.0 0.72115 0.0 0.0 45.47487 -0.49999 0.07399 0.0 0.0 0.0 0.0 0.0 0.0 0.00851243416816 26 0 0.983029541169 1.2754316531 3.7580100966
-0.12623 0.35028 3.35743 -0.12979 0.55971 4.03964434276 0.78258 0.98072 0.30541 0.41196 152.77952 195.62801 147.22542 138.42519 0.3 0.3 0.0 0.0 0.0 0.0 0.0 0.0 0.72115 0.0 0.0 45.47487 -0.49999 0.07399 0.0 0.0 0.0 0.0 0.0 0.0 0.00915922873473 27 0 0.979823455233 1.20900047562 3.7580100966
-0.12623 0.35028 3.35743 -0.12979 0.55971 4.05133539382 0.78258 0.98072 0.30541 0.41196 152.77952 195.62801 147.22542 138.42519 0.3 0.3 0.0 0.0 0.0 0.0 0.0 0.0 0.72115 0.0 0.0 45.47487 -0.49999 0.07399 0.0 0.0 0.0 0.0 0.0 0.0 0.00901896331006 28 0 0.976714915041 1.17963824925 3.7580100966
-0.12623 0.35028 3.35743 -0.12979 0.55971 4.02337396207 0.78258 0.98072 0.30541 0.41196 152.77952 195.62801 147.22542 138.42519 0.3 0.3 0.0 0.0 0.0 0.0 0.0 0.0 0.72115 0.0 0.0 45.47487 -0.49999 0.07399 0.0 0.0 0.0 0.0 0.0 0.0 0.0096104659022 29 1 0.997466751108 0.296095566642 3.72291824811
-0.12623 0.35028 3.35743 -0.12979 0.55971 4.00426599092 0.78258 0.98072 0.30541 0.41196 152.77952 195.62801 147.22542 138.42519 0.3 0.3 0.0 0.0 0.0 0.0 0.0 0.0 0.72115 0.0 0.0 45.47487 -0.49999 0.07399 0.0 0.0 0.0 0.0 0.0 0.0 0.00998059340471 30 1 0.98679245283 1.20823245635 2.40996301123
-0.12623 0.35028 3.35743 -0.12979 0.55971 4.04811153949 0.78258 0.98072 0.30541 0.41196 152.77952 195.62801 147.22542 138.42519 0.3 0.3 0.0 0.0 0.0 0.0 0.0 0.0 0.72115 0.0 0.0 45.47487 -0.49999 0.07399 0.0 0.0 0.0 0.0 0.0 0.0 0.0103861501597 31 0 0.975487115022 1.20043054108 2.40996301123
-0.12623 0.35028 3.35743 -0.12979 0.55971 3.99199677344 0.78258 0.98072 0.30541 0.41196 152.77952 195.62801 147.22542 138.42519 0.3 0.3 0.0 0.0 0.0 0.0 0.0 0.0 0.72115 0.0 0.0 45.47487 -0.49999 0.07399 0.0 0.0 0.0 0.0 0.0 0.0 0.00995084738351 32 0 0.979323308271 1.15831649781 2.40996301123
-0.12623 0.35028 3.35743 -0.12979 0.55971 4.01102892805 0.78258 0.98072 0.30541 0.41196 152.77952 195.62801 147.22542 138.42519 0.3 0.3 0.0 0.0 0.0 0.0 0.0 0.0 0.72115 0.0 0.0 45.47487 -0.49999 0.07399 0.0 0.0 0.0 0.0 0.0 0.0 0.00918769901866 33 1 0.985525487728 1.11189819448 2.23670729315
-0.12623 0.35028 3.35743 -0.12979 0.55971 3.96060044494 0.78258 0.98072 0.30541 0.41196 152.77952 195.62801 147.22542 138.42519 0.3 0.3 0.0 0.0 0.0 0.0 0.0 0.0 0.72115 0.0 0.0 45.47487 -0.49999 0.07399 0.0 0.0 0.0 0.0 0.0 0.0 0.00940224082927 34 0 0.979336255479 1.26307260464 2.23670729315
-0.12623 0.35028 3.35743 -0.12979 0.55971 4.03303988753 0.78258 0.98072 0.30541 0.41196 152.77952 195.62801 147.22542 138.42519 0.3 0.3 0.0 0.0 0.0 0.0 0.0 0.0 0.72115 0.0 0.0 45.47487 -0.49999 0.07399 0.0 0.0 0.0 0.0 0.0 0.0 0.00919010720893 35 1 0.985507246377 0.93895943944 2.67440197261
-0.12623 0.35028 3.35743 -0.12979 0.55971 4.01090123177 0.78258 0.98072 0.30541 0.41196 152.77952 195.62801 147.22542 138.42519 0.3 0.3 0.0 0.0 0.0 0.0 0.0 0.0 0.72115 0.0 0.0 45.47487 -0.49999 0.07399 0.0 0.0 0.0 0.0 0.0 0.0 0.00885530066362 36 0 0.984896161108 1.10429197387 2.67440197261
-0.12623 0.35028 3.35743 -0.12979 0.55971 4.01446467205 0.78258 0.98072 0.30541 0.41196 152.77952 195.62801 147.22542 138.42519 0.3 0.3 0.0 0.0 0.0 0.0 0.0 0.0 0.72115 0.0 0.0 45.47487 -0.49999 0.07399 0.0 0.0 0.0 0.0 0.0 0.0 0.00945431753187 37 1 0.987397605545 0.979720032972 2.88959911043
-0.12623 0.35028 3.35743 -0.12979 0.55971 4.0495228396 0.78258 0.98072 0.30541 0.41196 152.77952 195.62801 147.22542 138.42519 0.3 0.3 0.0 0.0 0.0 0.0 0.0 0.0 0.72115 0.0 0.0 45.47487 -0.49999 0.07399 0.0 0.0 0.0 0.0 0.0 0.0 0.00950431342491 38 0 0.976729559748 1.18452701261 2.88959911043
-0.12623 0.35028 3.35743 -0.12979 0.55971 3.99884249554 0.78258 0.98072 0.30541 0.41196 152.77952 195.62801 147.22542 138.42519 0.3 0.3 0.0 0.0 0.0 0.0 0.0 0.0 0.72115 0.0 0.0 45.47487 -0.49999 0.07399 0.0 0.0 0.0 0.0 0.0 0.0 0.00953604555899 39 0 0.983029541169 1.31681653479 2.88959911043
-0.12623 0.35028 3.35743 -0.12979 0.55971 3.99376520013 0.78258 0.98072 0.30541 0.41196 152.77952 195.62801 147.22542 138.42519 0.3 0.3 0.0 0.0 0.0 0.0 0.0 0.0 0.72115 0.0 0.0 45.47487 -0.49999 0.07399 0.0 0.0 0.0 0.0 0.0 0.0 0.00943536926345 40 0 0.980539861896 1.31865113496 2.88959911043
-0.12623 0.35028 3.35743 -0.12979 0.55971 3.99510247328 0.78258 0.98072 0.30541 0.41196 152.77952 195.62801 147.22542 138.42519 0.3 0.3 0.0 0.0 0.0 0.0 0.0 0.0 0.72115 0.0 0.0 45.47487 -0.49999 0.07399 0.0 0.0 0.0 0.0 0.0 0.0 0.0100994839008 41 0 0.981783919598 1.2680241061 2.88959911043
-0.12623 0.35028 3.35743 -0.12979 0.55971 4.02185101647 0.78258 0.98072 0.30541 0.41196 152.77952 195.62801 147.22542 138.42519 0.3 0.3 0.0 0.0 0.0 0.0 0.0 0.0 0.72115 0.0 0.0 45.47487 -0.49999 0.07399 0.0 0.0 0.0 0.0 0.0 0.0 0.0105281400227 42 1 0.999366286439 0.133522944983 3.63473277409
-0.12623 0.35028 3.35743 -0.12979 0.55971 4.04266963563 0.78258 0.98072 0.30541 0.41196 152.77952 195.62801 147.22542 138.42519 0.3 0.3 0.0 0.0 0.0 0.0 0.0 0.0 0.72115 0.0 0.0 45.47487 -0.49999 0.07399 0.0 0.0 0.0 0.0 0.0 0.0 0.00996726186607 43 0 0.981084489281 1.23775133896 3.63473277409
-0.12623 0.35028 3.35743 -0.12979 0.55971 4.04891107065 0.78258 0.98072 0.30541 0.41196 152.77952 195.62801 147.22542 138.42519 0.3 0.3 0.0 0.0 0.0 0.0 0.0 0.0 0.72115 0.0 0.0 45.47487 -0.49999 0.07399 0.0 0.0 0.0 0.0 0.0 0.0 0.0101296767834 44 0 0.976744186047 1.18257603594 3.63473277409
-0.12623 0.35028 3.35743 -0.12979 0.55971 4.04060109488 0.78258 0.98072 0.30541 0.41196 152.77952 195.62801 147.22542 138.42519 0.3 0.3 0.0 0.0 0.0 0.0 0.0 0.0 0.72115 0.0 0.0 45.47487 -0.49999 0.07399 0.0 0.0 0.0 0.0 0.0 0.0 0.00947993872883 45 0 0.980453972257 1.21790646849 3.63473277409
-0.12623 0.35028 3.35743 -0.12979 0.55971 3.99036523164 0.78258 0.98072 0.30541 0.41196 152.77952 195.62801 147.22542 138.42519 0.3 0.3 0.0 0.0 0.0 0.0 0.0 0.0 0.72115 0.0 0.0 45.47487 -0.49999 0.07399 0.0 0.0 0.0 0.0 0.0 0.0 0.0104361485858 46 0 0.979323308271 1.15545066473 3.63473277409
-0.12623 0.35028 3.35743 -0.12979 0.55971 4.02691669448 0.78258 0.98072 0.30541 0.41196 152.77952 195.62801 147.22542 138.42519 0.3 0.3 0.0 0.0 0.0 0.0 0.0 0.0 0.72115 0.0 0.0 45.47487 -0.49999 0.07399 0.0 0.0 0.0 0.0 0.0 0.0 0.0107160515053 47 1 0.993678887484 0.421371691039 3.58618396899
-0.12623 0.35028 3.35743 -0.12979 0.55971 3.98984639944 0.78258 0.98072 0.30541 0.41196 152.77952 195.62801 147.22542 138.42519 0.3 0.3 0.0 0.0 0.0 0.0 0.0 0.0 0.72115 0.0 0.0 45.47487 -0.49999 0.07399 0.0 0.0 0.0 0.0 0.0 0.0 0.0105021880297 48 0 0.977443609023 1.13739973166 3.58618396899
-0.12623 0.35028 3.35743 -0.12979 0.55971 4.03922735611 0.78258 0.98072 0.30541 0.41196 152.77952 195.62801 147.22542 138.42519 0.3 0.3 0.0 0.0 0.0 0.0 0.0 0.0 0.72115 0.0 0.0 45.47487 -0.49999 0.07399 0.0 0.0 0.0 0.0 0.0 0.0 0.00999610078911 49 0 0.981084489281 1.21313364584 3.58618396899
-0.12623 0.35028 3.35743 -0.12979 0.55971 4.0459771345 0.78258 0.98072 0.30541 0.41196 152.77952 195.62801 147.22542 138.42519 0.3 0.3 0.0 0.0 0.0 0.0 0.0 0.0 0.72115 0.0 0.0 45.47487 -0.49999 0.07399 0.0 0.0 0.0 0.0 0.0 0.0 0.0102513236415 50 0 0.981084489281 1.1658201216 3.58618396899
