-0.12623 0.35028 3.35743 0.08119418517 0.55971 4.02072 0.78258 0.98072 0.30541 0.41196 152.77952 195.62801 147.22542 138.42519 0.3 0.3 0.0 0.0 0.0 0.0 0.0 0.0 0.72115 0.0 0.0 45.47487 -0.49999 0.07399 0.0 0.0 0.0 0.0 0.0 0.0 0.01 0 1 0.585030549898 1.84728964112 -2934.45213764
-0.12623 0.35028 3.35743 0.0776514908794 0.55971 4.02072 0.78258 0.98072 0.30541 0.41196 152.77952 195.62801 147.22542 138.42519 0.3 0.3 0.0 0.0 0.0 0.0 0.0 0.0 0.72115 0.0 0.0 45.47487 -0.49999 0.07399 0.0 0.0 0.0 0.0 0.0 0.0 0.0101747352301 1 1 0.586856851758 1.83778908328 -2780.63229374
-0.12623 0.35028 3.35743 0.0850621037908 0.55971 4.02072 0.78258 0.98072 0.30541 0.41196 152.77952 195.62801 147.22542 138.42519 0.3 0.3 0.0 0.0 0.0 0.0 0.0 0.0 0.72115 0.0 0.0 45.47487 -0.49999 0.07399 0.0 0.0 0.0 0.0 0.0 0.0 0.0100254896381 2 0 0.579614604462 1.89141327469 -2780.63229374
-0.12623 0.35028 3.35743 -0.103940857318 0.55971 4.02072 0.78258 0.98072 0.30541 0.41196 152.77952 195.62801 147.22542 138.42519 0.3 0.3 0.0 0.0 0.0 0.0 0.0 0.0 0.72115 0.0 0.0 45.47487 -0.49999 0.07399 0.0 0.0 0.0 0.0 0.0 0.0 0.00959224591568 3 1 0.904028436019 1.29258547805 -79.8965518788
-0.12623 0.35028 3.35743 -0.208391534654 0.55971 4.02072 0.78258 0.98072 0.30541 0.41196 152.77952 195.62801 147.22542 138.42519 0.3 0.3 0.0 0.0 0.0 0.0 0.0 0.0 0.72115 0.0 0.0 45.47487 -0.49999 0.07399 0.0 0.0 0.0 0.0 0.0 0.0 0.0096791135057 4 0 0.766023646546 3.59630417671 -79.8965518788
-0.12623 0.35028 3.35743 -0.013317463566 0.55971 4.02072 0.78258 0.98072 0.30541 0.41196 152.77952 195.62801 147.22542 138.42519 0.3 0.3 0.0 0.0 0.0 0.0 0.0 0.0 0.72115 0.0 0.0 45.47487 -0.49999 0.07399 0.0 0.0 0.0 0.0 0.0 0.0 0.00999545216531 5 0 0.682965299685 1.21083637965 -79.8965518788
-0.12623 0.35028 3.35743 -0.140940049517 0.55971 4.02072 0.78258 0.98072 0.30541 0.41196 152.77952 195.62801 147.22542 138.42519 0.3 0.3 0.0 0.0 0.0 0.0 0.0 0.0 0.72115 0.0 0.0 45.47487 -0.49999 0.07399 0.0 0.0 0.0 0.0 0.0 0.0 0.0100612508828 6 1 0.954203262233 1.40186038546 -16.6783224329
-0.12623 0.35028 3.35743 -0.0123101094422 0.55971 4.02072 0.78258 0.98072 0.30541 0.41196 152.77952 195.62801 147.22542 138.42519 0.3 0.3 0.0 0.0 0.0 0.0 0.0 0.0 0.72115 0.0 0.0 45.47487 -0.49999 0.07399 0.0 0.0 0.0 0.0 0.0 0.0 0.0101718686946 7 0 0.685068349106 1.26488189234 -16.6783224329
-0.12623 0.35028 3.35743 -0.0903213005995 0.55971 4.02072 0.78258 0.98072 0.30541 0.41196 152.77952 195.62801 147.22542 138.42519 0.3 0.3 0.0 0.0 0.0 0.0 0.0 0.0 0.72115 0.0 0.0 45.47487 -0.49999 0.07399 0.0 0.0 0.0 0.0 0.0 0.0 0.0102969398883 8 0 0.867663981588 1.35828357227 -16.6783224329
-0.12623 0.35028 3.35743 -0.136416955417 0.55971 4.02072 0.78258 0.98072 0.30541 0.41196 152.77952 195.62801 147.22542 138.42519 0.3 0.3 0.0 0.0 0.0 0.0 0.0 0.0 0.72115 0.0 0.0 45.47487 -0.49999 0.07399 0.0 0.0 0.0 0.0 0.0 0.0 0.00905121270803 9 1 0.968513853904 1.24208172989 -5.54868435277
-0.12623 0.35028 3.35743 0.0138107051999 0.55971 4.02072 0.78258 0.98072 0.30541 0.41196 152.77952 195.62801 147.22542 138.42519 0.3 0.3 0.0 0.0 0.0 0.0 0.0 0.0 0.72115 0.0 0.0 45.47487 -0.49999 0.07399 0.0 0.0 0.0 0.0 0.0 0.0 0.00809043123471 10 0 0.633780991736 1.34412336968 -5.54868435277
-0.12623 0.35028 3.35743 -0.217006555134 0.55971 4.02072 0.78258 0.98072 0.30541 0.41196 152.77952 195.62801 147.22542 138.42519 0.3 0.3 0.0 0.0 0.0 0.0 0.0 0.0 0.72115 0.0 0.0 45.47487 -0.49999 0.07399 0.0 0.0 0.0 0.0 0.0 0.0 0.0087744257868 11 0 0.75015576324 3.87347337204 -5.54868435277
-0.12623 0.35028 3.35743 -0.0934429352918 0.55971 4.02072 0.78258 0.98072 0.30541 0.41196 152.77952 195.62801 147.22542 138.42519 0.3 0.3 0.0 0.0 0.0 0.0 0.0 0.0 0.72115 0.0 0.0 45.47487 -0.49999 0.07399 0.0 0.0 0.0 0.0 0.0 0.0 0.00944629293748 12 0 0.876878612717 1.34365429483 -5.54868435277
-0.12623 0.35028 3.35743 -0.0773076915101 0.55971 4.02072 0.78258 0.98072 0.30541 0.41196 152.77952 195.62801 147.22542 138.42519 0.3 0.3 0.0 0.0 0.0 0.0 0.0 0.0 0.72115 0.0 0.0 45.47487 -0.49999 0.07399 0.0 0.0 0.0 0.0 0.0 0.0 0.00908689278368 13 0 0.833427124367 1.25016232774 -5.54868435277
-0.12623 0.35028 3.35743 0.114916369443 0.55971 4.02072 0.78258 0.98072 0.30541 0.41196 152.77952 195.62801 147.22542 138.42519 0.3 0.3 0.0 0.0 0.0 0.0 0.0 0.0 0.72115 0.0 0.0 45.47487 -0.49999 0.07399 0.0 0.0 0.0 0.0 0.0 0.0 0.00851587538278 14 0 0.564038171773 1.95748096701 -5.54868435277
-0.12623 0.35028 3.35743 -0.105088456277 0.55971 4.02072 0.78258 0.98072 0.30541 0.41196 152.77952 195.62801 147.22542 138.42519 0.3 0.3 0.0 0.0 0.0 0.0 0.0 0.0 0.72115 0.0 0.0 45.47487 -0.49999 0.07399 0.0 0.0 0.0 0.0 0.0 0.0 0.00987907746942 15 0 0.910820451843 1.22731009731 -5.54868435277
-0.12623 0.35028 3.35743 -0.0855912097109 0.55971 4.02072 0.78258 0.98072 0.30541 0.41196 152.77952 195.62801 147.22542 138.42519 0.3 0.3 0.0 0.0 0.0 0.0 0.0 0.0 0.72115 0.0 0.0 45.47487 -0.49999 0.07399 0.0 0.0 0.0 0.0 0.0 0.0 0.00870327107133 16 0 0.856164383562 1.31201359444 -5.54868435277
-0.12623 0.35028 3.35743 -0.0826766087039 0.55971 4.02072 0.78258 0.98072 0.30541 0.41196 152.77952 195.62801 147.22542 138.42519 0.3 0.3 0.0 0.0 0.0 0.0 0.0 0.0 0.72115 0.0 0.0 45.47487 -0.49999 0.07399 0.0 0.0 0.0 0.0 0.0 0.0 0.00945496210664 17 0 0.849260523322 1.3530058105 -5.54868435277
-0.12623 0.35028 3.35743 -0.239374626419 0.55971 4.02072 0.78258 0.98072 0.30541 0.41196 152.77952 195.62801 147.22542 138.42519 0.3 0.3 0.0 0.0 0.0 0.0 0.0 0.0 0.72115 0.0 0.0 45.47487 -0.49999 0.07399 0.0 0.0 0.0 0.0 0.0 0.0 0.00885827173123 18 0 0.737725295214 4.00104115445 -5.54868435277
-0.12623 0.35028 3.35743 -0.21676983708 0.55971 4.02072 0.78258 0.98072 0.30541 0.41196 152.77952 195.62801 147.22542 138.42519 0.3 0.3 0.0 0.0 0.0 0.0 0.0 0.0 0.72115 0.0 0.0 45.47487 -0.49999 0.07399 0.0 0.0 0.0 0.0 0.0 0.0 0.00951494374104 19 0 0.75015576324 3.88442968611 -5.54868435277
-0.12623 0.35028 3.35743 -0.155338572286 0.55971 4.02072 0.78258 0.98072 0.30541 0.41196 152.77952 195.62801 147.22542 138.42519 0.3 0.3 0.0 0.0 0.0 0.0 0.0 0.0 0.72115 0.0 0.0 45.47487 -0.49999 0.07399 0.0 0.0 0.0 0.0 0.0 0.0 0.00902133067625 20 0 0.911875 1.61860401404 -5.54868435277
-0.12623 0.35028 3.35743 -0.145240557874 0.55971 4.02072 0.78258 0.98072 0.30541 0.41196 152.77952 195.62801 147.22542 138.42519 0.3 0.3 0.0 0.0 0.0 0.0 0.0 0.0 0.72115 0.0 0.0 45.47487 -0.49999 0.07399 0.0 0.0 0.0 0.0 0.0 0.0 0.00859987571094 21 0 0.939184952978 1.43077782957 -5.54868435277
-0.12623 0.35028 3.35743 -0.13178031625 0.55971 4.02072 0.78258 0.98072 0.30541 0.41196 152.77952 195.62801 147.22542 138.42519 0.3 0.3 0.0 0.0 0.0 0.0 0.0 0.0 0.72115 0.0 0.0 45.47487 -0.49999 0.07399 0.0 0.0 0.0 0.0 0.0 0.0 0.00902132216212 22 1 0.988629185092 1.05391091303 2.90691705635
-0.12623 0.35028 3.35743 0.000283995624189 0.55971 4.02072 0.78258 0.98072 0.30541 0.41196 152.77952 195.62801 147.22542 138.42519 0.3 0.3 0.0 0.0 0.0 0.0 0.0 0.0 0.72115 0.0 0.0 45.47487 -0.49999 0.07399 0.0 0.0 0.0 0.0 0.0 0.0 0.00914763392235 23 0 0.665621734587 1.58513807151 2.90691705635
-0.12623 0.35028 3.35743 -0.208047333278 0.55971 4.02072 0.78258 0.98072 0.30541 0.41196 152.77952 195.62801 147.22542 138.42519 0.3 0.3 0.0 0.0 0.0 0.0 0.0 0.0 0.72115 0.0 0.0 45.47487 -0.49999 0.07399 0.0 0.0 0.0 0.0 0.0 0.0 0.00925443798126 24 0 0.766500622665 3.57000168003 2.90691705635
-0.12623 0.35028 3.35743 -0.130303613539 0.55971 4.02072 0.78258 0.98072 0.30541 0.41196 152.77952 195.62801 147.22542 138.42519 0.3 0.3 0.0 0.0 0.0 0.0 0.0 0.0 0.72115 0.0 0.0 45.47487 -0.49999 0.07399 0.0 0.0 0.0 0.0 0.0 0.0 0.00839857519665 25 1 0.994939911448 0.607393669773 3.79379466046
-0.12623 0.35028 3.35743 0.0160684512623 0.55971 4.02072 0.78258 0.98072 0.30541 0.41196 152.77952 195.62801 147.22542 138.42519 0.3 0.3 0.0 0.0 0.0 0.0 0.0 0.0 0.72115 0.0 0.0 45.47487 -0.49999 0.07399 0.0 0.0 0.0 0.0 0.0 0.0 0.00835272199861 26 0 0.634674922601 1.42565919436 3.79379466046
-0.12623 0.35028 3.35743 -0.234843619827 0.55971 4.02072 0.78258 0.98072 0.30541 0.41196 152.77952 195.62801 147.22542 138.42519 0.3 0.3 0.0 0.0 0.0 0.0 0.0 0.0 0.72115 0.0 0.0 45.47487 -0.49999 0.07399 0.0 0.0 0.0 0.0 0.0 0.0 0.00823489675168 27 0 0.736940298507 3.88927058557 3.79379466046
-0.12623 0.35028 3.35743 -0.265191870865 0.55971 4.02072 0.78258 0.98072 0.30541 0.41196 152.77952 195.62801 147.22542 138.42519 0.3 0.3 0.0 0.0 0.0 0.0 0.0 0.0 0.72115 0.0 0.0 45.47487 -0.49999 0.07399 0.0 0.0 0.0 0.0 0.0 0.0 0.007414326304 28 0 0.73635235732 3.9075457127 3.79379466046
-0.12623 0.35028 3.35743 -0.106519416696 0.55971 4.02072 0.78258 0.98072 0.30541 0.41196 152.77952 195.62801 147.22542 138.42519 0.3 0.3 0.0 0.0 0.0 0.0 0.0 0.0 0.72115 0.0 0.0 45.47487 -0.49999 0.07399 0.0 0.0 0.0 0.0 0.0 0.0 0.00807104299203 29 0 0.915274463007 1.26769256855 3.79379466046
-0.12623 0.35028 3.35743 -0.229146807109 0.55971 4.02072 0.78258 0.98072 0.30541 0.41196 152.77952 195.62801 147.22542 138.42519 0.3 0.3 0.0 0.0 0.0 0.0 0.0 0.0 0.72115 0.0 0.0 45.47487 -0.49999 0.07399 0.0 0.0 0.0 0.0 0.0 0.0 0.0080060065931 30 0 0.738480697385 3.91705463479 3.79379466046
-0.12623 0.35028 3.35743 -0.137019167905 0.55971 4.02072 0.78258 0.98072 0.30541 0.41196 152.77952 195.62801 147.22542 138.42519 0.3 0.3 0.0 0.0 0.0 0.0 0.0 0.0 0.72115 0.0 0.0 45.47487 -0.49999 0.07399 0.0 0.0 0.0 0.0 0.0 0.0 0.0088832795842 31 0 0.963544940289 1.18598493642 3.79379466046
-0.12623 0.35028 3.35743 -0.145687388027 0.55971 4.02072 0.78258 0.98072 0.30541 0.41196 152.77952 195.62801 147.22542 138.42519 0.3 0.3 0.0 0.0 0.0 0.0 0.0 0.0 0.72115 0.0 0.0 45.47487 -0.49999 0.07399 0.0 0.0 0.0 0.0 0.0 0.0 0.00867347273517 32 0 0.939811912226 1.41404609203 3.79379466046
-0.12623 0.35028 3.35743 -0.0814166938842 0.55971 4.02072 0.78258 0.98072 0.30541 0.41196 152.77952 195.62801 147.22542 138.42519 0.3 0.3 0.0 0.0 0.0 0.0 0.0 0.0 0.72115 0.0 0.0 45.47487 -0.49999 0.07399 0.0 0.0 0.0 0.0 0.0 0.0 0.00907274109396 33 0 0.843059490085 1.26671756061 3.79379466046
-0.12623 0.35028 3.35743 -0.182556484099 0.55971 4.02072 0.78258 0.98072 0.30541 0.41196 152.77952 195.62801 147.22542 138.42519 0.3 0.3 0.0 0.0 0.0 0.0 0.0 0.0 0.72115 0.0 0.0 45.47487 -0.49999 0.07399 0.0 0.0 0.0 0.0 0.0 0.0 0.00822030622208 34 0 0.830625 2.50241892194 3.79379466046
-0.12623 0.35028 3.35743 -0.252855129778 0.55971 4.02072 0.78258 0.98072 0.30541 0.41196 152.77952 195.62801 147.22542 138.42519 0.3 0.3 0.0 0.0 0.0 0.0 0.0 0.0 0.72115 0.0 0.0 45.47487 -0.49999 0.07399 0.0 0.0 0.0 0.0 0.0 0.0 0.00787593997096 35 0 0.737858032379 3.92925960681 3.79379466046
-0.12623 0.35028 3.35743 0.00163562438448 0.55971 4.02072 0.78258 0.98072 0.30541 0.41196 152.77952 195.62801 147.22542 138.42519 0.3 0.3 0.0 0.0 0.0 0.0 0.0 0.0 0.72115 0.0 0.0 45.47487 -0.49999 0.07399 0.0 0.0 0.0 0.0 0.0 0.0 0.00806375728362 36 0 0.662656903766 1.5256865721 3.79379466046
-0.12623 0.35028 3.35743 -0.269320375779 0.55971 4.02072 0.78258 0.98072 0.30541 0.41196 152.77952 195.62801 147.22542 138.42519 0.3 0.3 0.0 0.0 0.0 0.0 0.0 0.0 0.72115 0.0 0.0 45.47487 -0.49999 0.07399 0.0 0.0 0.0 0.0 0.0 0.0 0.00818279716182 37 0 0.732054455446 3.85278695157 3.79379466046
-0.12623 0.35028 3.35743 -0.166966032437 0.55971 4.02072 0.78258 0.98072 0.30541 0.41196 152.77952 195.62801 147.22542 138.42519 0.3 0.3 0.0 0.0 0.0 0.0 0.0 0.0 0.72115 0.0 0.0 45.47487 -0.49999 0.07399 0.0 0.0 0.0 0.0 0.0 0.0 0.00849207537542 38 0 0.875233936369 1.71745959514 3.79379466046
-0.12623 0.35028 3.35743 -0.200858665924 0.55971 4.02072 0.78258 0.98072 0.30541 0.41196 152.77952 195.62801 147.22542 138.42519 0.3 0.3 0.0 0.0 0.0 0.0 0.0 0.0 0.72115 0.0 0.0 45.47487 -0.49999 0.07399 0.0 0.0 0.0 0.0 0.0 0.0 0.00848212693103 39 0 0.783177570093 3.21605367466 3.79379466046
-0.12623 0.35028 3.35743 -0.0447300675689 0.55971 4.02072 0.78258 0.98072 0.30541 0.41196 152.77952 195.62801 147.22542 138.42519 0.3 0.3 0.0 0.0 0.0 0.0 0.0 0.0 0.72115 0.0 0.0 45.47487 -0.49999 0.07399 0.0 0.0 0.0 0.0 0.0 0.0 0.00886675887722 40 0 0.756202804746 1.28433176728 3.79379466046
-0.12623 0.35028 3.35743 -0.0519725798518 0.55971 4.02072 0.78258 0.98072 0.30541 0.41196 152.77952 195.62801 147.22542 138.42519 0.3 0.3 0.0 0.0 0.0 0.0 0.0 0.0 0.72115 0.0 0.0 45.47487 -0.49999 0.07399 0.0 0.0 0.0 0.0 0.0 0.0 0.00859057359186 41 0 0.770233568713 1.27147828799 3.79379466046
-0.12623 0.35028 3.35743 -0.0214310674497 0.55971 4.02072 0.78258 0.98072 0.30541 0.41196 152.77952 195.62801 147.22542 138.42519 0.3 0.3 0.0 0.0 0.0 0.0 0.0 0.0 0.72115 0.0 0.0 45.47487 -0.49999 0.07399 0.0 0.0 0.0 0.0 0.0 0.0 0.00862134740261 42 0 0.703116745906 1.33932898627 3.79379466046
-0.12623 0.35028 3.35743 -0.201129771511 0.55971 4.02072 0.78258 0.98072 0.30541 0.41196 152.77952 195.62801 147.22542 138.42519 0.3 0.3 0.0 0.0 0.0 0.0 0.0 0.0 0.72115 0.0 0.0 45.47487 -0.49999 0.07399 0.0 0.0 0.0 0.0 0.0 0.0 0.00715124950383 43 0 0.781931464174 3.25100934416 3.79379466046
-0.12623 0.35028 3.35743 -0.143002086431 0.55971 4.02072 0.78258 0.98072 0.30541 0.41196 152.77952 195.62801 147.22542 138.42519 0.3 0.3 0.0 0.0 0.0 0.0 0.0 0.0 0.72115 0.0 0.0 45.47487 -0.49999 0.07399 0.0 0.0 0.0 0.0 0.0 0.0 0.00837526960708 44 0 0.944862155388 1.42460888092 3.79379466046
-0.12623 0.35028 3.35743 -0.151766886553 0.55971 4.02072 0.78258 0.98072 0.30541 0.41196 152.77952 195.62801 147.22542 138.42519 0.3 0.3 0.0 0.0 0.0 0.0 0.0 0.0 0.72115 0.0 0.0 45.47487 -0.49999 0.07399 0.0 0.0 0.0 0.0 0.0 0.0 0.0084252810387 45 0 0.921777221527 1.6341704798 3.79379466046
-0.12623 0.35028 3.35743 -0.0995283044659 0.55971 4.02072 0.78258 0.98072 0.30541 0.41196 152.77952 195.62801 147.22542 138.42519 0.3 0.3 0.0 0.0 0.0 0.0 0.0 0.0 0.72115 0.0 0.0 45.47487 -0.49999 0.07399 0.0 0.0 0.0 0.0 0.0 0.0 0.00913492868919 46 0 0.895417156287 1.29027061324 3.79379466046
-0.12623 0.35028 3.35743 -0.0467898653239 0.55971 4.02072 0.78258 0.98072 0.30541 0.41196 152.77952 195.62801 147.22542 138.42519 0.3 0.3 0.0 0.0 0.0 0.0 0.0 0.0 0.72115 0.0 0.0 45.47487 -0.49999 0.07399 0.0 0.0 0.0 0.0 0.0 0.0 0.00782872321785 47 0 0.758527341635 1.2461873782 3.79379466046
-0.12623 0.35028 3.35743 -0.154995431438 0.55971 4.02072 0.78258 0.98072 0.30541 0.41196 152.77952 195.62801 147.22542 138.42519 0.3 0.3 0.0 0.0 0.0 0.0 0.0 0.0 0.72115 0.0 0.0 45.47487 -0.49999 0.07399 0.0 0.0 0.0 0.0 0.0 0.0 0.00798045605135 48 0 0.911875 1.6492951303 3.79379466046
-0.12623 0.35028 3.35743 -0.33934596948 0.55971 4.02072 0.78258 0.98072 0.30541 0.41196 152.77952 195.62801 147.22542 138.42519 0.3 0.3 0.0 0.0 0.0 0.0 0.0 0.0 0.72115 0.0 0.0 45.47487 -0.49999 0.07399 0.0 0.0 0.0 0.0 0.0 0.0 0.00881371043195 49 0 0.69946332737 3.7948867235 3.79379466046
-0.12623 0.35028 3.35743 -0.232568342751 0.55971 4.02072 0.78258 0.98072 0.30541 0.41196 152.77952 195.62801 147.22542 138.42519 0.3 0.3 0.0 0.0 0.0 0.0 0.0 0.0 0.72115 0.0 0.0 45.47487 -0.49999 0.07399 0.0 0.0 0.0 0.0 0.0 0.0 0.0078925323597 50 0 0.737562189055 3.9581360433 3.79379466046
