-0.12623 0.35028 3.35743 -0.05306847812 0.55971 4.02072 0.78258 0.98072 0.30541 0.41196 152.77952 195.62801 147.22542 138.42519 0.3 0.3 0.0 0.0 0.0 0.0 0.0 0.0 0.72115 0.0 0.0 45.47487 -0.49999 0.07399 0.0 0.0 0.0 0.0 0.0 0.0 0.01 0 1 0.775299238303 1.24274235286 -386.203046505
-0.12623 0.35028 3.35743 -0.107081186286 0.55971 4.02072 0.78258 0.98072 0.30541 0.41196 152.77952 195.62801 147.22542 138.42519 0.3 0.3 0.0 0.0 0.0 0.0 0.0 0.0 0.72115 0.0 0.0 45.47487 -0.49999 0.07399 0.0 0.0 0.0 0.0 0.0 0.0 0.00898342950733 1 1 0.914626865672 1.23146298521 -64.6876847334
-0.12623 0.35028 3.35743 -0.206060806416 0.55971 4.02072 0.78258 0.98072 0.30541 0.41196 152.77952 195.62801 147.22542 138.42519 0.3 0.3 0.0 0.0 0.0 0.0 0.0 0.0 0.72115 0.0 0.0 45.47487 -0.49999 0.07399 0.0 0.0 0.0 0.0 0.0 0.0 0.00846166444461 2 0 0.772104607721 3.45810832817 -64.6876847334
-0.12623 0.35028 3.35743 -0.125214327969 0.55971 4.02072 0.78258 0.98072 0.30541 0.41196 152.77952 195.62801 147.22542 138.42519 0.3 0.3 0.0 0.0 0.0 0.0 0.0 0.0 0.72115 0.0 0.0 45.47487 -0.49999 0.07399 0.0 0.0 0.0 0.0 0.0 0.0 0.00895743156812 3 1 0.979310344828 1.06870734613 0.749651397931
-0.12623 0.35028 3.35743 -0.126853065797 0.55971 4.02072 0.78258 0.98072 0.30541 0.41196 152.77952 195.62801 147.22542 138.42519 0.3 0.3 0.0 0.0 0.0 0.0 0.0 0.0 0.72115 0.0 0.0 45.47487 -0.49999 0.07399 0.0 0.0 0.0 0.0 0.0 0.0 0.00974581392566 4 1 0.982378854626 1.03130611422 1.97346875765
-0.12623 0.35028 3.35743 -0.351319198926 0.55971 4.02072 0.78258 0.98072 0.30541 0.41196 152.77952 195.62801 147.22542 138.42519 0.3 0.3 0.0 0.0 0.0 0.0 0.0 0.0 0.72115 0.0 0.0 45.47487 -0.49999 0.07399 0.0 0.0 0.0 0.0 0.0 0.0 0.00973808581363 5 0 0.699104477612 3.78351574922 1.97346875765
-0.12623 0.35028 3.35743 -0.0388722050076 0.55971 4.02072 0.78258 0.98072 0.30541 0.41196 152.77952 195.62801 147.22542 138.42519 0.3 0.3 0.0 0.0 0.0 0.0 0.0 0.0 0.72115 0.0 0.0 45.47487 -0.49999 0.07399 0.0 0.0 0.0 0.0 0.0 0.0 0.00935225644849 6 0 0.739432851792 1.22628142275 1.97346875765
-0.12623 0.35028 3.35743 -0.0578335062147 0.55971 4.02072 0.78258 0.98072 0.30541 0.41196 152.77952 195.62801 147.22542 138.42519 0.3 0.3 0.0 0.0 0.0 0.0 0.0 0.0 0.72115 0.0 0.0 45.47487 -0.49999 0.07399 0.0 0.0 0.0 0.0 0.0 0.0 0.00927619668915 7 0 0.789676002197 1.25223263225 1.97346875765
-0.12623 0.35028 3.35743 -0.0734486295202 0.55971 4.02072 0.78258 0.98072 0.30541 0.41196 152.77952 195.62801 147.22542 138.42519 0.3 0.3 0.0 0.0 0.0 0.0 0.0 0.0 0.72115 0.0 0.0 45.47487 -0.49999 0.07399 0.0 0.0 0.0 0.0 0.0 0.0 0.0100192651297 8 0 0.817522321429 1.29638091831 1.97346875765
-0.12623 0.35028 3.35743 -0.148428098254 0.55971 4.02072 0.78258 0.98072 0.30541 0.41196 152.77952 195.62801 147.22542 138.42519 0.3 0.3 0.0 0.0 0.0 0.0 0.0 0.0 0.72115 0.0 0.0 45.47487 -0.49999 0.07399 0.0 0.0 0.0 0.0 0.0 0.0 0.00884129941267 9 0 0.932999373826 1.62510254757 1.97346875765
-0.12623 0.35028 3.35743 -0.118036791694 0.55971 4.02072 0.78258 0.98072 0.30541 0.41196 152.77952 195.62801 147.22542 138.42519 0.3 0.3 0.0 0.0 0.0 0.0 0.0 0.0 0.72115 0.0 0.0 45.47487 -0.49999 0.07399 0.0 0.0 0.0 0.0 0.0 0.0 0.00904135260719 10 0 0.955882352941 1.28022415163 1.97346875765
-0.12623 0.35028 3.35743 0.0406682051738 0.55971 4.02072 0.78258 0.98072 0.30541 0.41196 152.77952 195.62801 147.22542 138.42519 0.3 0.3 0.0 0.0 0.0 0.0 0.0 0.0 0.72115 0.0 0.0 45.47487 -0.49999 0.07399 0.0 0.0 0.0 0.0 0.0 0.0 0.00956120236294 11 0 0.600410888546 1.76875580084 1.97346875765
-0.12623 0.35028 3.35743 -0.0940195880471 0.55971 4.02072 0.78258 0.98072 0.30541 0.41196 152.77952 195.62801 147.22542 138.42519 0.3 0.3 0.0 0.0 0.0 0.0 0.0 0.0 0.72115 0.0 0.0 45.47487 -0.49999 0.07399 0.0 0.0 0.0 0.0 0.0 0.0 0.00987621629431 12 0 0.878910776362 1.28110906947 1.97346875765
-0.12623 0.35028 3.35743 -0.180511376888 0.55971 4.02072 0.78258 0.98072 0.30541 0.41196 152.77952 195.62801 147.22542 138.42519 0.3 0.3 0.0 0.0 0.0 0.0 0.0 0.0 0.72115 0.0 0.0 45.47487 -0.49999 0.07399 0.0 0.0 0.0 0.0 0.0 0.0 0.0101046113894 13 0 0.835727670206 2.38238831948 1.97346875765
-0.12623 0.35028 3.35743 0.00172717061057 0.55971 4.02072 0.78258 0.98072 0.30541 0.41196 152.77952 195.62801 147.22542 138.42519 0.3 0.3 0.0 0.0 0.0 0.0 0.0 0.0 0.72115 0.0 0.0 45.47487 -0.49999 0.07399 0.0 0.0 0.0 0.0 0.0 0.0 0.0103412630778 14 0 0.660564853556 1.52205773691 1.97346875765
-0.12623 0.35028 3.35743 0.190480988629 0.55971 4.02072 0.78258 0.98072 0.30541 0.41196 152.77952 195.62801 147.22542 138.42519 0.3 0.3 0.0 0.0 0.0 0.0 0.0 0.0 0.72115 0.0 0.0 45.47487 -0.49999 0.07399 0.0 0.0 0.0 0.0 0.0 0.0 0.0102308368817 15 0 0.542586750789 2.23585094492 1.97346875765
-0.12623 0.35028 3.35743 -0.0282766330239 0.55971 4.02072 0.78258 0.98072 0.30541 0.41196 152.77952 195.62801 147.22542 138.42519 0.3 0.3 0.0 0.0 0.0 0.0 0.0 0.0 0.72115 0.0 0.0 45.47487 -0.49999 0.07399 0.0 0.0 0.0 0.0 0.0 0.0 0.00968824249342 16 0 0.721633085896 1.39250243193 1.97346875765
-0.12623 0.35028 3.35743 0.0106671303051 0.55971 4.02072 0.78258 0.98072 0.30541 0.41196 152.77952 195.62801 147.22542 138.42519 0.3 0.3 0.0 0.0 0.0 0.0 0.0 0.0 0.72115 0.0 0.0 45.47487 -0.49999 0.07399 0.0 0.0 0.0 0.0 0.0 0.0 0.0102982140994 17 0 0.648340248963 1.47685454354 1.97346875765
-0.12623 0.35028 3.35743 0.00210108832714 0.55971 4.02072 0.78258 0.98072 0.30541 0.41196 152.77952 195.62801 147.22542 138.42519 0.3 0.3 0.0 0.0 0.0 0.0 0.0 0.0 0.72115 0.0 0.0 45.47487 -0.49999 0.07399 0.0 0.0 0.0 0.0 0.0 0.0 0.00988006228696 18 0 0.660209424084 1.47922488445 1.97346875765
-0.12623 0.35028 3.35743 -0.1085961091 0.55971 4.02072 0.78258 0.98072 0.30541 0.41196 152.77952 195.62801 147.22542 138.42519 0.3 0.3 0.0 0.0 0.0 0.0 0.0 0.0 0.72115 0.0 0.0 45.47487 -0.49999 0.07399 0.0 0.0 0.0 0.0 0.0 0.0 0.00976086384956 19 0 0.917964071856 1.24537713633 1.97346875765
-0.12623 0.35028 3.35743 -0.0867010367731 0.55971 4.02072 0.78258 0.98072 0.30541 0.41196 152.77952 195.62801 147.22542 138.42519 0.3 0.3 0.0 0.0 0.0 0.0 0.0 0.0 0.72115 0.0 0.0 45.47487 -0.49999 0.07399 0.0 0.0 0.0 0.0 0.0 0.0 0.00832194828876 20 0 0.860904407556 1.29919992521 1.97346875765
-0.12623 0.35028 3.35743 -0.214842516316 0.55971 4.02072 0.78258 0.98072 0.30541 0.41196 152.77952 195.62801 147.22542 138.42519 0.3 0.3 0.0 0.0 0.0 0.0 0.0 0.0 0.72115 0.0 0.0 45.47487 -0.49999 0.07399 0.0 0.0 0.0 0.0 0.0 0.0 0.0101210342867 21 0 0.757632398754 3.71055797145 1.97346875765
-0.12623 0.35028 3.35743 -0.128306999605 0.55971 4.02072 0.78258 0.98072 0.30541 0.41196 152.77952 195.62801 147.22542 138.42519 0.3 0.3 0.0 0.0 0.0 0.0 0.0 0.0 0.72115 0.0 0.0 45.47487 -0.49999 0.07399 0.0 0.0 0.0 0.0 0.0 0.0 0.00888795601347 22 1 0.989911727617 0.697887255878 3.49037931465
-0.12623 0.35028 3.35743 -0.139631492326 0.55971 4.02072 0.78258 0.98072 0.30541 0.41196 152.77952 195.62801 147.22542 138.42519 0.3 0.3 0.0 0.0 0.0 0.0 0.0 0.0 0.72115 0.0 0.0 45.47487 -0.49999 0.07399 0.0 0.0 0.0 0.0 0.0 0.0 0.00928114807258 23 0 0.958620689655 1.158878841 3.49037931465
-0.12623 0.35028 3.35743 -0.262077564465 0.55971 4.02072 0.78258 0.98072 0.30541 0.41196 152.77952 195.62801 147.22542 138.42519 0.3 0.3 0.0 0.0 0.0 0.0 0.0 0.0 0.72115 0.0 0.0 45.47487 -0.49999 0.07399 0.0 0.0 0.0 0.0 0.0 0.0 0.0086668490947 24 0 0.737267080745 3.95275965123 3.49037931465
-0.12623 0.35028 3.35743 -0.148968123597 0.55971 4.02072 0.78258 0.98072 0.30541 0.41196 152.77952 195.62801 147.22542 138.42519 0.3 0.3 0.0 0.0 0.0 0.0 0.0 0.0 0.72115 0.0 0.0 45.47487 -0.49999 0.07399 0.0 0.0 0.0 0.0 0.0 0.0 0.00848502651618 25 0 0.931789737171 1.55426222468 3.49037931465
-0.12623 0.35028 3.35743 0.0501250184911 0.55971 4.02072 0.78258 0.98072 0.30541 0.41196 152.77952 195.62801 147.22542 138.42519 0.3 0.3 0.0 0.0 0.0 0.0 0.0 0.0 0.72115 0.0 0.0 45.47487 -0.49999 0.07399 0.0 0.0 0.0 0.0 0.0 0.0 0.0093701739803 26 0 0.596716264751 1.70866343328 3.49037931465
-0.12623 0.35028 3.35743 -0.185003752885 0.55971 4.02072 0.78258 0.98072 0.30541 0.41196 152.77952 195.62801 147.22542 138.42519 0.3 0.3 0.0 0.0 0.0 0.0 0.0 0.0 0.72115 0.0 0.0 45.47487 -0.49999 0.07399 0.0 0.0 0.0 0.0 0.0 0.0 0.00843423439336 27 0 0.825951341235 2.61406847005 3.49037931465
-0.12623 0.35028 3.35743 -0.234708900389 0.55971 4.02072 0.78258 0.98072 0.30541 0.41196 152.77952 195.62801 147.22542 138.42519 0.3 0.3 0.0 0.0 0.0 0.0 0.0 0.0 0.72115 0.0 0.0 45.47487 -0.49999 0.07399 0.0 0.0 0.0 0.0 0.0 0.0 0.00903324857327 28 0 0.737562189055 3.89693704845 3.49037931465
-0.12623 0.35028 3.35743 -0.190918024119 0.55971 4.02072 0.78258 0.98072 0.30541 0.41196 152.77952 195.62801 147.22542 138.42519 0.3 0.3 0.0 0.0 0.0 0.0 0.0 0.0 0.72115 0.0 0.0 45.47487 -0.49999 0.07399 0.0 0.0 0.0 0.0 0.0 0.0 0.00835333224531 29 0 0.810591900312 2.84543045513 3.49037931465
-0.12623 0.35028 3.35743 -0.0837466859991 0.55971 4.02072 0.78258 0.98072 0.30541 0.41196 152.77952 195.62801 147.22542 138.42519 0.3 0.3 0.0 0.0 0.0 0.0 0.0 0.0 0.72115 0.0 0.0 45.47487 -0.49999 0.07399 0.0 0.0 0.0 0.0 0.0 0.0 0.00911125656996 30 0 0.853242320819 1.38766147512 3.49037931465
-0.12623 0.35028 3.35743 -0.197161545063 0.55971 4.02072 0.78258 0.98072 0.30541 0.41196 152.77952 195.62801 147.22542 138.42519 0.3 0.3 0.0 0.0 0.0 0.0 0.0 0.0 0.72115 0.0 0.0 45.47487 -0.49999 0.07399 0.0 0.0 0.0 0.0 0.0 0.0 0.00937486278228 31 0 0.796388542964 3.10110117408 3.49037931465
-0.12623 0.35028 3.35743 -0.0596753649016 0.55971 4.02072 0.78258 0.98072 0.30541 0.41196 152.77952 195.62801 147.22542 138.42519 0.3 0.3 0.0 0.0 0.0 0.0 0.0 0.0 0.72115 0.0 0.0 45.47487 -0.49999 0.07399 0.0 0.0 0.0 0.0 0.0 0.0 0.00897058589739 32 0 0.79086406164 1.25092585649 3.49037931465
-0.12623 0.35028 3.35743 -0.0855432001797 0.55971 4.02072 0.78258 0.98072 0.30541 0.41196 152.77952 195.62801 147.22542 138.42519 0.3 0.3 0.0 0.0 0.0 0.0 0.0 0.0 0.72115 0.0 0.0 45.47487 -0.49999 0.07399 0.0 0.0 0.0 0.0 0.0 0.0 0.00822353756394 33 0 0.856164383562 1.31319881284 3.49037931465
-0.12623 0.35028 3.35743 -0.162166336628 0.55971 4.02072 0.78258 0.98072 0.30541 0.41196 152.77952 195.62801 147.22542 138.42519 0.3 0.3 0.0 0.0 0.0 0.0 0.0 0.0 0.72115 0.0 0.0 45.47487 -0.49999 0.07399 0.0 0.0 0.0 0.0 0.0 0.0 0.00855172567565 34 0 0.888264669164 1.76292376381 3.49037931465
-0.12623 0.35028 3.35743 -0.0560059539284 0.55971 4.02072 0.78258 0.98072 0.30541 0.41196 152.77952 195.62801 147.22542 138.42519 0.3 0.3 0.0 0.0 0.0 0.0 0.0 0.0 0.72115 0.0 0.0 45.47487 -0.49999 0.07399 0.0 0.0 0.0 0.0 0.0 0.0 0.00870662508288 35 0 0.782156540777 1.34823538685 3.49037931465
-0.12623 0.35028 3.35743 -0.0236816272217 0.55971 4.02072 0.78258 0.98072 0.30541 0.41196 152.77952 195.62801 147.22542 138.42519 0.3 0.3 0.0 0.0 0.0 0.0 0.0 0.0 0.72115 0.0 0.0 45.47487 -0.49999 0.07399 0.0 0.0 0.0 0.0 0.0 0.0 0.00934620300807 36 0 0.711111111111 1.36318119558 3.49037931465
-0.12623 0.35028 3.35743 -0.135760457592 0.55971 4.02072 0.78258 0.98072 0.30541 0.41196 152.77952 195.62801 147.22542 138.42519 0.3 0.3 0.0 0.0 0.0 0.0 0.0 0.0 0.72115 0.0 0.0 45.47487 -0.49999 0.07399 0.0 0.0 0.0 0.0 0.0 0.0 0.00897872241397 37 0 0.974747474747 1.2914457013 3.49037931465
-0.12623 0.35028 3.35743 -0.120998942825 0.55971 4.02072 0.78258 0.98072 0.30541 0.41196 152.77952 195.62801 147.22542 138.42519 0.3 0.3 0.0 0.0 0.0 0.0 0.0 0.0 0.72115 0.0 0.0 45.47487 -0.49999 0.07399 0.0 0.0 0.0 0.0 0.0 0.0 0.00988359476466 38 0 0.96349009901 1.21920075644 3.49037931465
-0.12623 0.35028 3.35743 -0.128246972502 0.55971 4.02072 0.78258 0.98072 0.30541 0.41196 152.77952 195.62801 147.22542 138.42519 0.3 0.3 0.0 0.0 0.0 0.0 0.0 0.0 0.72115 0.0 0.0 45.47487 -0.49999 0.07399 0.0 0.0 0.0 0.0 0.0 0.0 0.00898346373829 39 1 0.989911727617 0.779819479961 3.40998529754
-0.12623 0.35028 3.35743 0.082405951068 0.55971 4.02072 0.78258 0.98072 0.30541 0.41196 152.77952 195.62801 147.22542 138.42519 0.3 0.3 0.0 0.0 0.0 0.0 0.0 0.0 0.72115 0.0 0.0 45.47487 -0.49999 0.07399 0.0 0.0 0.0 0.0 0.0 0.0 0.0103394688707 40 0 0.581383519837 1.8823887534 3.40998529754
-0.12623 0.35028 3.35743 -0.0357663218106 0.55971 4.02072 0.78258 0.98072 0.30541 0.41196 152.77952 195.62801 147.22542 138.42519 0.3 0.3 0.0 0.0 0.0 0.0 0.0 0.0 0.72115 0.0 0.0 45.47487 -0.49999 0.07399 0.0 0.0 0.0 0.0 0.0 0.0 0.00941255336719 41 0 0.733333333333 1.2942664628 3.40998529754
-0.12623 0.35028 3.35743 -0.105241741555 0.55971 4.02072 0.78258 0.98072 0.30541 0.41196 152.77952 195.62801 147.22542 138.42519 0.3 0.3 0.0 0.0 0.0 0.0 0.0 0.0 0.72115 0.0 0.0 45.47487 -0.49999 0.07399 0.0 0.0 0.0 0.0 0.0 0.0 0.00917622358695 42 0 0.911904761905 1.25766379267 3.40998529754
-0.12623 0.35028 3.35743 0.032767418384 0.55971 4.02072 0.78258 0.98072 0.30541 0.41196 152.77952 195.62801 147.22542 138.42519 0.3 0.3 0.0 0.0 0.0 0.0 0.0 0.0 0.72115 0.0 0.0 45.47487 -0.49999 0.07399 0.0 0.0 0.0 0.0 0.0 0.0 0.00888362033681 43 0 0.611311053985 1.64372892085 3.40998529754
-0.12623 0.35028 3.35743 -0.131375110239 0.55971 4.02072 0.78258 0.98072 0.30541 0.41196 152.77952 195.62801 147.22542 138.42519 0.3 0.3 0.0 0.0 0.0 0.0 0.0 0.0 0.72115 0.0 0.0 45.47487 -0.49999 0.07399 0.0 0.0 0.0 0.0 0.0 0.0 0.00984472865205 44 1 0.989260897031 0.950753645718 3.16406360871
-0.12623 0.35028 3.35743 -0.115792875624 0.55971 4.02072 0.78258 0.98072 0.30541 0.41196 152.77952 195.62801 147.22542 138.42519 0.3 0.3 0.0 0.0 0.0 0.0 0.0 0.0 0.72115 0.0 0.0 45.47487 -0.49999 0.07399 0.0 0.0 0.0 0.0 0.0 0.0 0.00969743389631 45 0 0.941641337386 1.25842404942 3.16406360871
-0.12623 0.35028 3.35743 -0.313933566024 0.55971 4.02072 0.78258 0.98072 0.30541 0.41196 152.77952 195.62801 147.22542 138.42519 0.3 0.3 0.0 0.0 0.0 0.0 0.0 0.0 0.72115 0.0 0.0 45.47487 -0.49999 0.07399 0.0 0.0 0.0 0.0 0.0 0.0 0.009731785783 46 0 0.701796407186 3.78498905341 3.16406360871
-0.12623 0.35028 3.35743 -0.0889760336572 0.55971 4.02072 0.78258 0.98072 0.30541 0.41196 152.77952 195.62801 147.22542 138.42519 0.3 0.3 0.0 0.0 0.0 0.0 0.0 0.0 0.72115 0.0 0.0 45.47487 -0.49999 0.07399 0.0 0.0 0.0 0.0 0.0 0.0 0.00972523550196 47 0 0.86739380023 1.35047907161 3.16406360871
-0.12623 0.35028 3.35743 -0.0558483934039 0.55971 4.02072 0.78258 0.98072 0.30541 0.41196 152.77952 195.62801 147.22542 138.42519 0.3 0.3 0.0 0.0 0.0 0.0 0.0 0.0 0.72115 0.0 0.0 45.47487 -0.49999 0.07399 0.0 0.0 0.0 0.0 0.0 0.0 0.00957383059475 48 0 0.781728665208 1.33509050873 3.16406360871
-0.12623 0.35028 3.35743 -0.0437347577886 0.55971 4.02072 0.78258 0.98072 0.30541 0.41196 152.77952 195.62801 147.22542 138.42519 0.3 0.3 0.0 0.0 0.0 0.0 0.0 0.0 0.72115 0.0 0.0 45.47487 -0.49999 0.07399 0.0 0.0 0.0 0.0 0.0 0.0 0.0103922818021 49 0 0.75161637931 1.33395206707 3.16406360871
-0.12623 0.35028 3.35743 -0.00316275835171 0.55971 4.02072 0.78258 0.98072 0.30541 0.41196 152.77952 195.62801 147.22542 138.42519 0.3 0.3 0.0 0.0 0.0 0.0 0.0 0.0 0.72115 0.0 0.0 45.47487 -0.49999 0.07399 0.0 0.0 0.0 0.0 0.0 0.0 0.0100555099901 50 0 0.665970772443 1.40004910418 3.16406360871
