-0.12623 0.35028 3.35743 -0.213123333333 0.55971 4.02072 0.78258 0.98072 0.30541 0.41196 152.77952 195.62801 147.22542 138.42519 0.3 0.3 0.0 0.0 0.0 0.0 0.0 0.0 0.72115 0.0 0.0 45.47487 -0.49999 0.07399 0.0 0.0 0.0 0.0 0.0 0.0 0.05 0 1 0.779411764706 1.87395865647 -7691.23775133
-0.12623 0.35028 3.35743 -0.208673359501 0.55971 4.02072 0.78258 0.98072 0.30541 0.41196 152.77952 195.62801 147.22542 138.42519 0.3 0.3 0.0 0.0 0.0 0.0 0.0 0.0 0.72115 0.0 0.0 45.47487 -0.49999 0.07399 0.0 0.0 0.0 0.0 0.0 0.0 0.0492622416081 1 1 0.794117647059 1.73361801276 -5907.37344876
-0.12623 0.35028 3.35743 -0.183034683023 0.55971 4.02072 0.78258 0.98072 0.30541 0.41196 152.77952 195.62801 147.22542 138.42519 0.3 0.3 0.0 0.0 0.0 0.0 0.0 0.0 0.72115 0.0 0.0 45.47487 -0.49999 0.07399 0.0 0.0 0.0 0.0 0.0 0.0 0.0494794932969 2 1 0.867647058824 1.2524650398 -1264.41816291
-0.12623 0.35028 3.35743 -0.163073948175 0.55971 4.02072 0.78258 0.98072 0.30541 0.41196 152.77952 195.62801 147.22542 138.42519 0.3 0.3 0.0 0.0 0.0 0.0 0.0 0.0 0.72115 0.0 0.0 45.47487 -0.49999 0.07399 0.0 0.0 0.0 0.0 0.0 0.0 0.0493856767957 3 1 0.933823529412 1.09024131869 -241.816894087
-0.12623 0.35028 3.35743 -0.152816620884 0.55971 4.02072 0.78258 0.98072 0.30541 0.41196 152.77952 195.62801 147.22542 138.42519 0.3 0.3 0.0 0.0 0.0 0.0 0.0 0.0 0.72115 0.0 0.0 45.47487 -0.49999 0.07399 0.0 0.0 0.0 0.0 0.0 0.0 0.0494575303826 4 1 0.941176470588 0.857587089863 -118.759086315
-0.12623 0.35028 3.35743 -0.145961752744 0.55971 4.02072 0.78258 0.98072 0.30541 0.41196 152.77952 195.62801 147.22542 138.42519 0.3 0.3 0.0 0.0 0.0 0.0 0.0 0.0 0.72115 0.0 0.0 45.47487 -0.49999 0.07399 0.0 0.0 0.0 0.0 0.0 0.0 0.0491308864102 5 1 0.955882352941 0.69628022907 -45.6715028964
-0.12623 0.35028 3.35743 -0.145435584122 0.55971 4.02072 0.78258 0.98072 0.30541 0.41196 152.77952 195.62801 147.22542 138.42519 0.3 0.3 0.0 0.0 0.0 0.0 0.0 0.0 0.72115 0.0 0.0 45.47487 -0.49999 0.07399 0.0 0.0 0.0 0.0 0.0 0.0 0.049478508804 6 1 0.955882352941 0.696236712526 -45.0741638395
-0.12623 0.35028 3.35743 -0.146363204378 0.55971 4.02072 0.78258 0.98072 0.30541 0.41196 152.77952 195.62801 147.22542 138.42519 0.3 0.3 0.0 0.0 0.0 0.0 0.0 0.0 0.72115 0.0 0.0 45.47487 -0.49999 0.07399 0.0 0.0 0.0 0.0 0.0 0.0 0.0499688278695 7 0 0.955882352941 0.712259732513 -45.0741638395
-0.12623 0.35028 3.35743 -0.101816491411 0.55971 4.02072 0.78258 0.98072 0.30541 0.41196 152.77952 195.62801 147.22542 138.42519 0.3 0.3 0.0 0.0 0.0 0.0 0.0 0.0 0.72115 0.0 0.0 45.47487 -0.49999 0.07399 0.0 0.0 0.0 0.0 0.0 0.0 0.0489757901321 8 0 0.924657534247 0.718484565679 -45.0741638395
-0.12623 0.35028 3.35743 -0.148177032229 0.55971 4.02072 0.78258 0.98072 0.30541 0.41196 152.77952 195.62801 147.22542 138.42519 0.3 0.3 0.0 0.0 0.0 0.0 0.0 0.0 0.72115 0.0 0.0 45.47487 -0.49999 0.07399 0.0 0.0 0.0 0.0 0.0 0.0 0.0497408800009 9 0 0.948529411765 0.762747411398 -45.0741638395
-0.12623 0.35028 3.35743 -0.139445218958 0.55971 4.02072 0.78258 0.98072 0.30541 0.41196 152.77952 195.62801 147.22542 138.42519 0.3 0.3 0.0 0.0 0.0 0.0 0.0 0.0 0.72115 0.0 0.0 45.47487 -0.49999 0.07399 0.0 0.0 0.0 0.0 0.0 0.0 0.0495999643632 10 1 0.977777777778 0.525367458782 -7.95859235065
-0.12623 0.35028 3.35743 -0.141493126553 0.55971 4.02072 0.78258 0.98072 0.30541 0.41196 152.77952 195.62801 147.22542 138.42519 0.3 0.3 0.0 0.0 0.0 0.0 0.0 0.0 0.72115 0.0 0.0 45.47487 -0.49999 0.07399 0.0 0.0 0.0 0.0 0.0 0.0 0.0490799613442 11 0 0.970588235294 0.536900722652 -7.95859235065
-0.12623 0.35028 3.35743 -0.135994889229 0.55971 4.02072 0.78258 0.98072 0.30541 0.41196 152.77952 195.62801 147.22542 138.42519 0.3 0.3 0.0 0.0 0.0 0.0 0.0 0.0 0.72115 0.0 0.0 45.47487 -0.49999 0.07399 0.0 0.0 0.0 0.0 0.0 0.0 0.0498840770363 12 1 0.977777777778 0.444548646235 -6.15742005364
-0.12623 0.35028 3.35743 -0.115456155858 0.55971 4.02072 0.78258 0.98072 0.30541 0.41196 152.77952 195.62801 147.22542 138.42519 0.3 0.3 0.0 0.0 0.0 0.0 0.0 0.0 0.72115 0.0 0.0 45.47487 -0.49999 0.07399 0.0 0.0 0.0 0.0 0.0 0.0 0.0501124873619 13 0 0.937062937063 0.409303139828 -6.15742005364
-0.12623 0.35028 3.35743 -0.103515439842 0.55971 4.02072 0.78258 0.98072 0.30541 0.41196 152.77952 195.62801 147.22542 138.42519 0.3 0.3 0.0 0.0 0.0 0.0 0.0 0.0 0.72115 0.0 0.0 45.47487 -0.49999 0.07399 0.0 0.0 0.0 0.0 0.0 0.0 0.0500305337523 14 0 0.924657534247 0.7068706398 -6.15742005364
-0.12623 0.35028 3.35743 -0.155827405457 0.55971 4.02072 0.78258 0.98072 0.30541 0.41196 152.77952 195.62801 147.22542 138.42519 0.3 0.3 0.0 0.0 0.0 0.0 0.0 0.0 0.72115 0.0 0.0 45.47487 -0.49999 0.07399 0.0 0.0 0.0 0.0 0.0 0.0 0.0493646612598 15 0 0.955555555556 0.893168204119 -6.15742005364
-0.12623 0.35028 3.35743 -0.114110091919 0.55971 4.02072 0.78258 0.98072 0.30541 0.41196 152.77952 195.62801 147.22542 138.42519 0.3 0.3 0.0 0.0 0.0 0.0 0.0 0.0 0.72115 0.0 0.0 45.47487 -0.49999 0.07399 0.0 0.0 0.0 0.0 0.0 0.0 0.0498079951598 16 0 0.930555555556 0.608614034931 -6.15742005364
-0.12623 0.35028 3.35743 -0.131299636674 0.55971 4.02072 0.78258 0.98072 0.30541 0.41196 152.77952 195.62801 147.22542 138.42519 0.3 0.3 0.0 0.0 0.0 0.0 0.0 0.0 0.72115 0.0 0.0 45.47487 -0.49999 0.07399 0.0 0.0 0.0 0.0 0.0 0.0 0.050315916368 17 1 0.992592592593 0.0369244638791 -1.7787874651
-0.12623 0.35028 3.35743 -0.138493579902 0.55971 4.02072 0.78258 0.98072 0.30541 0.41196 152.77952 195.62801 147.22542 138.42519 0.3 0.3 0.0 0.0 0.0 0.0 0.0 0.0 0.72115 0.0 0.0 45.47487 -0.49999 0.07399 0.0 0.0 0.0 0.0 0.0 0.0 0.0502323672267 18 0 0.977777777778 0.50560714036 -1.7787874651
-0.12623 0.35028 3.35743 -0.157024264899 0.55971 4.02072 0.78258 0.98072 0.30541 0.41196 152.77952 195.62801 147.22542 138.42519 0.3 0.3 0.0 0.0 0.0 0.0 0.0 0.0 0.72115 0.0 0.0 45.47487 -0.49999 0.07399 0.0 0.0 0.0 0.0 0.0 0.0 0.0501616801709 19 0 0.955555555556 0.915027526246 -1.7787874651
-0.12623 0.35028 3.35743 -0.146844574799 0.55971 4.02072 0.78258 0.98072 0.30541 0.41196 152.77952 195.62801 147.22542 138.42519 0.3 0.3 0.0 0.0 0.0 0.0 0.0 0.0 0.72115 0.0 0.0 45.47487 -0.49999 0.07399 0.0 0.0 0.0 0.0 0.0 0.0 0.0507832324413 20 0 0.948529411765 0.715398045476 -1.7787874651
-0.12623 0.35028 3.35743 -0.100393343082 0.55971 4.02072 0.78258 0.98072 0.30541 0.41196 152.77952 195.62801 147.22542 138.42519 0.3 0.3 0.0 0.0 0.0 0.0 0.0 0.0 0.72115 0.0 0.0 45.47487 -0.49999 0.07399 0.0 0.0 0.0 0.0 0.0 0.0 0.050967902451 21 0 0.924657534247 0.777243833053 -1.7787874651
-0.12623 0.35028 3.35743 -0.0896349210927 0.55971 4.02072 0.78258 0.98072 0.30541 0.41196 152.77952 195.62801 147.22542 138.42519 0.3 0.3 0.0 0.0 0.0 0.0 0.0 0.0 0.72115 0.0 0.0 45.47487 -0.49999 0.07399 0.0 0.0 0.0 0.0 0.0 0.0 0.0498762039218 22 0 0.887417218543 0.934674909359 -1.7787874651
-0.12623 0.35028 3.35743 -0.129354393282 0.55971 4.02072 0.78258 0.98072 0.30541 0.41196 152.77952 195.62801 147.22542 138.42519 0.3 0.3 0.0 0.0 0.0 0.0 0.0 0.0 0.72115 0.0 0.0 45.47487 -0.49999 0.07399 0.0 0.0 0.0 0.0 0.0 0.0 0.049777857206 23 1 1.0 0.410355091811 -1.73798416057
-0.12623 0.35028 3.35743 -0.105562487827 0.55971 4.02072 0.78258 0.98072 0.30541 0.41196 152.77952 195.62801 147.22542 138.42519 0.3 0.3 0.0 0.0 0.0 0.0 0.0 0.0 0.72115 0.0 0.0 45.47487 -0.49999 0.07399 0.0 0.0 0.0 0.0 0.0 0.0 0.0501054868152 24 0 0.924657534247 0.702040042876 -1.73798416057
-0.12623 0.35028 3.35743 -0.106718216773 0.55971 4.02072 0.78258 0.98072 0.30541 0.41196 152.77952 195.62801 147.22542 138.42519 0.3 0.3 0.0 0.0 0.0 0.0 0.0 0.0 0.72115 0.0 0.0 45.47487 -0.49999 0.07399 0.0 0.0 0.0 0.0 0.0 0.0 0.0503117761928 25 0 0.931034482759 0.711132127855 -1.73798416057
-0.12623 0.35028 3.35743 -0.110189120063 0.55971 4.02072 0.78258 0.98072 0.30541 0.41196 152.77952 195.62801 147.22542 138.42519 0.3 0.3 0.0 0.0 0.0 0.0 0.0 0.0 0.72115 0.0 0.0 45.47487 -0.49999 0.07399 0.0 0.0 0.0 0.0 0.0 0.0 0.0499043133263 26 0 0.9375 0.626472366174 -1.73798416057
-0.12623 0.35028 3.35743 -0.145782935608 0.55971 4.02072 0.78258 0.98072 0.30541 0.41196 152.77952 195.62801 147.22542 138.42519 0.3 0.3 0.0 0.0 0.0 0.0 0.0 0.0 0.72115 0.0 0.0 45.47487 -0.49999 0.07399 0.0 0.0 0.0 0.0 0.0 0.0 0.0488684095287 27 0 0.955882352941 0.696277547229 -1.73798416057
-0.12623 0.35028 3.35743 -0.107067660176 0.55971 4.02072 0.78258 0.98072 0.30541 0.41196 152.77952 195.62801 147.22542 138.42519 0.3 0.3 0.0 0.0 0.0 0.0 0.0 0.0 0.72115 0.0 0.0 45.47487 -0.49999 0.07399 0.0 0.0 0.0 0.0 0.0 0.0 0.0502760968814 28 0 0.931034482759 0.689965488446 -1.73798416057
-0.12623 0.35028 3.35743 -0.107155548211 0.55971 4.02072 0.78258 0.98072 0.30541 0.41196 152.77952 195.62801 147.22542 138.42519 0.3 0.3 0.0 0.0 0.0 0.0 0.0 0.0 0.72115 0.0 0.0 45.47487 -0.49999 0.07399 0.0 0.0 0.0 0.0 0.0 0.0 0.0493083731316 29 0 0.931034482759 0.689967364176 -1.73798416057
-0.12623 0.35028 3.35743 -0.145807164713 0.55971 4.02072 0.78258 0.98072 0.30541 0.41196 152.77952 195.62801 147.22542 138.42519 0.3 0.3 0.0 0.0 0.0 0.0 0.0 0.0 0.72115 0.0 0.0 45.47487 -0.49999 0.07399 0.0 0.0 0.0 0.0 0.0 0.0 0.0495055841985 30 0 0.955882352941 0.6962765403 -1.73798416057
-0.12623 0.35028 3.35743 -0.112930233185 0.55971 4.02072 0.78258 0.98072 0.30541 0.41196 152.77952 195.62801 147.22542 138.42519 0.3 0.3 0.0 0.0 0.0 0.0 0.0 0.0 0.72115 0.0 0.0 45.47487 -0.49999 0.07399 0.0 0.0 0.0 0.0 0.0 0.0 0.050298304251 31 0 0.9375 0.602441507341 -1.73798416057
-0.12623 0.35028 3.35743 -0.15290352132 0.55971 4.02072 0.78258 0.98072 0.30541 0.41196 152.77952 195.62801 147.22542 138.42519 0.3 0.3 0.0 0.0 0.0 0.0 0.0 0.0 0.72115 0.0 0.0 45.47487 -0.49999 0.07399 0.0 0.0 0.0 0.0 0.0 0.0 0.0505095853732 32 0 0.941176470588 0.857274778056 -1.73798416057
-0.12623 0.35028 3.35743 -0.101545578551 0.55971 4.02072 0.78258 0.98072 0.30541 0.41196 152.77952 195.62801 147.22542 138.42519 0.3 0.3 0.0 0.0 0.0 0.0 0.0 0.0 0.72115 0.0 0.0 45.47487 -0.49999 0.07399 0.0 0.0 0.0 0.0 0.0 0.0 0.0497696718419 33 0 0.924657534247 0.71922563151 -1.73798416057
-0.12623 0.35028 3.35743 -0.128342081518 0.55971 4.02072 0.78258 0.98072 0.30541 0.41196 152.77952 195.62801 147.22542 138.42519 0.3 0.3 0.0 0.0 0.0 0.0 0.0 0.0 0.72115 0.0 0.0 45.47487 -0.49999 0.07399 0.0 0.0 0.0 0.0 0.0 0.0 0.0493501972502 34 1 1.0 0.410758062596 -1.70847375258
-0.12623 0.35028 3.35743 -0.127892014267 0.55971 4.02072 0.78258 0.98072 0.30541 0.41196 152.77952 195.62801 147.22542 138.42519 0.3 0.3 0.0 0.0 0.0 0.0 0.0 0.0 0.72115 0.0 0.0 45.47487 -0.49999 0.07399 0.0 0.0 0.0 0.0 0.0 0.0 0.0485852627235 35 1 1.0 0.411133732128 -1.65630602394
-0.12623 0.35028 3.35743 -0.139428558122 0.55971 4.02072 0.78258 0.98072 0.30541 0.41196 152.77952 195.62801 147.22542 138.42519 0.3 0.3 0.0 0.0 0.0 0.0 0.0 0.0 0.72115 0.0 0.0 45.47487 -0.49999 0.07399 0.0 0.0 0.0 0.0 0.0 0.0 0.0481214164692 36 0 0.977777777778 0.525366438506 -1.65630602394
-0.12623 0.35028 3.35743 -0.121375861411 0.55971 4.02072 0.78258 0.98072 0.30541 0.41196 152.77952 195.62801 147.22542 138.42519 0.3 0.3 0.0 0.0 0.0 0.0 0.0 0.0 0.72115 0.0 0.0 45.47487 -0.49999 0.07399 0.0 0.0 0.0 0.0 0.0 0.0 0.049123829544 37 0 0.964285714286 0.51047963905 -1.65630602394
-0.12623 0.35028 3.35743 -0.129346452893 0.55971 4.02072 0.78258 0.98072 0.30541 0.41196 152.77952 195.62801 147.22542 138.42519 0.3 0.3 0.0 0.0 0.0 0.0 0.0 0.0 0.72115 0.0 0.0 45.47487 -0.49999 0.07399 0.0 0.0 0.0 0.0 0.0 0.0 0.0482832549718 38 1 1.0 0.410354816056 -1.63592723021
-0.12623 0.35028 3.35743 -0.136928084144 0.55971 4.02072 0.78258 0.98072 0.30541 0.41196 152.77952 195.62801 147.22542 138.42519 0.3 0.3 0.0 0.0 0.0 0.0 0.0 0.0 0.72115 0.0 0.0 45.47487 -0.49999 0.07399 0.0 0.0 0.0 0.0 0.0 0.0 0.0482375943615 39 0 0.977777777778 0.444035687634 -1.63592723021
-0.12623 0.35028 3.35743 -0.124715968542 0.55971 4.02072 0.78258 0.98072 0.30541 0.41196 152.77952 195.62801 147.22542 138.42519 0.3 0.3 0.0 0.0 0.0 0.0 0.0 0.0 0.72115 0.0 0.0 45.47487 -0.49999 0.07399 0.0 0.0 0.0 0.0 0.0 0.0 0.0479854075883 40 0 0.971223021583 0.455031214376 -1.63592723021
-0.12623 0.35028 3.35743 -0.129530347563 0.55971 4.02072 0.78258 0.98072 0.30541 0.41196 152.77952 195.62801 147.22542 138.42519 0.3 0.3 0.0 0.0 0.0 0.0 0.0 0.0 0.72115 0.0 0.0 45.47487 -0.49999 0.07399 0.0 0.0 0.0 0.0 0.0 0.0 0.0488333191091 41 1 1.0 0.410349029554 -1.67313656673
-0.12623 0.35028 3.35743 -0.127425219321 0.55971 4.02072 0.78258 0.98072 0.30541 0.41196 152.77952 195.62801 147.22542 138.42519 0.3 0.3 0.0 0.0 0.0 0.0 0.0 0.0 0.72115 0.0 0.0 45.47487 -0.49999 0.07399 0.0 0.0 0.0 0.0 0.0 0.0 0.0485866336126 42 1 1.0 0.41170839425 -1.65639880967
-0.12623 0.35028 3.35743 -0.105423704865 0.55971 4.02072 0.78258 0.98072 0.30541 0.41196 152.77952 195.62801 147.22542 138.42519 0.3 0.3 0.0 0.0 0.0 0.0 0.0 0.0 0.72115 0.0 0.0 45.47487 -0.49999 0.07399 0.0 0.0 0.0 0.0 0.0 0.0 0.0488881135592 43 0 0.924657534247 0.702044382228 -1.65639880967
-0.12623 0.35028 3.35743 -0.104302466639 0.55971 4.02072 0.78258 0.98072 0.30541 0.41196 152.77952 195.62801 147.22542 138.42519 0.3 0.3 0.0 0.0 0.0 0.0 0.0 0.0 0.72115 0.0 0.0 45.47487 -0.49999 0.07399 0.0 0.0 0.0 0.0 0.0 0.0 0.0488333309382 44 0 0.924657534247 0.72355557818 -1.65639880967
-0.12623 0.35028 3.35743 -0.102705933694 0.55971 4.02072 0.78258 0.98072 0.30541 0.41196 152.77952 195.62801 147.22542 138.42519 0.3 0.3 0.0 0.0 0.0 0.0 0.0 0.0 0.72115 0.0 0.0 45.47487 -0.49999 0.07399 0.0 0.0 0.0 0.0 0.0 0.0 0.0484603649479 45 0 0.924657534247 0.620909186498 -1.65639880967
-0.12623 0.35028 3.35743 -0.133367296106 0.55971 4.02072 0.78258 0.98072 0.30541 0.41196 152.77952 195.62801 147.22542 138.42519 0.3 0.3 0.0 0.0 0.0 0.0 0.0 0.0 0.72115 0.0 0.0 45.47487 -0.49999 0.07399 0.0 0.0 0.0 0.0 0.0 0.0 0.0481058819207 46 1 0.992592592593 0.369596034255 -1.98838653988
-0.12623 0.35028 3.35743 -0.139735656729 0.55971 4.02072 0.78258 0.98072 0.30541 0.41196 152.77952 195.62801 147.22542 138.42519 0.3 0.3 0.0 0.0 0.0 0.0 0.0 0.0 0.72115 0.0 0.0 45.47487 -0.49999 0.07399 0.0 0.0 0.0 0.0 0.0 0.0 0.0482862592656 47 0 0.977777777778 0.525405336862 -1.98838653988
-0.12623 0.35028 3.35743 -0.139245102764 0.55971 4.02072 0.78258 0.98072 0.30541 0.41196 152.77952 195.62801 147.22542 138.42519 0.3 0.3 0.0 0.0 0.0 0.0 0.0 0.0 0.72115 0.0 0.0 45.47487 -0.49999 0.07399 0.0 0.0 0.0 0.0 0.0 0.0 0.0479088863509 48 0 0.977777777778 0.525394142799 -1.98838653988
-0.12623 0.35028 3.35743 -0.140112461386 0.55971 4.02072 0.78258 0.98072 0.30541 0.41196 152.77952 195.62801 147.22542 138.42519 0.3 0.3 0.0 0.0 0.0 0.0 0.0 0.0 0.72115 0.0 0.0 45.47487 -0.49999 0.07399 0.0 0.0 0.0 0.0 0.0 0.0 0.0486625130312 49 0 0.970588235294 0.525449920244 -1.98838653988
-0.12623 0.35028 3.35743 -0.138821286995 0.55971 4.02072 0.78258 0.98072 0.30541 0.41196 152.77952 195.62801 147.22542 138.42519 0.3 0.3 0.0 0.0 0.0 0.0 0.0 0.0 0.72115 0.0 0.0 45.47487 -0.49999 0.07399 0.0 0.0 0.0 0.0 0.0 0.0 0.0481351081238 50 0 0.977777777778 0.509764408538 -1.98838653988
