-0.12623 0.35028 3.35743 -0.12979 0.55971 4.38738666667 0.78258 0.98072 0.30541 0.41196 152.77952 195.62801 147.22542 138.42519 0.3 0.3 0.0 0.0 0.0 0.0 0.0 0.0 0.72115 0.0 0.0 45.47487 -0.49999 0.07399 0.0 0.0 0.0 0.0 0.0 0.0 0.05 0 1 0.935714285714 0.975525700166 -178.731251086
-0.12623 0.35028 3.35743 -0.12979 0.55971 4.39504239849 0.78258 0.98072 0.30541 0.41196 152.77952 195.62801 147.22542 138.42519 0.3 0.3 0.0 0.0 0.0 0.0 0.0 0.0 0.72115 0.0 0.0 45.47487 -0.49999 0.07399 0.0 0.0 0.0 0.0 0.0 0.0 0.0503655822869 1 0 0.929078014184 0.987473180159 -178.731251086
-0.12623 0.35028 3.35743 -0.12979 0.55971 4.38444409461 0.78258 0.98072 0.30541 0.41196 152.77952 195.62801 147.22542 138.42519 0.3 0.3 0.0 0.0 0.0 0.0 0.0 0.0 0.72115 0.0 0.0 45.47487 -0.49999 0.07399 0.0 0.0 0.0 0.0 0.0 0.0 0.0501411110654 2 1 0.942446043165 0.97463523352 -142.562125402
-0.12623 0.35028 3.35743 -0.12979 0.55971 4.41557844309 0.78258 0.98072 0.30541 0.41196 152.77952 195.62801 147.22542 138.42519 0.3 0.3 0.0 0.0 0.0 0.0 0.0 0.0 0.72115 0.0 0.0 45.47487 -0.49999 0.07399 0.0 0.0 0.0 0.0 0.0 0.0 0.0493755065668 3 0 0.929577464789 1.01413342704 -142.562125402
-0.12623 0.35028 3.35743 -0.12979 0.55971 4.36750293159 0.78258 0.98072 0.30541 0.41196 152.77952 195.62801 147.22542 138.42519 0.3 0.3 0.0 0.0 0.0 0.0 0.0 0.0 0.72115 0.0 0.0 45.47487 -0.49999 0.07399 0.0 0.0 0.0 0.0 0.0 0.0 0.0516178785764 4 1 0.94964028777 0.859062434238 -80.8934306406
-0.12623 0.35028 3.35743 -0.12979 0.55971 4.31968081933 0.78258 0.98072 0.30541 0.41196 152.77952 195.62801 147.22542 138.42519 0.3 0.3 0.0 0.0 0.0 0.0 0.0 0.0 0.72115 0.0 0.0 45.47487 -0.49999 0.07399 0.0 0.0 0.0 0.0 0.0 0.0 0.0513266045721 5 1 0.94964028777 0.839979275998 -78.2605909792
-0.12623 0.35028 3.35743 -0.12979 0.55971 4.31168075331 0.78258 0.98072 0.30541 0.41196 152.77952 195.62801 147.22542 138.42519 0.3 0.3 0.0 0.0 0.0 0.0 0.0 0.0 0.72115 0.0 0.0 45.47487 -0.49999 0.07399 0.0 0.0 0.0 0.0 0.0 0.0 0.051323434344 6 1 0.94964028777 0.838389704439 -77.9808335064
-0.12623 0.35028 3.35743 -0.12979 0.55971 4.29439273367 0.78258 0.98072 0.30541 0.41196 152.77952 195.62801 147.22542 138.42519 0.3 0.3 0.0 0.0 0.0 0.0 0.0 0.0 0.72115 0.0 0.0 45.47487 -0.49999 0.07399 0.0 0.0 0.0 0.0 0.0 0.0 0.0517041431251 7 1 0.94964028777 0.833237790137 -75.9719187885
-0.12623 0.35028 3.35743 -0.12979 0.55971 4.29528135586 0.78258 0.98072 0.30541 0.41196 152.77952 195.62801 147.22542 138.42519 0.3 0.3 0.0 0.0 0.0 0.0 0.0 0.0 0.72115 0.0 0.0 45.47487 -0.49999 0.07399 0.0 0.0 0.0 0.0 0.0 0.0 0.0518496790362 8 1 0.94964028777 0.833680229309 -75.645280526
-0.12623 0.35028 3.35743 -0.12979 0.55971 4.29852101528 0.78258 0.98072 0.30541 0.41196 152.77952 195.62801 147.22542 138.42519 0.3 0.3 0.0 0.0 0.0 0.0 0.0 0.0 0.72115 0.0 0.0 45.47487 -0.49999 0.07399 0.0 0.0 0.0 0.0 0.0 0.0 0.0520390969688 9 1 0.94964028777 0.833022606863 -75.0074925421
-0.12623 0.35028 3.35743 -0.12979 0.55971 4.27455386012 0.78258 0.98072 0.30541 0.41196 152.77952 195.62801 147.22542 138.42519 0.3 0.3 0.0 0.0 0.0 0.0 0.0 0.0 0.72115 0.0 0.0 45.47487 -0.49999 0.07399 0.0 0.0 0.0 0.0 0.0 0.0 0.0516162893537 10 1 0.963768115942 0.811866867535 -38.4044460725
-0.12623 0.35028 3.35743 -0.12979 0.55971 4.29268173342 0.78258 0.98072 0.30541 0.41196 152.77952 195.62801 147.22542 138.42519 0.3 0.3 0.0 0.0 0.0 0.0 0.0 0.0 0.72115 0.0 0.0 45.47487 -0.49999 0.07399 0.0 0.0 0.0 0.0 0.0 0.0 0.0507290920357 11 0 0.94964028777 0.831332760791 -38.4044460725
-0.12623 0.35028 3.35743 -0.12979 0.55971 4.26650202752 0.78258 0.98072 0.30541 0.41196 152.77952 195.62801 147.22542 138.42519 0.3 0.3 0.0 0.0 0.0 0.0 0.0 0.0 0.72115 0.0 0.0 45.47487 -0.49999 0.07399 0.0 0.0 0.0 0.0 0.0 0.0 0.0525886362619 12 1 0.963768115942 0.812001323566 -37.147909347
-0.12623 0.35028 3.35743 -0.12979 0.55971 4.24809827203 0.78258 0.98072 0.30541 0.41196 152.77952 195.62801 147.22542 138.42519 0.3 0.3 0.0 0.0 0.0 0.0 0.0 0.0 0.72115 0.0 0.0 45.47487 -0.49999 0.07399 0.0 0.0 0.0 0.0 0.0 0.0 0.0526960611513 13 1 0.970802919708 0.806002329337 -24.3820451059
-0.12623 0.35028 3.35743 -0.12979 0.55971 4.2458226052 0.78258 0.98072 0.30541 0.41196 152.77952 195.62801 147.22542 138.42519 0.3 0.3 0.0 0.0 0.0 0.0 0.0 0.0 0.72115 0.0 0.0 45.47487 -0.49999 0.07399 0.0 0.0 0.0 0.0 0.0 0.0 0.0528560189879 14 1 0.970802919708 0.793172335806 -23.5538717354
-0.12623 0.35028 3.35743 -0.12979 0.55971 4.23101307503 0.78258 0.98072 0.30541 0.41196 152.77952 195.62801 147.22542 138.42519 0.3 0.3 0.0 0.0 0.0 0.0 0.0 0.0 0.72115 0.0 0.0 45.47487 -0.49999 0.07399 0.0 0.0 0.0 0.0 0.0 0.0 0.0529770669925 15 0 0.963503649635 0.792940374376 -23.5538717354
-0.12623 0.35028 3.35743 -0.12979 0.55971 4.24322169412 0.78258 0.98072 0.30541 0.41196 152.77952 195.62801 147.22542 138.42519 0.3 0.3 0.0 0.0 0.0 0.0 0.0 0.0 0.72115 0.0 0.0 45.47487 -0.49999 0.07399 0.0 0.0 0.0 0.0 0.0 0.0 0.0532131722586 16 0 0.970802919708 0.8047144637 -23.5538717354
-0.12623 0.35028 3.35743 -0.12979 0.55971 4.252354218 0.78258 0.98072 0.30541 0.41196 152.77952 195.62801 147.22542 138.42519 0.3 0.3 0.0 0.0 0.0 0.0 0.0 0.0 0.72115 0.0 0.0 45.47487 -0.49999 0.07399 0.0 0.0 0.0 0.0 0.0 0.0 0.0527922076139 17 1 0.970802919708 0.809020577065 -24.4751787618
-0.12623 0.35028 3.35743 -0.12979 0.55971 4.23140464351 0.78258 0.98072 0.30541 0.41196 152.77952 195.62801 147.22542 138.42519 0.3 0.3 0.0 0.0 0.0 0.0 0.0 0.0 0.72115 0.0 0.0 45.47487 -0.49999 0.07399 0.0 0.0 0.0 0.0 0.0 0.0 0.0530561765832 18 0 0.95652173913 0.789976723447 -24.4751787618
-0.12623 0.35028 3.35743 -0.12979 0.55971 4.21506104643 0.78258 0.98072 0.30541 0.41196 152.77952 195.62801 147.22542 138.42519 0.3 0.3 0.0 0.0 0.0 0.0 0.0 0.0 0.72115 0.0 0.0 45.47487 -0.49999 0.07399 0.0 0.0 0.0 0.0 0.0 0.0 0.053311121003 19 0 0.949275362319 0.765341954355 -24.4751787618
-0.12623 0.35028 3.35743 -0.12979 0.55971 4.20446830877 0.78258 0.98072 0.30541 0.41196 152.77952 195.62801 147.22542 138.42519 0.3 0.3 0.0 0.0 0.0 0.0 0.0 0.0 0.72115 0.0 0.0 45.47487 -0.49999 0.07399 0.0 0.0 0.0 0.0 0.0 0.0 0.0523987016555 20 1 0.970802919708 0.74786722735 -21.4603823027
-0.12623 0.35028 3.35743 -0.12979 0.55971 4.20360031559 0.78258 0.98072 0.30541 0.41196 152.77952 195.62801 147.22542 138.42519 0.3 0.3 0.0 0.0 0.0 0.0 0.0 0.0 0.72115 0.0 0.0 45.47487 -0.49999 0.07399 0.0 0.0 0.0 0.0 0.0 0.0 0.0522626474756 21 1 0.970802919708 0.747682740668 -21.5426481326
-0.12623 0.35028 3.35743 -0.12979 0.55971 4.183079279 0.78258 0.98072 0.30541 0.41196 152.77952 195.62801 147.22542 138.42519 0.3 0.3 0.0 0.0 0.0 0.0 0.0 0.0 0.72115 0.0 0.0 45.47487 -0.49999 0.07399 0.0 0.0 0.0 0.0 0.0 0.0 0.0519994979693 22 0 0.963503649635 0.729174672425 -21.5426481326
-0.12623 0.35028 3.35743 -0.12979 0.55971 4.19252087895 0.78258 0.98072 0.30541 0.41196 152.77952 195.62801 147.22542 138.42519 0.3 0.3 0.0 0.0 0.0 0.0 0.0 0.0 0.72115 0.0 0.0 45.47487 -0.49999 0.07399 0.0 0.0 0.0 0.0 0.0 0.0 0.050802837467 23 0 0.963503649635 0.749510198417 -21.5426481326
-0.12623 0.35028 3.35743 -0.12979 0.55971 4.21691751557 0.78258 0.98072 0.30541 0.41196 152.77952 195.62801 147.22542 138.42519 0.3 0.3 0.0 0.0 0.0 0.0 0.0 0.0 0.72115 0.0 0.0 45.47487 -0.49999 0.07399 0.0 0.0 0.0 0.0 0.0 0.0 0.0525083970523 24 0 0.949275362319 0.764181530661 -21.5426481326
-0.12623 0.35028 3.35743 -0.12979 0.55971 4.19264409444 0.78258 0.98072 0.30541 0.41196 152.77952 195.62801 147.22542 138.42519 0.3 0.3 0.0 0.0 0.0 0.0 0.0 0.0 0.72115 0.0 0.0 45.47487 -0.49999 0.07399 0.0 0.0 0.0 0.0 0.0 0.0 0.0522769295946 25 0 0.963503649635 0.749091348911 -21.5426481326
-0.12623 0.35028 3.35743 -0.12979 0.55971 4.22844875865 0.78258 0.98072 0.30541 0.41196 152.77952 195.62801 147.22542 138.42519 0.3 0.3 0.0 0.0 0.0 0.0 0.0 0.0 0.72115 0.0 0.0 45.47487 -0.49999 0.07399 0.0 0.0 0.0 0.0 0.0 0.0 0.0523526322739 26 0 0.95652173913 0.791259552547 -21.5426481326
-0.12623 0.35028 3.35743 -0.12979 0.55971 4.23170973181 0.78258 0.98072 0.30541 0.41196 152.77952 195.62801 147.22542 138.42519 0.3 0.3 0.0 0.0 0.0 0.0 0.0 0.0 0.72115 0.0 0.0 45.47487 -0.49999 0.07399 0.0 0.0 0.0 0.0 0.0 0.0 0.0521376211721 27 0 0.95652173913 0.793470456642 -21.5426481326
-0.12623 0.35028 3.35743 -0.12979 0.55971 4.19938761089 0.78258 0.98072 0.30541 0.41196 152.77952 195.62801 147.22542 138.42519 0.3 0.3 0.0 0.0 0.0 0.0 0.0 0.0 0.72115 0.0 0.0 45.47487 -0.49999 0.07399 0.0 0.0 0.0 0.0 0.0 0.0 0.0517392066637 28 1 0.970802919708 0.736445658237 -21.306504373
-0.12623 0.35028 3.35743 -0.12979 0.55971 4.19065118817 0.78258 0.98072 0.30541 0.41196 152.77952 195.62801 147.22542 138.42519 0.3 0.3 0.0 0.0 0.0 0.0 0.0 0.0 0.72115 0.0 0.0 45.47487 -0.49999 0.07399 0.0 0.0 0.0 0.0 0.0 0.0 0.0509619549069 29 0 0.963503649635 0.749987282914 -21.306504373
-0.12623 0.35028 3.35743 -0.12979 0.55971 4.16466216598 0.78258 0.98072 0.30541 0.41196 152.77952 195.62801 147.22542 138.42519 0.3 0.3 0.0 0.0 0.0 0.0 0.0 0.0 0.72115 0.0 0.0 45.47487 -0.49999 0.07399 0.0 0.0 0.0 0.0 0.0 0.0 0.0509264067966 30 1 0.970588235294 0.602289460225 -15.4303723624
-0.12623 0.35028 3.35743 -0.12979 0.55971 4.14761682687 0.78258 0.98072 0.30541 0.41196 152.77952 195.62801 147.22542 138.42519 0.3 0.3 0.0 0.0 0.0 0.0 0.0 0.0 0.72115 0.0 0.0 45.47487 -0.49999 0.07399 0.0 0.0 0.0 0.0 0.0 0.0 0.051143343122 31 1 0.970588235294 0.589966035835 -14.7838809332
-0.12623 0.35028 3.35743 -0.12979 0.55971 4.18335169398 0.78258 0.98072 0.30541 0.41196 152.77952 195.62801 147.22542 138.42519 0.3 0.3 0.0 0.0 0.0 0.0 0.0 0.0 0.72115 0.0 0.0 45.47487 -0.49999 0.07399 0.0 0.0 0.0 0.0 0.0 0.0 0.0510601466346 32 0 0.963503649635 0.729255814977 -14.7838809332
-0.12623 0.35028 3.35743 -0.12979 0.55971 4.15202458282 0.78258 0.98072 0.30541 0.41196 152.77952 195.62801 147.22542 138.42519 0.3 0.3 0.0 0.0 0.0 0.0 0.0 0.0 0.72115 0.0 0.0 45.47487 -0.49999 0.07399 0.0 0.0 0.0 0.0 0.0 0.0 0.0513751753128 33 0 0.970588235294 0.615031720892 -14.7838809332
-0.12623 0.35028 3.35743 -0.12979 0.55971 4.19060162588 0.78258 0.98072 0.30541 0.41196 152.77952 195.62801 147.22542 138.42519 0.3 0.3 0.0 0.0 0.0 0.0 0.0 0.0 0.72115 0.0 0.0 45.47487 -0.49999 0.07399 0.0 0.0 0.0 0.0 0.0 0.0 0.0514707262858 34 0 0.963503649635 0.750024045312 -14.7838809332
-0.12623 0.35028 3.35743 -0.12979 0.55971 4.13200352658 0.78258 0.98072 0.30541 0.41196 152.77952 195.62801 147.22542 138.42519 0.3 0.3 0.0 0.0 0.0 0.0 0.0 0.0 0.72115 0.0 0.0 45.47487 -0.49999 0.07399 0.0 0.0 0.0 0.0 0.0 0.0 0.0503653794232 35 1 0.977941176471 0.495781830831 -7.08330300313
-0.12623 0.35028 3.35743 -0.12979 0.55971 4.14632935234 0.78258 0.98072 0.30541 0.41196 152.77952 195.62801 147.22542 138.42519 0.3 0.3 0.0 0.0 0.0 0.0 0.0 0.0 0.72115 0.0 0.0 45.47487 -0.49999 0.07399 0.0 0.0 0.0 0.0 0.0 0.0 0.0503007358652 36 0 0.970588235294 0.589844202126 -7.08330300313
-0.12623 0.35028 3.35743 -0.12979 0.55971 4.12093066047 0.78258 0.98072 0.30541 0.41196 152.77952 195.62801 147.22542 138.42519 0.3 0.3 0.0 0.0 0.0 0.0 0.0 0.0 0.72115 0.0 0.0 45.47487 -0.49999 0.07399 0.0 0.0 0.0 0.0 0.0 0.0 0.0499037819406 37 1 0.978102189781 0.502330859964 -7.21268367263
-0.12623 0.35028 3.35743 -0.12979 0.55971 4.14997738721 0.78258 0.98072 0.30541 0.41196 152.77952 195.62801 147.22542 138.42519 0.3 0.3 0.0 0.0 0.0 0.0 0.0 0.0 0.72115 0.0 0.0 45.47487 -0.49999 0.07399 0.0 0.0 0.0 0.0 0.0 0.0 0.0496910585464 38 0 0.970588235294 0.615912447935 -7.21268367263
-0.12623 0.35028 3.35743 -0.12979 0.55971 4.1195179577 0.78258 0.98072 0.30541 0.41196 152.77952 195.62801 147.22542 138.42519 0.3 0.3 0.0 0.0 0.0 0.0 0.0 0.0 0.72115 0.0 0.0 45.47487 -0.49999 0.07399 0.0 0.0 0.0 0.0 0.0 0.0 0.050032963778 39 1 0.978102189781 0.472097900977 -6.55862763748
-0.12623 0.35028 3.35743 -0.12979 0.55971 4.10525683524 0.78258 0.98072 0.30541 0.41196 152.77952 195.62801 147.22542 138.42519 0.3 0.3 0.0 0.0 0.0 0.0 0.0 0.0 0.72115 0.0 0.0 45.47487 -0.49999 0.07399 0.0 0.0 0.0 0.0 0.0 0.0 0.0504968157254 40 1 0.985401459854 0.472642161881 -3.88858202135
-0.12623 0.35028 3.35743 -0.12979 0.55971 4.10086606593 0.78258 0.98072 0.30541 0.41196 152.77952 195.62801 147.22542 138.42519 0.3 0.3 0.0 0.0 0.0 0.0 0.0 0.0 0.72115 0.0 0.0 45.47487 -0.49999 0.07399 0.0 0.0 0.0 0.0 0.0 0.0 0.0511810748896 41 1 0.985401459854 0.476001073034 -3.9103520848
-0.12623 0.35028 3.35743 -0.12979 0.55971 4.1234054913 0.78258 0.98072 0.30541 0.41196 152.77952 195.62801 147.22542 138.42519 0.3 0.3 0.0 0.0 0.0 0.0 0.0 0.0 0.72115 0.0 0.0 45.47487 -0.49999 0.07399 0.0 0.0 0.0 0.0 0.0 0.0 0.0516020337923 42 0 0.970802919708 0.502281551125 -3.9103520848
-0.12623 0.35028 3.35743 -0.12979 0.55971 4.12364328408 0.78258 0.98072 0.30541 0.41196 152.77952 195.62801 147.22542 138.42519 0.3 0.3 0.0 0.0 0.0 0.0 0.0 0.0 0.72115 0.0 0.0 45.47487 -0.49999 0.07399 0.0 0.0 0.0 0.0 0.0 0.0 0.0509734568141 43 0 0.970802919708 0.502336490167 -3.9103520848
-0.12623 0.35028 3.35743 -0.12979 0.55971 4.08095378688 0.78258 0.98072 0.30541 0.41196 152.77952 195.62801 147.22542 138.42519 0.3 0.3 0.0 0.0 0.0 0.0 0.0 0.0 0.72115 0.0 0.0 45.47487 -0.49999 0.07399 0.0 0.0 0.0 0.0 0.0 0.0 0.0510389785679 44 1 0.985401459854 0.446863731022 -3.66432529999
-0.12623 0.35028 3.35743 -0.12979 0.55971 4.07631200932 0.78258 0.98072 0.30541 0.41196 152.77952 195.62801 147.22542 138.42519 0.3 0.3 0.0 0.0 0.0 0.0 0.0 0.0 0.72115 0.0 0.0 45.47487 -0.49999 0.07399 0.0 0.0 0.0 0.0 0.0 0.0 0.0508672369727 45 1 0.992647058824 0.420615165607 -2.23015088943
-0.12623 0.35028 3.35743 -0.12979 0.55971 4.0899379035 0.78258 0.98072 0.30541 0.41196 152.77952 195.62801 147.22542 138.42519 0.3 0.3 0.0 0.0 0.0 0.0 0.0 0.0 0.72115 0.0 0.0 45.47487 -0.49999 0.07399 0.0 0.0 0.0 0.0 0.0 0.0 0.051766435498 46 0 0.985401459854 0.486632041561 -2.23015088943
-0.12623 0.35028 3.35743 -0.12979 0.55971 4.09936729593 0.78258 0.98072 0.30541 0.41196 152.77952 195.62801 147.22542 138.42519 0.3 0.3 0.0 0.0 0.0 0.0 0.0 0.0 0.72115 0.0 0.0 45.47487 -0.49999 0.07399 0.0 0.0 0.0 0.0 0.0 0.0 0.0512299612152 47 0 0.985401459854 0.47580444001 -2.23015088943
-0.12623 0.35028 3.35743 -0.12979 0.55971 4.13012601953 0.78258 0.98072 0.30541 0.41196 152.77952 195.62801 147.22542 138.42519 0.3 0.3 0.0 0.0 0.0 0.0 0.0 0.0 0.72115 0.0 0.0 45.47487 -0.49999 0.07399 0.0 0.0 0.0 0.0 0.0 0.0 0.0502680502696 48 0 0.977941176471 0.507146580861 -2.23015088943
-0.12623 0.35028 3.35743 -0.12979 0.55971 4.06450160632 0.78258 0.98072 0.30541 0.41196 152.77952 195.62801 147.22542 138.42519 0.3 0.3 0.0 0.0 0.0 0.0 0.0 0.0 0.72115 0.0 0.0 45.47487 -0.49999 0.07399 0.0 0.0 0.0 0.0 0.0 0.0 0.0516822666296 49 1 0.992647058824 0.41585067354 -2.26618194593
-0.12623 0.35028 3.35743 -0.12979 0.55971 4.09348991706 0.78258 0.98072 0.30541 0.41196 152.77952 195.62801 147.22542 138.42519 0.3 0.3 0.0 0.0 0.0 0.0 0.0 0.0 0.72115 0.0 0.0 45.47487 -0.49999 0.07399 0.0 0.0 0.0 0.0 0.0 0.0 0.0520770713173 50 0 0.985401459854 0.481854955164 -2.26618194593
-0.12623 0.35028 3.35743 -0.12979 0.55971 4.10238655842 0.78258 0.98072 0.30541 0.41196 152.77952 195.62801 147.22542 138.42519 0.3 0.3 0.0 0.0 0.0 0.0 0.0 0.0 0.72115 0.0 0.0 45.47487 -0.49999 0.07399 0.0 0.0 0.0 0.0 0.0 0.0 0.0535202650308 51 0 0.985401459854 0.476598642193 -2.26618194593
-0.12623 0.35028 3.35743 -0.12979 0.55971 4.06555415652 0.78258 0.98072 0.30541 0.41196 152.77952 195.62801 147.22542 138.42519 0.3 0.3 0.0 0.0 0.0 0.0 0.0 0.0 0.72115 0.0 0.0 45.47487 -0.49999 0.07399 0.0 0.0 0.0 0.0 0.0 0.0 0.0512601780725 52 1 0.992647058824 0.415953900618 -2.24268186785
-0.12623 0.35028 3.35743 -0.12979 0.55971 4.08764300156 0.78258 0.98072 0.30541 0.41196 152.77952 195.62801 147.22542 138.42519 0.3 0.3 0.0 0.0 0.0 0.0 0.0 0.0 0.72115 0.0 0.0 45.47487 -0.49999 0.07399 0.0 0.0 0.0 0.0 0.0 0.0 0.0509824779708 53 0 0.985401459854 0.474615993732 -2.24268186785
-0.12623 0.35028 3.35743 -0.12979 0.55971 4.11420330418 0.78258 0.98072 0.30541 0.41196 152.77952 195.62801 147.22542 138.42519 0.3 0.3 0.0 0.0 0.0 0.0 0.0 0.0 0.72115 0.0 0.0 45.47487 -0.49999 0.07399 0.0 0.0 0.0 0.0 0.0 0.0 0.0518501200055 54 1 0.985401459854 0.473689459402 -3.88552715111
-0.12623 0.35028 3.35743 -0.12979 0.55971 4.10579486491 0.78258 0.98072 0.30541 0.41196 152.77952 195.62801 147.22542 138.42519 0.3 0.3 0.0 0.0 0.0 0.0 0.0 0.0 0.72115 0.0 0.0 45.47487 -0.49999 0.07399 0.0 0.0 0.0 0.0 0.0 0.0 0.0518435209221 55 1 0.985401459854 0.472713166632 -3.87731883888
-0.12623 0.35028 3.35743 -0.12979 0.55971 4.09737461436 0.78258 0.98072 0.30541 0.41196 152.77952 195.62801 147.22542 138.42519 0.3 0.3 0.0 0.0 0.0 0.0 0.0 0.0 0.72115 0.0 0.0 45.47487 -0.49999 0.07399 0.0 0.0 0.0 0.0 0.0 0.0 0.0524291266732 56 1 0.985401459854 0.482228460937 -3.95473133586
-0.12623 0.35028 3.35743 -0.12979 0.55971 4.11816859118 0.78258 0.98072 0.30541 0.41196 152.77952 195.62801 147.22542 138.42519 0.3 0.3 0.0 0.0 0.0 0.0 0.0 0.0 0.72115 0.0 0.0 45.47487 -0.49999 0.07399 0.0 0.0 0.0 0.0 0.0 0.0 0.0533450312183 57 0 0.978102189781 0.472699650841 -3.95473133586
-0.12623 0.35028 3.35743 -0.12979 0.55971 4.12258510746 0.78258 0.98072 0.30541 0.41196 152.77952 195.62801 147.22542 138.42519 0.3 0.3 0.0 0.0 0.0 0.0 0.0 0.0 0.72115 0.0 0.0 45.47487 -0.49999 0.07399 0.0 0.0 0.0 0.0 0.0 0.0 0.053209731837 58 0 0.970802919708 0.507979495484 -3.95473133586
-0.12623 0.35028 3.35743 -0.12979 0.55971 4.08911456422 0.78258 0.98072 0.30541 0.41196 152.77952 195.62801 147.22542 138.42519 0.3 0.3 0.0 0.0 0.0 0.0 0.0 0.0 0.72115 0.0 0.0 45.47487 -0.49999 0.07399 0.0 0.0 0.0 0.0 0.0 0.0 0.0525401884831 59 1 0.985401459854 0.47904080567 -3.92765213902
-0.12623 0.35028 3.35743 -0.12979 0.55971 4.06784346711 0.78258 0.98072 0.30541 0.41196 152.77952 195.62801 147.22542 138.42519 0.3 0.3 0.0 0.0 0.0 0.0 0.0 0.0 0.72115 0.0 0.0 45.47487 -0.49999 0.07399 0.0 0.0 0.0 0.0 0.0 0.0 0.0519083627988 60 1 0.992647058824 0.416629293235 -2.28050334475
-0.12623 0.35028 3.35743 -0.12979 0.55971 4.08783531619 0.78258 0.98072 0.30541 0.41196 152.77952 195.62801 147.22542 138.42519 0.3 0.3 0.0 0.0 0.0 0.0 0.0 0.0 0.72115 0.0 0.0 45.47487 -0.49999 0.07399 0.0 0.0 0.0 0.0 0.0 0.0 0.0530017090082 61 0 0.985401459854 0.474658787793 -2.28050334475
-0.12623 0.35028 3.35743 -0.12979 0.55971 4.05981530858 0.78258 0.98072 0.30541 0.41196 152.77952 195.62801 147.22542 138.42519 0.3 0.3 0.0 0.0 0.0 0.0 0.0 0.0 0.72115 0.0 0.0 45.47487 -0.49999 0.07399 0.0 0.0 0.0 0.0 0.0 0.0 0.0525862954398 62 1 0.992647058824 0.402636512392 -2.29448033236
-0.12623 0.35028 3.35743 -0.12979 0.55971 4.03452319684 0.78258 0.98072 0.30541 0.41196 152.77952 195.62801 147.22542 138.42519 0.3 0.3 0.0 0.0 0.0 0.0 0.0 0.0 0.72115 0.0 0.0 45.47487 -0.49999 0.07399 0.0 0.0 0.0 0.0 0.0 0.0 0.0527305182725 63 1 1.0 0.408760381348 -1.94845392825
-0.12623 0.35028 3.35743 -0.12979 0.55971 4.0141914285 0.78258 0.98072 0.30541 0.41196 152.77952 195.62801 147.22542 138.42519 0.3 0.3 0.0 0.0 0.0 0.0 0.0 0.0 0.72115 0.0 0.0 45.47487 -0.49999 0.07399 0.0 0.0 0.0 0.0 0.0 0.0 0.0533469141429 64 1 0.985294117647 0.0410317203705 -2.00826272952
-0.12623 0.35028 3.35743 -0.12979 0.55971 4.00091063466 0.78258 0.98072 0.30541 0.41196 152.77952 195.62801 147.22542 138.42519 0.3 0.3 0.0 0.0 0.0 0.0 0.0 0.0 0.72115 0.0 0.0 45.47487 -0.49999 0.07399 0.0 0.0 0.0 0.0 0.0 0.0 0.0540370046697 65 0 0.985294117647 0.399759323006 -2.00826272952
-0.12623 0.35028 3.35743 -0.12979 0.55971 4.0054446008 0.78258 0.98072 0.30541 0.41196 152.77952 195.62801 147.22542 138.42519 0.3 0.3 0.0 0.0 0.0 0.0 0.0 0.0 0.72115 0.0 0.0 45.47487 -0.49999 0.07399 0.0 0.0 0.0 0.0 0.0 0.0 0.0534797912214 66 0 0.977941176471 0.379442037174 -2.00826272952
-0.12623 0.35028 3.35743 -0.12979 0.55971 4.0078788178 0.78258 0.98072 0.30541 0.41196 152.77952 195.62801 147.22542 138.42519 0.3 0.3 0.0 0.0 0.0 0.0 0.0 0.0 0.72115 0.0 0.0 45.47487 -0.49999 0.07399 0.0 0.0 0.0 0.0 0.0 0.0 0.0524820809864 67 0 0.977941176471 0.371323949361 -2.00826272952
-0.12623 0.35028 3.35743 -0.12979 0.55971 3.96604816377 0.78258 0.98072 0.30541 0.41196 152.77952 195.62801 147.22542 138.42519 0.3 0.3 0.0 0.0 0.0 0.0 0.0 0.0 0.72115 0.0 0.0 45.47487 -0.49999 0.07399 0.0 0.0 0.0 0.0 0.0 0.0 0.0526224343588 68 1 0.985294117647 0.188846100725 -2.25387785987
-0.12623 0.35028 3.35743 -0.12979 0.55971 3.96292473829 0.78258 0.98072 0.30541 0.41196 152.77952 195.62801 147.22542 138.42519 0.3 0.3 0.0 0.0 0.0 0.0 0.0 0.0 0.72115 0.0 0.0 45.47487 -0.49999 0.07399 0.0 0.0 0.0 0.0 0.0 0.0 0.0531411913025 69 1 0.985294117647 0.171705803058 -2.23266030658
-0.12623 0.35028 3.35743 -0.12979 0.55971 3.97748487444 0.78258 0.98072 0.30541 0.41196 152.77952 195.62801 147.22542 138.42519 0.3 0.3 0.0 0.0 0.0 0.0 0.0 0.0 0.72115 0.0 0.0 45.47487 -0.49999 0.07399 0.0 0.0 0.0 0.0 0.0 0.0 0.0521973199022 70 1 0.992647058824 0.374527342895 -2.22272430658
-0.12623 0.35028 3.35743 -0.12979 0.55971 3.98164880845 0.78258 0.98072 0.30541 0.41196 152.77952 195.62801 147.22542 138.42519 0.3 0.3 0.0 0.0 0.0 0.0 0.0 0.0 0.72115 0.0 0.0 45.47487 -0.49999 0.07399 0.0 0.0 0.0 0.0 0.0 0.0 0.0512242844021 71 1 0.992647058824 0.186498375402 -1.9202472882
-0.12623 0.35028 3.35743 -0.12979 0.55971 3.94767229159 0.78258 0.98072 0.30541 0.41196 152.77952 195.62801 147.22542 138.42519 0.3 0.3 0.0 0.0 0.0 0.0 0.0 0.0 0.72115 0.0 0.0 45.47487 -0.49999 0.07399 0.0 0.0 0.0 0.0 0.0 0.0 0.0503836957932 72 1 0.992647058824 0.495714515557 -2.36899869218
-0.12623 0.35028 3.35743 -0.12979 0.55971 3.94970157828 0.78258 0.98072 0.30541 0.41196 152.77952 195.62801 147.22542 138.42519 0.3 0.3 0.0 0.0 0.0 0.0 0.0 0.0 0.72115 0.0 0.0 45.47487 -0.49999 0.07399 0.0 0.0 0.0 0.0 0.0 0.0 0.0502465598703 73 1 0.992647058824 0.495728035879 -2.36264734782
-0.12623 0.35028 3.35743 -0.12979 0.55971 3.9584076698 0.78258 0.98072 0.30541 0.41196 152.77952 195.62801 147.22542 138.42519 0.3 0.3 0.0 0.0 0.0 0.0 0.0 0.0 0.72115 0.0 0.0 45.47487 -0.49999 0.07399 0.0 0.0 0.0 0.0 0.0 0.0 0.0510131841625 74 1 0.992647058824 0.208473162165 -1.92619289909
-0.12623 0.35028 3.35743 -0.12979 0.55971 3.94734137797 0.78258 0.98072 0.30541 0.41196 152.77952 195.62801 147.22542 138.42519 0.3 0.3 0.0 0.0 0.0 0.0 0.0 0.0 0.72115 0.0 0.0 45.47487 -0.49999 0.07399 0.0 0.0 0.0 0.0 0.0 0.0 0.0507996160174 75 1 0.992647058824 0.416520996469 -2.21839870954
-0.12623 0.35028 3.35743 -0.12979 0.55971 3.95249620174 0.78258 0.98072 0.30541 0.41196 152.77952 195.62801 147.22542 138.42519 0.3 0.3 0.0 0.0 0.0 0.0 0.0 0.0 0.72115 0.0 0.0 45.47487 -0.49999 0.07399 0.0 0.0 0.0 0.0 0.0 0.0 0.0505797458345 76 1 0.992647058824 0.417656564006 -2.20870787358
-0.12623 0.35028 3.35743 -0.12979 0.55971 3.95075868515 0.78258 0.98072 0.30541 0.41196 152.77952 195.62801 147.22542 138.42519 0.3 0.3 0.0 0.0 0.0 0.0 0.0 0.0 0.72115 0.0 0.0 45.47487 -0.49999 0.07399 0.0 0.0 0.0 0.0 0.0 0.0 0.0508013746127 77 1 0.992647058824 0.419183232728 -2.22373820271
-0.12623 0.35028 3.35743 -0.12979 0.55971 3.96659026527 0.78258 0.98072 0.30541 0.41196 152.77952 195.62801 147.22542 138.42519 0.3 0.3 0.0 0.0 0.0 0.0 0.0 0.0 0.72115 0.0 0.0 45.47487 -0.49999 0.07399 0.0 0.0 0.0 0.0 0.0 0.0 0.0512207128042 78 1 0.985294117647 0.188882027942 -2.17021236044
-0.12623 0.35028 3.35743 -0.12979 0.55971 3.93834067793 0.78258 0.98072 0.30541 0.41196 152.77952 195.62801 147.22542 138.42519 0.3 0.3 0.0 0.0 0.0 0.0 0.0 0.0 0.72115 0.0 0.0 45.47487 -0.49999 0.07399 0.0 0.0 0.0 0.0 0.0 0.0 0.0515195337184 79 0 0.992647058824 0.536365615092 -2.17021236044
-0.12623 0.35028 3.35743 -0.12979 0.55971 3.94731241035 0.78258 0.98072 0.30541 0.41196 152.77952 195.62801 147.22542 138.42519 0.3 0.3 0.0 0.0 0.0 0.0 0.0 0.0 0.72115 0.0 0.0 45.47487 -0.49999 0.07399 0.0 0.0 0.0 0.0 0.0 0.0 0.051925995783 80 1 0.992647058824 0.416551694535 -2.28136406743
-0.12623 0.35028 3.35743 -0.12979 0.55971 3.91584098097 0.78258 0.98072 0.30541 0.41196 152.77952 195.62801 147.22542 138.42519 0.3 0.3 0.0 0.0 0.0 0.0 0.0 0.0 0.72115 0.0 0.0 45.47487 -0.49999 0.07399 0.0 0.0 0.0 0.0 0.0 0.0 0.0519353585845 81 0 0.985401459854 0.479590608567 -2.28136406743
-0.12623 0.35028 3.35743 -0.12979 0.55971 3.96188397701 0.78258 0.98072 0.30541 0.41196 152.77952 195.62801 147.22542 138.42519 0.3 0.3 0.0 0.0 0.0 0.0 0.0 0.0 0.72115 0.0 0.0 45.47487 -0.49999 0.07399 0.0 0.0 0.0 0.0 0.0 0.0 0.0520489061727 82 1 0.985294117647 0.200199026868 -2.25877112774
-0.12623 0.35028 3.35743 -0.12979 0.55971 3.98169561476 0.78258 0.98072 0.30541 0.41196 152.77952 195.62801 147.22542 138.42519 0.3 0.3 0.0 0.0 0.0 0.0 0.0 0.0 0.72115 0.0 0.0 45.47487 -0.49999 0.07399 0.0 0.0 0.0 0.0 0.0 0.0 0.0517606038803 83 1 0.992647058824 0.186485997047 -1.95697663667
-0.12623 0.35028 3.35743 -0.12979 0.55971 3.97617627426 0.78258 0.98072 0.30541 0.41196 152.77952 195.62801 147.22542 138.42519 0.3 0.3 0.0 0.0 0.0 0.0 0.0 0.0 0.72115 0.0 0.0 45.47487 -0.49999 0.07399 0.0 0.0 0.0 0.0 0.0 0.0 0.0513644532138 84 1 0.992647058824 0.375987956802 -2.17553047707
-0.12623 0.35028 3.35743 -0.12979 0.55971 3.95877279264 0.78258 0.98072 0.30541 0.41196 152.77952 195.62801 147.22542 138.42519 0.3 0.3 0.0 0.0 0.0 0.0 0.0 0.0 0.72115 0.0 0.0 45.47487 -0.49999 0.07399 0.0 0.0 0.0 0.0 0.0 0.0 0.0505351541536 85 1 0.992647058824 0.208475363249 -1.89435977413
-0.12623 0.35028 3.35743 -0.12979 0.55971 3.96870214803 0.78258 0.98072 0.30541 0.41196 152.77952 195.62801 147.22542 138.42519 0.3 0.3 0.0 0.0 0.0 0.0 0.0 0.0 0.72115 0.0 0.0 45.47487 -0.49999 0.07399 0.0 0.0 0.0 0.0 0.0 0.0 0.0512245598264 86 1 0.985294117647 0.165431839117 -2.09339736031
-0.12623 0.35028 3.35743 -0.12979 0.55971 3.95854201173 0.78258 0.98072 0.30541 0.41196 152.77952 195.62801 147.22542 138.42519 0.3 0.3 0.0 0.0 0.0 0.0 0.0 0.0 0.72115 0.0 0.0 45.47487 -0.49999 0.07399 0.0 0.0 0.0 0.0 0.0 0.0 0.0518687530403 87 1 0.992647058824 0.208501641878 -1.98409813275
-0.12623 0.35028 3.35743 -0.12979 0.55971 3.93615423694 0.78258 0.98072 0.30541 0.41196 152.77952 195.62801 147.22542 138.42519 0.3 0.3 0.0 0.0 0.0 0.0 0.0 0.0 0.72115 0.0 0.0 45.47487 -0.49999 0.07399 0.0 0.0 0.0 0.0 0.0 0.0 0.0517734850222 88 1 0.992647058824 0.543811498393 -2.55000352413
-0.12623 0.35028 3.35743 -0.12979 0.55971 3.98331917518 0.78258 0.98072 0.30541 0.41196 152.77952 195.62801 147.22542 138.42519 0.3 0.3 0.0 0.0 0.0 0.0 0.0 0.0 0.72115 0.0 0.0 45.47487 -0.49999 0.07399 0.0 0.0 0.0 0.0 0.0 0.0 0.0519651068295 89 1 0.992647058824 0.186676688802 -1.97126155687
-0.12623 0.35028 3.35743 -0.12979 0.55971 3.98574578903 0.78258 0.98072 0.30541 0.41196 152.77952 195.62801 147.22542 138.42519 0.3 0.3 0.0 0.0 0.0 0.0 0.0 0.0 0.72115 0.0 0.0 45.47487 -0.49999 0.07399 0.0 0.0 0.0 0.0 0.0 0.0 0.051577527417 90 1 0.992647058824 0.405565683476 -2.24094777538
-0.12623 0.35028 3.35743 -0.12979 0.55971 4.00532482504 0.78258 0.98072 0.30541 0.41196 152.77952 195.62801 147.22542 138.42519 0.3 0.3 0.0 0.0 0.0 0.0 0.0 0.0 0.72115 0.0 0.0 45.47487 -0.49999 0.07399 0.0 0.0 0.0 0.0 0.0 0.0 0.0511652155639 91 0 0.977941176471 0.3794316699 -2.24094777538
-0.12623 0.35028 3.35743 -0.12979 0.55971 4.04320768592 0.78258 0.98072 0.30541 0.41196 152.77952 195.62801 147.22542 138.42519 0.3 0.3 0.0 0.0 0.0 0.0 0.0 0.0 0.72115 0.0 0.0 45.47487 -0.49999 0.07399 0.0 0.0 0.0 0.0 0.0 0.0 0.0513971333539 92 1 1.0 0.272736019707 -1.85195589815
-0.12623 0.35028 3.35743 -0.12979 0.55971 4.02250582273 0.78258 0.98072 0.30541 0.41196 152.77952 195.62801 147.22542 138.42519 0.3 0.3 0.0 0.0 0.0 0.0 0.0 0.0 0.72115 0.0 0.0 45.47487 -0.49999 0.07399 0.0 0.0 0.0 0.0 0.0 0.0 0.0514337828562 93 1 0.992592592593 0.113767650775 -1.88477761133
-0.12623 0.35028 3.35743 -0.12979 0.55971 4.02336286061 0.78258 0.98072 0.30541 0.41196 152.77952 195.62801 147.22542 138.42519 0.3 0.3 0.0 0.0 0.0 0.0 0.0 0.0 0.72115 0.0 0.0 45.47487 -0.49999 0.07399 0.0 0.0 0.0 0.0 0.0 0.0 0.0509595387284 94 1 0.992592592593 0.117892988387 -1.853845524
-0.12623 0.35028 3.35743 -0.12979 0.55971 4.0490404136 0.78258 0.98072 0.30541 0.41196 152.77952 195.62801 147.22542 138.42519 0.3 0.3 0.0 0.0 0.0 0.0 0.0 0.0 0.72115 0.0 0.0 45.47487 -0.49999 0.07399 0.0 0.0 0.0 0.0 0.0 0.0 0.0511625199128 95 1 1.0 0.279651275051 -1.83522401444
-0.12623 0.35028 3.35743 -0.12979 0.55971 4.0707806234 0.78258 0.98072 0.30541 0.41196 152.77952 195.62801 147.22542 138.42519 0.3 0.3 0.0 0.0 0.0 0.0 0.0 0.0 0.72115 0.0 0.0 45.47487 -0.49999 0.07399 0.0 0.0 0.0 0.0 0.0 0.0 0.0502407652744 96 1 0.992647058824 0.427076078484 -2.2097189675
-0.12623 0.35028 3.35743 -0.12979 0.55971 4.04959513186 0.78258 0.98072 0.30541 0.41196 152.77952 195.62801 147.22542 138.42519 0.3 0.3 0.0 0.0 0.0 0.0 0.0 0.0 0.72115 0.0 0.0 45.47487 -0.49999 0.07399 0.0 0.0 0.0 0.0 0.0 0.0 0.0502858302366 97 1 1.0 0.279755774405 -1.77335716629
-0.12623 0.35028 3.35743 -0.12979 0.55971 4.04438076573 0.78258 0.98072 0.30541 0.41196 152.77952 195.62801 147.22542 138.42519 0.3 0.3 0.0 0.0 0.0 0.0 0.0 0.0 0.72115 0.0 0.0 45.47487 -0.49999 0.07399 0.0 0.0 0.0 0.0 0.0 0.0 0.051776873683 98 1 1.0 0.273438076904 -1.87919467186
-0.12623 0.35028 3.35743 -0.12979 0.55971 4.05523453455 0.78258 0.98072 0.30541 0.41196 152.77952 195.62801 147.22542 138.42519 0.3 0.3 0.0 0.0 0.0 0.0 0.0 0.0 0.72115 0.0 0.0 45.47487 -0.49999 0.07399 0.0 0.0 0.0 0.0 0.0 0.0 0.051674695769 99 1 0.992647058824 0.368772883178 -2.181614564
-0.12623 0.35028 3.35743 -0.12979 0.55971 4.08860512264 0.78258 0.98072 0.30541 0.41196 152.77952 195.62801 147.22542 138.42519 0.3 0.3 0.0 0.0 0.0 0.0 0.0 0.0 0.72115 0.0 0.0 45.47487 -0.49999 0.07399 0.0 0.0 0.0 0.0 0.0 0.0 0.0506669639587 100 0 0.985401459854 0.475221346361 -2.181614564
