-0.12623 0.35028 3.35743 -0.12979 0.55971 4.22072 0.78258 0.98072 0.30541 0.41196 152.77952 195.62801 147.22542 138.42519 0.3 0.3 0.0 0.0 0.0 0.0 0.0 0.0 0.72115 0.0 0.0 45.47487 -0.49999 0.07399 0.0 0.0 0.0 0.0 0.0 0.0 0.05 0 1 0.95652173913 0.768040622504 -51.9327826024
-0.12623 0.35028 3.35743 -0.12979 0.55971 4.20072553514 0.78258 0.98072 0.30541 0.41196 152.77952 195.62801 147.22542 138.42519 0.3 0.3 0.0 0.0 0.0 0.0 0.0 0.0 0.72115 0.0 0.0 45.47487 -0.49999 0.07399 0.0 0.0 0.0 0.0 0.0 0.0 0.0502317588318 1 1 0.970802919708 0.73852821721 -22.5000280807
-0.12623 0.35028 3.35743 -0.12979 0.55971 4.25404248265 0.78258 0.98072 0.30541 0.41196 152.77952 195.62801 147.22542 138.42519 0.3 0.3 0.0 0.0 0.0 0.0 0.0 0.0 0.72115 0.0 0.0 45.47487 -0.49999 0.07399 0.0 0.0 0.0 0.0 0.0 0.0 0.0502754533087 2 0 0.970802919708 0.80938438625 -22.5000280807
-0.12623 0.35028 3.35743 -0.12979 0.55971 4.17460022981 0.78258 0.98072 0.30541 0.41196 152.77952 195.62801 147.22542 138.42519 0.3 0.3 0.0 0.0 0.0 0.0 0.0 0.0 0.72115 0.0 0.0 45.47487 -0.49999 0.07399 0.0 0.0 0.0 0.0 0.0 0.0 0.0508655955858 3 0 0.963503649635 0.651550324056 -22.5000280807
-0.12623 0.35028 3.35743 -0.12979 0.55971 4.21067520788 0.78258 0.98072 0.30541 0.41196 152.77952 195.62801 147.22542 138.42519 0.3 0.3 0.0 0.0 0.0 0.0 0.0 0.0 0.72115 0.0 0.0 45.47487 -0.49999 0.07399 0.0 0.0 0.0 0.0 0.0 0.0 0.0500402745205 4 0 0.956204379562 0.762585039124 -22.5000280807
-0.12623 0.35028 3.35743 -0.12979 0.55971 4.20910957316 0.78258 0.98072 0.30541 0.41196 152.77952 195.62801 147.22542 138.42519 0.3 0.3 0.0 0.0 0.0 0.0 0.0 0.0 0.72115 0.0 0.0 45.47487 -0.49999 0.07399 0.0 0.0 0.0 0.0 0.0 0.0 0.0483340708886 5 0 0.956204379562 0.763411208885 -22.5000280807
-0.12623 0.35028 3.35743 -0.12979 0.55971 4.18815293596 0.78258 0.98072 0.30541 0.41196 152.77952 195.62801 147.22542 138.42519 0.3 0.3 0.0 0.0 0.0 0.0 0.0 0.0 0.72115 0.0 0.0 45.47487 -0.49999 0.07399 0.0 0.0 0.0 0.0 0.0 0.0 0.0497505189375 6 0 0.963503649635 0.748526208911 -22.5000280807
-0.12623 0.35028 3.35743 -0.12979 0.55971 4.18857120171 0.78258 0.98072 0.30541 0.41196 152.77952 195.62801 147.22542 138.42519 0.3 0.3 0.0 0.0 0.0 0.0 0.0 0.0 0.72115 0.0 0.0 45.47487 -0.49999 0.07399 0.0 0.0 0.0 0.0 0.0 0.0 0.049503415318 7 0 0.963503649635 0.750097767509 -22.5000280807
-0.12623 0.35028 3.35743 -0.12979 0.55971 4.2025162236 0.78258 0.98072 0.30541 0.41196 152.77952 195.62801 147.22542 138.42519 0.3 0.3 0.0 0.0 0.0 0.0 0.0 0.0 0.72115 0.0 0.0 45.47487 -0.49999 0.07399 0.0 0.0 0.0 0.0 0.0 0.0 0.0501387962075 8 1 0.970802919708 0.747385819272 -23.0725831922
-0.12623 0.35028 3.35743 -0.12979 0.55971 4.25995040939 0.78258 0.98072 0.30541 0.41196 152.77952 195.62801 147.22542 138.42519 0.3 0.3 0.0 0.0 0.0 0.0 0.0 0.0 0.72115 0.0 0.0 45.47487 -0.49999 0.07399 0.0 0.0 0.0 0.0 0.0 0.0 0.0495932122802 9 0 0.970802919708 0.813755794239 -23.0725831922
-0.12623 0.35028 3.35743 -0.12979 0.55971 4.19336793831 0.78258 0.98072 0.30541 0.41196 152.77952 195.62801 147.22542 138.42519 0.3 0.3 0.0 0.0 0.0 0.0 0.0 0.0 0.72115 0.0 0.0 45.47487 -0.49999 0.07399 0.0 0.0 0.0 0.0 0.0 0.0 0.0500372191423 10 0 0.963503649635 0.749264990351 -23.0725831922
-0.12623 0.35028 3.35743 -0.12979 0.55971 4.20653531213 0.78258 0.98072 0.30541 0.41196 152.77952 195.62801 147.22542 138.42519 0.3 0.3 0.0 0.0 0.0 0.0 0.0 0.0 0.72115 0.0 0.0 45.47487 -0.49999 0.07399 0.0 0.0 0.0 0.0 0.0 0.0 0.0509788045386 11 0 0.956204379562 0.763031697292 -23.0725831922
-0.12623 0.35028 3.35743 -0.12979 0.55971 4.21670736814 0.78258 0.98072 0.30541 0.41196 152.77952 195.62801 147.22542 138.42519 0.3 0.3 0.0 0.0 0.0 0.0 0.0 0.0 0.72115 0.0 0.0 45.47487 -0.49999 0.07399 0.0 0.0 0.0 0.0 0.0 0.0 0.0505116873659 12 0 0.949275362319 0.764130606295 -23.0725831922
-0.12623 0.35028 3.35743 -0.12979 0.55971 4.22551766016 0.78258 0.98072 0.30541 0.41196 152.77952 195.62801 147.22542 138.42519 0.3 0.3 0.0 0.0 0.0 0.0 0.0 0.0 0.72115 0.0 0.0 45.47487 -0.49999 0.07399 0.0 0.0 0.0 0.0 0.0 0.0 0.0490230949295 13 0 0.95652173913 0.790744168209 -23.0725831922
-0.12623 0.35028 3.35743 -0.12979 0.55971 4.24307368961 0.78258 0.98072 0.30541 0.41196 152.77952 195.62801 147.22542 138.42519 0.3 0.3 0.0 0.0 0.0 0.0 0.0 0.0 0.72115 0.0 0.0 45.47487 -0.49999 0.07399 0.0 0.0 0.0 0.0 0.0 0.0 0.0514477631248 14 0 0.970802919708 0.804670531927 -23.0725831922
-0.12623 0.35028 3.35743 -0.12979 0.55971 4.17194645001 0.78258 0.98072 0.30541 0.41196 152.77952 195.62801 147.22542 138.42519 0.3 0.3 0.0 0.0 0.0 0.0 0.0 0.0 0.72115 0.0 0.0 45.47487 -0.49999 0.07399 0.0 0.0 0.0 0.0 0.0 0.0 0.0503526090752 15 0 0.963503649635 0.681535112151 -23.0725831922
-0.12623 0.35028 3.35743 -0.12979 0.55971 4.19102247011 0.78258 0.98072 0.30541 0.41196 152.77952 195.62801 147.22542 138.42519 0.3 0.3 0.0 0.0 0.0 0.0 0.0 0.0 0.72115 0.0 0.0 45.47487 -0.49999 0.07399 0.0 0.0 0.0 0.0 0.0 0.0 0.0509771631688 16 0 0.963503649635 0.749211822236 -23.0725831922
-0.12623 0.35028 3.35743 -0.12979 0.55971 4.23216574559 0.78258 0.98072 0.30541 0.41196 152.77952 195.62801 147.22542 138.42519 0.3 0.3 0.0 0.0 0.0 0.0 0.0 0.0 0.72115 0.0 0.0 45.47487 -0.49999 0.07399 0.0 0.0 0.0 0.0 0.0 0.0 0.0501170775957 17 0 0.963503649635 0.789549451182 -23.0725831922
-0.12623 0.35028 3.35743 -0.12979 0.55971 4.19871892683 0.78258 0.98072 0.30541 0.41196 152.77952 195.62801 147.22542 138.42519 0.3 0.3 0.0 0.0 0.0 0.0 0.0 0.0 0.72115 0.0 0.0 45.47487 -0.49999 0.07399 0.0 0.0 0.0 0.0 0.0 0.0 0.0487824418948 18 1 0.970802919708 0.737497791558 -23.5889306707
-0.12623 0.35028 3.35743 -0.12979 0.55971 4.20426105621 0.78258 0.98072 0.30541 0.41196 152.77952 195.62801 147.22542 138.42519 0.3 0.3 0.0 0.0 0.0 0.0 0.0 0.0 0.72115 0.0 0.0 45.47487 -0.49999 0.07399 0.0 0.0 0.0 0.0 0.0 0.0 0.0483819111468 19 0 0.970802919708 0.747796713354 -23.5889306707
-0.12623 0.35028 3.35743 -0.12979 0.55971 4.22898362881 0.78258 0.98072 0.30541 0.41196 152.77952 195.62801 147.22542 138.42519 0.3 0.3 0.0 0.0 0.0 0.0 0.0 0.0 0.72115 0.0 0.0 45.47487 -0.49999 0.07399 0.0 0.0 0.0 0.0 0.0 0.0 0.0487664166784 20 0 0.95652173913 0.791381274365 -23.5889306707
-0.12623 0.35028 3.35743 -0.12979 0.55971 4.21876936158 0.78258 0.98072 0.30541 0.41196 152.77952 195.62801 147.22542 138.42519 0.3 0.3 0.0 0.0 0.0 0.0 0.0 0.0 0.72115 0.0 0.0 45.47487 -0.49999 0.07399 0.0 0.0 0.0 0.0 0.0 0.0 0.0491151153168 21 0 0.95652173913 0.763736037505 -23.5889306707
-0.12623 0.35028 3.35743 -0.12979 0.55971 4.24212380899 0.78258 0.98072 0.30541 0.41196 152.77952 195.62801 147.22542 138.42519 0.3 0.3 0.0 0.0 0.0 0.0 0.0 0.0 0.72115 0.0 0.0 45.47487 -0.49999 0.07399 0.0 0.0 0.0 0.0 0.0 0.0 0.048036357134 22 0 0.970802919708 0.801322230855 -23.5889306707
-0.12623 0.35028 3.35743 -0.12979 0.55971 4.16147068763 0.78258 0.98072 0.30541 0.41196 152.77952 195.62801 147.22542 138.42519 0.3 0.3 0.0 0.0 0.0 0.0 0.0 0.0 0.72115 0.0 0.0 45.47487 -0.49999 0.07399 0.0 0.0 0.0 0.0 0.0 0.0 0.0494165993158 23 1 0.970588235294 0.602704539694 -16.1893505349
-0.12623 0.35028 3.35743 -0.12979 0.55971 4.18720484874 0.78258 0.98072 0.30541 0.41196 152.77952 195.62801 147.22542 138.42519 0.3 0.3 0.0 0.0 0.0 0.0 0.0 0.0 0.72115 0.0 0.0 45.47487 -0.49999 0.07399 0.0 0.0 0.0 0.0 0.0 0.0 0.0490122682039 24 0 0.956204379562 0.714869254754 -16.1893505349
-0.12623 0.35028 3.35743 -0.12979 0.55971 4.1461017915 0.78258 0.98072 0.30541 0.41196 152.77952 195.62801 147.22542 138.42519 0.3 0.3 0.0 0.0 0.0 0.0 0.0 0.0 0.72115 0.0 0.0 45.47487 -0.49999 0.07399 0.0 0.0 0.0 0.0 0.0 0.0 0.0520606009004 25 1 0.970588235294 0.58982397696 -14.3913624775
-0.12623 0.35028 3.35743 -0.12979 0.55971 4.16511725438 0.78258 0.98072 0.30541 0.41196 152.77952 195.62801 147.22542 138.42519 0.3 0.3 0.0 0.0 0.0 0.0 0.0 0.0 0.72115 0.0 0.0 45.47487 -0.49999 0.07399 0.0 0.0 0.0 0.0 0.0 0.0 0.0525614095654 26 1 0.970588235294 0.602338460477 -14.7164073931
-0.12623 0.35028 3.35743 -0.12979 0.55971 4.1921409399 0.78258 0.98072 0.30541 0.41196 152.77952 195.62801 147.22542 138.42519 0.3 0.3 0.0 0.0 0.0 0.0 0.0 0.0 0.72115 0.0 0.0 45.47487 -0.49999 0.07399 0.0 0.0 0.0 0.0 0.0 0.0 0.0514996120899 27 0 0.963503649635 0.749434038497 -14.7164073931
-0.12623 0.35028 3.35743 -0.12979 0.55971 4.1376679513 0.78258 0.98072 0.30541 0.41196 152.77952 195.62801 147.22542 138.42519 0.3 0.3 0.0 0.0 0.0 0.0 0.0 0.0 0.72115 0.0 0.0 45.47487 -0.49999 0.07399 0.0 0.0 0.0 0.0 0.0 0.0 0.0524575405744 28 1 0.977941176471 0.586370290786 -8.768333515
-0.12623 0.35028 3.35743 -0.12979 0.55971 4.12453672137 0.78258 0.98072 0.30541 0.41196 152.77952 195.62801 147.22542 138.42519 0.3 0.3 0.0 0.0 0.0 0.0 0.0 0.0 0.72115 0.0 0.0 45.47487 -0.49999 0.07399 0.0 0.0 0.0 0.0 0.0 0.0 0.0530806074613 29 0 0.970802919708 0.502478671742 -8.768333515
-0.12623 0.35028 3.35743 -0.12979 0.55971 4.16553745486 0.78258 0.98072 0.30541 0.41196 152.77952 195.62801 147.22542 138.42519 0.3 0.3 0.0 0.0 0.0 0.0 0.0 0.0 0.72115 0.0 0.0 45.47487 -0.49999 0.07399 0.0 0.0 0.0 0.0 0.0 0.0 0.0517619858239 30 0 0.970588235294 0.602068565419 -8.768333515
-0.12623 0.35028 3.35743 -0.12979 0.55971 4.15337912802 0.78258 0.98072 0.30541 0.41196 152.77952 195.62801 147.22542 138.42519 0.3 0.3 0.0 0.0 0.0 0.0 0.0 0.0 0.72115 0.0 0.0 45.47487 -0.49999 0.07399 0.0 0.0 0.0 0.0 0.0 0.0 0.0529619696439 31 0 0.970588235294 0.596736874272 -8.768333515
-0.12623 0.35028 3.35743 -0.12979 0.55971 4.18999779792 0.78258 0.98072 0.30541 0.41196 152.77952 195.62801 147.22542 138.42519 0.3 0.3 0.0 0.0 0.0 0.0 0.0 0.0 0.72115 0.0 0.0 45.47487 -0.49999 0.07399 0.0 0.0 0.0 0.0 0.0 0.0 0.0523301791561 32 0 0.963503649635 0.749005600593 -8.768333515
-0.12623 0.35028 3.35743 -0.12979 0.55971 4.13826050306 0.78258 0.98072 0.30541 0.41196 152.77952 195.62801 147.22542 138.42519 0.3 0.3 0.0 0.0 0.0 0.0 0.0 0.0 0.72115 0.0 0.0 45.47487 -0.49999 0.07399 0.0 0.0 0.0 0.0 0.0 0.0 0.0518704643086 33 1 0.977941176471 0.589181475845 -8.94870849437
-0.12623 0.35028 3.35743 -0.12979 0.55971 4.12655705341 0.78258 0.98072 0.30541 0.41196 152.77952 195.62801 147.22542 138.42519 0.3 0.3 0.0 0.0 0.0 0.0 0.0 0.0 0.72115 0.0 0.0 45.47487 -0.49999 0.07399 0.0 0.0 0.0 0.0 0.0 0.0 0.0525095762014 34 0 0.970802919708 0.500796372115 -8.94870849437
-0.12623 0.35028 3.35743 -0.12979 0.55971 4.09350576655 0.78258 0.98072 0.30541 0.41196 152.77952 195.62801 147.22542 138.42519 0.3 0.3 0.0 0.0 0.0 0.0 0.0 0.0 0.72115 0.0 0.0 45.47487 -0.49999 0.07399 0.0 0.0 0.0 0.0 0.0 0.0 0.0526046440792 35 1 0.985401459854 0.481856786364 -3.95092349794
-0.12623 0.35028 3.35743 -0.12979 0.55971 4.11606135073 0.78258 0.98072 0.30541 0.41196 152.77952 195.62801 147.22542 138.42519 0.3 0.3 0.0 0.0 0.0 0.0 0.0 0.0 0.72115 0.0 0.0 45.47487 -0.49999 0.07399 0.0 0.0 0.0 0.0 0.0 0.0 0.0525878751658 36 1 0.985401459854 0.469758054409 -3.851164841
-0.12623 0.35028 3.35743 -0.12979 0.55971 4.12481298282 0.78258 0.98072 0.30541 0.41196 152.77952 195.62801 147.22542 138.42519 0.3 0.3 0.0 0.0 0.0 0.0 0.0 0.0 0.72115 0.0 0.0 45.47487 -0.49999 0.07399 0.0 0.0 0.0 0.0 0.0 0.0 0.0529461334362 37 0 0.970802919708 0.502528156888 -3.851164841
-0.12623 0.35028 3.35743 -0.12979 0.55971 4.12786554479 0.78258 0.98072 0.30541 0.41196 152.77952 195.62801 147.22542 138.42519 0.3 0.3 0.0 0.0 0.0 0.0 0.0 0.0 0.72115 0.0 0.0 45.47487 -0.49999 0.07399 0.0 0.0 0.0 0.0 0.0 0.0 0.0527452713712 38 0 0.977941176471 0.584499001597 -3.851164841
-0.12623 0.35028 3.35743 -0.12979 0.55971 4.12279079789 0.78258 0.98072 0.30541 0.41196 152.77952 195.62801 147.22542 138.42519 0.3 0.3 0.0 0.0 0.0 0.0 0.0 0.0 0.72115 0.0 0.0 45.47487 -0.49999 0.07399 0.0 0.0 0.0 0.0 0.0 0.0 0.0526674350479 39 0 0.970802919708 0.507977843844 -3.851164841
-0.12623 0.35028 3.35743 -0.12979 0.55971 4.10289722529 0.78258 0.98072 0.30541 0.41196 152.77952 195.62801 147.22542 138.42519 0.3 0.3 0.0 0.0 0.0 0.0 0.0 0.0 0.72115 0.0 0.0 45.47487 -0.49999 0.07399 0.0 0.0 0.0 0.0 0.0 0.0 0.0523388710892 40 1 0.985401459854 0.476684705447 -3.9086349561
-0.12623 0.35028 3.35743 -0.12979 0.55971 4.10050813071 0.78258 0.98072 0.30541 0.41196 152.77952 195.62801 147.22542 138.42519 0.3 0.3 0.0 0.0 0.0 0.0 0.0 0.0 0.72115 0.0 0.0 45.47487 -0.49999 0.07399 0.0 0.0 0.0 0.0 0.0 0.0 0.052447751164 41 1 0.985401459854 0.475936014975 -3.90209777135
-0.12623 0.35028 3.35743 -0.12979 0.55971 4.11490276154 0.78258 0.98072 0.30541 0.41196 152.77952 195.62801 147.22542 138.42519 0.3 0.3 0.0 0.0 0.0 0.0 0.0 0.0 0.72115 0.0 0.0 45.47487 -0.49999 0.07399 0.0 0.0 0.0 0.0 0.0 0.0 0.0522086932688 42 1 0.985401459854 0.477831090282 -3.91873214964
-0.12623 0.35028 3.35743 -0.12979 0.55971 4.08430384564 0.78258 0.98072 0.30541 0.41196 152.77952 195.62801 147.22542 138.42519 0.3 0.3 0.0 0.0 0.0 0.0 0.0 0.0 0.72115 0.0 0.0 45.47487 -0.49999 0.07399 0.0 0.0 0.0 0.0 0.0 0.0 0.0518329820724 43 1 0.985401459854 0.44750306738 -3.67034468198
-0.12623 0.35028 3.35743 -0.12979 0.55971 4.09024178946 0.78258 0.98072 0.30541 0.41196 152.77952 195.62801 147.22542 138.42519 0.3 0.3 0.0 0.0 0.0 0.0 0.0 0.0 0.72115 0.0 0.0 45.47487 -0.49999 0.07399 0.0 0.0 0.0 0.0 0.0 0.0 0.0518004721545 44 0 0.985401459854 0.4866524414 -3.67034468198
-0.12623 0.35028 3.35743 -0.12979 0.55971 4.07004281612 0.78258 0.98072 0.30541 0.41196 152.77952 195.62801 147.22542 138.42519 0.3 0.3 0.0 0.0 0.0 0.0 0.0 0.0 0.72115 0.0 0.0 45.47487 -0.49999 0.07399 0.0 0.0 0.0 0.0 0.0 0.0 0.050458167642 45 1 0.992647058824 0.42693778954 -2.22088968919
-0.12623 0.35028 3.35743 -0.12979 0.55971 4.07536085679 0.78258 0.98072 0.30541 0.41196 152.77952 195.62801 147.22542 138.42519 0.3 0.3 0.0 0.0 0.0 0.0 0.0 0.0 0.72115 0.0 0.0 45.47487 -0.49999 0.07399 0.0 0.0 0.0 0.0 0.0 0.0 0.0503167471578 46 1 0.992647058824 0.420433067284 -2.20018324226
-0.12623 0.35028 3.35743 -0.12979 0.55971 4.097444331 0.78258 0.98072 0.30541 0.41196 152.77952 195.62801 147.22542 138.42519 0.3 0.3 0.0 0.0 0.0 0.0 0.0 0.0 0.72115 0.0 0.0 45.47487 -0.49999 0.07399 0.0 0.0 0.0 0.0 0.0 0.0 0.0505274140676 47 1 0.985401459854 0.482239452628 -3.97425217369
-0.12623 0.35028 3.35743 -0.12979 0.55971 4.10513160022 0.78258 0.98072 0.30541 0.41196 152.77952 195.62801 147.22542 138.42519 0.3 0.3 0.0 0.0 0.0 0.0 0.0 0.0 0.72115 0.0 0.0 45.47487 -0.49999 0.07399 0.0 0.0 0.0 0.0 0.0 0.0 0.0508420167711 48 1 0.985401459854 0.472619466168 -3.88429231083
-0.12623 0.35028 3.35743 -0.12979 0.55971 4.09753769514 0.78258 0.98072 0.30541 0.41196 152.77952 195.62801 147.22542 138.42519 0.3 0.3 0.0 0.0 0.0 0.0 0.0 0.0 0.72115 0.0 0.0 45.47487 -0.49999 0.07399 0.0 0.0 0.0 0.0 0.0 0.0 0.0515562494556 49 1 0.985401459854 0.47569178809 -3.90442582382
-0.12623 0.35028 3.35743 -0.12979 0.55971 4.11561403538 0.78258 0.98072 0.30541 0.41196 152.77952 195.62801 147.22542 138.42519 0.3 0.3 0.0 0.0 0.0 0.0 0.0 0.0 0.72115 0.0 0.0 45.47487 -0.49999 0.07399 0.0 0.0 0.0 0.0 0.0 0.0 0.0511073154414 50 1 0.985401459854 0.477984435687 -3.92846350023
-0.12623 0.35028 3.35743 -0.12979 0.55971 4.15374616248 0.78258 0.98072 0.30541 0.41196 152.77952 195.62801 147.22542 138.42519 0.3 0.3 0.0 0.0 0.0 0.0 0.0 0.0 0.72115 0.0 0.0 45.47487 -0.49999 0.07399 0.0 0.0 0.0 0.0 0.0 0.0 0.0512611570503 51 0 0.970588235294 0.596851699919 -3.92846350023
-0.12623 0.35028 3.35743 -0.12979 0.55971 4.07962416801 0.78258 0.98072 0.30541 0.41196 152.77952 195.62801 147.22542 138.42519 0.3 0.3 0.0 0.0 0.0 0.0 0.0 0.0 0.72115 0.0 0.0 45.47487 -0.49999 0.07399 0.0 0.0 0.0 0.0 0.0 0.0 0.0521259548685 52 1 0.992647058824 0.419795955724 -2.29890177161
-0.12623 0.35028 3.35743 -0.12979 0.55971 4.08844124211 0.78258 0.98072 0.30541 0.41196 152.77952 195.62801 147.22542 138.42519 0.3 0.3 0.0 0.0 0.0 0.0 0.0 0.0 0.72115 0.0 0.0 45.47487 -0.49999 0.07399 0.0 0.0 0.0 0.0 0.0 0.0 0.0522746242426 53 1 0.985401459854 0.475200897263 -3.89646359452
-0.12623 0.35028 3.35743 -0.12979 0.55971 4.04949315053 0.78258 0.98072 0.30541 0.41196 152.77952 195.62801 147.22542 138.42519 0.3 0.3 0.0 0.0 0.0 0.0 0.0 0.0 0.72115 0.0 0.0 45.47487 -0.49999 0.07399 0.0 0.0 0.0 0.0 0.0 0.0 0.0515037100289 54 1 1.0 0.279691560924 -1.85958106747
-0.12623 0.35028 3.35743 -0.12979 0.55971 4.03826552833 0.78258 0.98072 0.30541 0.41196 152.77952 195.62801 147.22542 138.42519 0.3 0.3 0.0 0.0 0.0 0.0 0.0 0.0 0.72115 0.0 0.0 45.47487 -0.49999 0.07399 0.0 0.0 0.0 0.0 0.0 0.0 0.0521231737878 55 0 1.0 0.454784547603 -1.85958106747
-0.12623 0.35028 3.35743 -0.12979 0.55971 4.07180558873 0.78258 0.98072 0.30541 0.41196 152.77952 195.62801 147.22542 138.42519 0.3 0.3 0.0 0.0 0.0 0.0 0.0 0.0 0.72115 0.0 0.0 45.47487 -0.49999 0.07399 0.0 0.0 0.0 0.0 0.0 0.0 0.0517472669435 56 1 0.992647058824 0.427859484742 -2.29288097104
-0.12623 0.35028 3.35743 -0.12979 0.55971 4.1206446717 0.78258 0.98072 0.30541 0.41196 152.77952 195.62801 147.22542 138.42519 0.3 0.3 0.0 0.0 0.0 0.0 0.0 0.0 0.72115 0.0 0.0 45.47487 -0.49999 0.07399 0.0 0.0 0.0 0.0 0.0 0.0 0.0510883618081 57 0 0.978102189781 0.502255741341 -2.29288097104
-0.12623 0.35028 3.35743 -0.12979 0.55971 4.1114007497 0.78258 0.98072 0.30541 0.41196 152.77952 195.62801 147.22542 138.42519 0.3 0.3 0.0 0.0 0.0 0.0 0.0 0.0 0.72115 0.0 0.0 45.47487 -0.49999 0.07399 0.0 0.0 0.0 0.0 0.0 0.0 0.0504022933171 58 0 0.985401459854 0.47699136761 -2.29288097104
-0.12623 0.35028 3.35743 -0.12979 0.55971 4.03919519789 0.78258 0.98072 0.30541 0.41196 152.77952 195.62801 147.22542 138.42519 0.3 0.3 0.0 0.0 0.0 0.0 0.0 0.0 0.72115 0.0 0.0 45.47487 -0.49999 0.07399 0.0 0.0 0.0 0.0 0.0 0.0 0.0513312492984 59 1 1.0 0.455415271348 -1.84724977847
-0.12623 0.35028 3.35743 -0.12979 0.55971 4.03939721022 0.78258 0.98072 0.30541 0.41196 152.77952 195.62801 147.22542 138.42519 0.3 0.3 0.0 0.0 0.0 0.0 0.0 0.0 0.72115 0.0 0.0 45.47487 -0.49999 0.07399 0.0 0.0 0.0 0.0 0.0 0.0 0.0516669634966 60 1 1.0 0.455438664581 -1.87129087484
-0.12623 0.35028 3.35743 -0.12979 0.55971 4.03517163191 0.78258 0.98072 0.30541 0.41196 152.77952 195.62801 147.22542 138.42519 0.3 0.3 0.0 0.0 0.0 0.0 0.0 0.0 0.72115 0.0 0.0 45.47487 -0.49999 0.07399 0.0 0.0 0.0 0.0 0.0 0.0 0.0512279918737 61 1 1.0 0.408157580871 -1.8398858158
-0.12623 0.35028 3.35743 -0.12979 0.55971 4.08840873713 0.78258 0.98072 0.30541 0.41196 152.77952 195.62801 147.22542 138.42519 0.3 0.3 0.0 0.0 0.0 0.0 0.0 0.0 0.72115 0.0 0.0 45.47487 -0.49999 0.07399 0.0 0.0 0.0 0.0 0.0 0.0 0.0518233513068 62 0 0.985401459854 0.475197104839 -1.8398858158
-0.12623 0.35028 3.35743 -0.12979 0.55971 4.03911186475 0.78258 0.98072 0.30541 0.41196 152.77952 195.62801 147.22542 138.42519 0.3 0.3 0.0 0.0 0.0 0.0 0.0 0.0 0.72115 0.0 0.0 45.47487 -0.49999 0.07399 0.0 0.0 0.0 0.0 0.0 0.0 0.0505319546049 63 1 1.0 0.455401120643 -1.79062130723
-0.12623 0.35028 3.35743 -0.12979 0.55971 4.02236337769 0.78258 0.98072 0.30541 0.41196 152.77952 195.62801 147.22542 138.42519 0.3 0.3 0.0 0.0 0.0 0.0 0.0 0.0 0.72115 0.0 0.0 45.47487 -0.49999 0.07399 0.0 0.0 0.0 0.0 0.0 0.0 0.0510291467263 64 1 0.992592592593 0.113755765872 -1.85642103908
-0.12623 0.35028 3.35743 -0.12979 0.55971 4.04027588512 0.78258 0.98072 0.30541 0.41196 152.77952 195.62801 147.22542 138.42519 0.3 0.3 0.0 0.0 0.0 0.0 0.0 0.0 0.72115 0.0 0.0 45.47487 -0.49999 0.07399 0.0 0.0 0.0 0.0 0.0 0.0 0.0506606218788 65 1 1.0 0.455503771612 -1.79967903271
-0.12623 0.35028 3.35743 -0.12979 0.55971 4.03718467768 0.78258 0.98072 0.30541 0.41196 152.77952 195.62801 147.22542 138.42519 0.3 0.3 0.0 0.0 0.0 0.0 0.0 0.0 0.72115 0.0 0.0 45.47487 -0.49999 0.07399 0.0 0.0 0.0 0.0 0.0 0.0 0.0497543591333 66 1 1.0 0.454788744074 -1.73635628148
-0.12623 0.35028 3.35743 -0.12979 0.55971 4.04288286601 0.78258 0.98072 0.30541 0.41196 152.77952 195.62801 147.22542 138.42519 0.3 0.3 0.0 0.0 0.0 0.0 0.0 0.0 0.72115 0.0 0.0 45.47487 -0.49999 0.07399 0.0 0.0 0.0 0.0 0.0 0.0 0.0503259288331 67 1 1.0 0.27203347431 -1.77616427368
-0.12623 0.35028 3.35743 -0.12979 0.55971 4.05698069567 0.78258 0.98072 0.30541 0.41196 152.77952 195.62801 147.22542 138.42519 0.3 0.3 0.0 0.0 0.0 0.0 0.0 0.0 0.72115 0.0 0.0 45.47487 -0.49999 0.07399 0.0 0.0 0.0 0.0 0.0 0.0 0.0508961079365 68 1 0.992647058824 0.369395790584 -2.13671192284
-0.12623 0.35028 3.35743 -0.12979 0.55971 4.04971794453 0.78258 0.98072 0.30541 0.41196 152.77952 195.62801 147.22542 138.42519 0.3 0.3 0.0 0.0 0.0 0.0 0.0 0.0 0.72115 0.0 0.0 45.47487 -0.49999 0.07399 0.0 0.0 0.0 0.0 0.0 0.0 0.0507978459128 69 1 1.0 0.27970678651 -1.80936370003
-0.12623 0.35028 3.35743 -0.12979 0.55971 4.04247307348 0.78258 0.98072 0.30541 0.41196 152.77952 195.62801 147.22542 138.42519 0.3 0.3 0.0 0.0 0.0 0.0 0.0 0.0 0.72115 0.0 0.0 45.47487 -0.49999 0.07399 0.0 0.0 0.0 0.0 0.0 0.0 0.0503370049918 70 1 1.0 0.271989026451 -1.77694004362
-0.12623 0.35028 3.35743 -0.12979 0.55971 4.06084829773 0.78258 0.98072 0.30541 0.41196 152.77952 195.62801 147.22542 138.42519 0.3 0.3 0.0 0.0 0.0 0.0 0.0 0.0 0.72115 0.0 0.0 45.47487 -0.49999 0.07399 0.0 0.0 0.0 0.0 0.0 0.0 0.0500320736249 71 1 0.992647058824 0.401100444512 -2.14655965657
-0.12623 0.35028 3.35743 -0.12979 0.55971 4.07689451325 0.78258 0.98072 0.30541 0.41196 152.77952 195.62801 147.22542 138.42519 0.3 0.3 0.0 0.0 0.0 0.0 0.0 0.0 0.72115 0.0 0.0 45.47487 -0.49999 0.07399 0.0 0.0 0.0 0.0 0.0 0.0 0.0504510199838 72 1 0.992647058824 0.420666131045 -2.20780816514
-0.12623 0.35028 3.35743 -0.12979 0.55971 4.06790782183 0.78258 0.98072 0.30541 0.41196 152.77952 195.62801 147.22542 138.42519 0.3 0.3 0.0 0.0 0.0 0.0 0.0 0.0 0.72115 0.0 0.0 45.47487 -0.49999 0.07399 0.0 0.0 0.0 0.0 0.0 0.0 0.050268164015 73 1 0.992647058824 0.416628020668 -2.18993765016
-0.12623 0.35028 3.35743 -0.12979 0.55971 4.11159694053 0.78258 0.98072 0.30541 0.41196 152.77952 195.62801 147.22542 138.42519 0.3 0.3 0.0 0.0 0.0 0.0 0.0 0.0 0.72115 0.0 0.0 45.47487 -0.49999 0.07399 0.0 0.0 0.0 0.0 0.0 0.0 0.0502595718024 74 0 0.985401459854 0.477859247963 -2.18993765016
-0.12623 0.35028 3.35743 -0.12979 0.55971 4.07413858598 0.78258 0.98072 0.30541 0.41196 152.77952 195.62801 147.22542 138.42519 0.3 0.3 0.0 0.0 0.0 0.0 0.0 0.0 0.72115 0.0 0.0 45.47487 -0.49999 0.07399 0.0 0.0 0.0 0.0 0.0 0.0 0.0499148223358 75 1 0.992647058824 0.426768180331 -2.19211850822
-0.12623 0.35028 3.35743 -0.12979 0.55971 4.07358681789 0.78258 0.98072 0.30541 0.41196 152.77952 195.62801 147.22542 138.42519 0.3 0.3 0.0 0.0 0.0 0.0 0.0 0.0 0.72115 0.0 0.0 45.47487 -0.49999 0.07399 0.0 0.0 0.0 0.0 0.0 0.0 0.0497884390153 76 1 0.992647058824 0.426696264011 -2.18545802224
-0.12623 0.35028 3.35743 -0.12979 0.55971 4.06339883983 0.78258 0.98072 0.30541 0.41196 152.77952 195.62801 147.22542 138.42519 0.3 0.3 0.0 0.0 0.0 0.0 0.0 0.0 0.72115 0.0 0.0 45.47487 -0.49999 0.07399 0.0 0.0 0.0 0.0 0.0 0.0 0.0495970856162 77 1 0.992647058824 0.403449314001 -2.12795634567
-0.12623 0.35028 3.35743 -0.12979 0.55971 4.06836190184 0.78258 0.98072 0.30541 0.41196 152.77952 195.62801 147.22542 138.42519 0.3 0.3 0.0 0.0 0.0 0.0 0.0 0.0 0.72115 0.0 0.0 45.47487 -0.49999 0.07399 0.0 0.0 0.0 0.0 0.0 0.0 0.0493526031605 78 1 0.992647058824 0.415045261026 -2.13881440447
-0.12623 0.35028 3.35743 -0.12979 0.55971 4.06812661581 0.78258 0.98072 0.30541 0.41196 152.77952 195.62801 147.22542 138.42519 0.3 0.3 0.0 0.0 0.0 0.0 0.0 0.0 0.72115 0.0 0.0 45.47487 -0.49999 0.07399 0.0 0.0 0.0 0.0 0.0 0.0 0.0492626665172 79 1 0.992647058824 0.416650441136 -2.13755766224
-0.12623 0.35028 3.35743 -0.12979 0.55971 4.06592358701 0.78258 0.98072 0.30541 0.41196 152.77952 195.62801 147.22542 138.42519 0.3 0.3 0.0 0.0 0.0 0.0 0.0 0.0 0.72115 0.0 0.0 45.47487 -0.49999 0.07399 0.0 0.0 0.0 0.0 0.0 0.0 0.0494753894381 80 1 0.992647058824 0.41614756786 -2.14740646001
-0.12623 0.35028 3.35743 -0.12979 0.55971 4.06399973025 0.78258 0.98072 0.30541 0.41196 152.77952 195.62801 147.22542 138.42519 0.3 0.3 0.0 0.0 0.0 0.0 0.0 0.0 0.72115 0.0 0.0 45.47487 -0.49999 0.07399 0.0 0.0 0.0 0.0 0.0 0.0 0.0504517140934 81 1 0.992647058824 0.415273339978 -2.19707288641
-0.12623 0.35028 3.35743 -0.12979 0.55971 4.0585892819 0.78258 0.98072 0.30541 0.41196 152.77952 195.62801 147.22542 138.42519 0.3 0.3 0.0 0.0 0.0 0.0 0.0 0.0 0.72115 0.0 0.0 45.47487 -0.49999 0.07399 0.0 0.0 0.0 0.0 0.0 0.0 0.0500866760005 82 1 0.992647058824 0.369725787804 -2.09087590663
-0.12623 0.35028 3.35743 -0.12979 0.55971 4.04756509789 0.78258 0.98072 0.30541 0.41196 152.77952 195.62801 147.22542 138.42519 0.3 0.3 0.0 0.0 0.0 0.0 0.0 0.0 0.72115 0.0 0.0 45.47487 -0.49999 0.07399 0.0 0.0 0.0 0.0 0.0 0.0 0.0502399691984 83 1 1.0 0.279606375781 -1.77014931564
-0.12623 0.35028 3.35743 -0.12979 0.55971 4.0646543095 0.78258 0.98072 0.30541 0.41196 152.77952 195.62801 147.22542 138.42519 0.3 0.3 0.0 0.0 0.0 0.0 0.0 0.0 0.72115 0.0 0.0 45.47487 -0.49999 0.07399 0.0 0.0 0.0 0.0 0.0 0.0 0.0505843063422 84 1 0.992647058824 0.415869473385 -2.20541319195
-0.12623 0.35028 3.35743 -0.12979 0.55971 4.0532937791 0.78258 0.98072 0.30541 0.41196 152.77952 195.62801 147.22542 138.42519 0.3 0.3 0.0 0.0 0.0 0.0 0.0 0.0 0.72115 0.0 0.0 45.47487 -0.49999 0.07399 0.0 0.0 0.0 0.0 0.0 0.0 0.0500865614268 85 1 1.0 0.370923448289 -1.75943948157
-0.12623 0.35028 3.35743 -0.12979 0.55971 4.03093450546 0.78258 0.98072 0.30541 0.41196 152.77952 195.62801 147.22542 138.42519 0.3 0.3 0.0 0.0 0.0 0.0 0.0 0.0 0.72115 0.0 0.0 45.47487 -0.49999 0.07399 0.0 0.0 0.0 0.0 0.0 0.0 0.0496282481339 86 1 1.0 0.407889610394 -1.72763240393
-0.12623 0.35028 3.35743 -0.12979 0.55971 4.01585561951 0.78258 0.98072 0.30541 0.41196 152.77952 195.62801 147.22542 138.42519 0.3 0.3 0.0 0.0 0.0 0.0 0.0 0.0 0.72115 0.0 0.0 45.47487 -0.49999 0.07399 0.0 0.0 0.0 0.0 0.0 0.0 0.0499710439489 87 1 0.985294117647 0.0410764621861 -1.76783514627
-0.12623 0.35028 3.35743 -0.12979 0.55971 3.99359685247 0.78258 0.98072 0.30541 0.41196 152.77952 195.62801 147.22542 138.42519 0.3 0.3 0.0 0.0 0.0 0.0 0.0 0.0 0.72115 0.0 0.0 45.47487 -0.49999 0.07399 0.0 0.0 0.0 0.0 0.0 0.0 0.0512697018739 88 0 0.985294117647 0.401834888287 -1.76783514627
-0.12623 0.35028 3.35743 -0.12979 0.55971 4.00258974928 0.78258 0.98072 0.30541 0.41196 152.77952 195.62801 147.22542 138.42519 0.3 0.3 0.0 0.0 0.0 0.0 0.0 0.0 0.72115 0.0 0.0 45.47487 -0.49999 0.07399 0.0 0.0 0.0 0.0 0.0 0.0 0.050377726343 89 0 0.977941176471 0.378984723379 -1.76783514627
-0.12623 0.35028 3.35743 -0.12979 0.55971 4.02558729239 0.78258 0.98072 0.30541 0.41196 152.77952 195.62801 147.22542 138.42519 0.3 0.3 0.0 0.0 0.0 0.0 0.0 0.0 0.72115 0.0 0.0 45.47487 -0.49999 0.07399 0.0 0.0 0.0 0.0 0.0 0.0 0.0510062108502 90 1 1.0 0.41073104554 -1.824117666
-0.12623 0.35028 3.35743 -0.12979 0.55971 4.03285074776 0.78258 0.98072 0.30541 0.41196 152.77952 195.62801 147.22542 138.42519 0.3 0.3 0.0 0.0 0.0 0.0 0.0 0.0 0.72115 0.0 0.0 45.47487 -0.49999 0.07399 0.0 0.0 0.0 0.0 0.0 0.0 0.0506705523621 91 1 1.0 0.408493865328 -1.80037903108
-0.12623 0.35028 3.35743 -0.12979 0.55971 4.02700310964 0.78258 0.98072 0.30541 0.41196 152.77952 195.62801 147.22542 138.42519 0.3 0.3 0.0 0.0 0.0 0.0 0.0 0.0 0.72115 0.0 0.0 45.47487 -0.49999 0.07399 0.0 0.0 0.0 0.0 0.0 0.0 0.049110287611 92 1 1.0 0.11835568411 -1.69202706589
-0.12623 0.35028 3.35743 -0.12979 0.55971 4.03619692751 0.78258 0.98072 0.30541 0.41196 152.77952 195.62801 147.22542 138.42519 0.3 0.3 0.0 0.0 0.0 0.0 0.0 0.0 0.72115 0.0 0.0 45.47487 -0.49999 0.07399 0.0 0.0 0.0 0.0 0.0 0.0 0.0496825937252 93 1 1.0 0.408345942385 -1.7313891927
-0.12623 0.35028 3.35743 -0.12979 0.55971 4.03704718556 0.78258 0.98072 0.30541 0.41196 152.77952 195.62801 147.22542 138.42519 0.3 0.3 0.0 0.0 0.0 0.0 0.0 0.0 0.72115 0.0 0.0 45.47487 -0.49999 0.07399 0.0 0.0 0.0 0.0 0.0 0.0 0.0499934721093 94 1 1.0 0.454794161085 -1.75295612271
-0.12623 0.35028 3.35743 -0.12979 0.55971 4.06084254761 0.78258 0.98072 0.30541 0.41196 152.77952 195.62801 147.22542 138.42519 0.3 0.3 0.0 0.0 0.0 0.0 0.0 0.0 0.72115 0.0 0.0 45.47487 -0.49999 0.07399 0.0 0.0 0.0 0.0 0.0 0.0 0.0500791541417 95 1 0.992647058824 0.401101344085 -2.14910672438
-0.12623 0.35028 3.35743 -0.12979 0.55971 4.03569682468 0.78258 0.98072 0.30541 0.41196 152.77952 195.62801 147.22542 138.42519 0.3 0.3 0.0 0.0 0.0 0.0 0.0 0.0 0.72115 0.0 0.0 45.47487 -0.49999 0.07399 0.0 0.0 0.0 0.0 0.0 0.0 0.0506179274038 96 1 1.0 0.408285478361 -1.79667101857
-0.12623 0.35028 3.35743 -0.12979 0.55971 4.01564266547 0.78258 0.98072 0.30541 0.41196 152.77952 195.62801 147.22542 138.42519 0.3 0.3 0.0 0.0 0.0 0.0 0.0 0.0 0.72115 0.0 0.0 45.47487 -0.49999 0.07399 0.0 0.0 0.0 0.0 0.0 0.0 0.0504392221818 97 1 0.985294117647 0.0410843065175 -1.80024882305
-0.12623 0.35028 3.35743 -0.12979 0.55971 4.0025940372 0.78258 0.98072 0.30541 0.41196 152.77952 195.62801 147.22542 138.42519 0.3 0.3 0.0 0.0 0.0 0.0 0.0 0.0 0.72115 0.0 0.0 45.47487 -0.49999 0.07399 0.0 0.0 0.0 0.0 0.0 0.0 0.0504759371538 98 0 0.977941176471 0.378985363723 -1.80024882305
-0.12623 0.35028 3.35743 -0.12979 0.55971 3.98131022902 0.78258 0.98072 0.30541 0.41196 152.77952 195.62801 147.22542 138.42519 0.3 0.3 0.0 0.0 0.0 0.0 0.0 0.0 0.72115 0.0 0.0 45.47487 -0.49999 0.07399 0.0 0.0 0.0 0.0 0.0 0.0 0.0491277511569 99 1 0.992647058824 0.18654561942 -1.78091990647
-0.12623 0.35028 3.35743 -0.12979 0.55971 3.98203338415 0.78258 0.98072 0.30541 0.41196 152.77952 195.62801 147.22542 138.42519 0.3 0.3 0.0 0.0 0.0 0.0 0.0 0.0 0.72115 0.0 0.0 45.47487 -0.49999 0.07399 0.0 0.0 0.0 0.0 0.0 0.0 0.0492826642242 100 1 0.992647058824 0.186470966908 -1.79091432408
