-0.12623 0.35028 3.35743 -0.12979 0.55971 3.58738666667 0.78258 0.98072 0.30541 0.41196 152.77952 195.62801 147.22542 138.42519 0.3 0.3 0.0 0.0 0.0 0.0 0.0 0.0 0.72115 0.0 0.0 45.47487 -0.49999 0.07399 0.0 0.0 0.0 0.0 0.0 0.0 0.05 0 1 0.912162162162 1.20556992917 -506.368927444
-0.12623 0.35028 3.35743 -0.12979 0.55971 3.57693999581 0.78258 0.98072 0.30541 0.41196 152.77952 195.62801 147.22542 138.42519 0.3 0.3 0.0 0.0 0.0 0.0 0.0 0.0 0.72115 0.0 0.0 45.47487 -0.49999 0.07399 0.0 0.0 0.0 0.0 0.0 0.0 0.0502533044092 1 0 0.912162162162 1.29130594192 -506.368927444
-0.12623 0.35028 3.35743 -0.12979 0.55971 3.58425270465 0.78258 0.98072 0.30541 0.41196 152.77952 195.62801 147.22542 138.42519 0.3 0.3 0.0 0.0 0.0 0.0 0.0 0.0 0.72115 0.0 0.0 45.47487 -0.49999 0.07399 0.0 0.0 0.0 0.0 0.0 0.0 0.0513812931024 2 0 0.912162162162 1.2466290005 -506.368927444
-0.12623 0.35028 3.35743 -0.12979 0.55971 3.6179081564 0.78258 0.98072 0.30541 0.41196 152.77952 195.62801 147.22542 138.42519 0.3 0.3 0.0 0.0 0.0 0.0 0.0 0.0 0.72115 0.0 0.0 45.47487 -0.49999 0.07399 0.0 0.0 0.0 0.0 0.0 0.0 0.0494605268932 3 1 0.918367346939 1.14149305936 -401.025357176
-0.12623 0.35028 3.35743 -0.12979 0.55971 3.59904836459 0.78258 0.98072 0.30541 0.41196 152.77952 195.62801 147.22542 138.42519 0.3 0.3 0.0 0.0 0.0 0.0 0.0 0.0 0.72115 0.0 0.0 45.47487 -0.49999 0.07399 0.0 0.0 0.0 0.0 0.0 0.0 0.0491200908475 4 0 0.912162162162 1.20307632473 -401.025357176
-0.12623 0.35028 3.35743 -0.12979 0.55971 3.57401373559 0.78258 0.98072 0.30541 0.41196 152.77952 195.62801 147.22542 138.42519 0.3 0.3 0.0 0.0 0.0 0.0 0.0 0.0 0.72115 0.0 0.0 45.47487 -0.49999 0.07399 0.0 0.0 0.0 0.0 0.0 0.0 0.0493429359145 5 0 0.912162162162 1.29148254942 -401.025357176
-0.12623 0.35028 3.35743 -0.12979 0.55971 3.62439144286 0.78258 0.98072 0.30541 0.41196 152.77952 195.62801 147.22542 138.42519 0.3 0.3 0.0 0.0 0.0 0.0 0.0 0.0 0.72115 0.0 0.0 45.47487 -0.49999 0.07399 0.0 0.0 0.0 0.0 0.0 0.0 0.0486433631572 6 1 0.918367346939 1.07031085546 -364.615436124
-0.12623 0.35028 3.35743 -0.12979 0.55971 3.63622254247 0.78258 0.98072 0.30541 0.41196 152.77952 195.62801 147.22542 138.42519 0.3 0.3 0.0 0.0 0.0 0.0 0.0 0.0 0.72115 0.0 0.0 45.47487 -0.49999 0.07399 0.0 0.0 0.0 0.0 0.0 0.0 0.048576166715 7 1 0.924657534247 1.09573371996 -326.5901372
-0.12623 0.35028 3.35743 -0.12979 0.55971 3.61682803874 0.78258 0.98072 0.30541 0.41196 152.77952 195.62801 147.22542 138.42519 0.3 0.3 0.0 0.0 0.0 0.0 0.0 0.0 0.72115 0.0 0.0 45.47487 -0.49999 0.07399 0.0 0.0 0.0 0.0 0.0 0.0 0.0484268953889 8 0 0.918367346939 1.14170489921 -326.5901372
-0.12623 0.35028 3.35743 -0.12979 0.55971 3.63660291092 0.78258 0.98072 0.30541 0.41196 152.77952 195.62801 147.22542 138.42519 0.3 0.3 0.0 0.0 0.0 0.0 0.0 0.0 0.72115 0.0 0.0 45.47487 -0.49999 0.07399 0.0 0.0 0.0 0.0 0.0 0.0 0.047331207682 9 0 0.924657534247 1.09572043716 -326.5901372
-0.12623 0.35028 3.35743 -0.12979 0.55971 3.61953162281 0.78258 0.98072 0.30541 0.41196 152.77952 195.62801 147.22542 138.42519 0.3 0.3 0.0 0.0 0.0 0.0 0.0 0.0 0.72115 0.0 0.0 45.47487 -0.49999 0.07399 0.0 0.0 0.0 0.0 0.0 0.0 0.0490892198362 10 0 0.918367346939 1.14336528426 -326.5901372
-0.12623 0.35028 3.35743 -0.12979 0.55971 3.6725001562 0.78258 0.98072 0.30541 0.41196 152.77952 195.62801 147.22542 138.42519 0.3 0.3 0.0 0.0 0.0 0.0 0.0 0.0 0.72115 0.0 0.0 45.47487 -0.49999 0.07399 0.0 0.0 0.0 0.0 0.0 0.0 0.0500001551579 11 0 0.917808219178 1.1587359006 -326.5901372
-0.12623 0.35028 3.35743 -0.12979 0.55971 3.63660897093 0.78258 0.98072 0.30541 0.41196 152.77952 195.62801 147.22542 138.42519 0.3 0.3 0.0 0.0 0.0 0.0 0.0 0.0 0.72115 0.0 0.0 45.47487 -0.49999 0.07399 0.0 0.0 0.0 0.0 0.0 0.0 0.0489705597687 12 1 0.924657534247 1.09572225775 -321.397483637
-0.12623 0.35028 3.35743 -0.12979 0.55971 3.64423268528 0.78258 0.98072 0.30541 0.41196 152.77952 195.62801 147.22542 138.42519 0.3 0.3 0.0 0.0 0.0 0.0 0.0 0.0 0.72115 0.0 0.0 45.47487 -0.49999 0.07399 0.0 0.0 0.0 0.0 0.0 0.0 0.0480373104717 13 0 0.924657534247 1.1289967904 -321.397483637
-0.12623 0.35028 3.35743 -0.12979 0.55971 3.66462542794 0.78258 0.98072 0.30541 0.41196 152.77952 195.62801 147.22542 138.42519 0.3 0.3 0.0 0.0 0.0 0.0 0.0 0.0 0.72115 0.0 0.0 45.47487 -0.49999 0.07399 0.0 0.0 0.0 0.0 0.0 0.0 0.0489388311396 14 0 0.924657534247 1.14350244341 -321.397483637
-0.12623 0.35028 3.35743 -0.12979 0.55971 3.64612268466 0.78258 0.98072 0.30541 0.41196 152.77952 195.62801 147.22542 138.42519 0.3 0.3 0.0 0.0 0.0 0.0 0.0 0.0 0.72115 0.0 0.0 45.47487 -0.49999 0.07399 0.0 0.0 0.0 0.0 0.0 0.0 0.0482046588466 15 0 0.924657534247 1.13097846291 -321.397483637
-0.12623 0.35028 3.35743 -0.12979 0.55971 3.66424407535 0.78258 0.98072 0.30541 0.41196 152.77952 195.62801 147.22542 138.42519 0.3 0.3 0.0 0.0 0.0 0.0 0.0 0.0 0.72115 0.0 0.0 45.47487 -0.49999 0.07399 0.0 0.0 0.0 0.0 0.0 0.0 0.0499922927714 16 0 0.924657534247 1.14333971911 -321.397483637
-0.12623 0.35028 3.35743 -0.12979 0.55971 3.64766688059 0.78258 0.98072 0.30541 0.41196 152.77952 195.62801 147.22542 138.42519 0.3 0.3 0.0 0.0 0.0 0.0 0.0 0.0 0.72115 0.0 0.0 45.47487 -0.49999 0.07399 0.0 0.0 0.0 0.0 0.0 0.0 0.049079570446 17 0 0.924657534247 1.13584345691 -321.397483637
-0.12623 0.35028 3.35743 -0.12979 0.55971 3.61552431884 0.78258 0.98072 0.30541 0.41196 152.77952 195.62801 147.22542 138.42519 0.3 0.3 0.0 0.0 0.0 0.0 0.0 0.0 0.72115 0.0 0.0 45.47487 -0.49999 0.07399 0.0 0.0 0.0 0.0 0.0 0.0 0.0488356827613 18 0 0.918367346939 1.14912364837 -321.397483637
-0.12623 0.35028 3.35743 -0.12979 0.55971 3.60192069064 0.78258 0.98072 0.30541 0.41196 152.77952 195.62801 147.22542 138.42519 0.3 0.3 0.0 0.0 0.0 0.0 0.0 0.0 0.72115 0.0 0.0 45.47487 -0.49999 0.07399 0.0 0.0 0.0 0.0 0.0 0.0 0.0497819306671 19 0 0.912162162162 1.2019374661 -321.397483637
-0.12623 0.35028 3.35743 -0.12979 0.55971 3.64334434665 0.78258 0.98072 0.30541 0.41196 152.77952 195.62801 147.22542 138.42519 0.3 0.3 0.0 0.0 0.0 0.0 0.0 0.0 0.72115 0.0 0.0 45.47487 -0.49999 0.07399 0.0 0.0 0.0 0.0 0.0 0.0 0.0499316104986 20 0 0.924657534247 1.12876391804 -321.397483637
-0.12623 0.35028 3.35743 -0.12979 0.55971 3.63438966484 0.78258 0.98072 0.30541 0.41196 152.77952 195.62801 147.22542 138.42519 0.3 0.3 0.0 0.0 0.0 0.0 0.0 0.0 0.72115 0.0 0.0 45.47487 -0.49999 0.07399 0.0 0.0 0.0 0.0 0.0 0.0 0.0494061020277 21 0 0.924657534247 1.11932930333 -321.397483637
-0.12623 0.35028 3.35743 -0.12979 0.55971 3.55657994305 0.78258 0.98072 0.30541 0.41196 152.77952 195.62801 147.22542 138.42519 0.3 0.3 0.0 0.0 0.0 0.0 0.0 0.0 0.72115 0.0 0.0 45.47487 -0.49999 0.07399 0.0 0.0 0.0 0.0 0.0 0.0 0.0471814961462 22 0 0.887417218543 1.28861413568 -321.397483637
-0.12623 0.35028 3.35743 -0.12979 0.55971 3.62633001061 0.78258 0.98072 0.30541 0.41196 152.77952 195.62801 147.22542 138.42519 0.3 0.3 0.0 0.0 0.0 0.0 0.0 0.0 0.72115 0.0 0.0 45.47487 -0.49999 0.07399 0.0 0.0 0.0 0.0 0.0 0.0 0.0491284638766 23 0 0.918367346939 1.07335731178 -321.397483637
-0.12623 0.35028 3.35743 -0.12979 0.55971 3.58239050698 0.78258 0.98072 0.30541 0.41196 152.77952 195.62801 147.22542 138.42519 0.3 0.3 0.0 0.0 0.0 0.0 0.0 0.0 0.72115 0.0 0.0 45.47487 -0.49999 0.07399 0.0 0.0 0.0 0.0 0.0 0.0 0.0498526461093 24 0 0.912162162162 1.24673832049 -321.397483637
-0.12623 0.35028 3.35743 -0.12979 0.55971 3.66469557958 0.78258 0.98072 0.30541 0.41196 152.77952 195.62801 147.22542 138.42519 0.3 0.3 0.0 0.0 0.0 0.0 0.0 0.0 0.72115 0.0 0.0 45.47487 -0.49999 0.07399 0.0 0.0 0.0 0.0 0.0 0.0 0.0493335272975 25 0 0.924657534247 1.14350806543 -321.397483637
-0.12623 0.35028 3.35743 -0.12979 0.55971 3.66634360758 0.78258 0.98072 0.30541 0.41196 152.77952 195.62801 147.22542 138.42519 0.3 0.3 0.0 0.0 0.0 0.0 0.0 0.0 0.72115 0.0 0.0 45.47487 -0.49999 0.07399 0.0 0.0 0.0 0.0 0.0 0.0 0.0498597443891 26 0 0.917808219178 1.15938440009 -321.397483637
-0.12623 0.35028 3.35743 -0.12979 0.55971 3.6193941621 0.78258 0.98072 0.30541 0.41196 152.77952 195.62801 147.22542 138.42519 0.3 0.3 0.0 0.0 0.0 0.0 0.0 0.0 0.72115 0.0 0.0 45.47487 -0.49999 0.07399 0.0 0.0 0.0 0.0 0.0 0.0 0.049157953055 27 0 0.918367346939 1.1070665902 -321.397483637
-0.12623 0.35028 3.35743 -0.12979 0.55971 3.66042047373 0.78258 0.98072 0.30541 0.41196 152.77952 195.62801 147.22542 138.42519 0.3 0.3 0.0 0.0 0.0 0.0 0.0 0.0 0.72115 0.0 0.0 45.47487 -0.49999 0.07399 0.0 0.0 0.0 0.0 0.0 0.0 0.0482070002844 28 0 0.924657534247 1.14835403288 -321.397483637
-0.12623 0.35028 3.35743 -0.12979 0.55971 3.64200921898 0.78258 0.98072 0.30541 0.41196 152.77952 195.62801 147.22542 138.42519 0.3 0.3 0.0 0.0 0.0 0.0 0.0 0.0 0.72115 0.0 0.0 45.47487 -0.49999 0.07399 0.0 0.0 0.0 0.0 0.0 0.0 0.049199847624 29 1 0.924657534247 1.0974641675 -319.448015077
-0.12623 0.35028 3.35743 -0.12979 0.55971 3.63686011563 0.78258 0.98072 0.30541 0.41196 152.77952 195.62801 147.22542 138.42519 0.3 0.3 0.0 0.0 0.0 0.0 0.0 0.0 0.72115 0.0 0.0 45.47487 -0.49999 0.07399 0.0 0.0 0.0 0.0 0.0 0.0 0.0490558926578 30 1 0.924657534247 1.09569230944 -320.274569367
-0.12623 0.35028 3.35743 -0.12979 0.55971 3.62700727151 0.78258 0.98072 0.30541 0.41196 152.77952 195.62801 147.22542 138.42519 0.3 0.3 0.0 0.0 0.0 0.0 0.0 0.0 0.72115 0.0 0.0 45.47487 -0.49999 0.07399 0.0 0.0 0.0 0.0 0.0 0.0 0.0475909285536 31 0 0.918367346939 1.07281680075 -320.274569367
-0.12623 0.35028 3.35743 -0.12979 0.55971 3.63412737904 0.78258 0.98072 0.30541 0.41196 152.77952 195.62801 147.22542 138.42519 0.3 0.3 0.0 0.0 0.0 0.0 0.0 0.0 0.72115 0.0 0.0 45.47487 -0.49999 0.07399 0.0 0.0 0.0 0.0 0.0 0.0 0.0491611923203 32 0 0.924657534247 1.11927015212 -320.274569367
-0.12623 0.35028 3.35743 -0.12979 0.55971 3.63598483058 0.78258 0.98072 0.30541 0.41196 152.77952 195.62801 147.22542 138.42519 0.3 0.3 0.0 0.0 0.0 0.0 0.0 0.0 0.72115 0.0 0.0 45.47487 -0.49999 0.07399 0.0 0.0 0.0 0.0 0.0 0.0 0.0494763669383 33 1 0.924657534247 1.10129884157 -318.124780479
-0.12623 0.35028 3.35743 -0.12979 0.55971 3.64133698248 0.78258 0.98072 0.30541 0.41196 152.77952 195.62801 147.22542 138.42519 0.3 0.3 0.0 0.0 0.0 0.0 0.0 0.0 0.72115 0.0 0.0 45.47487 -0.49999 0.07399 0.0 0.0 0.0 0.0 0.0 0.0 0.0495159256127 34 1 0.924657534247 1.09877802797 -316.177635919
-0.12623 0.35028 3.35743 -0.12979 0.55971 3.58829318342 0.78258 0.98072 0.30541 0.41196 152.77952 195.62801 147.22542 138.42519 0.3 0.3 0.0 0.0 0.0 0.0 0.0 0.0 0.72115 0.0 0.0 45.47487 -0.49999 0.07399 0.0 0.0 0.0 0.0 0.0 0.0 0.0492585878402 35 0 0.912162162162 1.19271342531 -316.177635919
-0.12623 0.35028 3.35743 -0.12979 0.55971 3.61649574714 0.78258 0.98072 0.30541 0.41196 152.77952 195.62801 147.22542 138.42519 0.3 0.3 0.0 0.0 0.0 0.0 0.0 0.0 0.72115 0.0 0.0 45.47487 -0.49999 0.07399 0.0 0.0 0.0 0.0 0.0 0.0 0.049682254712 36 0 0.918367346939 1.14909007957 -316.177635919
-0.12623 0.35028 3.35743 -0.12979 0.55971 3.62193225307 0.78258 0.98072 0.30541 0.41196 152.77952 195.62801 147.22542 138.42519 0.3 0.3 0.0 0.0 0.0 0.0 0.0 0.0 0.72115 0.0 0.0 45.47487 -0.49999 0.07399 0.0 0.0 0.0 0.0 0.0 0.0 0.048943417509 37 0 0.912162162162 1.06889324896 -316.177635919
-0.12623 0.35028 3.35743 -0.12979 0.55971 3.61910743095 0.78258 0.98072 0.30541 0.41196 152.77952 195.62801 147.22542 138.42519 0.3 0.3 0.0 0.0 0.0 0.0 0.0 0.0 0.72115 0.0 0.0 45.47487 -0.49999 0.07399 0.0 0.0 0.0 0.0 0.0 0.0 0.0497028411854 38 0 0.918367346939 1.10704582862 -316.177635919
-0.12623 0.35028 3.35743 -0.12979 0.55971 3.6529191406 0.78258 0.98072 0.30541 0.41196 152.77952 195.62801 147.22542 138.42519 0.3 0.3 0.0 0.0 0.0 0.0 0.0 0.0 0.72115 0.0 0.0 45.47487 -0.49999 0.07399 0.0 0.0 0.0 0.0 0.0 0.0 0.0497931992311 39 0 0.924657534247 1.13470628611 -316.177635919
-0.12623 0.35028 3.35743 -0.12979 0.55971 3.64488159002 0.78258 0.98072 0.30541 0.41196 152.77952 195.62801 147.22542 138.42519 0.3 0.3 0.0 0.0 0.0 0.0 0.0 0.0 0.72115 0.0 0.0 45.47487 -0.49999 0.07399 0.0 0.0 0.0 0.0 0.0 0.0 0.0501204765918 40 0 0.924657534247 1.12902155758 -316.177635919
-0.12623 0.35028 3.35743 -0.12979 0.55971 3.65415119344 0.78258 0.98072 0.30541 0.41196 152.77952 195.62801 147.22542 138.42519 0.3 0.3 0.0 0.0 0.0 0.0 0.0 0.0 0.72115 0.0 0.0 45.47487 -0.49999 0.07399 0.0 0.0 0.0 0.0 0.0 0.0 0.0498368977198 41 0 0.924657534247 1.13513527077 -316.177635919
-0.12623 0.35028 3.35743 -0.12979 0.55971 3.61773450055 0.78258 0.98072 0.30541 0.41196 152.77952 195.62801 147.22542 138.42519 0.3 0.3 0.0 0.0 0.0 0.0 0.0 0.0 0.72115 0.0 0.0 45.47487 -0.49999 0.07399 0.0 0.0 0.0 0.0 0.0 0.0 0.0495791376587 42 0 0.918367346939 1.14148211478 -316.177635919
-0.12623 0.35028 3.35743 -0.12979 0.55971 3.60907789171 0.78258 0.98072 0.30541 0.41196 152.77952 195.62801 147.22542 138.42519 0.3 0.3 0.0 0.0 0.0 0.0 0.0 0.0 0.72115 0.0 0.0 45.47487 -0.49999 0.07399 0.0 0.0 0.0 0.0 0.0 0.0 0.0494966570027 43 0 0.912162162162 1.23512164234 -316.177635919
-0.12623 0.35028 3.35743 -0.12979 0.55971 3.61373234981 0.78258 0.98072 0.30541 0.41196 152.77952 195.62801 147.22542 138.42519 0.3 0.3 0.0 0.0 0.0 0.0 0.0 0.0 0.72115 0.0 0.0 45.47487 -0.49999 0.07399 0.0 0.0 0.0 0.0 0.0 0.0 0.0493160382889 44 0 0.918367346939 1.15611981283 -316.177635919
-0.12623 0.35028 3.35743 -0.12979 0.55971 3.63188099687 0.78258 0.98072 0.30541 0.41196 152.77952 195.62801 147.22542 138.42519 0.3 0.3 0.0 0.0 0.0 0.0 0.0 0.0 0.72115 0.0 0.0 45.47487 -0.49999 0.07399 0.0 0.0 0.0 0.0 0.0 0.0 0.0494104241304 45 0 0.918367346939 1.12355686835 -316.177635919
-0.12623 0.35028 3.35743 -0.12979 0.55971 3.66151196487 0.78258 0.98072 0.30541 0.41196 152.77952 195.62801 147.22542 138.42519 0.3 0.3 0.0 0.0 0.0 0.0 0.0 0.0 0.72115 0.0 0.0 45.47487 -0.49999 0.07399 0.0 0.0 0.0 0.0 0.0 0.0 0.0498465834581 46 0 0.924657534247 1.15350917005 -316.177635919
-0.12623 0.35028 3.35743 -0.12979 0.55971 3.6281642748 0.78258 0.98072 0.30541 0.41196 152.77952 195.62801 147.22542 138.42519 0.3 0.3 0.0 0.0 0.0 0.0 0.0 0.0 0.72115 0.0 0.0 45.47487 -0.49999 0.07399 0.0 0.0 0.0 0.0 0.0 0.0 0.0492477406693 47 0 0.918367346939 1.11623337589 -316.177635919
-0.12623 0.35028 3.35743 -0.12979 0.55971 3.69196599425 0.78258 0.98072 0.30541 0.41196 152.77952 195.62801 147.22542 138.42519 0.3 0.3 0.0 0.0 0.0 0.0 0.0 0.0 0.72115 0.0 0.0 45.47487 -0.49999 0.07399 0.0 0.0 0.0 0.0 0.0 0.0 0.0487562956355 48 0 0.917808219178 1.17491532479 -316.177635919
-0.12623 0.35028 3.35743 -0.12979 0.55971 3.64362930596 0.78258 0.98072 0.30541 0.41196 152.77952 195.62801 147.22542 138.42519 0.3 0.3 0.0 0.0 0.0 0.0 0.0 0.0 0.72115 0.0 0.0 45.47487 -0.49999 0.07399 0.0 0.0 0.0 0.0 0.0 0.0 0.0496197629488 49 0 0.924657534247 1.12876850456 -316.177635919
-0.12623 0.35028 3.35743 -0.12979 0.55971 3.68361426176 0.78258 0.98072 0.30541 0.41196 152.77952 195.62801 147.22542 138.42519 0.3 0.3 0.0 0.0 0.0 0.0 0.0 0.0 0.72115 0.0 0.0 45.47487 -0.49999 0.07399 0.0 0.0 0.0 0.0 0.0 0.0 0.049208263368 50 0 0.924657534247 1.1623644143 -316.177635919
-0.12623 0.35028 3.35743 -0.12979 0.55971 3.63173878321 0.78258 0.98072 0.30541 0.41196 152.77952 195.62801 147.22542 138.42519 0.3 0.3 0.0 0.0 0.0 0.0 0.0 0.0 0.72115 0.0 0.0 45.47487 -0.49999 0.07399 0.0 0.0 0.0 0.0 0.0 0.0 0.0494305110939 51 0 0.918367346939 1.12353746013 -316.177635919
-0.12623 0.35028 3.35743 -0.12979 0.55971 3.57455022943 0.78258 0.98072 0.30541 0.41196 152.77952 195.62801 147.22542 138.42519 0.3 0.3 0.0 0.0 0.0 0.0 0.0 0.0 0.72115 0.0 0.0 45.47487 -0.49999 0.07399 0.0 0.0 0.0 0.0 0.0 0.0 0.0480161174109 52 0 0.912162162162 1.29104376369 -316.177635919
-0.12623 0.35028 3.35743 -0.12979 0.55971 3.61818307597 0.78258 0.98072 0.30541 0.41196 152.77952 195.62801 147.22542 138.42519 0.3 0.3 0.0 0.0 0.0 0.0 0.0 0.0 0.72115 0.0 0.0 45.47487 -0.49999 0.07399 0.0 0.0 0.0 0.0 0.0 0.0 0.0488621480838 53 0 0.918367346939 1.14149433385 -316.177635919
-0.12623 0.35028 3.35743 -0.12979 0.55971 3.63643507988 0.78258 0.98072 0.30541 0.41196 152.77952 195.62801 147.22542 138.42519 0.3 0.3 0.0 0.0 0.0 0.0 0.0 0.0 0.72115 0.0 0.0 45.47487 -0.49999 0.07399 0.0 0.0 0.0 0.0 0.0 0.0 0.0496184363689 54 1 0.924657534247 1.09568894046 -313.128374762
-0.12623 0.35028 3.35743 -0.12979 0.55971 3.62858591606 0.78258 0.98072 0.30541 0.41196 152.77952 195.62801 147.22542 138.42519 0.3 0.3 0.0 0.0 0.0 0.0 0.0 0.0 0.72115 0.0 0.0 45.47487 -0.49999 0.07399 0.0 0.0 0.0 0.0 0.0 0.0 0.0504776502404 55 0 0.918367346939 1.10772261441 -313.128374762
-0.12623 0.35028 3.35743 -0.12979 0.55971 3.63054315863 0.78258 0.98072 0.30541 0.41196 152.77952 195.62801 147.22542 138.42519 0.3 0.3 0.0 0.0 0.0 0.0 0.0 0.0 0.72115 0.0 0.0 45.47487 -0.49999 0.07399 0.0 0.0 0.0 0.0 0.0 0.0 0.0498353810058 56 0 0.918367346939 1.11675412585 -313.128374762
-0.12623 0.35028 3.35743 -0.12979 0.55971 3.64007301062 0.78258 0.98072 0.30541 0.41196 152.77952 195.62801 147.22542 138.42519 0.3 0.3 0.0 0.0 0.0 0.0 0.0 0.0 0.72115 0.0 0.0 45.47487 -0.49999 0.07399 0.0 0.0 0.0 0.0 0.0 0.0 0.0503280684527 57 1 0.924657534247 1.09837168405 -305.942065839
-0.12623 0.35028 3.35743 -0.12979 0.55971 3.61222297023 0.78258 0.98072 0.30541 0.41196 152.77952 195.62801 147.22542 138.42519 0.3 0.3 0.0 0.0 0.0 0.0 0.0 0.0 0.72115 0.0 0.0 45.47487 -0.49999 0.07399 0.0 0.0 0.0 0.0 0.0 0.0 0.0510863040288 58 0 0.912162162162 1.15877624351 -305.942065839
-0.12623 0.35028 3.35743 -0.12979 0.55971 3.69777522556 0.78258 0.98072 0.30541 0.41196 152.77952 195.62801 147.22542 138.42519 0.3 0.3 0.0 0.0 0.0 0.0 0.0 0.0 0.72115 0.0 0.0 45.47487 -0.49999 0.07399 0.0 0.0 0.0 0.0 0.0 0.0 0.0478077283235 59 0 0.924137931034 1.15506017422 -305.942065839
-0.12623 0.35028 3.35743 -0.12979 0.55971 3.59076905185 0.78258 0.98072 0.30541 0.41196 152.77952 195.62801 147.22542 138.42519 0.3 0.3 0.0 0.0 0.0 0.0 0.0 0.0 0.72115 0.0 0.0 45.47487 -0.49999 0.07399 0.0 0.0 0.0 0.0 0.0 0.0 0.0496790708438 60 0 0.912162162162 1.20427144858 -305.942065839
-0.12623 0.35028 3.35743 -0.12979 0.55971 3.63808493168 0.78258 0.98072 0.30541 0.41196 152.77952 195.62801 147.22542 138.42519 0.3 0.3 0.0 0.0 0.0 0.0 0.0 0.0 0.72115 0.0 0.0 45.47487 -0.49999 0.07399 0.0 0.0 0.0 0.0 0.0 0.0 0.0501062889196 61 0 0.924657534247 1.09877225888 -305.942065839
-0.12623 0.35028 3.35743 -0.12979 0.55971 3.62556026171 0.78258 0.98072 0.30541 0.41196 152.77952 195.62801 147.22542 138.42519 0.3 0.3 0.0 0.0 0.0 0.0 0.0 0.0 0.72115 0.0 0.0 45.47487 -0.49999 0.07399 0.0 0.0 0.0 0.0 0.0 0.0 0.0505671915149 62 0 0.918367346939 1.07018380816 -305.942065839
-0.12623 0.35028 3.35743 -0.12979 0.55971 3.63930256814 0.78258 0.98072 0.30541 0.41196 152.77952 195.62801 147.22542 138.42519 0.3 0.3 0.0 0.0 0.0 0.0 0.0 0.0 0.72115 0.0 0.0 45.47487 -0.49999 0.07399 0.0 0.0 0.0 0.0 0.0 0.0 0.0501674407391 63 0 0.924657534247 1.09629316833 -305.942065839
-0.12623 0.35028 3.35743 -0.12979 0.55971 3.62972641045 0.78258 0.98072 0.30541 0.41196 152.77952 195.62801 147.22542 138.42519 0.3 0.3 0.0 0.0 0.0 0.0 0.0 0.0 0.72115 0.0 0.0 45.47487 -0.49999 0.07399 0.0 0.0 0.0 0.0 0.0 0.0 0.05004162005 64 0 0.918367346939 1.1167690623 -305.942065839
-0.12623 0.35028 3.35743 -0.12979 0.55971 3.6176203726 0.78258 0.98072 0.30541 0.41196 152.77952 195.62801 147.22542 138.42519 0.3 0.3 0.0 0.0 0.0 0.0 0.0 0.0 0.72115 0.0 0.0 45.47487 -0.49999 0.07399 0.0 0.0 0.0 0.0 0.0 0.0 0.050113705735 65 0 0.918367346939 1.14147669522 -305.942065839
-0.12623 0.35028 3.35743 -0.12979 0.55971 3.62708643138 0.78258 0.98072 0.30541 0.41196 152.77952 195.62801 147.22542 138.42519 0.3 0.3 0.0 0.0 0.0 0.0 0.0 0.0 0.72115 0.0 0.0 45.47487 -0.49999 0.07399 0.0 0.0 0.0 0.0 0.0 0.0 0.0504357431553 66 0 0.918367346939 1.07282136303 -305.942065839
-0.12623 0.35028 3.35743 -0.12979 0.55971 3.67185712707 0.78258 0.98072 0.30541 0.41196 152.77952 195.62801 147.22542 138.42519 0.3 0.3 0.0 0.0 0.0 0.0 0.0 0.0 0.72115 0.0 0.0 45.47487 -0.49999 0.07399 0.0 0.0 0.0 0.0 0.0 0.0 0.0508610927687 67 0 0.917808219178 1.1588110009 -305.942065839
-0.12623 0.35028 3.35743 -0.12979 0.55971 3.63398402243 0.78258 0.98072 0.30541 0.41196 152.77952 195.62801 147.22542 138.42519 0.3 0.3 0.0 0.0 0.0 0.0 0.0 0.0 0.72115 0.0 0.0 45.47487 -0.49999 0.07399 0.0 0.0 0.0 0.0 0.0 0.0 0.0502458110657 68 0 0.924657534247 1.11939078576 -305.942065839
-0.12623 0.35028 3.35743 -0.12979 0.55971 3.64857906634 0.78258 0.98072 0.30541 0.41196 152.77952 195.62801 147.22542 138.42519 0.3 0.3 0.0 0.0 0.0 0.0 0.0 0.0 0.72115 0.0 0.0 45.47487 -0.49999 0.07399 0.0 0.0 0.0 0.0 0.0 0.0 0.0514403199673 69 0 0.924657534247 1.13581520855 -305.942065839
-0.12623 0.35028 3.35743 -0.12979 0.55971 3.64544438545 0.78258 0.98072 0.30541 0.41196 152.77952 195.62801 147.22542 138.42519 0.3 0.3 0.0 0.0 0.0 0.0 0.0 0.0 0.72115 0.0 0.0 45.47487 -0.49999 0.07399 0.0 0.0 0.0 0.0 0.0 0.0 0.0504040561225 70 0 0.924657534247 1.13027810056 -305.942065839
-0.12623 0.35028 3.35743 -0.12979 0.55971 3.67344691622 0.78258 0.98072 0.30541 0.41196 152.77952 195.62801 147.22542 138.42519 0.3 0.3 0.0 0.0 0.0 0.0 0.0 0.0 0.72115 0.0 0.0 45.47487 -0.49999 0.07399 0.0 0.0 0.0 0.0 0.0 0.0 0.0502827916445 71 0 0.917808219178 1.159051134 -305.942065839
-0.12623 0.35028 3.35743 -0.12979 0.55971 3.60124104137 0.78258 0.98072 0.30541 0.41196 152.77952 195.62801 147.22542 138.42519 0.3 0.3 0.0 0.0 0.0 0.0 0.0 0.0 0.72115 0.0 0.0 45.47487 -0.49999 0.07399 0.0 0.0 0.0 0.0 0.0 0.0 0.0505675812336 72 0 0.912162162162 1.2046103581 -305.942065839
-0.12623 0.35028 3.35743 -0.12979 0.55971 3.62969781909 0.78258 0.98072 0.30541 0.41196 152.77952 195.62801 147.22542 138.42519 0.3 0.3 0.0 0.0 0.0 0.0 0.0 0.0 0.72115 0.0 0.0 45.47487 -0.49999 0.07399 0.0 0.0 0.0 0.0 0.0 0.0 0.0510032463747 73 0 0.918367346939 1.10633513629 -305.942065839
-0.12623 0.35028 3.35743 -0.12979 0.55971 3.64798776047 0.78258 0.98072 0.30541 0.41196 152.77952 195.62801 147.22542 138.42519 0.3 0.3 0.0 0.0 0.0 0.0 0.0 0.0 0.72115 0.0 0.0 45.47487 -0.49999 0.07399 0.0 0.0 0.0 0.0 0.0 0.0 0.0502076820789 74 0 0.924657534247 1.13580734808 -305.942065839
-0.12623 0.35028 3.35743 -0.12979 0.55971 3.63429970426 0.78258 0.98072 0.30541 0.41196 152.77952 195.62801 147.22542 138.42519 0.3 0.3 0.0 0.0 0.0 0.0 0.0 0.0 0.72115 0.0 0.0 45.47487 -0.49999 0.07399 0.0 0.0 0.0 0.0 0.0 0.0 0.0510924780319 75 0 0.924657534247 1.11937697666 -305.942065839
-0.12623 0.35028 3.35743 -0.12979 0.55971 3.60884796649 0.78258 0.98072 0.30541 0.41196 152.77952 195.62801 147.22542 138.42519 0.3 0.3 0.0 0.0 0.0 0.0 0.0 0.0 0.72115 0.0 0.0 45.47487 -0.49999 0.07399 0.0 0.0 0.0 0.0 0.0 0.0 0.0503176474576 76 0 0.912162162162 1.2350795126 -305.942065839
-0.12623 0.35028 3.35743 -0.12979 0.55971 3.67051545122 0.78258 0.98072 0.30541 0.41196 152.77952 195.62801 147.22542 138.42519 0.3 0.3 0.0 0.0 0.0 0.0 0.0 0.0 0.72115 0.0 0.0 45.47487 -0.49999 0.07399 0.0 0.0 0.0 0.0 0.0 0.0 0.0502759095435 77 0 0.917808219178 1.14953665036 -305.942065839
-0.12623 0.35028 3.35743 -0.12979 0.55971 3.64220655786 0.78258 0.98072 0.30541 0.41196 152.77952 195.62801 147.22542 138.42519 0.3 0.3 0.0 0.0 0.0 0.0 0.0 0.0 0.72115 0.0 0.0 45.47487 -0.49999 0.07399 0.0 0.0 0.0 0.0 0.0 0.0 0.0505815129876 78 1 0.924657534247 1.09205263512 -299.464535439
-0.12623 0.35028 3.35743 -0.12979 0.55971 3.64693658217 0.78258 0.98072 0.30541 0.41196 152.77952 195.62801 147.22542 138.42519 0.3 0.3 0.0 0.0 0.0 0.0 0.0 0.0 0.72115 0.0 0.0 45.47487 -0.49999 0.07399 0.0 0.0 0.0 0.0 0.0 0.0 0.0513142684806 79 0 0.924657534247 1.1314928453 -299.464535439
-0.12623 0.35028 3.35743 -0.12979 0.55971 3.61234051888 0.78258 0.98072 0.30541 0.41196 152.77952 195.62801 147.22542 138.42519 0.3 0.3 0.0 0.0 0.0 0.0 0.0 0.0 0.72115 0.0 0.0 45.47487 -0.49999 0.07399 0.0 0.0 0.0 0.0 0.0 0.0 0.0505992965992 80 0 0.912162162162 1.15879328983 -299.464535439
-0.12623 0.35028 3.35743 -0.12979 0.55971 3.68197654538 0.78258 0.98072 0.30541 0.41196 152.77952 195.62801 147.22542 138.42519 0.3 0.3 0.0 0.0 0.0 0.0 0.0 0.0 0.72115 0.0 0.0 45.47487 -0.49999 0.07399 0.0 0.0 0.0 0.0 0.0 0.0 0.0503450388017 81 0 0.924657534247 1.1614437881 -299.464535439
-0.12623 0.35028 3.35743 -0.12979 0.55971 3.60673984319 0.78258 0.98072 0.30541 0.41196 152.77952 195.62801 147.22542 138.42519 0.3 0.3 0.0 0.0 0.0 0.0 0.0 0.0 0.72115 0.0 0.0 45.47487 -0.49999 0.07399 0.0 0.0 0.0 0.0 0.0 0.0 0.0503420896713 82 0 0.912162162162 1.23684077078 -299.464535439
-0.12623 0.35028 3.35743 -0.12979 0.55971 3.64280758181 0.78258 0.98072 0.30541 0.41196 152.77952 195.62801 147.22542 138.42519 0.3 0.3 0.0 0.0 0.0 0.0 0.0 0.0 0.72115 0.0 0.0 45.47487 -0.49999 0.07399 0.0 0.0 0.0 0.0 0.0 0.0 0.0509203648803 83 1 0.924657534247 1.0960352409 -297.68617348
-0.12623 0.35028 3.35743 -0.12979 0.55971 3.66216795377 0.78258 0.98072 0.30541 0.41196 152.77952 195.62801 147.22542 138.42519 0.3 0.3 0.0 0.0 0.0 0.0 0.0 0.0 0.72115 0.0 0.0 45.47487 -0.49999 0.07399 0.0 0.0 0.0 0.0 0.0 0.0 0.0503061083082 84 0 0.924657534247 1.15361181741 -297.68617348
-0.12623 0.35028 3.35743 -0.12979 0.55971 3.61829516004 0.78258 0.98072 0.30541 0.41196 152.77952 195.62801 147.22542 138.42519 0.3 0.3 0.0 0.0 0.0 0.0 0.0 0.0 0.72115 0.0 0.0 45.47487 -0.49999 0.07399 0.0 0.0 0.0 0.0 0.0 0.0 0.0516215530114 85 0 0.918367346939 1.13876568298 -297.68617348
-0.12623 0.35028 3.35743 -0.12979 0.55971 3.66059545316 0.78258 0.98072 0.30541 0.41196 152.77952 195.62801 147.22542 138.42519 0.3 0.3 0.0 0.0 0.0 0.0 0.0 0.0 0.72115 0.0 0.0 45.47487 -0.49999 0.07399 0.0 0.0 0.0 0.0 0.0 0.0 0.051142691841 86 0 0.924657534247 1.15022218703 -297.68617348
-0.12623 0.35028 3.35743 -0.12979 0.55971 3.67519653384 0.78258 0.98072 0.30541 0.41196 152.77952 195.62801 147.22542 138.42519 0.3 0.3 0.0 0.0 0.0 0.0 0.0 0.0 0.72115 0.0 0.0 45.47487 -0.49999 0.07399 0.0 0.0 0.0 0.0 0.0 0.0 0.0506097197519 87 0 0.918367346939 1.15544701445 -297.68617348
-0.12623 0.35028 3.35743 -0.12979 0.55971 3.64984099667 0.78258 0.98072 0.30541 0.41196 152.77952 195.62801 147.22542 138.42519 0.3 0.3 0.0 0.0 0.0 0.0 0.0 0.0 0.72115 0.0 0.0 45.47487 -0.49999 0.07399 0.0 0.0 0.0 0.0 0.0 0.0 0.0511082432849 88 0 0.924657534247 1.13586562812 -297.68617348
-0.12623 0.35028 3.35743 -0.12979 0.55971 3.70679125042 0.78258 0.98072 0.30541 0.41196 152.77952 195.62801 147.22542 138.42519 0.3 0.3 0.0 0.0 0.0 0.0 0.0 0.0 0.72115 0.0 0.0 45.47487 -0.49999 0.07399 0.0 0.0 0.0 0.0 0.0 0.0 0.049392439633 89 0 0.91724137931 1.15993186011 -297.68617348
-0.12623 0.35028 3.35743 -0.12979 0.55971 3.65563112052 0.78258 0.98072 0.30541 0.41196 152.77952 195.62801 147.22542 138.42519 0.3 0.3 0.0 0.0 0.0 0.0 0.0 0.0 0.72115 0.0 0.0 45.47487 -0.49999 0.07399 0.0 0.0 0.0 0.0 0.0 0.0 0.0510291961032 90 0 0.924657534247 1.1340724462 -297.68617348
-0.12623 0.35028 3.35743 -0.12979 0.55971 3.6412914205 0.78258 0.98072 0.30541 0.41196 152.77952 195.62801 147.22542 138.42519 0.3 0.3 0.0 0.0 0.0 0.0 0.0 0.0 0.72115 0.0 0.0 45.47487 -0.49999 0.07399 0.0 0.0 0.0 0.0 0.0 0.0 0.0496891133514 91 0 0.924657534247 1.09877609317 -297.68617348
-0.12623 0.35028 3.35743 -0.12979 0.55971 3.65320762265 0.78258 0.98072 0.30541 0.41196 152.77952 195.62801 147.22542 138.42519 0.3 0.3 0.0 0.0 0.0 0.0 0.0 0.0 0.72115 0.0 0.0 45.47487 -0.49999 0.07399 0.0 0.0 0.0 0.0 0.0 0.0 0.051122305175 92 0 0.924657534247 1.13470506407 -297.68617348
-0.12623 0.35028 3.35743 -0.12979 0.55971 3.62605353024 0.78258 0.98072 0.30541 0.41196 152.77952 195.62801 147.22542 138.42519 0.3 0.3 0.0 0.0 0.0 0.0 0.0 0.0 0.72115 0.0 0.0 45.47487 -0.49999 0.07399 0.0 0.0 0.0 0.0 0.0 0.0 0.050651496189 93 0 0.918367346939 1.07338134074 -297.68617348
-0.12623 0.35028 3.35743 -0.12979 0.55971 3.6377100584 0.78258 0.98072 0.30541 0.41196 152.77952 195.62801 147.22542 138.42519 0.3 0.3 0.0 0.0 0.0 0.0 0.0 0.0 0.72115 0.0 0.0 45.47487 -0.49999 0.07399 0.0 0.0 0.0 0.0 0.0 0.0 0.0505000831238 94 0 0.924657534247 1.09777485995 -297.68617348
-0.12623 0.35028 3.35743 -0.12979 0.55971 3.59393661207 0.78258 0.98072 0.30541 0.41196 152.77952 195.62801 147.22542 138.42519 0.3 0.3 0.0 0.0 0.0 0.0 0.0 0.0 0.72115 0.0 0.0 45.47487 -0.49999 0.07399 0.0 0.0 0.0 0.0 0.0 0.0 0.0511957775177 95 0 0.912162162162 1.20294170516 -297.68617348
-0.12623 0.35028 3.35743 -0.12979 0.55971 3.63185918097 0.78258 0.98072 0.30541 0.41196 152.77952 195.62801 147.22542 138.42519 0.3 0.3 0.0 0.0 0.0 0.0 0.0 0.0 0.72115 0.0 0.0 45.47487 -0.49999 0.07399 0.0 0.0 0.0 0.0 0.0 0.0 0.0495894585481 96 0 0.918367346939 1.12355510577 -297.68617348
-0.12623 0.35028 3.35743 -0.12979 0.55971 3.66847581833 0.78258 0.98072 0.30541 0.41196 152.77952 195.62801 147.22542 138.42519 0.3 0.3 0.0 0.0 0.0 0.0 0.0 0.0 0.72115 0.0 0.0 45.47487 -0.49999 0.07399 0.0 0.0 0.0 0.0 0.0 0.0 0.0515282828094 97 0 0.917808219178 1.15936831918 -297.68617348
-0.12623 0.35028 3.35743 -0.12979 0.55971 3.64376865962 0.78258 0.98072 0.30541 0.41196 152.77952 195.62801 147.22542 138.42519 0.3 0.3 0.0 0.0 0.0 0.0 0.0 0.0 0.72115 0.0 0.0 45.47487 -0.49999 0.07399 0.0 0.0 0.0 0.0 0.0 0.0 0.0512000147094 98 0 0.924657534247 1.12888842112 -297.68617348
-0.12623 0.35028 3.35743 -0.12979 0.55971 3.59748098802 0.78258 0.98072 0.30541 0.41196 152.77952 195.62801 147.22542 138.42519 0.3 0.3 0.0 0.0 0.0 0.0 0.0 0.0 0.72115 0.0 0.0 45.47487 -0.49999 0.07399 0.0 0.0 0.0 0.0 0.0 0.0 0.0517522236555 99 0 0.912162162162 1.21387847999 -297.68617348
-0.12623 0.35028 3.35743 -0.12979 0.55971 3.67275577409 0.78258 0.98072 0.30541 0.41196 152.77952 195.62801 147.22542 138.42519 0.3 0.3 0.0 0.0 0.0 0.0 0.0 0.0 0.72115 0.0 0.0 45.47487 -0.49999 0.07399 0.0 0.0 0.0 0.0 0.0 0.0 0.0511127260216 100 0 0.917808219178 1.15883488839 -297.68617348
