-0.12623 0.35028 3.35743 -0.12979 0.55971 3.88738666667 0.78258 0.98072 0.30541 0.41196 152.77952 195.62801 147.22542 138.42519 0.3 0.3 0.0 0.0 0.0 0.0 0.0 0.0 0.72115 0.0 0.0 45.47487 -0.49999 0.07399 0.0 0.0 0.0 0.0 0.0 0.0 0.05 0 1 0.971223021583 0.590658577616 -14.7543854831
-0.12623 0.35028 3.35743 -0.12979 0.55971 3.89040770226 0.78258 0.98072 0.30541 0.41196 152.77952 195.62801 147.22542 138.42519 0.3 0.3 0.0 0.0 0.0 0.0 0.0 0.0 0.72115 0.0 0.0 45.47487 -0.49999 0.07399 0.0 0.0 0.0 0.0 0.0 0.0 0.0495936968212 1 0 0.971223021583 0.607338751896 -14.7543854831
-0.12623 0.35028 3.35743 -0.12979 0.55971 3.89979744532 0.78258 0.98072 0.30541 0.41196 152.77952 195.62801 147.22542 138.42519 0.3 0.3 0.0 0.0 0.0 0.0 0.0 0.0 0.72115 0.0 0.0 45.47487 -0.49999 0.07399 0.0 0.0 0.0 0.0 0.0 0.0 0.0490302385836 2 0 0.964285714286 0.688142534059 -14.7543854831
-0.12623 0.35028 3.35743 -0.12979 0.55971 3.86908717354 0.78258 0.98072 0.30541 0.41196 152.77952 195.62801 147.22542 138.42519 0.3 0.3 0.0 0.0 0.0 0.0 0.0 0.0 0.72115 0.0 0.0 45.47487 -0.49999 0.07399 0.0 0.0 0.0 0.0 0.0 0.0 0.0500688510291 3 0 0.956834532374 0.495575411783 -14.7543854831
-0.12623 0.35028 3.35743 -0.12979 0.55971 3.89156923556 0.78258 0.98072 0.30541 0.41196 152.77952 195.62801 147.22542 138.42519 0.3 0.3 0.0 0.0 0.0 0.0 0.0 0.0 0.72115 0.0 0.0 45.47487 -0.49999 0.07399 0.0 0.0 0.0 0.0 0.0 0.0 0.0503950545123 4 1 0.971223021583 0.565021801431 -13.4921027831
-0.12623 0.35028 3.35743 -0.12979 0.55971 3.8829201235 0.78258 0.98072 0.30541 0.41196 152.77952 195.62801 147.22542 138.42519 0.3 0.3 0.0 0.0 0.0 0.0 0.0 0.0 0.72115 0.0 0.0 45.47487 -0.49999 0.07399 0.0 0.0 0.0 0.0 0.0 0.0 0.0509150404941 5 0 0.971223021583 0.624341305533 -13.4921027831
-0.12623 0.35028 3.35743 -0.12979 0.55971 3.92095265417 0.78258 0.98072 0.30541 0.41196 152.77952 195.62801 147.22542 138.42519 0.3 0.3 0.0 0.0 0.0 0.0 0.0 0.0 0.72115 0.0 0.0 45.47487 -0.49999 0.07399 0.0 0.0 0.0 0.0 0.0 0.0 0.0506048551883 6 1 0.992647058824 0.527025480431 -2.45546126067
-0.12623 0.35028 3.35743 -0.12979 0.55971 3.93926256412 0.78258 0.98072 0.30541 0.41196 152.77952 195.62801 147.22542 138.42519 0.3 0.3 0.0 0.0 0.0 0.0 0.0 0.0 0.72115 0.0 0.0 45.47487 -0.49999 0.07399 0.0 0.0 0.0 0.0 0.0 0.0 0.050943601455 7 1 0.992647058824 0.544131625461 -2.51358858972
-0.12623 0.35028 3.35743 -0.12979 0.55971 3.96815148103 0.78258 0.98072 0.30541 0.41196 152.77952 195.62801 147.22542 138.42519 0.3 0.3 0.0 0.0 0.0 0.0 0.0 0.0 0.72115 0.0 0.0 45.47487 -0.49999 0.07399 0.0 0.0 0.0 0.0 0.0 0.0 0.0515087969157 8 1 0.985294117647 0.167593898448 -2.11751125387
-0.12623 0.35028 3.35743 -0.12979 0.55971 3.9824017585 0.78258 0.98072 0.30541 0.41196 152.77952 195.62801 147.22542 138.42519 0.3 0.3 0.0 0.0 0.0 0.0 0.0 0.0 0.72115 0.0 0.0 45.47487 -0.49999 0.07399 0.0 0.0 0.0 0.0 0.0 0.0 0.0519469591028 9 1 0.992647058824 0.186465815163 -1.96982831221
-0.12623 0.35028 3.35743 -0.12979 0.55971 3.992594461 0.78258 0.98072 0.30541 0.41196 152.77952 195.62801 147.22542 138.42519 0.3 0.3 0.0 0.0 0.0 0.0 0.0 0.0 0.72115 0.0 0.0 45.47487 -0.49999 0.07399 0.0 0.0 0.0 0.0 0.0 0.0 0.0523194929095 10 1 0.992647058824 0.399304981826 -2.27274164675
-0.12623 0.35028 3.35743 -0.12979 0.55971 3.97658926313 0.78258 0.98072 0.30541 0.41196 152.77952 195.62801 147.22542 138.42519 0.3 0.3 0.0 0.0 0.0 0.0 0.0 0.0 0.72115 0.0 0.0 45.47487 -0.49999 0.07399 0.0 0.0 0.0 0.0 0.0 0.0 0.0526114760192 11 1 0.992647058824 0.37600069119 -2.25040574781
-0.12623 0.35028 3.35743 -0.12979 0.55971 4.00483714796 0.78258 0.98072 0.30541 0.41196 152.77952 195.62801 147.22542 138.42519 0.3 0.3 0.0 0.0 0.0 0.0 0.0 0.0 0.72115 0.0 0.0 45.47487 -0.49999 0.07399 0.0 0.0 0.0 0.0 0.0 0.0 0.0530033242988 12 0 0.977941176471 0.379146584803 -2.25040574781
-0.12623 0.35028 3.35743 -0.12979 0.55971 3.98867881076 0.78258 0.98072 0.30541 0.41196 152.77952 195.62801 147.22542 138.42519 0.3 0.3 0.0 0.0 0.0 0.0 0.0 0.0 0.72115 0.0 0.0 45.47487 -0.49999 0.07399 0.0 0.0 0.0 0.0 0.0 0.0 0.0529174440836 13 1 0.992647058824 0.405482008918 -2.31929760493
-0.12623 0.35028 3.35743 -0.12979 0.55971 3.96173954701 0.78258 0.98072 0.30541 0.41196 152.77952 195.62801 147.22542 138.42519 0.3 0.3 0.0 0.0 0.0 0.0 0.0 0.0 0.72115 0.0 0.0 45.47487 -0.49999 0.07399 0.0 0.0 0.0 0.0 0.0 0.0 0.0533334945388 14 1 0.985294117647 0.200147766917 -2.33551388099
-0.12623 0.35028 3.35743 -0.12979 0.55971 3.92065781059 0.78258 0.98072 0.30541 0.41196 152.77952 195.62801 147.22542 138.42519 0.3 0.3 0.0 0.0 0.0 0.0 0.0 0.0 0.72115 0.0 0.0 45.47487 -0.49999 0.07399 0.0 0.0 0.0 0.0 0.0 0.0 0.0534889055602 15 0 0.992647058824 0.52703973706 -2.33551388099
-0.12623 0.35028 3.35743 -0.12979 0.55971 3.94379715888 0.78258 0.98072 0.30541 0.41196 152.77952 195.62801 147.22542 138.42519 0.3 0.3 0.0 0.0 0.0 0.0 0.0 0.0 0.72115 0.0 0.0 45.47487 -0.49999 0.07399 0.0 0.0 0.0 0.0 0.0 0.0 0.0539614446914 16 1 0.992647058824 0.519610002783 -2.60363319803
-0.12623 0.35028 3.35743 -0.12979 0.55971 3.92864864197 0.78258 0.98072 0.30541 0.41196 152.77952 195.62801 147.22542 138.42519 0.3 0.3 0.0 0.0 0.0 0.0 0.0 0.0 0.72115 0.0 0.0 45.47487 -0.49999 0.07399 0.0 0.0 0.0 0.0 0.0 0.0 0.0541004453383 17 0 0.992647058824 0.62904121888 -2.60363319803
-0.12623 0.35028 3.35743 -0.12979 0.55971 3.89314839161 0.78258 0.98072 0.30541 0.41196 152.77952 195.62801 147.22542 138.42519 0.3 0.3 0.0 0.0 0.0 0.0 0.0 0.0 0.72115 0.0 0.0 45.47487 -0.49999 0.07399 0.0 0.0 0.0 0.0 0.0 0.0 0.055020106565 18 0 0.971223021583 0.563284687311 -2.60363319803
-0.12623 0.35028 3.35743 -0.12979 0.55971 3.94602925797 0.78258 0.98072 0.30541 0.41196 152.77952 195.62801 147.22542 138.42519 0.3 0.3 0.0 0.0 0.0 0.0 0.0 0.0 0.72115 0.0 0.0 45.47487 -0.49999 0.07399 0.0 0.0 0.0 0.0 0.0 0.0 0.0541612738298 19 1 0.992647058824 0.51957982849 -2.61441126985
-0.12623 0.35028 3.35743 -0.12979 0.55971 3.9640427369 0.78258 0.98072 0.30541 0.41196 152.77952 195.62801 147.22542 138.42519 0.3 0.3 0.0 0.0 0.0 0.0 0.0 0.0 0.72115 0.0 0.0 45.47487 -0.49999 0.07399 0.0 0.0 0.0 0.0 0.0 0.0 0.0539437249942 20 1 0.985294117647 0.171676714567 -2.28474720256
-0.12623 0.35028 3.35743 -0.12979 0.55971 3.92141784291 0.78258 0.98072 0.30541 0.41196 152.77952 195.62801 147.22542 138.42519 0.3 0.3 0.0 0.0 0.0 0.0 0.0 0.0 0.72115 0.0 0.0 45.47487 -0.49999 0.07399 0.0 0.0 0.0 0.0 0.0 0.0 0.0537279064642 21 1 0.992647058824 0.52700742675 -2.6074009392
-0.12623 0.35028 3.35743 -0.12979 0.55971 3.91721901651 0.78258 0.98072 0.30541 0.41196 152.77952 195.62801 147.22542 138.42519 0.3 0.3 0.0 0.0 0.0 0.0 0.0 0.0 0.72115 0.0 0.0 45.47487 -0.49999 0.07399 0.0 0.0 0.0 0.0 0.0 0.0 0.0540191288203 22 1 0.992647058824 0.526735413235 -2.62229350547
-0.12623 0.35028 3.35743 -0.12979 0.55971 3.92737965338 0.78258 0.98072 0.30541 0.41196 152.77952 195.62801 147.22542 138.42519 0.3 0.3 0.0 0.0 0.0 0.0 0.0 0.0 0.72115 0.0 0.0 45.47487 -0.49999 0.07399 0.0 0.0 0.0 0.0 0.0 0.0 0.0540721579438 23 1 0.992647058824 0.633786060483 -2.88358440406
-0.12623 0.35028 3.35743 -0.12979 0.55971 3.93110725892 0.78258 0.98072 0.30541 0.41196 152.77952 195.62801 147.22542 138.42519 0.3 0.3 0.0 0.0 0.0 0.0 0.0 0.0 0.72115 0.0 0.0 45.47487 -0.49999 0.07399 0.0 0.0 0.0 0.0 0.0 0.0 0.0543537138791 24 1 0.992647058824 0.559429481741 -2.71347261125
-0.12623 0.35028 3.35743 -0.12979 0.55971 3.90533161155 0.78258 0.98072 0.30541 0.41196 152.77952 195.62801 147.22542 138.42519 0.3 0.3 0.0 0.0 0.0 0.0 0.0 0.0 0.72115 0.0 0.0 45.47487 -0.49999 0.07399 0.0 0.0 0.0 0.0 0.0 0.0 0.0543649592264 25 0 0.964285714286 0.627433625752 -2.71347261125
-0.12623 0.35028 3.35743 -0.12979 0.55971 3.98286267114 0.78258 0.98072 0.30541 0.41196 152.77952 195.62801 147.22542 138.42519 0.3 0.3 0.0 0.0 0.0 0.0 0.0 0.0 0.72115 0.0 0.0 45.47487 -0.49999 0.07399 0.0 0.0 0.0 0.0 0.0 0.0 0.053995681406 26 1 0.992647058824 0.186747652216 -2.11497599924
-0.12623 0.35028 3.35743 -0.12979 0.55971 3.9785145259 0.78258 0.98072 0.30541 0.41196 152.77952 195.62801 147.22542 138.42519 0.3 0.3 0.0 0.0 0.0 0.0 0.0 0.0 0.72115 0.0 0.0 45.47487 -0.49999 0.07399 0.0 0.0 0.0 0.0 0.0 0.0 0.0540106529483 27 1 0.992647058824 0.376403493545 -2.33875135339
-0.12623 0.35028 3.35743 -0.12979 0.55971 3.9767643068 0.78258 0.98072 0.30541 0.41196 152.77952 195.62801 147.22542 138.42519 0.3 0.3 0.0 0.0 0.0 0.0 0.0 0.0 0.72115 0.0 0.0 45.47487 -0.49999 0.07399 0.0 0.0 0.0 0.0 0.0 0.0 0.0542190486573 28 1 0.992647058824 0.376011169508 -2.35152895968
-0.12623 0.35028 3.35743 -0.12979 0.55971 3.96420297148 0.78258 0.98072 0.30541 0.41196 152.77952 195.62801 147.22542 138.42519 0.3 0.3 0.0 0.0 0.0 0.0 0.0 0.0 0.72115 0.0 0.0 45.47487 -0.49999 0.07399 0.0 0.0 0.0 0.0 0.0 0.0 0.0532995767003 29 1 0.985294117647 0.170873466623 -2.24041925446
-0.12623 0.35028 3.35743 -0.12979 0.55971 3.94944495182 0.78258 0.98072 0.30541 0.41196 152.77952 195.62801 147.22542 138.42519 0.3 0.3 0.0 0.0 0.0 0.0 0.0 0.0 0.72115 0.0 0.0 45.47487 -0.49999 0.07399 0.0 0.0 0.0 0.0 0.0 0.0 0.0533218057152 30 1 0.992647058824 0.495718857188 -2.51770713717
-0.12623 0.35028 3.35743 -0.12979 0.55971 3.96919415159 0.78258 0.98072 0.30541 0.41196 152.77952 195.62801 147.22542 138.42519 0.3 0.3 0.0 0.0 0.0 0.0 0.0 0.0 0.72115 0.0 0.0 45.47487 -0.49999 0.07399 0.0 0.0 0.0 0.0 0.0 0.0 0.0538997270995 31 1 0.985294117647 0.165446662535 -2.26426684055
-0.12623 0.35028 3.35743 -0.12979 0.55971 3.96981070092 0.78258 0.98072 0.30541 0.41196 152.77952 195.62801 147.22542 138.42519 0.3 0.3 0.0 0.0 0.0 0.0 0.0 0.0 0.72115 0.0 0.0 45.47487 -0.49999 0.07399 0.0 0.0 0.0 0.0 0.0 0.0 0.0533442662353 32 1 0.985294117647 0.16554571858 -2.22798571778
-0.12623 0.35028 3.35743 -0.12979 0.55971 3.96075560165 0.78258 0.98072 0.30541 0.41196 152.77952 195.62801 147.22542 138.42519 0.3 0.3 0.0 0.0 0.0 0.0 0.0 0.0 0.72115 0.0 0.0 45.47487 -0.49999 0.07399 0.0 0.0 0.0 0.0 0.0 0.0 0.0532890383568 33 1 0.985294117647 0.20090191282 -2.33538532981
-0.12623 0.35028 3.35743 -0.12979 0.55971 3.98800294436 0.78258 0.98072 0.30541 0.41196 152.77952 195.62801 147.22542 138.42519 0.3 0.3 0.0 0.0 0.0 0.0 0.0 0.0 0.72115 0.0 0.0 45.47487 -0.49999 0.07399 0.0 0.0 0.0 0.0 0.0 0.0 0.0541631270395 34 1 0.992647058824 0.405437286084 -2.39560282467
-0.12623 0.35028 3.35743 -0.12979 0.55971 3.95900452688 0.78258 0.98072 0.30541 0.41196 152.77952 195.62801 147.22542 138.42519 0.3 0.3 0.0 0.0 0.0 0.0 0.0 0.0 0.72115 0.0 0.0 45.47487 -0.49999 0.07399 0.0 0.0 0.0 0.0 0.0 0.0 0.0548314143683 35 1 0.985294117647 0.200995123962 -2.4322591614
-0.12623 0.35028 3.35743 -0.12979 0.55971 3.96344671351 0.78258 0.98072 0.30541 0.41196 152.77952 195.62801 147.22542 138.42519 0.3 0.3 0.0 0.0 0.0 0.0 0.0 0.0 0.72115 0.0 0.0 45.47487 -0.49999 0.07399 0.0 0.0 0.0 0.0 0.0 0.0 0.0544722611233 36 1 0.985294117647 0.170906720935 -2.31759548347
-0.12623 0.35028 3.35743 -0.12979 0.55971 4.00938718788 0.78258 0.98072 0.30541 0.41196 152.77952 195.62801 147.22542 138.42519 0.3 0.3 0.0 0.0 0.0 0.0 0.0 0.0 0.72115 0.0 0.0 45.47487 -0.49999 0.07399 0.0 0.0 0.0 0.0 0.0 0.0 0.0545564137886 37 0 0.977941176471 0.371363240042 -2.31759548347
-0.12623 0.35028 3.35743 -0.12979 0.55971 3.97253740502 0.78258 0.98072 0.30541 0.41196 152.77952 195.62801 147.22542 138.42519 0.3 0.3 0.0 0.0 0.0 0.0 0.0 0.0 0.72115 0.0 0.0 45.47487 -0.49999 0.07399 0.0 0.0 0.0 0.0 0.0 0.0 0.0535520422445 38 1 0.985294117647 0.165518291298 -2.24151684043
-0.12623 0.35028 3.35743 -0.12979 0.55971 4.0016419951 0.78258 0.98072 0.30541 0.41196 152.77952 195.62801 147.22542 138.42519 0.3 0.3 0.0 0.0 0.0 0.0 0.0 0.0 0.72115 0.0 0.0 45.47487 -0.49999 0.07399 0.0 0.0 0.0 0.0 0.0 0.0 0.0535092007172 39 0 0.985294117647 0.379471583211 -2.24151684043
-0.12623 0.35028 3.35743 -0.12979 0.55971 4.0066227143 0.78258 0.98072 0.30541 0.41196 152.77952 195.62801 147.22542 138.42519 0.3 0.3 0.0 0.0 0.0 0.0 0.0 0.0 0.72115 0.0 0.0 45.47487 -0.49999 0.07399 0.0 0.0 0.0 0.0 0.0 0.0 0.0545902344789 40 0 0.977941176471 0.37923873821 -2.24151684043
-0.12623 0.35028 3.35743 -0.12979 0.55971 3.98904569727 0.78258 0.98072 0.30541 0.41196 152.77952 195.62801 147.22542 138.42519 0.3 0.3 0.0 0.0 0.0 0.0 0.0 0.0 0.72115 0.0 0.0 45.47487 -0.49999 0.07399 0.0 0.0 0.0 0.0 0.0 0.0 0.0534709110266 41 1 0.992647058824 0.405488876068 -2.35284911329
-0.12623 0.35028 3.35743 -0.12979 0.55971 3.97465455522 0.78258 0.98072 0.30541 0.41196 152.77952 195.62801 147.22542 138.42519 0.3 0.3 0.0 0.0 0.0 0.0 0.0 0.0 0.72115 0.0 0.0 45.47487 -0.49999 0.07399 0.0 0.0 0.0 0.0 0.0 0.0 0.0532429097949 42 1 0.985294117647 0.37394569204 -3.18630063965
-0.12623 0.35028 3.35743 -0.12979 0.55971 3.96343387109 0.78258 0.98072 0.30541 0.41196 152.77952 195.62801 147.22542 138.42519 0.3 0.3 0.0 0.0 0.0 0.0 0.0 0.0 0.72115 0.0 0.0 45.47487 -0.49999 0.07399 0.0 0.0 0.0 0.0 0.0 0.0 0.0527943304487 43 1 0.985294117647 0.170909131622 -2.20810284921
-0.12623 0.35028 3.35743 -0.12979 0.55971 3.94239810434 0.78258 0.98072 0.30541 0.41196 152.77952 195.62801 147.22542 138.42519 0.3 0.3 0.0 0.0 0.0 0.0 0.0 0.0 0.72115 0.0 0.0 45.47487 -0.49999 0.07399 0.0 0.0 0.0 0.0 0.0 0.0 0.0532341377623 44 1 0.992647058824 0.519356572437 -2.5644515106
-0.12623 0.35028 3.35743 -0.12979 0.55971 3.91098257054 0.78258 0.98072 0.30541 0.41196 152.77952 195.62801 147.22542 138.42519 0.3 0.3 0.0 0.0 0.0 0.0 0.0 0.0 0.72115 0.0 0.0 45.47487 -0.49999 0.07399 0.0 0.0 0.0 0.0 0.0 0.0 0.0535831414702 45 0 0.978260869565 0.628168242843 -2.5644515106
-0.12623 0.35028 3.35743 -0.12979 0.55971 3.97143697208 0.78258 0.98072 0.30541 0.41196 152.77952 195.62801 147.22542 138.42519 0.3 0.3 0.0 0.0 0.0 0.0 0.0 0.0 0.72115 0.0 0.0 45.47487 -0.49999 0.07399 0.0 0.0 0.0 0.0 0.0 0.0 0.0542440256756 46 1 0.985294117647 0.165500288418 -2.28735703729
-0.12623 0.35028 3.35743 -0.12979 0.55971 3.96647108638 0.78258 0.98072 0.30541 0.41196 152.77952 195.62801 147.22542 138.42519 0.3 0.3 0.0 0.0 0.0 0.0 0.0 0.0 0.72115 0.0 0.0 45.47487 -0.49999 0.07399 0.0 0.0 0.0 0.0 0.0 0.0 0.0549912338042 47 1 0.985294117647 0.188818906932 -2.40435043362
-0.12623 0.35028 3.35743 -0.12979 0.55971 3.98463900881 0.78258 0.98072 0.30541 0.41196 152.77952 195.62801 147.22542 138.42519 0.3 0.3 0.0 0.0 0.0 0.0 0.0 0.0 0.72115 0.0 0.0 45.47487 -0.49999 0.07399 0.0 0.0 0.0 0.0 0.0 0.0 0.0559330766244 48 1 0.992647058824 0.186645902723 -2.25768749423
-0.12623 0.35028 3.35743 -0.12979 0.55971 3.96665541272 0.78258 0.98072 0.30541 0.41196 152.77952 195.62801 147.22542 138.42519 0.3 0.3 0.0 0.0 0.0 0.0 0.0 0.0 0.72115 0.0 0.0 45.47487 -0.49999 0.07399 0.0 0.0 0.0 0.0 0.0 0.0 0.0558912568005 49 0 0.985294117647 0.18881438345 -2.25768749423
-0.12623 0.35028 3.35743 -0.12979 0.55971 3.96058127854 0.78258 0.98072 0.30541 0.41196 152.77952 195.62801 147.22542 138.42519 0.3 0.3 0.0 0.0 0.0 0.0 0.0 0.0 0.72115 0.0 0.0 45.47487 -0.49999 0.07399 0.0 0.0 0.0 0.0 0.0 0.0 0.055959637842 50 1 0.985294117647 0.200951377098 -2.50575665878
-0.12623 0.35028 3.35743 -0.12979 0.55971 3.99484869256 0.78258 0.98072 0.30541 0.41196 152.77952 195.62801 147.22542 138.42519 0.3 0.3 0.0 0.0 0.0 0.0 0.0 0.0 0.72115 0.0 0.0 45.47487 -0.49999 0.07399 0.0 0.0 0.0 0.0 0.0 0.0 0.0554268514221 51 0 0.985294117647 0.40104334933 -2.50575665878
-0.12623 0.35028 3.35743 -0.12979 0.55971 3.91766916342 0.78258 0.98072 0.30541 0.41196 152.77952 195.62801 147.22542 138.42519 0.3 0.3 0.0 0.0 0.0 0.0 0.0 0.0 0.72115 0.0 0.0 45.47487 -0.49999 0.07399 0.0 0.0 0.0 0.0 0.0 0.0 0.0550556849367 52 1 0.992647058824 0.527233718755 -2.68022869368
-0.12623 0.35028 3.35743 -0.12979 0.55971 3.92702217969 0.78258 0.98072 0.30541 0.41196 152.77952 195.62801 147.22542 138.42519 0.3 0.3 0.0 0.0 0.0 0.0 0.0 0.0 0.72115 0.0 0.0 45.47487 -0.49999 0.07399 0.0 0.0 0.0 0.0 0.0 0.0 0.0541566924498 53 1 0.992647058824 0.633924975273 -2.88769320126
-0.12623 0.35028 3.35743 -0.12979 0.55971 3.91076800505 0.78258 0.98072 0.30541 0.41196 152.77952 195.62801 147.22542 138.42519 0.3 0.3 0.0 0.0 0.0 0.0 0.0 0.0 0.72115 0.0 0.0 45.47487 -0.49999 0.07399 0.0 0.0 0.0 0.0 0.0 0.0 0.0548403858073 54 0 0.978260869565 0.628165702408 -2.88769320126
-0.12623 0.35028 3.35743 -0.12979 0.55971 3.897480494 0.78258 0.98072 0.30541 0.41196 152.77952 195.62801 147.22542 138.42519 0.3 0.3 0.0 0.0 0.0 0.0 0.0 0.0 0.72115 0.0 0.0 45.47487 -0.49999 0.07399 0.0 0.0 0.0 0.0 0.0 0.0 0.0551092120773 55 0 0.971223021583 0.56338366465 -2.88769320126
-0.12623 0.35028 3.35743 -0.12979 0.55971 3.91703751946 0.78258 0.98072 0.30541 0.41196 152.77952 195.62801 147.22542 138.42519 0.3 0.3 0.0 0.0 0.0 0.0 0.0 0.0 0.72115 0.0 0.0 45.47487 -0.49999 0.07399 0.0 0.0 0.0 0.0 0.0 0.0 0.0540032838366 56 1 0.992647058824 0.526894829946 -2.62179514152
-0.12623 0.35028 3.35743 -0.12979 0.55971 3.92287753094 0.78258 0.98072 0.30541 0.41196 152.77952 195.62801 147.22542 138.42519 0.3 0.3 0.0 0.0 0.0 0.0 0.0 0.0 0.72115 0.0 0.0 45.47487 -0.49999 0.07399 0.0 0.0 0.0 0.0 0.0 0.0 0.053785835695 57 1 0.992647058824 0.528164216558 -2.61303133428
-0.12623 0.35028 3.35743 -0.12979 0.55971 3.92304168023 0.78258 0.98072 0.30541 0.41196 152.77952 195.62801 147.22542 138.42519 0.3 0.3 0.0 0.0 0.0 0.0 0.0 0.0 0.72115 0.0 0.0 45.47487 -0.49999 0.07399 0.0 0.0 0.0 0.0 0.0 0.0 0.0533029300964 58 1 0.992647058824 0.526783004397 -2.58467984497
-0.12623 0.35028 3.35743 -0.12979 0.55971 3.95086157856 0.78258 0.98072 0.30541 0.41196 152.77952 195.62801 147.22542 138.42519 0.3 0.3 0.0 0.0 0.0 0.0 0.0 0.0 0.72115 0.0 0.0 45.47487 -0.49999 0.07399 0.0 0.0 0.0 0.0 0.0 0.0 0.053528161782 59 1 0.992647058824 0.417005365061 -2.3764625891
-0.12623 0.35028 3.35743 -0.12979 0.55971 3.94212735517 0.78258 0.98072 0.30541 0.41196 152.77952 195.62801 147.22542 138.42519 0.3 0.3 0.0 0.0 0.0 0.0 0.0 0.0 0.72115 0.0 0.0 45.47487 -0.49999 0.07399 0.0 0.0 0.0 0.0 0.0 0.0 0.0531137125631 60 1 0.992647058824 0.519342373155 -2.55815322201
-0.12623 0.35028 3.35743 -0.12979 0.55971 3.96800071438 0.78258 0.98072 0.30541 0.41196 152.77952 195.62801 147.22542 138.42519 0.3 0.3 0.0 0.0 0.0 0.0 0.0 0.0 0.72115 0.0 0.0 45.47487 -0.49999 0.07399 0.0 0.0 0.0 0.0 0.0 0.0 0.0530031437342 61 1 0.985294117647 0.167611850107 -2.21177727508
-0.12623 0.35028 3.35743 -0.12979 0.55971 3.95904028672 0.78258 0.98072 0.30541 0.41196 152.77952 195.62801 147.22542 138.42519 0.3 0.3 0.0 0.0 0.0 0.0 0.0 0.0 0.72115 0.0 0.0 45.47487 -0.49999 0.07399 0.0 0.0 0.0 0.0 0.0 0.0 0.0532223528328 62 1 0.985294117647 0.200991530898 -2.33162902837
-0.12623 0.35028 3.35743 -0.12979 0.55971 3.96826014022 0.78258 0.98072 0.30541 0.41196 152.77952 195.62801 147.22542 138.42519 0.3 0.3 0.0 0.0 0.0 0.0 0.0 0.0 0.72115 0.0 0.0 45.47487 -0.49999 0.07399 0.0 0.0 0.0 0.0 0.0 0.0 0.05163518757 63 1 0.985294117647 0.165474825945 -2.11887478078
-0.12623 0.35028 3.35743 -0.12979 0.55971 3.95582679215 0.78258 0.98072 0.30541 0.41196 152.77952 195.62801 147.22542 138.42519 0.3 0.3 0.0 0.0 0.0 0.0 0.0 0.0 0.72115 0.0 0.0 45.47487 -0.49999 0.07399 0.0 0.0 0.0 0.0 0.0 0.0 0.0511602791543 64 1 0.992647058824 0.416233858105 -2.23767377613
-0.12623 0.35028 3.35743 -0.12979 0.55971 3.96263148 0.78258 0.98072 0.30541 0.41196 152.77952 195.62801 147.22542 138.42519 0.3 0.3 0.0 0.0 0.0 0.0 0.0 0.0 0.72115 0.0 0.0 45.47487 -0.49999 0.07399 0.0 0.0 0.0 0.0 0.0 0.0 0.0510091501548 65 1 0.985294117647 0.20177253646 -2.20500846177
-0.12623 0.35028 3.35743 -0.12979 0.55971 3.95101752445 0.78258 0.98072 0.30541 0.41196 152.77952 195.62801 147.22542 138.42519 0.3 0.3 0.0 0.0 0.0 0.0 0.0 0.0 0.72115 0.0 0.0 45.47487 -0.49999 0.07399 0.0 0.0 0.0 0.0 0.0 0.0 0.0501968072619 66 1 0.992647058824 0.417009359541 -2.18690548221
-0.12623 0.35028 3.35743 -0.12979 0.55971 3.93940106131 0.78258 0.98072 0.30541 0.41196 152.77952 195.62801 147.22542 138.42519 0.3 0.3 0.0 0.0 0.0 0.0 0.0 0.0 0.72115 0.0 0.0 45.47487 -0.49999 0.07399 0.0 0.0 0.0 0.0 0.0 0.0 0.0508211360123 67 0 0.992647058824 0.544159073224 -2.18690548221
-0.12623 0.35028 3.35743 -0.12979 0.55971 3.93371633035 0.78258 0.98072 0.30541 0.41196 152.77952 195.62801 147.22542 138.42519 0.3 0.3 0.0 0.0 0.0 0.0 0.0 0.0 0.72115 0.0 0.0 45.47487 -0.49999 0.07399 0.0 0.0 0.0 0.0 0.0 0.0 0.0507924934394 68 1 0.992647058824 0.551368143644 -2.5257210768
-0.12623 0.35028 3.35743 -0.12979 0.55971 3.91154805858 0.78258 0.98072 0.30541 0.41196 152.77952 195.62801 147.22542 138.42519 0.3 0.3 0.0 0.0 0.0 0.0 0.0 0.0 0.72115 0.0 0.0 45.47487 -0.49999 0.07399 0.0 0.0 0.0 0.0 0.0 0.0 0.0505048466724 69 0 0.978260869565 0.628201112067 -2.5257210768
-0.12623 0.35028 3.35743 -0.12979 0.55971 3.95854212551 0.78258 0.98072 0.30541 0.41196 152.77952 195.62801 147.22542 138.42519 0.3 0.3 0.0 0.0 0.0 0.0 0.0 0.0 0.72115 0.0 0.0 45.47487 -0.49999 0.07399 0.0 0.0 0.0 0.0 0.0 0.0 0.0512522064674 70 1 0.992647058824 0.208501614069 -1.94227409201
-0.12623 0.35028 3.35743 -0.12979 0.55971 3.94277469921 0.78258 0.98072 0.30541 0.41196 152.77952 195.62801 147.22542 138.42519 0.3 0.3 0.0 0.0 0.0 0.0 0.0 0.0 0.72115 0.0 0.0 45.47487 -0.49999 0.07399 0.0 0.0 0.0 0.0 0.0 0.0 0.0522036728085 71 0 0.992647058824 0.519587525812 -1.94227409201
-0.12623 0.35028 3.35743 -0.12979 0.55971 3.96797473195 0.78258 0.98072 0.30541 0.41196 152.77952 195.62801 147.22542 138.42519 0.3 0.3 0.0 0.0 0.0 0.0 0.0 0.0 0.72115 0.0 0.0 45.47487 -0.49999 0.07399 0.0 0.0 0.0 0.0 0.0 0.0 0.0511157610893 72 1 0.985294117647 0.167562003493 -2.09334063711
-0.12623 0.35028 3.35743 -0.12979 0.55971 3.97504605017 0.78258 0.98072 0.30541 0.41196 152.77952 195.62801 147.22542 138.42519 0.3 0.3 0.0 0.0 0.0 0.0 0.0 0.0 0.72115 0.0 0.0 45.47487 -0.49999 0.07399 0.0 0.0 0.0 0.0 0.0 0.0 0.0497566661052 73 0 0.985294117647 0.373918562323 -2.09334063711
-0.12623 0.35028 3.35743 -0.12979 0.55971 3.98349749095 0.78258 0.98072 0.30541 0.41196 152.77952 195.62801 147.22542 138.42519 0.3 0.3 0.0 0.0 0.0 0.0 0.0 0.0 0.72115 0.0 0.0 45.47487 -0.49999 0.07399 0.0 0.0 0.0 0.0 0.0 0.0 0.0501964601563 74 1 0.992647058824 0.186658565477 -1.85121409636
-0.12623 0.35028 3.35743 -0.12979 0.55971 3.98094423815 0.78258 0.98072 0.30541 0.41196 152.77952 195.62801 147.22542 138.42519 0.3 0.3 0.0 0.0 0.0 0.0 0.0 0.0 0.72115 0.0 0.0 45.47487 -0.49999 0.07399 0.0 0.0 0.0 0.0 0.0 0.0 0.0505796766717 75 1 0.992647058824 0.185974798988 -1.87620826866
-0.12623 0.35028 3.35743 -0.12979 0.55971 3.98906874331 0.78258 0.98072 0.30541 0.41196 152.77952 195.62801 147.22542 138.42519 0.3 0.3 0.0 0.0 0.0 0.0 0.0 0.0 0.72115 0.0 0.0 45.47487 -0.49999 0.07399 0.0 0.0 0.0 0.0 0.0 0.0 0.0503437337273 76 1 0.992647058824 0.405494932841 -2.17200926217
-0.12623 0.35028 3.35743 -0.12979 0.55971 3.99821224176 0.78258 0.98072 0.30541 0.41196 152.77952 195.62801 147.22542 138.42519 0.3 0.3 0.0 0.0 0.0 0.0 0.0 0.0 0.72115 0.0 0.0 45.47487 -0.49999 0.07399 0.0 0.0 0.0 0.0 0.0 0.0 0.0500861622366 77 0 0.985294117647 0.396870916742 -2.17200926217
-0.12623 0.35028 3.35743 -0.12979 0.55971 3.98808719589 0.78258 0.98072 0.30541 0.41196 152.77952 195.62801 147.22542 138.42519 0.3 0.3 0.0 0.0 0.0 0.0 0.0 0.0 0.72115 0.0 0.0 45.47487 -0.49999 0.07399 0.0 0.0 0.0 0.0 0.0 0.0 0.0490509272704 78 1 0.992647058824 0.405439063227 -2.10352749874
-0.12623 0.35028 3.35743 -0.12979 0.55971 4.02491754242 0.78258 0.98072 0.30541 0.41196 152.77952 195.62801 147.22542 138.42519 0.3 0.3 0.0 0.0 0.0 0.0 0.0 0.0 0.72115 0.0 0.0 45.47487 -0.49999 0.07399 0.0 0.0 0.0 0.0 0.0 0.0 0.0495737262185 79 1 1.0 0.410681621351 -1.72386743207
-0.12623 0.35028 3.35743 -0.12979 0.55971 4.02343363935 0.78258 0.98072 0.30541 0.41196 152.77952 195.62801 147.22542 138.42519 0.3 0.3 0.0 0.0 0.0 0.0 0.0 0.0 0.72115 0.0 0.0 45.47487 -0.49999 0.07399 0.0 0.0 0.0 0.0 0.0 0.0 0.0486115371731 80 1 0.992592592593 0.117912880378 -1.69440336983
-0.12623 0.35028 3.35743 -0.12979 0.55971 3.9975789025 0.78258 0.98072 0.30541 0.41196 152.77952 195.62801 147.22542 138.42519 0.3 0.3 0.0 0.0 0.0 0.0 0.0 0.0 0.72115 0.0 0.0 45.47487 -0.49999 0.07399 0.0 0.0 0.0 0.0 0.0 0.0 0.0485213684492 81 0 0.985294117647 0.396696171423 -1.69440336983
-0.12623 0.35028 3.35743 -0.12979 0.55971 4.01369632653 0.78258 0.98072 0.30541 0.41196 152.77952 195.62801 147.22542 138.42519 0.3 0.3 0.0 0.0 0.0 0.0 0.0 0.0 0.72115 0.0 0.0 45.47487 -0.49999 0.07399 0.0 0.0 0.0 0.0 0.0 0.0 0.0497495448378 82 1 0.985294117647 0.046630824708 -1.75739768272
-0.12623 0.35028 3.35743 -0.12979 0.55971 4.01703247611 0.78258 0.98072 0.30541 0.41196 152.77952 195.62801 147.22542 138.42519 0.3 0.3 0.0 0.0 0.0 0.0 0.0 0.0 0.72115 0.0 0.0 45.47487 -0.49999 0.07399 0.0 0.0 0.0 0.0 0.0 0.0 0.0493375040286 83 1 0.985294117647 0.132207143164 -1.88230054532
-0.12623 0.35028 3.35743 -0.12979 0.55971 4.01881628872 0.78258 0.98072 0.30541 0.41196 152.77952 195.62801 147.22542 138.42519 0.3 0.3 0.0 0.0 0.0 0.0 0.0 0.0 0.72115 0.0 0.0 45.47487 -0.49999 0.07399 0.0 0.0 0.0 0.0 0.0 0.0 0.049988201955 84 1 0.992592592593 0.118443902581 -1.78724517919
-0.12623 0.35028 3.35743 -0.12979 0.55971 4.01283885304 0.78258 0.98072 0.30541 0.41196 152.77952 195.62801 147.22542 138.42519 0.3 0.3 0.0 0.0 0.0 0.0 0.0 0.0 0.72115 0.0 0.0 45.47487 -0.49999 0.07399 0.0 0.0 0.0 0.0 0.0 0.0 0.0502928886321 85 1 0.985294117647 0.0467225606555 -1.79484898201
-0.12623 0.35028 3.35743 -0.12979 0.55971 4.0050753696 0.78258 0.98072 0.30541 0.41196 152.77952 195.62801 147.22542 138.42519 0.3 0.3 0.0 0.0 0.0 0.0 0.0 0.0 0.72115 0.0 0.0 45.47487 -0.49999 0.07399 0.0 0.0 0.0 0.0 0.0 0.0 0.0499918928175 86 0 0.977941176471 0.379160535304 -1.79484898201
-0.12623 0.35028 3.35743 -0.12979 0.55971 4.02341252875 0.78258 0.98072 0.30541 0.41196 152.77952 195.62801 147.22542 138.42519 0.3 0.3 0.0 0.0 0.0 0.0 0.0 0.0 0.72115 0.0 0.0 45.47487 -0.49999 0.07399 0.0 0.0 0.0 0.0 0.0 0.0 0.050265215515 87 1 0.992592592593 0.117913569653 -1.80588345911
-0.12623 0.35028 3.35743 -0.12979 0.55971 4.03079031498 0.78258 0.98072 0.30541 0.41196 152.77952 195.62801 147.22542 138.42519 0.3 0.3 0.0 0.0 0.0 0.0 0.0 0.0 0.72115 0.0 0.0 45.47487 -0.49999 0.07399 0.0 0.0 0.0 0.0 0.0 0.0 0.050172745507 88 1 1.0 0.40787403429 -1.76545233202
-0.12623 0.35028 3.35743 -0.12979 0.55971 4.03980402889 0.78258 0.98072 0.30541 0.41196 152.77952 195.62801 147.22542 138.42519 0.3 0.3 0.0 0.0 0.0 0.0 0.0 0.0 0.72115 0.0 0.0 45.47487 -0.49999 0.07399 0.0 0.0 0.0 0.0 0.0 0.0 0.0499613242279 89 1 1.0 0.455440344655 -1.7507198457
-0.12623 0.35028 3.35743 -0.12979 0.55971 4.01064172079 0.78258 0.98072 0.30541 0.41196 152.77952 195.62801 147.22542 138.42519 0.3 0.3 0.0 0.0 0.0 0.0 0.0 0.0 0.72115 0.0 0.0 45.47487 -0.49999 0.07399 0.0 0.0 0.0 0.0 0.0 0.0 0.0498848314639 90 1 0.985294117647 0.0521606481409 -1.77200456906
-0.12623 0.35028 3.35743 -0.12979 0.55971 4.04105029701 0.78258 0.98072 0.30541 0.41196 152.77952 195.62801 147.22542 138.42519 0.3 0.3 0.0 0.0 0.0 0.0 0.0 0.0 0.72115 0.0 0.0 45.47487 -0.49999 0.07399 0.0 0.0 0.0 0.0 0.0 0.0 0.0506453487542 91 1 1.0 0.271855494386 -1.7986026916
-0.12623 0.35028 3.35743 -0.12979 0.55971 4.03068029931 0.78258 0.98072 0.30541 0.41196 152.77952 195.62801 147.22542 138.42519 0.3 0.3 0.0 0.0 0.0 0.0 0.0 0.0 0.72115 0.0 0.0 45.47487 -0.49999 0.07399 0.0 0.0 0.0 0.0 0.0 0.0 0.0508145441643 92 1 1.0 0.407864257761 -1.81054391989
-0.12623 0.35028 3.35743 -0.12979 0.55971 4.01032871415 0.78258 0.98072 0.30541 0.41196 152.77952 195.62801 147.22542 138.42519 0.3 0.3 0.0 0.0 0.0 0.0 0.0 0.0 0.72115 0.0 0.0 45.47487 -0.49999 0.07399 0.0 0.0 0.0 0.0 0.0 0.0 0.0512217679916 93 0 0.977941176471 0.371528847444 -1.81054391989
-0.12623 0.35028 3.35743 -0.12979 0.55971 4.04571414764 0.78258 0.98072 0.30541 0.41196 152.77952 195.62801 147.22542 138.42519 0.3 0.3 0.0 0.0 0.0 0.0 0.0 0.0 0.72115 0.0 0.0 45.47487 -0.49999 0.07399 0.0 0.0 0.0 0.0 0.0 0.0 0.0489769309415 94 1 1.0 0.275017377069 -1.68291859995
-0.12623 0.35028 3.35743 -0.12979 0.55971 3.99871171151 0.78258 0.98072 0.30541 0.41196 152.77952 195.62801 147.22542 138.42519 0.3 0.3 0.0 0.0 0.0 0.0 0.0 0.0 0.72115 0.0 0.0 45.47487 -0.49999 0.07399 0.0 0.0 0.0 0.0 0.0 0.0 0.0485888975695 95 0 0.985294117647 0.396753268464 -1.68291859995
-0.12623 0.35028 3.35743 -0.12979 0.55971 4.07995014436 0.78258 0.98072 0.30541 0.41196 152.77952 195.62801 147.22542 138.42519 0.3 0.3 0.0 0.0 0.0 0.0 0.0 0.0 0.72115 0.0 0.0 45.47487 -0.49999 0.07399 0.0 0.0 0.0 0.0 0.0 0.0 0.0495538355049 96 1 0.992647058824 0.419866884438 -2.15915488257
-0.12623 0.35028 3.35743 -0.12979 0.55971 4.06672535293 0.78258 0.98072 0.30541 0.41196 152.77952 195.62801 147.22542 138.42519 0.3 0.3 0.0 0.0 0.0 0.0 0.0 0.0 0.72115 0.0 0.0 45.47487 -0.49999 0.07399 0.0 0.0 0.0 0.0 0.0 0.0 0.0502639177046 97 1 0.992647058824 0.416196504789 -2.18884602055
-0.12623 0.35028 3.35743 -0.12979 0.55971 4.07150565066 0.78258 0.98072 0.30541 0.41196 152.77952 195.62801 147.22542 138.42519 0.3 0.3 0.0 0.0 0.0 0.0 0.0 0.0 0.72115 0.0 0.0 45.47487 -0.49999 0.07399 0.0 0.0 0.0 0.0 0.0 0.0 0.0511386866684 98 1 0.992647058824 0.427053936904 -2.25769949808
-0.12623 0.35028 3.35743 -0.12979 0.55971 4.06345446695 0.78258 0.98072 0.30541 0.41196 152.77952 195.62801 147.22542 138.42519 0.3 0.3 0.0 0.0 0.0 0.0 0.0 0.0 0.72115 0.0 0.0 45.47487 -0.49999 0.07399 0.0 0.0 0.0 0.0 0.0 0.0 0.0522165309144 99 1 0.992647058824 0.403802031271 -2.27471727076
-0.12623 0.35028 3.35743 -0.12979 0.55971 4.07128853348 0.78258 0.98072 0.30541 0.41196 152.77952 195.62801 147.22542 138.42519 0.3 0.3 0.0 0.0 0.0 0.0 0.0 0.0 0.72115 0.0 0.0 45.47487 -0.49999 0.07399 0.0 0.0 0.0 0.0 0.0 0.0 0.0525177313959 100 1 0.992647058824 0.427036939503 -2.33504945008
