-0.12623 0.35028 3.35743 -0.12979 0.55971 3.72072 0.78258 0.98072 0.30541 0.41196 152.77952 195.62801 147.22542 138.42519 0.3 0.3 0.0 0.0 0.0 0.0 0.0 0.0 0.72115 0.0 0.0 45.47487 -0.49999 0.07399 0.0 0.0 0.0 0.0 0.0 0.0 0.05 0 1 0.93006993007 1.04388125402 -241.549797801
-0.12623 0.35028 3.35743 -0.12979 0.55971 3.71118661938 0.78258 0.98072 0.30541 0.41196 152.77952 195.62801 147.22542 138.42519 0.3 0.3 0.0 0.0 0.0 0.0 0.0 0.0 0.72115 0.0 0.0 45.47487 -0.49999 0.07399 0.0 0.0 0.0 0.0 0.0 0.0 0.0503019101884 1 0 0.91724137931 1.11438215533 -241.549797801
-0.12623 0.35028 3.35743 -0.12979 0.55971 3.76333674115 0.78258 0.98072 0.30541 0.41196 152.77952 195.62801 147.22542 138.42519 0.3 0.3 0.0 0.0 0.0 0.0 0.0 0.0 0.72115 0.0 0.0 45.47487 -0.49999 0.07399 0.0 0.0 0.0 0.0 0.0 0.0 0.0501418656466 2 1 0.957446808511 0.78418332437 -51.5887233682
-0.12623 0.35028 3.35743 -0.12979 0.55971 3.74135248038 0.78258 0.98072 0.30541 0.41196 152.77952 195.62801 147.22542 138.42519 0.3 0.3 0.0 0.0 0.0 0.0 0.0 0.0 0.72115 0.0 0.0 45.47487 -0.49999 0.07399 0.0 0.0 0.0 0.0 0.0 0.0 0.0496109774094 3 0 0.937062937063 0.982031689019 -51.5887233682
-0.12623 0.35028 3.35743 -0.12979 0.55971 3.77790279117 0.78258 0.98072 0.30541 0.41196 152.77952 195.62801 147.22542 138.42519 0.3 0.3 0.0 0.0 0.0 0.0 0.0 0.0 0.72115 0.0 0.0 45.47487 -0.49999 0.07399 0.0 0.0 0.0 0.0 0.0 0.0 0.0499712738835 4 1 0.957446808511 0.778704742208 -51.2190978149
-0.12623 0.35028 3.35743 -0.12979 0.55971 3.78443732375 0.78258 0.98072 0.30541 0.41196 152.77952 195.62801 147.22542 138.42519 0.3 0.3 0.0 0.0 0.0 0.0 0.0 0.0 0.72115 0.0 0.0 45.47487 -0.49999 0.07399 0.0 0.0 0.0 0.0 0.0 0.0 0.049619836355 5 0 0.957446808511 0.840389290283 -51.2190978149
-0.12623 0.35028 3.35743 -0.12979 0.55971 3.78537397569 0.78258 0.98072 0.30541 0.41196 152.77952 195.62801 147.22542 138.42519 0.3 0.3 0.0 0.0 0.0 0.0 0.0 0.0 0.72115 0.0 0.0 45.47487 -0.49999 0.07399 0.0 0.0 0.0 0.0 0.0 0.0 0.0503604544179 6 0 0.950704225352 0.838800127798 -51.2190978149
-0.12623 0.35028 3.35743 -0.12979 0.55971 3.80839279162 0.78258 0.98072 0.30541 0.41196 152.77952 195.62801 147.22542 138.42519 0.3 0.3 0.0 0.0 0.0 0.0 0.0 0.0 0.72115 0.0 0.0 45.47487 -0.49999 0.07399 0.0 0.0 0.0 0.0 0.0 0.0 0.0498344037682 7 0 0.944055944056 0.834144219753 -51.2190978149
-0.12623 0.35028 3.35743 -0.12979 0.55971 3.84120044932 0.78258 0.98072 0.30541 0.41196 152.77952 195.62801 147.22542 138.42519 0.3 0.3 0.0 0.0 0.0 0.0 0.0 0.0 0.72115 0.0 0.0 45.47487 -0.49999 0.07399 0.0 0.0 0.0 0.0 0.0 0.0 0.0511639512235 8 1 0.95 0.65651906328 -48.1436496311
-0.12623 0.35028 3.35743 -0.12979 0.55971 3.80778063091 0.78258 0.98072 0.30541 0.41196 152.77952 195.62801 147.22542 138.42519 0.3 0.3 0.0 0.0 0.0 0.0 0.0 0.0 0.72115 0.0 0.0 45.47487 -0.49999 0.07399 0.0 0.0 0.0 0.0 0.0 0.0 0.0509713678405 9 0 0.944055944056 0.787729903956 -48.1436496311
-0.12623 0.35028 3.35743 -0.12979 0.55971 3.89851414902 0.78258 0.98072 0.30541 0.41196 152.77952 195.62801 147.22542 138.42519 0.3 0.3 0.0 0.0 0.0 0.0 0.0 0.0 0.72115 0.0 0.0 45.47487 -0.49999 0.07399 0.0 0.0 0.0 0.0 0.0 0.0 0.052271228153 10 1 0.971223021583 0.648951993809 -16.2745549056
-0.12623 0.35028 3.35743 -0.12979 0.55971 3.88178337402 0.78258 0.98072 0.30541 0.41196 152.77952 195.62801 147.22542 138.42519 0.3 0.3 0.0 0.0 0.0 0.0 0.0 0.0 0.72115 0.0 0.0 45.47487 -0.49999 0.07399 0.0 0.0 0.0 0.0 0.0 0.0 0.0515478953999 11 0 0.971223021583 0.653120634183 -16.2745549056
-0.12623 0.35028 3.35743 -0.12979 0.55971 3.89259347078 0.78258 0.98072 0.30541 0.41196 152.77952 195.62801 147.22542 138.42519 0.3 0.3 0.0 0.0 0.0 0.0 0.0 0.0 0.72115 0.0 0.0 45.47487 -0.49999 0.07399 0.0 0.0 0.0 0.0 0.0 0.0 0.0517268931059 12 0 0.971223021583 0.651254632933 -16.2745549056
-0.12623 0.35028 3.35743 -0.12979 0.55971 3.92368825228 0.78258 0.98072 0.30541 0.41196 152.77952 195.62801 147.22542 138.42519 0.3 0.3 0.0 0.0 0.0 0.0 0.0 0.0 0.72115 0.0 0.0 45.47487 -0.49999 0.07399 0.0 0.0 0.0 0.0 0.0 0.0 0.0519701633601 13 1 0.992647058824 0.528428258418 -2.5219715506
-0.12623 0.35028 3.35743 -0.12979 0.55971 3.92641768868 0.78258 0.98072 0.30541 0.41196 152.77952 195.62801 147.22542 138.42519 0.3 0.3 0.0 0.0 0.0 0.0 0.0 0.0 0.72115 0.0 0.0 45.47487 -0.49999 0.07399 0.0 0.0 0.0 0.0 0.0 0.0 0.0526107980405 14 1 0.992647058824 0.639219937439 -2.83758711491
-0.12623 0.35028 3.35743 -0.12979 0.55971 3.91811317851 0.78258 0.98072 0.30541 0.41196 152.77952 195.62801 147.22542 138.42519 0.3 0.3 0.0 0.0 0.0 0.0 0.0 0.0 0.72115 0.0 0.0 45.47487 -0.49999 0.07399 0.0 0.0 0.0 0.0 0.0 0.0 0.0532238509775 15 1 0.992647058824 0.527205840944 -2.58155305598
-0.12623 0.35028 3.35743 -0.12979 0.55971 3.90297744082 0.78258 0.98072 0.30541 0.41196 152.77952 195.62801 147.22542 138.42519 0.3 0.3 0.0 0.0 0.0 0.0 0.0 0.0 0.72115 0.0 0.0 45.47487 -0.49999 0.07399 0.0 0.0 0.0 0.0 0.0 0.0 0.0527967149426 16 0 0.971223021583 0.651102279805 -2.58155305598
-0.12623 0.35028 3.35743 -0.12979 0.55971 3.94136355098 0.78258 0.98072 0.30541 0.41196 152.77952 195.62801 147.22542 138.42519 0.3 0.3 0.0 0.0 0.0 0.0 0.0 0.0 0.72115 0.0 0.0 45.47487 -0.49999 0.07399 0.0 0.0 0.0 0.0 0.0 0.0 0.0531424968052 17 1 0.992647058824 0.53361083581 -2.59200534614
-0.12623 0.35028 3.35743 -0.12979 0.55971 3.93949720909 0.78258 0.98072 0.30541 0.41196 152.77952 195.62801 147.22542 138.42519 0.3 0.3 0.0 0.0 0.0 0.0 0.0 0.0 0.72115 0.0 0.0 45.47487 -0.49999 0.07399 0.0 0.0 0.0 0.0 0.0 0.0 0.0534672140795 18 1 0.992647058824 0.544143017642 -2.63277109763
-0.12623 0.35028 3.35743 -0.12979 0.55971 3.95681934778 0.78258 0.98072 0.30541 0.41196 152.77952 195.62801 147.22542 138.42519 0.3 0.3 0.0 0.0 0.0 0.0 0.0 0.0 0.72115 0.0 0.0 45.47487 -0.49999 0.07399 0.0 0.0 0.0 0.0 0.0 0.0 0.0545397877541 19 1 0.992647058824 0.416342869681 -2.43765131618
-0.12623 0.35028 3.35743 -0.12979 0.55971 3.9191138351 0.78258 0.98072 0.30541 0.41196 152.77952 195.62801 147.22542 138.42519 0.3 0.3 0.0 0.0 0.0 0.0 0.0 0.0 0.72115 0.0 0.0 45.47487 -0.49999 0.07399 0.0 0.0 0.0 0.0 0.0 0.0 0.0549447077166 20 1 0.992647058824 0.527140103776 -2.67381733019
-0.12623 0.35028 3.35743 -0.12979 0.55971 3.93139960075 0.78258 0.98072 0.30541 0.41196 152.77952 195.62801 147.22542 138.42519 0.3 0.3 0.0 0.0 0.0 0.0 0.0 0.0 0.72115 0.0 0.0 45.47487 -0.49999 0.07399 0.0 0.0 0.0 0.0 0.0 0.0 0.0555429101732 21 1 0.992647058824 0.559433419756 -2.77684431606
-0.12623 0.35028 3.35743 -0.12979 0.55971 3.97928192391 0.78258 0.98072 0.30541 0.41196 152.77952 195.62801 147.22542 138.42519 0.3 0.3 0.0 0.0 0.0 0.0 0.0 0.0 0.72115 0.0 0.0 45.47487 -0.49999 0.07399 0.0 0.0 0.0 0.0 0.0 0.0 0.0557358828094 22 1 0.992647058824 0.375254841868 -2.45040546685
-0.12623 0.35028 3.35743 -0.12979 0.55971 3.99834532783 0.78258 0.98072 0.30541 0.41196 152.77952 195.62801 147.22542 138.42519 0.3 0.3 0.0 0.0 0.0 0.0 0.0 0.0 0.72115 0.0 0.0 45.47487 -0.49999 0.07399 0.0 0.0 0.0 0.0 0.0 0.0 0.0559080525779 23 0 0.985294117647 0.396876904572 -2.45040546685
-0.12623 0.35028 3.35743 -0.12979 0.55971 4.01249266275 0.78258 0.98072 0.30541 0.41196 152.77952 195.62801 147.22542 138.42519 0.3 0.3 0.0 0.0 0.0 0.0 0.0 0.0 0.72115 0.0 0.0 45.47487 -0.49999 0.07399 0.0 0.0 0.0 0.0 0.0 0.0 0.0551802508496 24 1 0.985294117647 0.0535447086008 -2.15486421122
-0.12623 0.35028 3.35743 -0.12979 0.55971 4.00673563334 0.78258 0.98072 0.30541 0.41196 152.77952 195.62801 147.22542 138.42519 0.3 0.3 0.0 0.0 0.0 0.0 0.0 0.0 0.72115 0.0 0.0 45.47487 -0.49999 0.07399 0.0 0.0 0.0 0.0 0.0 0.0 0.0550614288248 25 0 0.977941176471 0.3792481404 -2.15486421122
-0.12623 0.35028 3.35743 -0.12979 0.55971 3.97891261537 0.78258 0.98072 0.30541 0.41196 152.77952 195.62801 147.22542 138.42519 0.3 0.3 0.0 0.0 0.0 0.0 0.0 0.0 0.72115 0.0 0.0 45.47487 -0.49999 0.07399 0.0 0.0 0.0 0.0 0.0 0.0 0.054331039844 26 1 0.992647058824 0.376429161366 -2.3594091673
-0.12623 0.35028 3.35743 -0.12979 0.55971 3.96092205317 0.78258 0.98072 0.30541 0.41196 152.77952 195.62801 147.22542 138.42519 0.3 0.3 0.0 0.0 0.0 0.0 0.0 0.0 0.72115 0.0 0.0 45.47487 -0.49999 0.07399 0.0 0.0 0.0 0.0 0.0 0.0 0.0541603977455 27 0 0.985294117647 0.200886968265 -2.3594091673
-0.12623 0.35028 3.35743 -0.12979 0.55971 3.96395448602 0.78258 0.98072 0.30541 0.41196 152.77952 195.62801 147.22542 138.42519 0.3 0.3 0.0 0.0 0.0 0.0 0.0 0.0 0.72115 0.0 0.0 45.47487 -0.49999 0.07399 0.0 0.0 0.0 0.0 0.0 0.0 0.0537480645919 28 1 0.985294117647 0.170881564279 -2.26962282192
-0.12623 0.35028 3.35743 -0.12979 0.55971 3.98085290552 0.78258 0.98072 0.30541 0.41196 152.77952 195.62801 147.22542 138.42519 0.3 0.3 0.0 0.0 0.0 0.0 0.0 0.0 0.72115 0.0 0.0 45.47487 -0.49999 0.07399 0.0 0.0 0.0 0.0 0.0 0.0 0.0535771599785 29 1 0.992647058824 0.185970518436 -2.0842476565
-0.12623 0.35028 3.35743 -0.12979 0.55971 4.00399602071 0.78258 0.98072 0.30541 0.41196 152.77952 195.62801 147.22542 138.42519 0.3 0.3 0.0 0.0 0.0 0.0 0.0 0.0 0.72115 0.0 0.0 45.47487 -0.49999 0.07399 0.0 0.0 0.0 0.0 0.0 0.0 0.0538880591933 30 0 0.977941176471 0.379092007244 -2.0842476565
-0.12623 0.35028 3.35743 -0.12979 0.55971 3.99429516424 0.78258 0.98072 0.30541 0.41196 152.77952 195.62801 147.22542 138.42519 0.3 0.3 0.0 0.0 0.0 0.0 0.0 0.0 0.72115 0.0 0.0 45.47487 -0.49999 0.07399 0.0 0.0 0.0 0.0 0.0 0.0 0.0528559778252 31 0 0.985294117647 0.401158864403 -2.0842476565
-0.12623 0.35028 3.35743 -0.12979 0.55971 3.97323169038 0.78258 0.98072 0.30541 0.41196 152.77952 195.62801 147.22542 138.42519 0.3 0.3 0.0 0.0 0.0 0.0 0.0 0.0 0.72115 0.0 0.0 45.47487 -0.49999 0.07399 0.0 0.0 0.0 0.0 0.0 0.0 0.0534410462163 32 1 0.985294117647 0.166027600114 -2.23567557625
-0.12623 0.35028 3.35743 -0.12979 0.55971 3.9818406616 0.78258 0.98072 0.30541 0.41196 152.77952 195.62801 147.22542 138.42519 0.3 0.3 0.0 0.0 0.0 0.0 0.0 0.0 0.72115 0.0 0.0 45.47487 -0.49999 0.07399 0.0 0.0 0.0 0.0 0.0 0.0 0.0536477621425 33 1 0.992647058824 0.1864927219 -2.08972215983
-0.12623 0.35028 3.35743 -0.12979 0.55971 3.93915733651 0.78258 0.98072 0.30541 0.41196 152.77952 195.62801 147.22542 138.42519 0.3 0.3 0.0 0.0 0.0 0.0 0.0 0.0 0.72115 0.0 0.0 45.47487 -0.49999 0.07399 0.0 0.0 0.0 0.0 0.0 0.0 0.05359188163 34 0 0.992647058824 0.544123479301 -2.08972215983
-0.12623 0.35028 3.35743 -0.12979 0.55971 3.95800665421 0.78258 0.98072 0.30541 0.41196 152.77952 195.62801 147.22542 138.42519 0.3 0.3 0.0 0.0 0.0 0.0 0.0 0.0 0.72115 0.0 0.0 45.47487 -0.49999 0.07399 0.0 0.0 0.0 0.0 0.0 0.0 0.0543421469603 35 1 0.992647058824 0.208295091519 -2.15763545645
-0.12623 0.35028 3.35743 -0.12979 0.55971 3.9432912644 0.78258 0.98072 0.30541 0.41196 152.77952 195.62801 147.22542 138.42519 0.3 0.3 0.0 0.0 0.0 0.0 0.0 0.0 0.72115 0.0 0.0 45.47487 -0.49999 0.07399 0.0 0.0 0.0 0.0 0.0 0.0 0.0536261376297 36 1 0.992647058824 0.519627933735 -2.58570295271
-0.12623 0.35028 3.35743 -0.12979 0.55971 3.93191534003 0.78258 0.98072 0.30541 0.41196 152.77952 195.62801 147.22542 138.42519 0.3 0.3 0.0 0.0 0.0 0.0 0.0 0.0 0.72115 0.0 0.0 45.47487 -0.49999 0.07399 0.0 0.0 0.0 0.0 0.0 0.0 0.0528143884883 37 1 0.992647058824 0.534235403447 -2.5769546745
-0.12623 0.35028 3.35743 -0.12979 0.55971 3.96532339731 0.78258 0.98072 0.30541 0.41196 152.77952 195.62801 147.22542 138.42519 0.3 0.3 0.0 0.0 0.0 0.0 0.0 0.0 0.72115 0.0 0.0 45.47487 -0.49999 0.07399 0.0 0.0 0.0 0.0 0.0 0.0 0.0528180659637 38 1 0.985294117647 0.188870016758 -2.26597028551
-0.12623 0.35028 3.35743 -0.12979 0.55971 3.97495665448 0.78258 0.98072 0.30541 0.41196 152.77952 195.62801 147.22542 138.42519 0.3 0.3 0.0 0.0 0.0 0.0 0.0 0.0 0.72115 0.0 0.0 45.47487 -0.49999 0.07399 0.0 0.0 0.0 0.0 0.0 0.0 0.0531678377949 39 1 0.985294117647 0.373944159354 -3.18413425373
-0.12623 0.35028 3.35743 -0.12979 0.55971 3.96925621126 0.78258 0.98072 0.30541 0.41196 152.77952 195.62801 147.22542 138.42519 0.3 0.3 0.0 0.0 0.0 0.0 0.0 0.0 0.72115 0.0 0.0 45.47487 -0.49999 0.07399 0.0 0.0 0.0 0.0 0.0 0.0 0.0517662242498 40 1 0.985294117647 0.165441567499 -2.1269307763
-0.12623 0.35028 3.35743 -0.12979 0.55971 3.94928097103 0.78258 0.98072 0.30541 0.41196 152.77952 195.62801 147.22542 138.42519 0.3 0.3 0.0 0.0 0.0 0.0 0.0 0.0 0.72115 0.0 0.0 45.47487 -0.49999 0.07399 0.0 0.0 0.0 0.0 0.0 0.0 0.0515903893149 41 1 0.992647058824 0.495732648288 -2.42740043413
-0.12623 0.35028 3.35743 -0.12979 0.55971 3.92709279232 0.78258 0.98072 0.30541 0.41196 152.77952 195.62801 147.22542 138.42519 0.3 0.3 0.0 0.0 0.0 0.0 0.0 0.0 0.72115 0.0 0.0 45.47487 -0.49999 0.07399 0.0 0.0 0.0 0.0 0.0 0.0 0.0515102561066 42 1 0.992647058824 0.633924301643 -2.78126722155
-0.12623 0.35028 3.35743 -0.12979 0.55971 3.90229214927 0.78258 0.98072 0.30541 0.41196 152.77952 195.62801 147.22542 138.42519 0.3 0.3 0.0 0.0 0.0 0.0 0.0 0.0 0.72115 0.0 0.0 45.47487 -0.49999 0.07399 0.0 0.0 0.0 0.0 0.0 0.0 0.0512363204981 43 0 0.971223021583 0.651553608812 -2.78126722155
-0.12623 0.35028 3.35743 -0.12979 0.55971 3.97749245586 0.78258 0.98072 0.30541 0.41196 152.77952 195.62801 147.22542 138.42519 0.3 0.3 0.0 0.0 0.0 0.0 0.0 0.0 0.72115 0.0 0.0 45.47487 -0.49999 0.07399 0.0 0.0 0.0 0.0 0.0 0.0 0.0505194470066 44 1 0.992647058824 0.374529164857 -2.12403618433
-0.12623 0.35028 3.35743 -0.12979 0.55971 4.0075193314 0.78258 0.98072 0.30541 0.41196 152.77952 195.62801 147.22542 138.42519 0.3 0.3 0.0 0.0 0.0 0.0 0.0 0.0 0.72115 0.0 0.0 45.47487 -0.49999 0.07399 0.0 0.0 0.0 0.0 0.0 0.0 0.0499741789513 45 0 0.977941176471 0.371395923755 -2.12403618433
-0.12623 0.35028 3.35743 -0.12979 0.55971 3.99229395172 0.78258 0.98072 0.30541 0.41196 152.77952 195.62801 147.22542 138.42519 0.3 0.3 0.0 0.0 0.0 0.0 0.0 0.0 0.72115 0.0 0.0 45.47487 -0.49999 0.07399 0.0 0.0 0.0 0.0 0.0 0.0 0.0505814030308 46 1 0.992647058824 0.39924331063 -2.1730377518
-0.12623 0.35028 3.35743 -0.12979 0.55971 4.01672238699 0.78258 0.98072 0.30541 0.41196 152.77952 195.62801 147.22542 138.42519 0.3 0.3 0.0 0.0 0.0 0.0 0.0 0.0 0.72115 0.0 0.0 45.47487 -0.49999 0.07399 0.0 0.0 0.0 0.0 0.0 0.0 0.0508005799965 47 1 0.985294117647 0.131604572956 -1.9728392951
-0.12623 0.35028 3.35743 -0.12979 0.55971 4.02855081393 0.78258 0.98072 0.30541 0.41196 152.77952 195.62801 147.22542 138.42519 0.3 0.3 0.0 0.0 0.0 0.0 0.0 0.0 0.72115 0.0 0.0 45.47487 -0.49999 0.07399 0.0 0.0 0.0 0.0 0.0 0.0 0.0505298527704 48 1 1.0 0.418788396977 -1.7904735306
-0.12623 0.35028 3.35743 -0.12979 0.55971 4.03678615851 0.78258 0.98072 0.30541 0.41196 152.77952 195.62801 147.22542 138.42519 0.3 0.3 0.0 0.0 0.0 0.0 0.0 0.0 0.72115 0.0 0.0 45.47487 -0.49999 0.07399 0.0 0.0 0.0 0.0 0.0 0.0 0.0505625394412 49 1 1.0 0.454781494263 -1.79277235173
-0.12623 0.35028 3.35743 -0.12979 0.55971 4.04696715014 0.78258 0.98072 0.30541 0.41196 152.77952 195.62801 147.22542 138.42519 0.3 0.3 0.0 0.0 0.0 0.0 0.0 0.0 0.72115 0.0 0.0 45.47487 -0.49999 0.07399 0.0 0.0 0.0 0.0 0.0 0.0 0.0504427760807 50 1 1.0 0.279612672076 -1.78435653968
-0.12623 0.35028 3.35743 -0.12979 0.55971 4.04691212413 0.78258 0.98072 0.30541 0.41196 152.77952 195.62801 147.22542 138.42519 0.3 0.3 0.0 0.0 0.0 0.0 0.0 0.0 0.72115 0.0 0.0 45.47487 -0.49999 0.07399 0.0 0.0 0.0 0.0 0.0 0.0 0.0512625513674 51 1 1.0 0.279560418941 -1.84234888218
-0.12623 0.35028 3.35743 -0.12979 0.55971 4.04220394765 0.78258 0.98072 0.30541 0.41196 152.77952 195.62801 147.22542 138.42519 0.3 0.3 0.0 0.0 0.0 0.0 0.0 0.0 0.72115 0.0 0.0 45.47487 -0.49999 0.07399 0.0 0.0 0.0 0.0 0.0 0.0 0.0518688665678 52 1 1.0 0.272677354443 -1.88582249421
-0.12623 0.35028 3.35743 -0.12979 0.55971 4.05041618472 0.78258 0.98072 0.30541 0.41196 152.77952 195.62801 147.22542 138.42519 0.3 0.3 0.0 0.0 0.0 0.0 0.0 0.0 0.72115 0.0 0.0 45.47487 -0.49999 0.07399 0.0 0.0 0.0 0.0 0.0 0.0 0.0524315729408 53 1 1.0 0.279700901026 -1.92661135818
-0.12623 0.35028 3.35743 -0.12979 0.55971 4.03858785881 0.78258 0.98072 0.30541 0.41196 152.77952 195.62801 147.22542 138.42519 0.3 0.3 0.0 0.0 0.0 0.0 0.0 0.0 0.72115 0.0 0.0 45.47487 -0.49999 0.07399 0.0 0.0 0.0 0.0 0.0 0.0 0.0523228350369 54 1 1.0 0.454812400309 -1.91869612979
-0.12623 0.35028 3.35743 -0.12979 0.55971 4.04969802058 0.78258 0.98072 0.30541 0.41196 152.77952 195.62801 147.22542 138.42519 0.3 0.3 0.0 0.0 0.0 0.0 0.0 0.0 0.72115 0.0 0.0 45.47487 -0.49999 0.07399 0.0 0.0 0.0 0.0 0.0 0.0 0.0520361204018 55 1 1.0 0.279698794348 -1.89790178758
-0.12623 0.35028 3.35743 -0.12979 0.55971 4.03727684727 0.78258 0.98072 0.30541 0.41196 152.77952 195.62801 147.22542 138.42519 0.3 0.3 0.0 0.0 0.0 0.0 0.0 0.0 0.72115 0.0 0.0 45.47487 -0.49999 0.07399 0.0 0.0 0.0 0.0 0.0 0.0 0.052251584906 56 1 1.0 0.454788001908 -1.91351831406
-0.12623 0.35028 3.35743 -0.12979 0.55971 4.01843124321 0.78258 0.98072 0.30541 0.41196 152.77952 195.62801 147.22542 138.42519 0.3 0.3 0.0 0.0 0.0 0.0 0.0 0.0 0.72115 0.0 0.0 45.47487 -0.49999 0.07399 0.0 0.0 0.0 0.0 0.0 0.0 0.0528990509114 57 1 0.992592592593 0.0350188850854 -1.96352586281
-0.12623 0.35028 3.35743 -0.12979 0.55971 4.02496912914 0.78258 0.98072 0.30541 0.41196 152.77952 195.62801 147.22542 138.42519 0.3 0.3 0.0 0.0 0.0 0.0 0.0 0.0 0.72115 0.0 0.0 45.47487 -0.49999 0.07399 0.0 0.0 0.0 0.0 0.0 0.0 0.0522735607566 58 1 1.0 0.410684442338 -1.91511459324
-0.12623 0.35028 3.35743 -0.12979 0.55971 4.02849319252 0.78258 0.98072 0.30541 0.41196 152.77952 195.62801 147.22542 138.42519 0.3 0.3 0.0 0.0 0.0 0.0 0.0 0.0 0.72115 0.0 0.0 45.47487 -0.49999 0.07399 0.0 0.0 0.0 0.0 0.0 0.0 0.0527353679088 59 1 1.0 0.418794576701 -1.9488092576
-0.12623 0.35028 3.35743 -0.12979 0.55971 4.0016542491 0.78258 0.98072 0.30541 0.41196 152.77952 195.62801 147.22542 138.42519 0.3 0.3 0.0 0.0 0.0 0.0 0.0 0.0 0.72115 0.0 0.0 45.47487 -0.49999 0.07399 0.0 0.0 0.0 0.0 0.0 0.0 0.0527602907865 60 0 0.985294117647 0.379471210067 -1.9488092576
-0.12623 0.35028 3.35743 -0.12979 0.55971 4.04274563618 0.78258 0.98072 0.30541 0.41196 152.77952 195.62801 147.22542 138.42519 0.3 0.3 0.0 0.0 0.0 0.0 0.0 0.0 0.72115 0.0 0.0 45.47487 -0.49999 0.07399 0.0 0.0 0.0 0.0 0.0 0.0 0.0537557853778 61 1 1.0 0.27201041736 -2.02427588784
-0.12623 0.35028 3.35743 -0.12979 0.55971 4.02308999874 0.78258 0.98072 0.30541 0.41196 152.77952 195.62801 147.22542 138.42519 0.3 0.3 0.0 0.0 0.0 0.0 0.0 0.0 0.72115 0.0 0.0 45.47487 -0.49999 0.07399 0.0 0.0 0.0 0.0 0.0 0.0 0.0537831086257 62 1 0.992592592593 0.117890988079 -2.05597465803
-0.12623 0.35028 3.35743 -0.12979 0.55971 3.99991531823 0.78258 0.98072 0.30541 0.41196 152.77952 195.62801 147.22542 138.42519 0.3 0.3 0.0 0.0 0.0 0.0 0.0 0.0 0.72115 0.0 0.0 45.47487 -0.49999 0.07399 0.0 0.0 0.0 0.0 0.0 0.0 0.053927999881 63 1 0.985294117647 0.399910783035 -3.37507650986
-0.12623 0.35028 3.35743 -0.12979 0.55971 3.99659834485 0.78258 0.98072 0.30541 0.41196 152.77952 195.62801 147.22542 138.42519 0.3 0.3 0.0 0.0 0.0 0.0 0.0 0.0 0.72115 0.0 0.0 45.47487 -0.49999 0.07399 0.0 0.0 0.0 0.0 0.0 0.0 0.0541177959184 64 1 0.985294117647 0.396558111044 -3.35776009337
-0.12623 0.35028 3.35743 -0.12979 0.55971 3.97887799951 0.78258 0.98072 0.30541 0.41196 152.77952 195.62801 147.22542 138.42519 0.3 0.3 0.0 0.0 0.0 0.0 0.0 0.0 0.72115 0.0 0.0 45.47487 -0.49999 0.07399 0.0 0.0 0.0 0.0 0.0 0.0 0.0539872698944 65 1 0.992647058824 0.376428407095 -2.33729351607
-0.12623 0.35028 3.35743 -0.12979 0.55971 3.9758049974 0.78258 0.98072 0.30541 0.41196 152.77952 195.62801 147.22542 138.42519 0.3 0.3 0.0 0.0 0.0 0.0 0.0 0.0 0.72115 0.0 0.0 45.47487 -0.49999 0.07399 0.0 0.0 0.0 0.0 0.0 0.0 0.0544005874043 66 1 0.985294117647 0.373962313582 -3.22237876831
-0.12623 0.35028 3.35743 -0.12979 0.55971 3.9326243021 0.78258 0.98072 0.30541 0.41196 152.77952 195.62801 147.22542 138.42519 0.3 0.3 0.0 0.0 0.0 0.0 0.0 0.0 0.72115 0.0 0.0 45.47487 -0.49999 0.07399 0.0 0.0 0.0 0.0 0.0 0.0 0.0538720679327 67 1 0.992647058824 0.534335341153 -2.63134173888
-0.12623 0.35028 3.35743 -0.12979 0.55971 3.96238850579 0.78258 0.98072 0.30541 0.41196 152.77952 195.62801 147.22542 138.42519 0.3 0.3 0.0 0.0 0.0 0.0 0.0 0.0 0.72115 0.0 0.0 45.47487 -0.49999 0.07399 0.0 0.0 0.0 0.0 0.0 0.0 0.0533450114086 68 1 0.985294117647 0.200153074227 -2.33623730966
-0.12623 0.35028 3.35743 -0.12979 0.55971 3.98574054795 0.78258 0.98072 0.30541 0.41196 152.77952 195.62801 147.22542 138.42519 0.3 0.3 0.0 0.0 0.0 0.0 0.0 0.0 0.72115 0.0 0.0 45.47487 -0.49999 0.07399 0.0 0.0 0.0 0.0 0.0 0.0 0.0533403348034 69 1 0.992647058824 0.405564284377 -2.34500947891
-0.12623 0.35028 3.35743 -0.12979 0.55971 3.96874325297 0.78258 0.98072 0.30541 0.41196 152.77952 195.62801 147.22542 138.42519 0.3 0.3 0.0 0.0 0.0 0.0 0.0 0.0 0.72115 0.0 0.0 45.47487 -0.49999 0.07399 0.0 0.0 0.0 0.0 0.0 0.0 0.0534521035084 70 1 0.985294117647 0.165423713707 -2.23469473857
-0.12623 0.35028 3.35743 -0.12979 0.55971 3.92897443308 0.78258 0.98072 0.30541 0.41196 152.77952 195.62801 147.22542 138.42519 0.3 0.3 0.0 0.0 0.0 0.0 0.0 0.0 0.72115 0.0 0.0 45.47487 -0.49999 0.07399 0.0 0.0 0.0 0.0 0.0 0.0 0.0532124700228 71 0 0.992647058824 0.628989529274 -2.23469473857
-0.12623 0.35028 3.35743 -0.12979 0.55971 3.96961312558 0.78258 0.98072 0.30541 0.41196 152.77952 195.62801 147.22542 138.42519 0.3 0.3 0.0 0.0 0.0 0.0 0.0 0.0 0.72115 0.0 0.0 45.47487 -0.49999 0.07399 0.0 0.0 0.0 0.0 0.0 0.0 0.0541282642585 72 1 0.985294117647 0.165433539161 -2.27943622222
-0.12623 0.35028 3.35743 -0.12979 0.55971 3.95894348143 0.78258 0.98072 0.30541 0.41196 152.77952 195.62801 147.22542 138.42519 0.3 0.3 0.0 0.0 0.0 0.0 0.0 0.0 0.72115 0.0 0.0 45.47487 -0.49999 0.07399 0.0 0.0 0.0 0.0 0.0 0.0 0.0543987494598 73 1 0.992647058824 0.208450121216 -2.16185376246
-0.12623 0.35028 3.35743 -0.12979 0.55971 3.9732009926 0.78258 0.98072 0.30541 0.41196 152.77952 195.62801 147.22542 138.42519 0.3 0.3 0.0 0.0 0.0 0.0 0.0 0.0 0.72115 0.0 0.0 45.47487 -0.49999 0.07399 0.0 0.0 0.0 0.0 0.0 0.0 0.0543026785643 74 1 0.985294117647 0.166028171856 -2.29273049502
-0.12623 0.35028 3.35743 -0.12979 0.55971 3.96728735993 0.78258 0.98072 0.30541 0.41196 152.77952 195.62801 147.22542 138.42519 0.3 0.3 0.0 0.0 0.0 0.0 0.0 0.0 0.72115 0.0 0.0 45.47487 -0.49999 0.07399 0.0 0.0 0.0 0.0 0.0 0.0 0.0547214522071 75 1 0.985294117647 0.188650633 -2.38613593199
-0.12623 0.35028 3.35743 -0.12979 0.55971 3.97136046167 0.78258 0.98072 0.30541 0.41196 152.77952 195.62801 147.22542 138.42519 0.3 0.3 0.0 0.0 0.0 0.0 0.0 0.0 0.72115 0.0 0.0 45.47487 -0.49999 0.07399 0.0 0.0 0.0 0.0 0.0 0.0 0.0550721337636 76 1 0.985294117647 0.165513360233 -2.34344161697
-0.12623 0.35028 3.35743 -0.12979 0.55971 3.9504325183 0.78258 0.98072 0.30541 0.41196 152.77952 195.62801 147.22542 138.42519 0.3 0.3 0.0 0.0 0.0 0.0 0.0 0.0 0.72115 0.0 0.0 45.47487 -0.49999 0.07399 0.0 0.0 0.0 0.0 0.0 0.0 0.0550725605972 77 1 0.992647058824 0.419162069068 -2.47606512362
-0.12623 0.35028 3.35743 -0.12979 0.55971 3.93461407781 0.78258 0.98072 0.30541 0.41196 152.77952 195.62801 147.22542 138.42519 0.3 0.3 0.0 0.0 0.0 0.0 0.0 0.0 0.72115 0.0 0.0 45.47487 -0.49999 0.07399 0.0 0.0 0.0 0.0 0.0 0.0 0.0551174876933 78 1 0.992647058824 0.551388042572 -2.73586412516
-0.12623 0.35028 3.35743 -0.12979 0.55971 3.98369793126 0.78258 0.98072 0.30541 0.41196 152.77952 195.62801 147.22542 138.42519 0.3 0.3 0.0 0.0 0.0 0.0 0.0 0.0 0.72115 0.0 0.0 45.47487 -0.49999 0.07399 0.0 0.0 0.0 0.0 0.0 0.0 0.0557221338444 79 1 0.992647058824 0.186647530688 -2.24187367755
-0.12623 0.35028 3.35743 -0.12979 0.55971 4.00228152246 0.78258 0.98072 0.30541 0.41196 152.77952 195.62801 147.22542 138.42519 0.3 0.3 0.0 0.0 0.0 0.0 0.0 0.0 0.72115 0.0 0.0 45.47487 -0.49999 0.07399 0.0 0.0 0.0 0.0 0.0 0.0 0.0559197417265 80 0 0.977941176471 0.378960697085 -2.24187367755
-0.12623 0.35028 3.35743 -0.12979 0.55971 3.98522207917 0.78258 0.98072 0.30541 0.41196 152.77952 195.62801 147.22542 138.42519 0.3 0.3 0.0 0.0 0.0 0.0 0.0 0.0 0.72115 0.0 0.0 45.47487 -0.49999 0.07399 0.0 0.0 0.0 0.0 0.0 0.0 0.0556909017634 81 1 0.992647058824 0.405538798282 -2.49374788351
-0.12623 0.35028 3.35743 -0.12979 0.55971 4.02357774771 0.78258 0.98072 0.30541 0.41196 152.77952 195.62801 147.22542 138.42519 0.3 0.3 0.0 0.0 0.0 0.0 0.0 0.0 0.72115 0.0 0.0 45.47487 -0.49999 0.07399 0.0 0.0 0.0 0.0 0.0 0.0 0.0547903573146 82 1 0.992592592593 0.117915015756 -2.13080273312
-0.12623 0.35028 3.35743 -0.12979 0.55971 4.01812962096 0.78258 0.98072 0.30541 0.41196 152.77952 195.62801 147.22542 138.42519 0.3 0.3 0.0 0.0 0.0 0.0 0.0 0.0 0.72115 0.0 0.0 45.47487 -0.49999 0.07399 0.0 0.0 0.0 0.0 0.0 0.0 0.0550392024346 83 1 0.985294117647 0.133320532478 -2.26392502406
-0.12623 0.35028 3.35743 -0.12979 0.55971 4.05094590173 0.78258 0.98072 0.30541 0.41196 152.77952 195.62801 147.22542 138.42519 0.3 0.3 0.0 0.0 0.0 0.0 0.0 0.0 0.72115 0.0 0.0 45.47487 -0.49999 0.07399 0.0 0.0 0.0 0.0 0.0 0.0 0.0545670570436 84 1 1.0 0.280644294413 -2.08526980219
-0.12623 0.35028 3.35743 -0.12979 0.55971 4.04232412969 0.78258 0.98072 0.30541 0.41196 152.77952 195.62801 147.22542 138.42519 0.3 0.3 0.0 0.0 0.0 0.0 0.0 0.0 0.72115 0.0 0.0 45.47487 -0.49999 0.07399 0.0 0.0 0.0 0.0 0.0 0.0 0.0545999045684 85 1 1.0 0.271989368065 -2.08775792318
-0.12623 0.35028 3.35743 -0.12979 0.55971 4.03306265818 0.78258 0.98072 0.30541 0.41196 152.77952 195.62801 147.22542 138.42519 0.3 0.3 0.0 0.0 0.0 0.0 0.0 0.0 0.72115 0.0 0.0 45.47487 -0.49999 0.07399 0.0 0.0 0.0 0.0 0.0 0.0 0.0542868782428 86 1 1.0 0.408667352277 -2.064105562
-0.12623 0.35028 3.35743 -0.12979 0.55971 4.0280665409 0.78258 0.98072 0.30541 0.41196 152.77952 195.62801 147.22542 138.42519 0.3 0.3 0.0 0.0 0.0 0.0 0.0 0.0 0.72115 0.0 0.0 45.47487 -0.49999 0.07399 0.0 0.0 0.0 0.0 0.0 0.0 0.054340891855 87 1 1.0 0.418363163119 -2.06817749247
-0.12623 0.35028 3.35743 -0.12979 0.55971 4.00835705593 0.78258 0.98072 0.30541 0.41196 152.77952 195.62801 147.22542 138.42519 0.3 0.3 0.0 0.0 0.0 0.0 0.0 0.0 0.72115 0.0 0.0 45.47487 -0.49999 0.07399 0.0 0.0 0.0 0.0 0.0 0.0 0.0543083933399 88 0 0.977941176471 0.371475517048 -2.06817749247
-0.12623 0.35028 3.35743 -0.12979 0.55971 4.00934767182 0.78258 0.98072 0.30541 0.41196 152.77952 195.62801 147.22542 138.42519 0.3 0.3 0.0 0.0 0.0 0.0 0.0 0.0 0.72115 0.0 0.0 45.47487 -0.49999 0.07399 0.0 0.0 0.0 0.0 0.0 0.0 0.0561812067723 89 0 0.977941176471 0.371462874734 -2.06817749247
-0.12623 0.35028 3.35743 -0.12979 0.55971 4.03148441801 0.78258 0.98072 0.30541 0.41196 152.77952 195.62801 147.22542 138.42519 0.3 0.3 0.0 0.0 0.0 0.0 0.0 0.0 0.72115 0.0 0.0 45.47487 -0.49999 0.07399 0.0 0.0 0.0 0.0 0.0 0.0 0.0543554815489 90 1 1.0 0.407954468575 -2.06927803674
-0.12623 0.35028 3.35743 -0.12979 0.55971 4.00873751056 0.78258 0.98072 0.30541 0.41196 152.77952 195.62801 147.22542 138.42519 0.3 0.3 0.0 0.0 0.0 0.0 0.0 0.0 0.72115 0.0 0.0 45.47487 -0.49999 0.07399 0.0 0.0 0.0 0.0 0.0 0.0 0.0541478125978 91 0 0.977941176471 0.371406340219 -2.06927803674
-0.12623 0.35028 3.35743 -0.12979 0.55971 4.06958870099 0.78258 0.98072 0.30541 0.41196 152.77952 195.62801 147.22542 138.42519 0.3 0.3 0.0 0.0 0.0 0.0 0.0 0.0 0.72115 0.0 0.0 45.47487 -0.49999 0.07399 0.0 0.0 0.0 0.0 0.0 0.0 0.0543627322674 92 1 0.992647058824 0.426523661391 -2.44424454429
-0.12623 0.35028 3.35743 -0.12979 0.55971 4.07068508516 0.78258 0.98072 0.30541 0.41196 152.77952 195.62801 147.22542 138.42519 0.3 0.3 0.0 0.0 0.0 0.0 0.0 0.0 0.72115 0.0 0.0 45.47487 -0.49999 0.07399 0.0 0.0 0.0 0.0 0.0 0.0 0.054121974503 93 1 0.992647058824 0.4270294457 -2.43035255789
-0.12623 0.35028 3.35743 -0.12979 0.55971 4.03503984801 0.78258 0.98072 0.30541 0.41196 152.77952 195.62801 147.22542 138.42519 0.3 0.3 0.0 0.0 0.0 0.0 0.0 0.0 0.72115 0.0 0.0 45.47487 -0.49999 0.07399 0.0 0.0 0.0 0.0 0.0 0.0 0.0539568616643 94 1 1.0 0.40886263124 -2.03931133742
-0.12623 0.35028 3.35743 -0.12979 0.55971 4.02933465675 0.78258 0.98072 0.30541 0.41196 152.77952 195.62801 147.22542 138.42519 0.3 0.3 0.0 0.0 0.0 0.0 0.0 0.0 0.72115 0.0 0.0 45.47487 -0.49999 0.07399 0.0 0.0 0.0 0.0 0.0 0.0 0.055076856323 95 1 1.0 0.415745185991 -2.12404833001
-0.12623 0.35028 3.35743 -0.12979 0.55971 4.03706531212 0.78258 0.98072 0.30541 0.41196 152.77952 195.62801 147.22542 138.42519 0.3 0.3 0.0 0.0 0.0 0.0 0.0 0.0 0.72115 0.0 0.0 45.47487 -0.49999 0.07399 0.0 0.0 0.0 0.0 0.0 0.0 0.0544155662135 96 1 1.0 0.454796219603 -2.07381340294
-0.12623 0.35028 3.35743 -0.12979 0.55971 4.05810930392 0.78258 0.98072 0.30541 0.41196 152.77952 195.62801 147.22542 138.42519 0.3 0.3 0.0 0.0 0.0 0.0 0.0 0.0 0.72115 0.0 0.0 45.47487 -0.49999 0.07399 0.0 0.0 0.0 0.0 0.0 0.0 0.0546153171198 97 1 0.992647058824 0.369710931254 -2.36764731909
-0.12623 0.35028 3.35743 -0.12979 0.55971 4.03742904758 0.78258 0.98072 0.30541 0.41196 152.77952 195.62801 147.22542 138.42519 0.3 0.3 0.0 0.0 0.0 0.0 0.0 0.0 0.72115 0.0 0.0 45.47487 -0.49999 0.07399 0.0 0.0 0.0 0.0 0.0 0.0 0.0541416700855 98 1 1.0 0.454806024156 -2.05317808561
-0.12623 0.35028 3.35743 -0.12979 0.55971 4.01534352586 0.78258 0.98072 0.30541 0.41196 152.77952 195.62801 147.22542 138.42519 0.3 0.3 0.0 0.0 0.0 0.0 0.0 0.0 0.72115 0.0 0.0 45.47487 -0.49999 0.07399 0.0 0.0 0.0 0.0 0.0 0.0 0.0543651629333 99 1 0.985294117647 0.0460045212849 -2.0874303425
-0.12623 0.35028 3.35743 -0.12979 0.55971 4.0271749034 0.78258 0.98072 0.30541 0.41196 152.77952 195.62801 147.22542 138.42519 0.3 0.3 0.0 0.0 0.0 0.0 0.0 0.0 0.72115 0.0 0.0 45.47487 -0.49999 0.07399 0.0 0.0 0.0 0.0 0.0 0.0 0.0546526085111 100 1 1.0 0.118377246338 -2.09175313352
