-0.12623 0.35028 3.35743 -0.12979 0.55971 3.85405333333 0.78258 0.98072 0.30541 0.41196 152.77952 195.62801 147.22542 138.42519 0.3 0.3 0.0 0.0 0.0 0.0 0.0 0.0 0.72115 0.0 0.0 45.47487 -0.49999 0.07399 0.0 0.0 0.0 0.0 0.0 0.0 0.05 0 1 0.94964028777 0.693483680103 -56.6381342694
-0.12623 0.35028 3.35743 -0.12979 0.55971 3.85917890468 0.78258 0.98072 0.30541 0.41196 152.77952 195.62801 147.22542 138.42519 0.3 0.3 0.0 0.0 0.0 0.0 0.0 0.0 0.72115 0.0 0.0 45.47487 -0.49999 0.07399 0.0 0.0 0.0 0.0 0.0 0.0 0.0495010297604 1 0 0.94964028777 0.697219250845 -56.6381342694
-0.12623 0.35028 3.35743 -0.12979 0.55971 3.8192085536 0.78258 0.98072 0.30541 0.41196 152.77952 195.62801 147.22542 138.42519 0.3 0.3 0.0 0.0 0.0 0.0 0.0 0.0 0.72115 0.0 0.0 45.47487 -0.49999 0.07399 0.0 0.0 0.0 0.0 0.0 0.0 0.0503919828046 2 0 0.943661971831 0.842585747947 -56.6381342694
-0.12623 0.35028 3.35743 -0.12979 0.55971 3.87004746216 0.78258 0.98072 0.30541 0.41196 152.77952 195.62801 147.22542 138.42519 0.3 0.3 0.0 0.0 0.0 0.0 0.0 0.0 0.72115 0.0 0.0 45.47487 -0.49999 0.07399 0.0 0.0 0.0 0.0 0.0 0.0 0.0503053778889 3 1 0.956834532374 0.496609246718 -22.2027415843
-0.12623 0.35028 3.35743 -0.12979 0.55971 3.86898074049 0.78258 0.98072 0.30541 0.41196 152.77952 195.62801 147.22542 138.42519 0.3 0.3 0.0 0.0 0.0 0.0 0.0 0.0 0.72115 0.0 0.0 45.47487 -0.49999 0.07399 0.0 0.0 0.0 0.0 0.0 0.0 0.0503575754738 4 1 0.956834532374 0.495586284436 -22.0801723577
-0.12623 0.35028 3.35743 -0.12979 0.55971 3.86128203115 0.78258 0.98072 0.30541 0.41196 152.77952 195.62801 147.22542 138.42519 0.3 0.3 0.0 0.0 0.0 0.0 0.0 0.0 0.72115 0.0 0.0 45.47487 -0.49999 0.07399 0.0 0.0 0.0 0.0 0.0 0.0 0.0514416713425 5 0 0.956834532374 0.697431588739 -22.0801723577
-0.12623 0.35028 3.35743 -0.12979 0.55971 3.89133502859 0.78258 0.98072 0.30541 0.41196 152.77952 195.62801 147.22542 138.42519 0.3 0.3 0.0 0.0 0.0 0.0 0.0 0.0 0.72115 0.0 0.0 45.47487 -0.49999 0.07399 0.0 0.0 0.0 0.0 0.0 0.0 0.0489046601943 6 1 0.971223021583 0.565017240509 -14.1135657689
-0.12623 0.35028 3.35743 -0.12979 0.55971 3.92001623894 0.78258 0.98072 0.30541 0.41196 152.77952 195.62801 147.22542 138.42519 0.3 0.3 0.0 0.0 0.0 0.0 0.0 0.0 0.72115 0.0 0.0 45.47487 -0.49999 0.07399 0.0 0.0 0.0 0.0 0.0 0.0 0.0487650366083 7 1 0.992647058824 0.527020463703 -2.37891102943
-0.12623 0.35028 3.35743 -0.12979 0.55971 3.92039688198 0.78258 0.98072 0.30541 0.41196 152.77952 195.62801 147.22542 138.42519 0.3 0.3 0.0 0.0 0.0 0.0 0.0 0.0 0.72115 0.0 0.0 45.47487 -0.49999 0.07399 0.0 0.0 0.0 0.0 0.0 0.0 0.0491108248151 8 1 0.992647058824 0.527007519713 -2.39247628276
-0.12623 0.35028 3.35743 -0.12979 0.55971 3.91327087478 0.78258 0.98072 0.30541 0.41196 152.77952 195.62801 147.22542 138.42519 0.3 0.3 0.0 0.0 0.0 0.0 0.0 0.0 0.72115 0.0 0.0 45.47487 -0.49999 0.07399 0.0 0.0 0.0 0.0 0.0 0.0 0.0500697670367 9 0 0.971223021583 0.597678934006 -2.39247628276
-0.12623 0.35028 3.35743 -0.12979 0.55971 3.91058478755 0.78258 0.98072 0.30541 0.41196 152.77952 195.62801 147.22542 138.42519 0.3 0.3 0.0 0.0 0.0 0.0 0.0 0.0 0.72115 0.0 0.0 45.47487 -0.49999 0.07399 0.0 0.0 0.0 0.0 0.0 0.0 0.0490180438956 10 0 0.978260869565 0.62815284782 -2.39247628276
-0.12623 0.35028 3.35743 -0.12979 0.55971 3.90074805018 0.78258 0.98072 0.30541 0.41196 152.77952 195.62801 147.22542 138.42519 0.3 0.3 0.0 0.0 0.0 0.0 0.0 0.0 0.72115 0.0 0.0 45.47487 -0.49999 0.07399 0.0 0.0 0.0 0.0 0.0 0.0 0.0487433228022 11 0 0.964285714286 0.688192657873 -2.39247628276
-0.12623 0.35028 3.35743 -0.12979 0.55971 3.89766594836 0.78258 0.98072 0.30541 0.41196 152.77952 195.62801 147.22542 138.42519 0.3 0.3 0.0 0.0 0.0 0.0 0.0 0.0 0.72115 0.0 0.0 45.47487 -0.49999 0.07399 0.0 0.0 0.0 0.0 0.0 0.0 0.0492954386733 12 0 0.971223021583 0.563386790781 -2.39247628276
-0.12623 0.35028 3.35743 -0.12979 0.55971 3.92095271599 0.78258 0.98072 0.30541 0.41196 152.77952 195.62801 147.22542 138.42519 0.3 0.3 0.0 0.0 0.0 0.0 0.0 0.0 0.72115 0.0 0.0 45.47487 -0.49999 0.07399 0.0 0.0 0.0 0.0 0.0 0.0 0.0481035751477 13 1 0.992647058824 0.527025799595 -2.35396374693
-0.12623 0.35028 3.35743 -0.12979 0.55971 3.9352880871 0.78258 0.98072 0.30541 0.41196 152.77952 195.62801 147.22542 138.42519 0.3 0.3 0.0 0.0 0.0 0.0 0.0 0.0 0.72115 0.0 0.0 45.47487 -0.49999 0.07399 0.0 0.0 0.0 0.0 0.0 0.0 0.0480662589958 14 1 0.992647058824 0.552640697003 -2.42540497625
-0.12623 0.35028 3.35743 -0.12979 0.55971 3.9189534033 0.78258 0.98072 0.30541 0.41196 152.77952 195.62801 147.22542 138.42519 0.3 0.3 0.0 0.0 0.0 0.0 0.0 0.0 0.72115 0.0 0.0 45.47487 -0.49999 0.07399 0.0 0.0 0.0 0.0 0.0 0.0 0.0473759356402 15 1 0.992647058824 0.527124445579 -2.32842942432
-0.12623 0.35028 3.35743 -0.12979 0.55971 3.9034097047 0.78258 0.98072 0.30541 0.41196 152.77952 195.62801 147.22542 138.42519 0.3 0.3 0.0 0.0 0.0 0.0 0.0 0.0 0.72115 0.0 0.0 45.47487 -0.49999 0.07399 0.0 0.0 0.0 0.0 0.0 0.0 0.0474549741798 16 0 0.964285714286 0.627377766185 -2.32842942432
-0.12623 0.35028 3.35743 -0.12979 0.55971 3.93134416892 0.78258 0.98072 0.30541 0.41196 152.77952 195.62801 147.22542 138.42519 0.3 0.3 0.0 0.0 0.0 0.0 0.0 0.0 0.72115 0.0 0.0 45.47487 -0.49999 0.07399 0.0 0.0 0.0 0.0 0.0 0.0 0.0468902843506 17 1 0.992647058824 0.559435633985 -2.40931448487
-0.12623 0.35028 3.35743 -0.12979 0.55971 3.9094196237 0.78258 0.98072 0.30541 0.41196 152.77952 195.62801 147.22542 138.42519 0.3 0.3 0.0 0.0 0.0 0.0 0.0 0.0 0.72115 0.0 0.0 45.47487 -0.49999 0.07399 0.0 0.0 0.0 0.0 0.0 0.0 0.0459608333773 18 0 0.978260869565 0.626081520929 -2.40931448487
-0.12623 0.35028 3.35743 -0.12979 0.55971 3.86801254196 0.78258 0.98072 0.30541 0.41196 152.77952 195.62801 147.22542 138.42519 0.3 0.3 0.0 0.0 0.0 0.0 0.0 0.0 0.72115 0.0 0.0 45.47487 -0.49999 0.07399 0.0 0.0 0.0 0.0 0.0 0.0 0.0463415463506 19 0 0.956834532374 0.550311738871 -2.40931448487
-0.12623 0.35028 3.35743 -0.12979 0.55971 3.92576239711 0.78258 0.98072 0.30541 0.41196 152.77952 195.62801 147.22542 138.42519 0.3 0.3 0.0 0.0 0.0 0.0 0.0 0.0 0.72115 0.0 0.0 45.47487 -0.49999 0.07399 0.0 0.0 0.0 0.0 0.0 0.0 0.0462756215912 20 1 0.992647058824 0.639053027735 -2.6635595418
-0.12623 0.35028 3.35743 -0.12979 0.55971 3.95627710481 0.78258 0.98072 0.30541 0.41196 152.77952 195.62801 147.22542 138.42519 0.3 0.3 0.0 0.0 0.0 0.0 0.0 0.0 0.72115 0.0 0.0 45.47487 -0.49999 0.07399 0.0 0.0 0.0 0.0 0.0 0.0 0.0448867901402 21 1 0.992647058824 0.416238268129 -1.9382796709
-0.12623 0.35028 3.35743 -0.12979 0.55971 3.9551267814 0.78258 0.98072 0.30541 0.41196 152.77952 195.62801 147.22542 138.42519 0.3 0.3 0.0 0.0 0.0 0.0 0.0 0.0 0.72115 0.0 0.0 45.47487 -0.49999 0.07399 0.0 0.0 0.0 0.0 0.0 0.0 0.0453186576341 22 1 0.992647058824 0.416310959555 -1.95572741539
-0.12623 0.35028 3.35743 -0.12979 0.55971 3.96240746053 0.78258 0.98072 0.30541 0.41196 152.77952 195.62801 147.22542 138.42519 0.3 0.3 0.0 0.0 0.0 0.0 0.0 0.0 0.72115 0.0 0.0 45.47487 -0.49999 0.07399 0.0 0.0 0.0 0.0 0.0 0.0 0.0449191903148 23 1 0.985294117647 0.200149870379 -1.9003249157
-0.12623 0.35028 3.35743 -0.12979 0.55971 3.98465160502 0.78258 0.98072 0.30541 0.41196 152.77952 195.62801 147.22542 138.42519 0.3 0.3 0.0 0.0 0.0 0.0 0.0 0.0 0.72115 0.0 0.0 45.47487 -0.49999 0.07399 0.0 0.0 0.0 0.0 0.0 0.0 0.0455606816008 24 1 0.992647058824 0.186641693917 -1.55986646764
-0.12623 0.35028 3.35743 -0.12979 0.55971 3.96442496107 0.78258 0.98072 0.30541 0.41196 152.77952 195.62801 147.22542 138.42519 0.3 0.3 0.0 0.0 0.0 0.0 0.0 0.0 0.72115 0.0 0.0 45.47487 -0.49999 0.07399 0.0 0.0 0.0 0.0 0.0 0.0 0.04552551261 25 1 0.985294117647 0.188917816454 -1.87451641053
-0.12623 0.35028 3.35743 -0.12979 0.55971 3.95363314641 0.78258 0.98072 0.30541 0.41196 152.77952 195.62801 147.22542 138.42519 0.3 0.3 0.0 0.0 0.0 0.0 0.0 0.0 0.72115 0.0 0.0 45.47487 -0.49999 0.07399 0.0 0.0 0.0 0.0 0.0 0.0 0.045024751769 26 1 0.992647058824 0.416205163572 -1.94365484091
-0.12623 0.35028 3.35743 -0.12979 0.55971 3.94226674517 0.78258 0.98072 0.30541 0.41196 152.77952 195.62801 147.22542 138.42519 0.3 0.3 0.0 0.0 0.0 0.0 0.0 0.0 0.72115 0.0 0.0 45.47487 -0.49999 0.07399 0.0 0.0 0.0 0.0 0.0 0.0 0.0447589643836 27 1 0.992647058824 0.51936083184 -2.22619852235
-0.12623 0.35028 3.35743 -0.12979 0.55971 3.93412636321 0.78258 0.98072 0.30541 0.41196 152.77952 195.62801 147.22542 138.42519 0.3 0.3 0.0 0.0 0.0 0.0 0.0 0.0 0.72115 0.0 0.0 45.47487 -0.49999 0.07399 0.0 0.0 0.0 0.0 0.0 0.0 0.04481025913 28 1 0.992647058824 0.551381084948 -2.33138735496
-0.12623 0.35028 3.35743 -0.12979 0.55971 3.93480671406 0.78258 0.98072 0.30541 0.41196 152.77952 195.62801 147.22542 138.42519 0.3 0.3 0.0 0.0 0.0 0.0 0.0 0.0 0.72115 0.0 0.0 45.47487 -0.49999 0.07399 0.0 0.0 0.0 0.0 0.0 0.0 0.0449384540304 29 0 0.992647058824 0.551395901458 -2.33138735496
-0.12623 0.35028 3.35743 -0.12979 0.55971 3.94778547042 0.78258 0.98072 0.30541 0.41196 152.77952 195.62801 147.22542 138.42519 0.3 0.3 0.0 0.0 0.0 0.0 0.0 0.0 0.72115 0.0 0.0 45.47487 -0.49999 0.07399 0.0 0.0 0.0 0.0 0.0 0.0 0.0438824042647 30 1 0.992647058824 0.495801606781 -2.12944714629
-0.12623 0.35028 3.35743 -0.12979 0.55971 3.96438181995 0.78258 0.98072 0.30541 0.41196 152.77952 195.62801 147.22542 138.42519 0.3 0.3 0.0 0.0 0.0 0.0 0.0 0.0 0.72115 0.0 0.0 45.47487 -0.49999 0.07399 0.0 0.0 0.0 0.0 0.0 0.0 0.0441298339808 31 1 0.985294117647 0.188929168316 -1.8141434419
-0.12623 0.35028 3.35743 -0.12979 0.55971 3.96134153923 0.78258 0.98072 0.30541 0.41196 152.77952 195.62801 147.22542 138.42519 0.3 0.3 0.0 0.0 0.0 0.0 0.0 0.0 0.72115 0.0 0.0 45.47487 -0.49999 0.07399 0.0 0.0 0.0 0.0 0.0 0.0 0.0436004484532 32 1 0.985294117647 0.200859040665 -1.8521151425
-0.12623 0.35028 3.35743 -0.12979 0.55971 3.98233400706 0.78258 0.98072 0.30541 0.41196 152.77952 195.62801 147.22542 138.42519 0.3 0.3 0.0 0.0 0.0 0.0 0.0 0.0 0.72115 0.0 0.0 45.47487 -0.49999 0.07399 0.0 0.0 0.0 0.0 0.0 0.0 0.0436548585727 33 1 0.992647058824 0.186471786322 -1.45006932238
-0.12623 0.35028 3.35743 -0.12979 0.55971 4.00757600167 0.78258 0.98072 0.30541 0.41196 152.77952 195.62801 147.22542 138.42519 0.3 0.3 0.0 0.0 0.0 0.0 0.0 0.0 0.72115 0.0 0.0 45.47487 -0.49999 0.07399 0.0 0.0 0.0 0.0 0.0 0.0 0.0439878457248 34 0 0.977941176471 0.371403901608 -1.45006932238
-0.12623 0.35028 3.35743 -0.12979 0.55971 4.011121267 0.78258 0.98072 0.30541 0.41196 152.77952 195.62801 147.22542 138.42519 0.3 0.3 0.0 0.0 0.0 0.0 0.0 0.0 0.72115 0.0 0.0 45.47487 -0.49999 0.07399 0.0 0.0 0.0 0.0 0.0 0.0 0.0436195443028 35 1 0.985294117647 0.0525639799164 -1.37226923049
-0.12623 0.35028 3.35743 -0.12979 0.55971 3.97364726829 0.78258 0.98072 0.30541 0.41196 152.77952 195.62801 147.22542 138.42519 0.3 0.3 0.0 0.0 0.0 0.0 0.0 0.0 0.72115 0.0 0.0 45.47487 -0.49999 0.07399 0.0 0.0 0.0 0.0 0.0 0.0 0.0438276457991 36 0 0.985294117647 0.165442455275 -1.37226923049
-0.12623 0.35028 3.35743 -0.12979 0.55971 4.0472244248 0.78258 0.98072 0.30541 0.41196 152.77952 195.62801 147.22542 138.42519 0.3 0.3 0.0 0.0 0.0 0.0 0.0 0.0 0.72115 0.0 0.0 45.47487 -0.49999 0.07399 0.0 0.0 0.0 0.0 0.0 0.0 0.0428452723938 37 1 1.0 0.279600650942 -1.29016587981
-0.12623 0.35028 3.35743 -0.12979 0.55971 4.04814906455 0.78258 0.98072 0.30541 0.41196 152.77952 195.62801 147.22542 138.42519 0.3 0.3 0.0 0.0 0.0 0.0 0.0 0.0 0.72115 0.0 0.0 45.47487 -0.49999 0.07399 0.0 0.0 0.0 0.0 0.0 0.0 0.0435201433865 38 1 1.0 0.279665304298 -1.33088832669
-0.12623 0.35028 3.35743 -0.12979 0.55971 4.04408627883 0.78258 0.98072 0.30541 0.41196 152.77952 195.62801 147.22542 138.42519 0.3 0.3 0.0 0.0 0.0 0.0 0.0 0.0 0.72115 0.0 0.0 45.47487 -0.49999 0.07399 0.0 0.0 0.0 0.0 0.0 0.0 0.043874816299 39 1 1.0 0.273462344771 -1.35253879291
-0.12623 0.35028 3.35743 -0.12979 0.55971 4.04563422337 0.78258 0.98072 0.30541 0.41196 152.77952 195.62801 147.22542 138.42519 0.3 0.3 0.0 0.0 0.0 0.0 0.0 0.0 0.72115 0.0 0.0 45.47487 -0.49999 0.07399 0.0 0.0 0.0 0.0 0.0 0.0 0.0435797810608 40 1 1.0 0.274995915497 -1.33451681819
-0.12623 0.35028 3.35743 -0.12979 0.55971 4.05354055941 0.78258 0.98072 0.30541 0.41196 152.77952 195.62801 147.22542 138.42519 0.3 0.3 0.0 0.0 0.0 0.0 0.0 0.0 0.72115 0.0 0.0 45.47487 -0.49999 0.07399 0.0 0.0 0.0 0.0 0.0 0.0 0.0430246836135 41 1 1.0 0.370962114508 -1.30093107479
-0.12623 0.35028 3.35743 -0.12979 0.55971 4.03878929971 0.78258 0.98072 0.30541 0.41196 152.77952 195.62801 147.22542 138.42519 0.3 0.3 0.0 0.0 0.0 0.0 0.0 0.0 0.72115 0.0 0.0 45.47487 -0.49999 0.07399 0.0 0.0 0.0 0.0 0.0 0.0 0.0437168633955 42 1 1.0 0.454824874278 -1.34287561054
-0.12623 0.35028 3.35743 -0.12979 0.55971 4.04027829322 0.78258 0.98072 0.30541 0.41196 152.77952 195.62801 147.22542 138.42519 0.3 0.3 0.0 0.0 0.0 0.0 0.0 0.0 0.72115 0.0 0.0 45.47487 -0.49999 0.07399 0.0 0.0 0.0 0.0 0.0 0.0 0.0446947360184 43 1 1.0 0.455504209982 -1.40324591456
-0.12623 0.35028 3.35743 -0.12979 0.55971 4.0469532684 0.78258 0.98072 0.30541 0.41196 152.77952 195.62801 147.22542 138.42519 0.3 0.3 0.0 0.0 0.0 0.0 0.0 0.0 0.72115 0.0 0.0 45.47487 -0.49999 0.07399 0.0 0.0 0.0 0.0 0.0 0.0 0.0445460999159 44 1 1.0 0.279614005813 -1.39398569851
-0.12623 0.35028 3.35743 -0.12979 0.55971 4.04283829748 0.78258 0.98072 0.30541 0.41196 152.77952 195.62801 147.22542 138.42519 0.3 0.3 0.0 0.0 0.0 0.0 0.0 0.0 0.72115 0.0 0.0 45.47487 -0.49999 0.07399 0.0 0.0 0.0 0.0 0.0 0.0 0.0444065384444 45 1 1.0 0.272026522618 -1.38531823228
-0.12623 0.35028 3.35743 -0.12979 0.55971 4.04020893797 0.78258 0.98072 0.30541 0.41196 152.77952 195.62801 147.22542 138.42519 0.3 0.3 0.0 0.0 0.0 0.0 0.0 0.0 0.72115 0.0 0.0 45.47487 -0.49999 0.07399 0.0 0.0 0.0 0.0 0.0 0.0 0.0440634792868 46 1 1.0 0.455492777334 -1.36412532434
-0.12623 0.35028 3.35743 -0.12979 0.55971 4.0449414613 0.78258 0.98072 0.30541 0.41196 152.77952 195.62801 147.22542 138.42519 0.3 0.3 0.0 0.0 0.0 0.0 0.0 0.0 0.72115 0.0 0.0 45.47487 -0.49999 0.07399 0.0 0.0 0.0 0.0 0.0 0.0 0.0436163361267 47 1 1.0 0.273511511444 -1.33674330971
-0.12623 0.35028 3.35743 -0.12979 0.55971 4.01695351023 0.78258 0.98072 0.30541 0.41196 152.77952 195.62801 147.22542 138.42519 0.3 0.3 0.0 0.0 0.0 0.0 0.0 0.0 0.72115 0.0 0.0 45.47487 -0.49999 0.07399 0.0 0.0 0.0 0.0 0.0 0.0 0.043845397699 48 1 0.985294117647 0.132224411351 -1.57200004481
-0.12623 0.35028 3.35743 -0.12979 0.55971 3.99033999921 0.78258 0.98072 0.30541 0.41196 152.77952 195.62801 147.22542 138.42519 0.3 0.3 0.0 0.0 0.0 0.0 0.0 0.0 0.72115 0.0 0.0 45.47487 -0.49999 0.07399 0.0 0.0 0.0 0.0 0.0 0.0 0.0448593029588 49 0 0.992647058824 0.404632597163 -1.57200004481
-0.12623 0.35028 3.35743 -0.12979 0.55971 4.00711194099 0.78258 0.98072 0.30541 0.41196 152.77952 195.62801 147.22542 138.42519 0.3 0.3 0.0 0.0 0.0 0.0 0.0 0.0 0.72115 0.0 0.0 45.47487 -0.49999 0.07399 0.0 0.0 0.0 0.0 0.0 0.0 0.0428731488742 50 0 0.977941176471 0.371261676268 -1.57200004481
-0.12623 0.35028 3.35743 -0.12979 0.55971 4.0117049785 0.78258 0.98072 0.30541 0.41196 152.77952 195.62801 147.22542 138.42519 0.3 0.3 0.0 0.0 0.0 0.0 0.0 0.0 0.72115 0.0 0.0 45.47487 -0.49999 0.07399 0.0 0.0 0.0 0.0 0.0 0.0 0.044309630629 51 1 0.985294117647 0.0535303722873 -1.41482442239
-0.12623 0.35028 3.35743 -0.12979 0.55971 3.99791611215 0.78258 0.98072 0.30541 0.41196 152.77952 195.62801 147.22542 138.42519 0.3 0.3 0.0 0.0 0.0 0.0 0.0 0.0 0.72115 0.0 0.0 45.47487 -0.49999 0.07399 0.0 0.0 0.0 0.0 0.0 0.0 0.0451039327467 52 0 0.985294117647 0.396848320906 -1.41482442239
-0.12623 0.35028 3.35743 -0.12979 0.55971 3.9853147205 0.78258 0.98072 0.30541 0.41196 152.77952 195.62801 147.22542 138.42519 0.3 0.3 0.0 0.0 0.0 0.0 0.0 0.0 0.72115 0.0 0.0 45.47487 -0.49999 0.07399 0.0 0.0 0.0 0.0 0.0 0.0 0.042838358519 53 1 0.992647058824 0.405547219758 -1.83487166078
-0.12623 0.35028 3.35743 -0.12979 0.55971 4.00190482415 0.78258 0.98072 0.30541 0.41196 152.77952 195.62801 147.22542 138.42519 0.3 0.3 0.0 0.0 0.0 0.0 0.0 0.0 0.72115 0.0 0.0 45.47487 -0.49999 0.07399 0.0 0.0 0.0 0.0 0.0 0.0 0.0433797533644 54 0 0.977941176471 0.378933550963 -1.83487166078
-0.12623 0.35028 3.35743 -0.12979 0.55971 3.95088634059 0.78258 0.98072 0.30541 0.41196 152.77952 195.62801 147.22542 138.42519 0.3 0.3 0.0 0.0 0.0 0.0 0.0 0.0 0.72115 0.0 0.0 45.47487 -0.49999 0.07399 0.0 0.0 0.0 0.0 0.0 0.0 0.0427529414155 55 1 0.992647058824 0.417007748865 -1.86331287001
-0.12623 0.35028 3.35743 -0.12979 0.55971 3.91389265761 0.78258 0.98072 0.30541 0.41196 152.77952 195.62801 147.22542 138.42519 0.3 0.3 0.0 0.0 0.0 0.0 0.0 0.0 0.72115 0.0 0.0 45.47487 -0.49999 0.07399 0.0 0.0 0.0 0.0 0.0 0.0 0.0427530683358 56 0 0.978260869565 0.541175721853 -1.86331287001
-0.12623 0.35028 3.35743 -0.12979 0.55971 3.9650899985 0.78258 0.98072 0.30541 0.41196 152.77952 195.62801 147.22542 138.42519 0.3 0.3 0.0 0.0 0.0 0.0 0.0 0.0 0.72115 0.0 0.0 45.47487 -0.49999 0.07399 0.0 0.0 0.0 0.0 0.0 0.0 0.0426385315771 57 1 0.985294117647 0.188892722615 -1.75530137625
-0.12623 0.35028 3.35743 -0.12979 0.55971 3.94998929809 0.78258 0.98072 0.30541 0.41196 152.77952 195.62801 147.22542 138.42519 0.3 0.3 0.0 0.0 0.0 0.0 0.0 0.0 0.72115 0.0 0.0 45.47487 -0.49999 0.07399 0.0 0.0 0.0 0.0 0.0 0.0 0.0428722994096 58 1 0.992647058824 0.495751027117 -2.105080319
-0.12623 0.35028 3.35743 -0.12979 0.55971 3.935149118 0.78258 0.98072 0.30541 0.41196 152.77952 195.62801 147.22542 138.42519 0.3 0.3 0.0 0.0 0.0 0.0 0.0 0.0 0.72115 0.0 0.0 45.47487 -0.49999 0.07399 0.0 0.0 0.0 0.0 0.0 0.0 0.0430075675139 59 0 0.992647058824 0.552641826226 -2.105080319
-0.12623 0.35028 3.35743 -0.12979 0.55971 3.97200920095 0.78258 0.98072 0.30541 0.41196 152.77952 195.62801 147.22542 138.42519 0.3 0.3 0.0 0.0 0.0 0.0 0.0 0.0 0.72115 0.0 0.0 45.47487 -0.49999 0.07399 0.0 0.0 0.0 0.0 0.0 0.0 0.0439762435803 60 1 0.985294117647 0.169546811944 -1.72040283484
-0.12623 0.35028 3.35743 -0.12979 0.55971 3.95761331534 0.78258 0.98072 0.30541 0.41196 152.77952 195.62801 147.22542 138.42519 0.3 0.3 0.0 0.0 0.0 0.0 0.0 0.0 0.72115 0.0 0.0 45.47487 -0.49999 0.07399 0.0 0.0 0.0 0.0 0.0 0.0 0.0433206626807 61 1 0.992647058824 0.208346098593 -1.45947414905
-0.12623 0.35028 3.35743 -0.12979 0.55971 3.97461324673 0.78258 0.98072 0.30541 0.41196 152.77952 195.62801 147.22542 138.42519 0.3 0.3 0.0 0.0 0.0 0.0 0.0 0.0 0.72115 0.0 0.0 45.47487 -0.49999 0.07399 0.0 0.0 0.0 0.0 0.0 0.0 0.0436996350392 62 0 0.985294117647 0.373942468053 -1.45947414905
-0.12623 0.35028 3.35743 -0.12979 0.55971 4.02954406901 0.78258 0.98072 0.30541 0.41196 152.77952 195.62801 147.22542 138.42519 0.3 0.3 0.0 0.0 0.0 0.0 0.0 0.0 0.72115 0.0 0.0 45.47487 -0.49999 0.07399 0.0 0.0 0.0 0.0 0.0 0.0 0.043254977968 63 1 1.0 0.407567903571 -1.31481381544
-0.12623 0.35028 3.35743 -0.12979 0.55971 4.05618838863 0.78258 0.98072 0.30541 0.41196 152.77952 195.62801 147.22542 138.42519 0.3 0.3 0.0 0.0 0.0 0.0 0.0 0.0 0.72115 0.0 0.0 45.47487 -0.49999 0.07399 0.0 0.0 0.0 0.0 0.0 0.0 0.0440150780212 64 1 0.992647058824 0.368545681597 -1.78758472252
-0.12623 0.35028 3.35743 -0.12979 0.55971 4.04794101276 0.78258 0.98072 0.30541 0.41196 152.77952 195.62801 147.22542 138.42519 0.3 0.3 0.0 0.0 0.0 0.0 0.0 0.0 0.72115 0.0 0.0 45.47487 -0.49999 0.07399 0.0 0.0 0.0 0.0 0.0 0.0 0.0437055482795 65 1 1.0 0.279683508123 -1.34218468462
-0.12623 0.35028 3.35743 -0.12979 0.55971 4.04922403701 0.78258 0.98072 0.30541 0.41196 152.77952 195.62801 147.22542 138.42519 0.3 0.3 0.0 0.0 0.0 0.0 0.0 0.0 0.72115 0.0 0.0 45.47487 -0.49999 0.07399 0.0 0.0 0.0 0.0 0.0 0.0 0.0438775419565 66 1 1.0 0.279661593324 -1.35270584073
-0.12623 0.35028 3.35743 -0.12979 0.55971 4.08205306842 0.78258 0.98072 0.30541 0.41196 152.77952 195.62801 147.22542 138.42519 0.3 0.3 0.0 0.0 0.0 0.0 0.0 0.0 0.72115 0.0 0.0 45.47487 -0.49999 0.07399 0.0 0.0 0.0 0.0 0.0 0.0 0.0434453711115 67 0 0.985401459854 0.44704401484 -1.35270584073
-0.12623 0.35028 3.35743 -0.12979 0.55971 3.99912677373 0.78258 0.98072 0.30541 0.41196 152.77952 195.62801 147.22542 138.42519 0.3 0.3 0.0 0.0 0.0 0.0 0.0 0.0 0.72115 0.0 0.0 45.47487 -0.49999 0.07399 0.0 0.0 0.0 0.0 0.0 0.0 0.0439238329081 68 0 0.985294117647 0.396534956742 -1.35270584073
-0.12623 0.35028 3.35743 -0.12979 0.55971 4.02405526845 0.78258 0.98072 0.30541 0.41196 152.77952 195.62801 147.22542 138.42519 0.3 0.3 0.0 0.0 0.0 0.0 0.0 0.0 0.72115 0.0 0.0 45.47487 -0.49999 0.07399 0.0 0.0 0.0 0.0 0.0 0.0 0.0441768449075 69 1 1.0 0.410616882857 -1.37111088566
-0.12623 0.35028 3.35743 -0.12979 0.55971 4.04765195216 0.78258 0.98072 0.30541 0.41196 152.77952 195.62801 147.22542 138.42519 0.3 0.3 0.0 0.0 0.0 0.0 0.0 0.0 0.72115 0.0 0.0 45.47487 -0.49999 0.07399 0.0 0.0 0.0 0.0 0.0 0.0 0.0438544446088 70 1 1.0 0.279618709962 -1.35129059056
-0.12623 0.35028 3.35743 -0.12979 0.55971 4.06146684576 0.78258 0.98072 0.30541 0.41196 152.77952 195.62801 147.22542 138.42519 0.3 0.3 0.0 0.0 0.0 0.0 0.0 0.0 0.72115 0.0 0.0 45.47487 -0.49999 0.07399 0.0 0.0 0.0 0.0 0.0 0.0 0.0440939429268 71 1 0.992647058824 0.403139053228 -1.87442539087
-0.12623 0.35028 3.35743 -0.12979 0.55971 4.07404477948 0.78258 0.98072 0.30541 0.41196 152.77952 195.62801 147.22542 138.42519 0.3 0.3 0.0 0.0 0.0 0.0 0.0 0.0 0.72115 0.0 0.0 45.47487 -0.49999 0.07399 0.0 0.0 0.0 0.0 0.0 0.0 0.0443732083559 72 1 0.992647058824 0.426769655285 -1.94587859315
-0.12623 0.35028 3.35743 -0.12979 0.55971 4.09086214124 0.78258 0.98072 0.30541 0.41196 152.77952 195.62801 147.22542 138.42519 0.3 0.3 0.0 0.0 0.0 0.0 0.0 0.0 0.72115 0.0 0.0 45.47487 -0.49999 0.07399 0.0 0.0 0.0 0.0 0.0 0.0 0.0449461591163 73 0 0.985401459854 0.486736865499 -1.94587859315
-0.12623 0.35028 3.35743 -0.12979 0.55971 4.01733388816 0.78258 0.98072 0.30541 0.41196 152.77952 195.62801 147.22542 138.42519 0.3 0.3 0.0 0.0 0.0 0.0 0.0 0.0 0.72115 0.0 0.0 45.47487 -0.49999 0.07399 0.0 0.0 0.0 0.0 0.0 0.0 0.0446924352993 74 1 0.985294117647 0.133830824431 -1.62126427589
-0.12623 0.35028 3.35743 -0.12979 0.55971 3.97337179045 0.78258 0.98072 0.30541 0.41196 152.77952 195.62801 147.22542 138.42519 0.3 0.3 0.0 0.0 0.0 0.0 0.0 0.0 0.72115 0.0 0.0 45.47487 -0.49999 0.07399 0.0 0.0 0.0 0.0 0.0 0.0 0.0452344842722 75 1 0.985294117647 0.166014368339 -1.76483359404
-0.12623 0.35028 3.35743 -0.12979 0.55971 3.98210024214 0.78258 0.98072 0.30541 0.41196 152.77952 195.62801 147.22542 138.42519 0.3 0.3 0.0 0.0 0.0 0.0 0.0 0.0 0.72115 0.0 0.0 45.47487 -0.49999 0.07399 0.0 0.0 0.0 0.0 0.0 0.0 0.0452717609474 76 1 0.992647058824 0.186470957244 -1.54267140881
-0.12623 0.35028 3.35743 -0.12979 0.55971 3.96896568858 0.78258 0.98072 0.30541 0.41196 152.77952 195.62801 147.22542 138.42519 0.3 0.3 0.0 0.0 0.0 0.0 0.0 0.0 0.72115 0.0 0.0 45.47487 -0.49999 0.07399 0.0 0.0 0.0 0.0 0.0 0.0 0.0450187004842 77 1 0.985294117647 0.165399959203 -1.75194595914
-0.12623 0.35028 3.35743 -0.12979 0.55971 3.9680168555 0.78258 0.98072 0.30541 0.41196 152.77952 195.62801 147.22542 138.42519 0.3 0.3 0.0 0.0 0.0 0.0 0.0 0.0 0.72115 0.0 0.0 45.47487 -0.49999 0.07399 0.0 0.0 0.0 0.0 0.0 0.0 0.0459562730887 78 1 0.985294117647 0.167611914608 -1.80668615731
-0.12623 0.35028 3.35743 -0.12979 0.55971 3.9683778536 0.78258 0.98072 0.30541 0.41196 152.77952 195.62801 147.22542 138.42519 0.3 0.3 0.0 0.0 0.0 0.0 0.0 0.0 0.72115 0.0 0.0 45.47487 -0.49999 0.07399 0.0 0.0 0.0 0.0 0.0 0.0 0.0462355722231 79 1 0.985294117647 0.16546016536 -1.81259246985
-0.12623 0.35028 3.35743 -0.12979 0.55971 3.98579349425 0.78258 0.98072 0.30541 0.41196 152.77952 195.62801 147.22542 138.42519 0.3 0.3 0.0 0.0 0.0 0.0 0.0 0.0 0.72115 0.0 0.0 45.47487 -0.49999 0.07399 0.0 0.0 0.0 0.0 0.0 0.0 0.0464843858944 80 1 0.992647058824 0.405570734845 -1.98011630249
-0.12623 0.35028 3.35743 -0.12979 0.55971 3.99854636291 0.78258 0.98072 0.30541 0.41196 152.77952 195.62801 147.22542 138.42519 0.3 0.3 0.0 0.0 0.0 0.0 0.0 0.0 0.72115 0.0 0.0 45.47487 -0.49999 0.07399 0.0 0.0 0.0 0.0 0.0 0.0 0.0471384288541 81 1 0.985294117647 0.396905801428 -3.28468012328
-0.12623 0.35028 3.35743 -0.12979 0.55971 4.00758276261 0.78258 0.98072 0.30541 0.41196 152.77952 195.62801 147.22542 138.42519 0.3 0.3 0.0 0.0 0.0 0.0 0.0 0.0 0.72115 0.0 0.0 45.47487 -0.49999 0.07399 0.0 0.0 0.0 0.0 0.0 0.0 0.0471316803241 82 0 0.977941176471 0.371404723231 -3.28468012328
-0.12623 0.35028 3.35743 -0.12979 0.55971 4.05985401921 0.78258 0.98072 0.30541 0.41196 152.77952 195.62801 147.22542 138.42519 0.3 0.3 0.0 0.0 0.0 0.0 0.0 0.0 0.72115 0.0 0.0 45.47487 -0.49999 0.07399 0.0 0.0 0.0 0.0 0.0 0.0 0.0462315099765 83 1 0.992647058824 0.402651121427 -1.96212825396
-0.12623 0.35028 3.35743 -0.12979 0.55971 4.05492902562 0.78258 0.98072 0.30541 0.41196 152.77952 195.62801 147.22542 138.42519 0.3 0.3 0.0 0.0 0.0 0.0 0.0 0.0 0.72115 0.0 0.0 45.47487 -0.49999 0.07399 0.0 0.0 0.0 0.0 0.0 0.0 0.0458363104214 84 1 0.992647058824 0.368774765391 -1.86908081069
-0.12623 0.35028 3.35743 -0.12979 0.55971 4.04223210097 0.78258 0.98072 0.30541 0.41196 152.77952 195.62801 147.22542 138.42519 0.3 0.3 0.0 0.0 0.0 0.0 0.0 0.0 0.72115 0.0 0.0 45.47487 -0.49999 0.07399 0.0 0.0 0.0 0.0 0.0 0.0 0.0459084630549 85 1 1.0 0.272678910397 -1.47998767013
-0.12623 0.35028 3.35743 -0.12979 0.55971 4.08567171509 0.78258 0.98072 0.30541 0.41196 152.77952 195.62801 147.22542 138.42519 0.3 0.3 0.0 0.0 0.0 0.0 0.0 0.0 0.72115 0.0 0.0 45.47487 -0.49999 0.07399 0.0 0.0 0.0 0.0 0.0 0.0 0.0454571696519 86 0 0.985401459854 0.44737973456 -1.47998767013
-0.12623 0.35028 3.35743 -0.12979 0.55971 4.09555902648 0.78258 0.98072 0.30541 0.41196 152.77952 195.62801 147.22542 138.42519 0.3 0.3 0.0 0.0 0.0 0.0 0.0 0.0 0.72115 0.0 0.0 45.47487 -0.49999 0.07399 0.0 0.0 0.0 0.0 0.0 0.0 0.0459928853628 87 0 0.985401459854 0.482121415259 -1.47998767013
-0.12623 0.35028 3.35743 -0.12979 0.55971 4.06212851698 0.78258 0.98072 0.30541 0.41196 152.77952 195.62801 147.22542 138.42519 0.3 0.3 0.0 0.0 0.0 0.0 0.0 0.0 0.72115 0.0 0.0 45.47487 -0.49999 0.07399 0.0 0.0 0.0 0.0 0.0 0.0 0.0465178569579 88 1 0.992647058824 0.403319549847 -1.97650268771
-0.12623 0.35028 3.35743 -0.12979 0.55971 4.05797771806 0.78258 0.98072 0.30541 0.41196 152.77952 195.62801 147.22542 138.42519 0.3 0.3 0.0 0.0 0.0 0.0 0.0 0.0 0.72115 0.0 0.0 45.47487 -0.49999 0.07399 0.0 0.0 0.0 0.0 0.0 0.0 0.0463574597938 89 1 0.992647058824 0.369691079252 -1.89570831809
-0.12623 0.35028 3.35743 -0.12979 0.55971 4.04664431753 0.78258 0.98072 0.30541 0.41196 152.77952 195.62801 147.22542 138.42519 0.3 0.3 0.0 0.0 0.0 0.0 0.0 0.0 0.72115 0.0 0.0 45.47487 -0.49999 0.07399 0.0 0.0 0.0 0.0 0.0 0.0 0.0461904908279 90 1 1.0 0.269284529269 -1.4981065212
-0.12623 0.35028 3.35743 -0.12979 0.55971 4.04751253556 0.78258 0.98072 0.30541 0.41196 152.77952 195.62801 147.22542 138.42519 0.3 0.3 0.0 0.0 0.0 0.0 0.0 0.0 0.72115 0.0 0.0 45.47487 -0.49999 0.07399 0.0 0.0 0.0 0.0 0.0 0.0 0.0467836046828 91 1 1.0 0.279632708602 -1.53656347733
-0.12623 0.35028 3.35743 -0.12979 0.55971 4.08164116496 0.78258 0.98072 0.30541 0.41196 152.77952 195.62801 147.22542 138.42519 0.3 0.3 0.0 0.0 0.0 0.0 0.0 0.0 0.72115 0.0 0.0 45.47487 -0.49999 0.07399 0.0 0.0 0.0 0.0 0.0 0.0 0.0472860765254 92 0 0.985401459854 0.446980635612 -1.53656347733
-0.12623 0.35028 3.35743 -0.12979 0.55971 4.07116442266 0.78258 0.98072 0.30541 0.41196 152.77952 195.62801 147.22542 138.42519 0.3 0.3 0.0 0.0 0.0 0.0 0.0 0.0 0.72115 0.0 0.0 45.47487 -0.49999 0.07399 0.0 0.0 0.0 0.0 0.0 0.0 0.0478611292393 93 1 0.992647058824 0.427056326524 -2.09191057417
-0.12623 0.35028 3.35743 -0.12979 0.55971 4.08765580423 0.78258 0.98072 0.30541 0.41196 152.77952 195.62801 147.22542 138.42519 0.3 0.3 0.0 0.0 0.0 0.0 0.0 0.0 0.72115 0.0 0.0 45.47487 -0.49999 0.07399 0.0 0.0 0.0 0.0 0.0 0.0 0.0481701984007 94 0 0.985401459854 0.474616241514 -2.09191057417
-0.12623 0.35028 3.35743 -0.12979 0.55971 4.06778755608 0.78258 0.98072 0.30541 0.41196 152.77952 195.62801 147.22542 138.42519 0.3 0.3 0.0 0.0 0.0 0.0 0.0 0.0 0.72115 0.0 0.0 45.47487 -0.49999 0.07399 0.0 0.0 0.0 0.0 0.0 0.0 0.0481866775973 95 1 0.992647058824 0.416618799699 -2.0841087169
-0.12623 0.35028 3.35743 -0.12979 0.55971 4.05395535211 0.78258 0.98072 0.30541 0.41196 152.77952 195.62801 147.22542 138.42519 0.3 0.3 0.0 0.0 0.0 0.0 0.0 0.0 0.72115 0.0 0.0 45.47487 -0.49999 0.07399 0.0 0.0 0.0 0.0 0.0 0.0 0.0474406011763 96 1 1.0 0.352786755675 -1.57971964612
-0.12623 0.35028 3.35743 -0.12979 0.55971 4.05005121184 0.78258 0.98072 0.30541 0.41196 152.77952 195.62801 147.22542 138.42519 0.3 0.3 0.0 0.0 0.0 0.0 0.0 0.0 0.72115 0.0 0.0 45.47487 -0.49999 0.07399 0.0 0.0 0.0 0.0 0.0 0.0 0.0484147578157 97 1 1.0 0.279724665292 -1.64478557664
-0.12623 0.35028 3.35743 -0.12979 0.55971 4.03308909613 0.78258 0.98072 0.30541 0.41196 152.77952 195.62801 147.22542 138.42519 0.3 0.3 0.0 0.0 0.0 0.0 0.0 0.0 0.72115 0.0 0.0 45.47487 -0.49999 0.07399 0.0 0.0 0.0 0.0 0.0 0.0 0.0486232736208 98 1 1.0 0.408669053863 -1.65887965301
-0.12623 0.35028 3.35743 -0.12979 0.55971 4.00054937449 0.78258 0.98072 0.30541 0.41196 152.77952 195.62801 147.22542 138.42519 0.3 0.3 0.0 0.0 0.0 0.0 0.0 0.0 0.72115 0.0 0.0 45.47487 -0.49999 0.07399 0.0 0.0 0.0 0.0 0.0 0.0 0.0487551319424 99 0 0.985294117647 0.399781209044 -1.65887965301
-0.12623 0.35028 3.35743 -0.12979 0.55971 4.01156335629 0.78258 0.98072 0.30541 0.41196 152.77952 195.62801 147.22542 138.42519 0.3 0.3 0.0 0.0 0.0 0.0 0.0 0.0 0.72115 0.0 0.0 45.47487 -0.49999 0.07399 0.0 0.0 0.0 0.0 0.0 0.0 0.0491257213504 100 1 0.985294117647 0.0528593804025 -1.72125108586
