-0.12623 0.35028 3.35743 -0.12979 0.55971 4.15405333333 0.78258 0.98072 0.30541 0.41196 152.77952 195.62801 147.22542 138.42519 0.3 0.3 0.0 0.0 0.0 0.0 0.0 0.0 0.72115 0.0 0.0 45.47487 -0.49999 0.07399 0.0 0.0 0.0 0.0 0.0 0.0 0.05 0 1 0.970588235294 0.597940217602 -15.6711981661
-0.12623 0.35028 3.35743 -0.12979 0.55971 4.15733966149 0.78258 0.98072 0.30541 0.41196 152.77952 195.62801 147.22542 138.42519 0.3 0.3 0.0 0.0 0.0 0.0 0.0 0.0 0.72115 0.0 0.0 45.47487 -0.49999 0.07399 0.0 0.0 0.0 0.0 0.0 0.0 0.050250031604 1 0 0.963235294118 0.59714865459 -15.6711981661
-0.12623 0.35028 3.35743 -0.12979 0.55971 4.23954687912 0.78258 0.98072 0.30541 0.41196 152.77952 195.62801 147.22542 138.42519 0.3 0.3 0.0 0.0 0.0 0.0 0.0 0.0 0.72115 0.0 0.0 45.47487 -0.49999 0.07399 0.0 0.0 0.0 0.0 0.0 0.0 0.0494422588626 2 0 0.970802919708 0.789985735253 -15.6711981661
-0.12623 0.35028 3.35743 -0.12979 0.55971 4.17133747121 0.78258 0.98072 0.30541 0.41196 152.77952 195.62801 147.22542 138.42519 0.3 0.3 0.0 0.0 0.0 0.0 0.0 0.0 0.72115 0.0 0.0 45.47487 -0.49999 0.07399 0.0 0.0 0.0 0.0 0.0 0.0 0.0495388345937 3 0 0.963503649635 0.681167531473 -15.6711981661
-0.12623 0.35028 3.35743 -0.12979 0.55971 4.1094976174 0.78258 0.98072 0.30541 0.41196 152.77952 195.62801 147.22542 138.42519 0.3 0.3 0.0 0.0 0.0 0.0 0.0 0.0 0.72115 0.0 0.0 45.47487 -0.49999 0.07399 0.0 0.0 0.0 0.0 0.0 0.0 0.049657928141 4 1 0.985401459854 0.468159113068 -3.86067234493
-0.12623 0.35028 3.35743 -0.12979 0.55971 4.1046563063 0.78258 0.98072 0.30541 0.41196 152.77952 195.62801 147.22542 138.42519 0.3 0.3 0.0 0.0 0.0 0.0 0.0 0.0 0.72115 0.0 0.0 45.47487 -0.49999 0.07399 0.0 0.0 0.0 0.0 0.0 0.0 0.0494877999612 5 1 0.985401459854 0.473097756332 -3.90911598072
-0.12623 0.35028 3.35743 -0.12979 0.55971 4.08241950533 0.78258 0.98072 0.30541 0.41196 152.77952 195.62801 147.22542 138.42519 0.3 0.3 0.0 0.0 0.0 0.0 0.0 0.0 0.72115 0.0 0.0 45.47487 -0.49999 0.07399 0.0 0.0 0.0 0.0 0.0 0.0 0.0490677926744 6 1 0.985401459854 0.447095949813 -3.67970277314
-0.12623 0.35028 3.35743 -0.12979 0.55971 4.08590006207 0.78258 0.98072 0.30541 0.41196 152.77952 195.62801 147.22542 138.42519 0.3 0.3 0.0 0.0 0.0 0.0 0.0 0.0 0.72115 0.0 0.0 45.47487 -0.49999 0.07399 0.0 0.0 0.0 0.0 0.0 0.0 0.0493178708412 7 1 0.985401459854 0.447416724705 -3.67952611146
-0.12623 0.35028 3.35743 -0.12979 0.55971 4.05712262648 0.78258 0.98072 0.30541 0.41196 152.77952 195.62801 147.22542 138.42519 0.3 0.3 0.0 0.0 0.0 0.0 0.0 0.0 0.72115 0.0 0.0 45.47487 -0.49999 0.07399 0.0 0.0 0.0 0.0 0.0 0.0 0.049890199204 8 1 0.992647058824 0.369402995631 -2.07923819317
-0.12623 0.35028 3.35743 -0.12979 0.55971 4.08623911723 0.78258 0.98072 0.30541 0.41196 152.77952 195.62801 147.22542 138.42519 0.3 0.3 0.0 0.0 0.0 0.0 0.0 0.0 0.72115 0.0 0.0 45.47487 -0.49999 0.07399 0.0 0.0 0.0 0.0 0.0 0.0 0.0498536763086 9 1 0.985401459854 0.447796836465 -3.67760951901
-0.12623 0.35028 3.35743 -0.12979 0.55971 4.10112719209 0.78258 0.98072 0.30541 0.41196 152.77952 195.62801 147.22542 138.42519 0.3 0.3 0.0 0.0 0.0 0.0 0.0 0.0 0.72115 0.0 0.0 45.47487 -0.49999 0.07399 0.0 0.0 0.0 0.0 0.0 0.0 0.048984170098 10 1 0.985401459854 0.47293610553 -3.91834699217
-0.12623 0.35028 3.35743 -0.12979 0.55971 4.08709742188 0.78258 0.98072 0.30541 0.41196 152.77952 195.62801 147.22542 138.42519 0.3 0.3 0.0 0.0 0.0 0.0 0.0 0.0 0.72115 0.0 0.0 45.47487 -0.49999 0.07399 0.0 0.0 0.0 0.0 0.0 0.0 0.0488813819132 11 1 0.985401459854 0.47501457731 -3.94052130447
-0.12623 0.35028 3.35743 -0.12979 0.55971 4.07701431028 0.78258 0.98072 0.30541 0.41196 152.77952 195.62801 147.22542 138.42519 0.3 0.3 0.0 0.0 0.0 0.0 0.0 0.0 0.72115 0.0 0.0 45.47487 -0.49999 0.07399 0.0 0.0 0.0 0.0 0.0 0.0 0.0487254665143 12 1 0.992647058824 0.420689253912 -2.11921277395
-0.12623 0.35028 3.35743 -0.12979 0.55971 4.12521622267 0.78258 0.98072 0.30541 0.41196 152.77952 195.62801 147.22542 138.42519 0.3 0.3 0.0 0.0 0.0 0.0 0.0 0.0 0.72115 0.0 0.0 45.47487 -0.49999 0.07399 0.0 0.0 0.0 0.0 0.0 0.0 0.0476533648981 13 0 0.977941176471 0.500561668693 -2.11921277395
-0.12623 0.35028 3.35743 -0.12979 0.55971 4.09466050045 0.78258 0.98072 0.30541 0.41196 152.77952 195.62801 147.22542 138.42519 0.3 0.3 0.0 0.0 0.0 0.0 0.0 0.0 0.72115 0.0 0.0 45.47487 -0.49999 0.07399 0.0 0.0 0.0 0.0 0.0 0.0 0.0482176610023 14 1 0.985401459854 0.482416504792 -4.03147416598
-0.12623 0.35028 3.35743 -0.12979 0.55971 4.13546803597 0.78258 0.98072 0.30541 0.41196 152.77952 195.62801 147.22542 138.42519 0.3 0.3 0.0 0.0 0.0 0.0 0.0 0.0 0.72115 0.0 0.0 45.47487 -0.49999 0.07399 0.0 0.0 0.0 0.0 0.0 0.0 0.0484111284522 15 0 0.977941176471 0.607221817877 -4.03147416598
-0.12623 0.35028 3.35743 -0.12979 0.55971 4.1057189188 0.78258 0.98072 0.30541 0.41196 152.77952 195.62801 147.22542 138.42519 0.3 0.3 0.0 0.0 0.0 0.0 0.0 0.0 0.72115 0.0 0.0 45.47487 -0.49999 0.07399 0.0 0.0 0.0 0.0 0.0 0.0 0.0484816042323 16 1 0.985401459854 0.47269359057 -3.92846812452
-0.12623 0.35028 3.35743 -0.12979 0.55971 4.11183086616 0.78258 0.98072 0.30541 0.41196 152.77952 195.62801 147.22542 138.42519 0.3 0.3 0.0 0.0 0.0 0.0 0.0 0.0 0.72115 0.0 0.0 45.47487 -0.49999 0.07399 0.0 0.0 0.0 0.0 0.0 0.0 0.0480338325843 17 1 0.985401459854 0.477884698952 -3.99232867992
-0.12623 0.35028 3.35743 -0.12979 0.55971 4.099164802 0.78258 0.98072 0.30541 0.41196 152.77952 195.62801 147.22542 138.42519 0.3 0.3 0.0 0.0 0.0 0.0 0.0 0.0 0.72115 0.0 0.0 45.47487 -0.49999 0.07399 0.0 0.0 0.0 0.0 0.0 0.0 0.0482406873167 18 1 0.985401459854 0.475772976418 -3.96514748399
-0.12623 0.35028 3.35743 -0.12979 0.55971 4.11635144662 0.78258 0.98072 0.30541 0.41196 152.77952 195.62801 147.22542 138.42519 0.3 0.3 0.0 0.0 0.0 0.0 0.0 0.0 0.72115 0.0 0.0 45.47487 -0.49999 0.07399 0.0 0.0 0.0 0.0 0.0 0.0 0.0482111377736 19 1 0.985401459854 0.470702726217 -3.91652033966
-0.12623 0.35028 3.35743 -0.12979 0.55971 4.16508989703 0.78258 0.98072 0.30541 0.41196 152.77952 195.62801 147.22542 138.42519 0.3 0.3 0.0 0.0 0.0 0.0 0.0 0.0 0.72115 0.0 0.0 45.47487 -0.49999 0.07399 0.0 0.0 0.0 0.0 0.0 0.0 0.0475375717692 20 0 0.970588235294 0.602327223701 -3.91652033966
-0.12623 0.35028 3.35743 -0.12979 0.55971 4.14368144907 0.78258 0.98072 0.30541 0.41196 152.77952 195.62801 147.22542 138.42519 0.3 0.3 0.0 0.0 0.0 0.0 0.0 0.0 0.72115 0.0 0.0 45.47487 -0.49999 0.07399 0.0 0.0 0.0 0.0 0.0 0.0 0.0488979892579 21 0 0.977941176471 0.63659649555 -3.91652033966
-0.12623 0.35028 3.35743 -0.12979 0.55971 4.10641880505 0.78258 0.98072 0.30541 0.41196 152.77952 195.62801 147.22542 138.42519 0.3 0.3 0.0 0.0 0.0 0.0 0.0 0.0 0.72115 0.0 0.0 45.47487 -0.49999 0.07399 0.0 0.0 0.0 0.0 0.0 0.0 0.0477699010403 22 1 0.985401459854 0.473266725617 -3.95485610062
-0.12623 0.35028 3.35743 -0.12979 0.55971 4.10385956376 0.78258 0.98072 0.30541 0.41196 152.77952 195.62801 147.22542 138.42519 0.3 0.3 0.0 0.0 0.0 0.0 0.0 0.0 0.72115 0.0 0.0 45.47487 -0.49999 0.07399 0.0 0.0 0.0 0.0 0.0 0.0 0.0484614318363 23 1 0.985401459854 0.476802125285 -3.96882903811
-0.12623 0.35028 3.35743 -0.12979 0.55971 4.12073767216 0.78258 0.98072 0.30541 0.41196 152.77952 195.62801 147.22542 138.42519 0.3 0.3 0.0 0.0 0.0 0.0 0.0 0.0 0.72115 0.0 0.0 45.47487 -0.49999 0.07399 0.0 0.0 0.0 0.0 0.0 0.0 0.0483152730035 24 0 0.978102189781 0.502307274342 -3.96882903811
-0.12623 0.35028 3.35743 -0.12979 0.55971 4.06771737879 0.78258 0.98072 0.30541 0.41196 152.77952 195.62801 147.22542 138.42519 0.3 0.3 0.0 0.0 0.0 0.0 0.0 0.0 0.72115 0.0 0.0 45.47487 -0.49999 0.07399 0.0 0.0 0.0 0.0 0.0 0.0 0.0505832286436 25 1 0.992647058824 0.416604981058 -2.20681038707
-0.12623 0.35028 3.35743 -0.12979 0.55971 4.06560765546 0.78258 0.98072 0.30541 0.41196 152.77952 195.62801 147.22542 138.42519 0.3 0.3 0.0 0.0 0.0 0.0 0.0 0.0 0.72115 0.0 0.0 45.47487 -0.49999 0.07399 0.0 0.0 0.0 0.0 0.0 0.0 0.050416015515 26 1 0.992647058824 0.416092069821 -2.19678024448
-0.12623 0.35028 3.35743 -0.12979 0.55971 4.06130581901 0.78258 0.98072 0.30541 0.41196 152.77952 195.62801 147.22542 138.42519 0.3 0.3 0.0 0.0 0.0 0.0 0.0 0.0 0.72115 0.0 0.0 45.47487 -0.49999 0.07399 0.0 0.0 0.0 0.0 0.0 0.0 0.0514318256848 27 1 0.992647058824 0.403141643264 -2.22813895383
-0.12623 0.35028 3.35743 -0.12979 0.55971 4.08919425992 0.78258 0.98072 0.30541 0.41196 152.77952 195.62801 147.22542 138.42519 0.3 0.3 0.0 0.0 0.0 0.0 0.0 0.0 0.72115 0.0 0.0 45.47487 -0.49999 0.07399 0.0 0.0 0.0 0.0 0.0 0.0 0.0509088632342 28 0 0.985401459854 0.479063121067 -2.22813895383
-0.12623 0.35028 3.35743 -0.12979 0.55971 4.05520663702 0.78258 0.98072 0.30541 0.41196 152.77952 195.62801 147.22542 138.42519 0.3 0.3 0.0 0.0 0.0 0.0 0.0 0.0 0.72115 0.0 0.0 45.47487 -0.49999 0.07399 0.0 0.0 0.0 0.0 0.0 0.0 0.0516366928896 29 1 0.992647058824 0.368775797304 -2.17934613554
-0.12623 0.35028 3.35743 -0.12979 0.55971 4.07534915624 0.78258 0.98072 0.30541 0.41196 152.77952 195.62801 147.22542 138.42519 0.3 0.3 0.0 0.0 0.0 0.0 0.0 0.0 0.72115 0.0 0.0 45.47487 -0.49999 0.07399 0.0 0.0 0.0 0.0 0.0 0.0 0.05211022217 30 1 0.992647058824 0.42043093878 -2.29919533141
-0.12623 0.35028 3.35743 -0.12979 0.55971 4.05335682946 0.78258 0.98072 0.30541 0.41196 152.77952 195.62801 147.22542 138.42519 0.3 0.3 0.0 0.0 0.0 0.0 0.0 0.0 0.72115 0.0 0.0 45.47487 -0.49999 0.07399 0.0 0.0 0.0 0.0 0.0 0.0 0.0519720640459 31 1 1.0 0.370932299962 -1.89327111129
-0.12623 0.35028 3.35743 -0.12979 0.55971 4.05653844974 0.78258 0.98072 0.30541 0.41196 152.77952 195.62801 147.22542 138.42519 0.3 0.3 0.0 0.0 0.0 0.0 0.0 0.0 0.72115 0.0 0.0 45.47487 -0.49999 0.07399 0.0 0.0 0.0 0.0 0.0 0.0 0.0519843179838 32 1 0.992647058824 0.369359377232 -2.20122007771
-0.12623 0.35028 3.35743 -0.12979 0.55971 4.03998080993 0.78258 0.98072 0.30541 0.41196 152.77952 195.62801 147.22542 138.42519 0.3 0.3 0.0 0.0 0.0 0.0 0.0 0.0 0.72115 0.0 0.0 45.47487 -0.49999 0.07399 0.0 0.0 0.0 0.0 0.0 0.0 0.0519375972434 33 1 1.0 0.455460698958 -1.89078176483
-0.12623 0.35028 3.35743 -0.12979 0.55971 4.04563525635 0.78258 0.98072 0.30541 0.41196 152.77952 195.62801 147.22542 138.42519 0.3 0.3 0.0 0.0 0.0 0.0 0.0 0.0 0.72115 0.0 0.0 45.47487 -0.49999 0.07399 0.0 0.0 0.0 0.0 0.0 0.0 0.0517287843938 34 1 1.0 0.274996292926 -1.87573450467
-0.12623 0.35028 3.35743 -0.12979 0.55971 4.04033021071 0.78258 0.98072 0.30541 0.41196 152.77952 195.62801 147.22542 138.42519 0.3 0.3 0.0 0.0 0.0 0.0 0.0 0.0 0.72115 0.0 0.0 45.47487 -0.49999 0.07399 0.0 0.0 0.0 0.0 0.0 0.0 0.051991015828 35 1 1.0 0.45551245565 -1.89464057386
-0.12623 0.35028 3.35743 -0.12979 0.55971 4.06325125281 0.78258 0.98072 0.30541 0.41196 152.77952 195.62801 147.22542 138.42519 0.3 0.3 0.0 0.0 0.0 0.0 0.0 0.0 0.72115 0.0 0.0 45.47487 -0.49999 0.07399 0.0 0.0 0.0 0.0 0.0 0.0 0.0517325231869 36 1 0.992647058824 0.403553004395 -2.24612852382
-0.12623 0.35028 3.35743 -0.12979 0.55971 4.07699013683 0.78258 0.98072 0.30541 0.41196 152.77952 195.62801 147.22542 138.42519 0.3 0.3 0.0 0.0 0.0 0.0 0.0 0.0 0.72115 0.0 0.0 45.47487 -0.49999 0.07399 0.0 0.0 0.0 0.0 0.0 0.0 0.0519725845447 37 1 0.992647058824 0.420689447609 -2.29182797509
-0.12623 0.35028 3.35743 -0.12979 0.55971 4.10066897971 0.78258 0.98072 0.30541 0.41196 152.77952 195.62801 147.22542 138.42519 0.3 0.3 0.0 0.0 0.0 0.0 0.0 0.0 0.72115 0.0 0.0 45.47487 -0.49999 0.07399 0.0 0.0 0.0 0.0 0.0 0.0 0.0520004778882 38 0 0.985401459854 0.475956373447 -2.29182797509
-0.12623 0.35028 3.35743 -0.12979 0.55971 4.04805016898 0.78258 0.98072 0.30541 0.41196 152.77952 195.62801 147.22542 138.42519 0.3 0.3 0.0 0.0 0.0 0.0 0.0 0.0 0.72115 0.0 0.0 45.47487 -0.49999 0.07399 0.0 0.0 0.0 0.0 0.0 0.0 0.0516298700343 39 1 1.0 0.279592291079 -1.86862709707
-0.12623 0.35028 3.35743 -0.12979 0.55971 4.03021881295 0.78258 0.98072 0.30541 0.41196 152.77952 195.62801 147.22542 138.42519 0.3 0.3 0.0 0.0 0.0 0.0 0.0 0.0 0.72115 0.0 0.0 45.47487 -0.49999 0.07399 0.0 0.0 0.0 0.0 0.0 0.0 0.0510061457741 40 1 1.0 0.407481981413 -1.82411304894
-0.12623 0.35028 3.35743 -0.12979 0.55971 4.02524386142 0.78258 0.98072 0.30541 0.41196 152.77952 195.62801 147.22542 138.42519 0.3 0.3 0.0 0.0 0.0 0.0 0.0 0.0 0.72115 0.0 0.0 45.47487 -0.49999 0.07399 0.0 0.0 0.0 0.0 0.0 0.0 0.0511278894082 41 1 1.0 0.410711567964 -1.8327605506
-0.12623 0.35028 3.35743 -0.12979 0.55971 4.04068404046 0.78258 0.98072 0.30541 0.41196 152.77952 195.62801 147.22542 138.42519 0.3 0.3 0.0 0.0 0.0 0.0 0.0 0.0 0.72115 0.0 0.0 45.47487 -0.49999 0.07399 0.0 0.0 0.0 0.0 0.0 0.0 0.0508764339171 42 1 1.0 0.455541178863 -1.81492151608
-0.12623 0.35028 3.35743 -0.12979 0.55971 4.01563647343 0.78258 0.98072 0.30541 0.41196 152.77952 195.62801 147.22542 138.42519 0.3 0.3 0.0 0.0 0.0 0.0 0.0 0.0 0.72115 0.0 0.0 45.47487 -0.49999 0.07399 0.0 0.0 0.0 0.0 0.0 0.0 0.0505184087876 43 1 0.985294117647 0.0410729408459 -1.80575128288
-0.12623 0.35028 3.35743 -0.12979 0.55971 4.03310347147 0.78258 0.98072 0.30541 0.41196 152.77952 195.62801 147.22542 138.42519 0.3 0.3 0.0 0.0 0.0 0.0 0.0 0.0 0.72115 0.0 0.0 45.47487 -0.49999 0.07399 0.0 0.0 0.0 0.0 0.0 0.0 0.0504253675476 44 1 1.0 0.408667828116 -1.78313484514
-0.12623 0.35028 3.35743 -0.12979 0.55971 4.04670996208 0.78258 0.98072 0.30541 0.41196 152.77952 195.62801 147.22542 138.42519 0.3 0.3 0.0 0.0 0.0 0.0 0.0 0.0 0.72115 0.0 0.0 45.47487 -0.49999 0.07399 0.0 0.0 0.0 0.0 0.0 0.0 0.050361906327 45 1 1.0 0.279535638158 -1.77868472747
-0.12623 0.35028 3.35743 -0.12979 0.55971 4.03632323788 0.78258 0.98072 0.30541 0.41196 152.77952 195.62801 147.22542 138.42519 0.3 0.3 0.0 0.0 0.0 0.0 0.0 0.0 0.72115 0.0 0.0 45.47487 -0.49999 0.07399 0.0 0.0 0.0 0.0 0.0 0.0 0.0505759005682 46 1 1.0 0.40835346018 -1.79371244103
-0.12623 0.35028 3.35743 -0.12979 0.55971 4.03587788538 0.78258 0.98072 0.30541 0.41196 152.77952 195.62801 147.22542 138.42519 0.3 0.3 0.0 0.0 0.0 0.0 0.0 0.0 0.72115 0.0 0.0 45.47487 -0.49999 0.07399 0.0 0.0 0.0 0.0 0.0 0.0 0.0507607660824 47 1 1.0 0.408307121333 -1.8067442683
-0.12623 0.35028 3.35743 -0.12979 0.55971 4.05681849293 0.78258 0.98072 0.30541 0.41196 152.77952 195.62801 147.22542 138.42519 0.3 0.3 0.0 0.0 0.0 0.0 0.0 0.0 0.72115 0.0 0.0 45.47487 -0.49999 0.07399 0.0 0.0 0.0 0.0 0.0 0.0 0.0512309191694 48 0 0.992647058824 0.369395646439 -1.8067442683
-0.12623 0.35028 3.35743 -0.12979 0.55971 4.08749294251 0.78258 0.98072 0.30541 0.41196 152.77952 195.62801 147.22542 138.42519 0.3 0.3 0.0 0.0 0.0 0.0 0.0 0.0 0.72115 0.0 0.0 45.47487 -0.49999 0.07399 0.0 0.0 0.0 0.0 0.0 0.0 0.049806414313 49 0 0.985401459854 0.474591694499 -1.8067442683
-0.12623 0.35028 3.35743 -0.12979 0.55971 4.0641515953 0.78258 0.98072 0.30541 0.41196 152.77952 195.62801 147.22542 138.42519 0.3 0.3 0.0 0.0 0.0 0.0 0.0 0.0 0.72115 0.0 0.0 45.47487 -0.49999 0.07399 0.0 0.0 0.0 0.0 0.0 0.0 0.0511195003996 50 0 0.992647058824 0.415297156443 -1.8067442683
-0.12623 0.35028 3.35743 -0.12979 0.55971 3.97026953986 0.78258 0.98072 0.30541 0.41196 152.77952 195.62801 147.22542 138.42519 0.3 0.3 0.0 0.0 0.0 0.0 0.0 0.0 0.72115 0.0 0.0 45.47487 -0.49999 0.07399 0.0 0.0 0.0 0.0 0.0 0.0 0.0513998481939 51 1 0.985294117647 0.165482789206 -2.10433345756
-0.12623 0.35028 3.35743 -0.12979 0.55971 3.96759372622 0.78258 0.98072 0.30541 0.41196 152.77952 195.62801 147.22542 138.42519 0.3 0.3 0.0 0.0 0.0 0.0 0.0 0.0 0.72115 0.0 0.0 45.47487 -0.49999 0.07399 0.0 0.0 0.0 0.0 0.0 0.0 0.0505088975568 52 1 0.985294117647 0.167775977868 -2.05744747959
-0.12623 0.35028 3.35743 -0.12979 0.55971 3.96333891276 0.78258 0.98072 0.30541 0.41196 152.77952 195.62801 147.22542 138.42519 0.3 0.3 0.0 0.0 0.0 0.0 0.0 0.0 0.72115 0.0 0.0 45.47487 -0.49999 0.07399 0.0 0.0 0.0 0.0 0.0 0.0 0.0508839865053 53 1 0.985294117647 0.170919069933 -2.08996311664
-0.12623 0.35028 3.35743 -0.12979 0.55971 3.96387704903 0.78258 0.98072 0.30541 0.41196 152.77952 195.62801 147.22542 138.42519 0.3 0.3 0.0 0.0 0.0 0.0 0.0 0.0 0.72115 0.0 0.0 45.47487 -0.49999 0.07399 0.0 0.0 0.0 0.0 0.0 0.0 0.0517997846848 54 1 0.985294117647 0.170876755019 -2.14559964165
-0.12623 0.35028 3.35743 -0.12979 0.55971 3.91966163706 0.78258 0.98072 0.30541 0.41196 152.77952 195.62801 147.22542 138.42519 0.3 0.3 0.0 0.0 0.0 0.0 0.0 0.0 0.72115 0.0 0.0 45.47487 -0.49999 0.07399 0.0 0.0 0.0 0.0 0.0 0.0 0.051992673179 55 0 0.992647058824 0.52702876573 -2.14559964165
-0.12623 0.35028 3.35743 -0.12979 0.55971 3.95769499499 0.78258 0.98072 0.30541 0.41196 152.77952 195.62801 147.22542 138.42519 0.3 0.3 0.0 0.0 0.0 0.0 0.0 0.0 0.72115 0.0 0.0 45.47487 -0.49999 0.07399 0.0 0.0 0.0 0.0 0.0 0.0 0.0515836975216 56 1 0.992647058824 0.20832967609 -1.96452313607
-0.12623 0.35028 3.35743 -0.12979 0.55971 3.93790077957 0.78258 0.98072 0.30541 0.41196 152.77952 195.62801 147.22542 138.42519 0.3 0.3 0.0 0.0 0.0 0.0 0.0 0.0 0.72115 0.0 0.0 45.47487 -0.49999 0.07399 0.0 0.0 0.0 0.0 0.0 0.0 0.0518759826229 57 1 0.992647058824 0.536327457797 -2.53646848867
-0.12623 0.35028 3.35743 -0.12979 0.55971 3.94464498879 0.78258 0.98072 0.30541 0.41196 152.77952 195.62801 147.22542 138.42519 0.3 0.3 0.0 0.0 0.0 0.0 0.0 0.0 0.72115 0.0 0.0 45.47487 -0.49999 0.07399 0.0 0.0 0.0 0.0 0.0 0.0 0.0518928299919 58 1 0.992647058824 0.519587057061 -2.49733572486
-0.12623 0.35028 3.35743 -0.12979 0.55971 3.92023415034 0.78258 0.98072 0.30541 0.41196 152.77952 195.62801 147.22542 138.42519 0.3 0.3 0.0 0.0 0.0 0.0 0.0 0.0 0.72115 0.0 0.0 45.47487 -0.49999 0.07399 0.0 0.0 0.0 0.0 0.0 0.0 0.0514993276922 59 1 0.992647058824 0.527014574554 -2.49623408725
-0.12623 0.35028 3.35743 -0.12979 0.55971 3.91358525682 0.78258 0.98072 0.30541 0.41196 152.77952 195.62801 147.22542 138.42519 0.3 0.3 0.0 0.0 0.0 0.0 0.0 0.0 0.72115 0.0 0.0 45.47487 -0.49999 0.07399 0.0 0.0 0.0 0.0 0.0 0.0 0.0512051124796 60 0 0.971223021583 0.597727983194 -2.49623408725
-0.12623 0.35028 3.35743 -0.12979 0.55971 3.83773324362 0.78258 0.98072 0.30541 0.41196 152.77952 195.62801 147.22542 138.42519 0.3 0.3 0.0 0.0 0.0 0.0 0.0 0.0 0.72115 0.0 0.0 45.47487 -0.49999 0.07399 0.0 0.0 0.0 0.0 0.0 0.0 0.0505277902617 61 0 0.943262411348 0.538321945504 -2.49623408725
-0.12623 0.35028 3.35743 -0.12979 0.55971 3.93563083388 0.78258 0.98072 0.30541 0.41196 152.77952 195.62801 147.22542 138.42519 0.3 0.3 0.0 0.0 0.0 0.0 0.0 0.0 0.72115 0.0 0.0 45.47487 -0.49999 0.07399 0.0 0.0 0.0 0.0 0.0 0.0 0.0526294045831 62 1 0.992647058824 0.543721038276 -2.59023996768
-0.12623 0.35028 3.35743 -0.12979 0.55971 3.92038155294 0.78258 0.98072 0.30541 0.41196 152.77952 195.62801 147.22542 138.42519 0.3 0.3 0.0 0.0 0.0 0.0 0.0 0.0 0.72115 0.0 0.0 45.47487 -0.49999 0.07399 0.0 0.0 0.0 0.0 0.0 0.0 0.0527270947655 63 1 0.992647058824 0.527007621195 -2.55583535376
-0.12623 0.35028 3.35743 -0.12979 0.55971 3.92842528122 0.78258 0.98072 0.30541 0.41196 152.77952 195.62801 147.22542 138.42519 0.3 0.3 0.0 0.0 0.0 0.0 0.0 0.0 0.72115 0.0 0.0 45.47487 -0.49999 0.07399 0.0 0.0 0.0 0.0 0.0 0.0 0.0522161431704 64 1 0.992647058824 0.62904330533 -2.79367186876
-0.12623 0.35028 3.35743 -0.12979 0.55971 3.90907236865 0.78258 0.98072 0.30541 0.41196 152.77952 195.62801 147.22542 138.42519 0.3 0.3 0.0 0.0 0.0 0.0 0.0 0.0 0.72115 0.0 0.0 45.47487 -0.49999 0.07399 0.0 0.0 0.0 0.0 0.0 0.0 0.0529342541747 65 0 0.978260869565 0.62601229483 -2.79367186876
-0.12623 0.35028 3.35743 -0.12979 0.55971 3.92966445926 0.78258 0.98072 0.30541 0.41196 152.77952 195.62801 147.22542 138.42519 0.3 0.3 0.0 0.0 0.0 0.0 0.0 0.0 0.72115 0.0 0.0 45.47487 -0.49999 0.07399 0.0 0.0 0.0 0.0 0.0 0.0 0.0525517945817 66 1 0.992647058824 0.629042731567 -2.806865953
-0.12623 0.35028 3.35743 -0.12979 0.55971 3.94372871663 0.78258 0.98072 0.30541 0.41196 152.77952 195.62801 147.22542 138.42519 0.3 0.3 0.0 0.0 0.0 0.0 0.0 0.0 0.72115 0.0 0.0 45.47487 -0.49999 0.07399 0.0 0.0 0.0 0.0 0.0 0.0 0.0520850715176 67 1 0.992647058824 0.519630833838 -2.50683805937
-0.12623 0.35028 3.35743 -0.12979 0.55971 3.92478857307 0.78258 0.98072 0.30541 0.41196 152.77952 195.62801 147.22542 138.42519 0.3 0.3 0.0 0.0 0.0 0.0 0.0 0.0 0.72115 0.0 0.0 45.47487 -0.49999 0.07399 0.0 0.0 0.0 0.0 0.0 0.0 0.0511882615151 68 1 0.992647058824 0.638585938515 -2.78366960658
-0.12623 0.35028 3.35743 -0.12979 0.55971 3.91390230566 0.78258 0.98072 0.30541 0.41196 152.77952 195.62801 147.22542 138.42519 0.3 0.3 0.0 0.0 0.0 0.0 0.0 0.0 0.72115 0.0 0.0 45.47487 -0.49999 0.07399 0.0 0.0 0.0 0.0 0.0 0.0 0.0512071227963 69 0 0.978260869565 0.541175037778 -2.78366960658
-0.12623 0.35028 3.35743 -0.12979 0.55971 3.88855275566 0.78258 0.98072 0.30541 0.41196 152.77952 195.62801 147.22542 138.42519 0.3 0.3 0.0 0.0 0.0 0.0 0.0 0.0 0.72115 0.0 0.0 45.47487 -0.49999 0.07399 0.0 0.0 0.0 0.0 0.0 0.0 0.0517426620845 70 0 0.971223021583 0.590723863654 -2.78366960658
-0.12623 0.35028 3.35743 -0.12979 0.55971 3.90321430436 0.78258 0.98072 0.30541 0.41196 152.77952 195.62801 147.22542 138.42519 0.3 0.3 0.0 0.0 0.0 0.0 0.0 0.0 0.72115 0.0 0.0 45.47487 -0.49999 0.07399 0.0 0.0 0.0 0.0 0.0 0.0 0.0516188759975 71 0 0.964285714286 0.627597729103 -2.78366960658
-0.12623 0.35028 3.35743 -0.12979 0.55971 3.88596286988 0.78258 0.98072 0.30541 0.41196 152.77952 195.62801 147.22542 138.42519 0.3 0.3 0.0 0.0 0.0 0.0 0.0 0.0 0.72115 0.0 0.0 45.47487 -0.49999 0.07399 0.0 0.0 0.0 0.0 0.0 0.0 0.0508659666884 72 0 0.971223021583 0.614386374154 -2.78366960658
-0.12623 0.35028 3.35743 -0.12979 0.55971 3.94811970695 0.78258 0.98072 0.30541 0.41196 152.77952 195.62801 147.22542 138.42519 0.3 0.3 0.0 0.0 0.0 0.0 0.0 0.0 0.72115 0.0 0.0 45.47487 -0.49999 0.07399 0.0 0.0 0.0 0.0 0.0 0.0 0.0504664213991 73 1 0.992647058824 0.416558497432 -2.20041841993
-0.12623 0.35028 3.35743 -0.12979 0.55971 3.95241461923 0.78258 0.98072 0.30541 0.41196 152.77952 195.62801 147.22542 138.42519 0.3 0.3 0.0 0.0 0.0 0.0 0.0 0.0 0.72115 0.0 0.0 45.47487 -0.49999 0.07399 0.0 0.0 0.0 0.0 0.0 0.0 0.0509368635648 74 1 0.992647058824 0.417648240198 -2.22811447175
-0.12623 0.35028 3.35743 -0.12979 0.55971 3.961315967 0.78258 0.98072 0.30541 0.41196 152.77952 195.62801 147.22542 138.42519 0.3 0.3 0.0 0.0 0.0 0.0 0.0 0.0 0.72115 0.0 0.0 45.47487 -0.49999 0.07399 0.0 0.0 0.0 0.0 0.0 0.0 0.0512148063416 75 1 0.985294117647 0.200864116095 -2.21318489838
-0.12623 0.35028 3.35743 -0.12979 0.55971 3.94394304386 0.78258 0.98072 0.30541 0.41196 152.77952 195.62801 147.22542 138.42519 0.3 0.3 0.0 0.0 0.0 0.0 0.0 0.0 0.72115 0.0 0.0 45.47487 -0.49999 0.07399 0.0 0.0 0.0 0.0 0.0 0.0 0.05167667504 76 1 0.992647058824 0.519527887409 -2.486745347
-0.12623 0.35028 3.35743 -0.12979 0.55971 3.93431972218 0.78258 0.98072 0.30541 0.41196 152.77952 195.62801 147.22542 138.42519 0.3 0.3 0.0 0.0 0.0 0.0 0.0 0.0 0.72115 0.0 0.0 45.47487 -0.49999 0.07399 0.0 0.0 0.0 0.0 0.0 0.0 0.0523039279297 77 0 0.992647058824 0.55138966589 -2.486745347
-0.12623 0.35028 3.35743 -0.12979 0.55971 3.97968160159 0.78258 0.98072 0.30541 0.41196 152.77952 195.62801 147.22542 138.42519 0.3 0.3 0.0 0.0 0.0 0.0 0.0 0.0 0.72115 0.0 0.0 45.47487 -0.49999 0.07399 0.0 0.0 0.0 0.0 0.0 0.0 0.0510299145518 78 1 0.992647058824 0.375280398028 -2.15475500956
-0.12623 0.35028 3.35743 -0.12979 0.55971 3.96333327111 0.78258 0.98072 0.30541 0.41196 152.77952 195.62801 147.22542 138.42519 0.3 0.3 0.0 0.0 0.0 0.0 0.0 0.0 0.72115 0.0 0.0 45.47487 -0.49999 0.07399 0.0 0.0 0.0 0.0 0.0 0.0 0.0506594008599 79 1 0.985294117647 0.170914659841 -2.07652502763
-0.12623 0.35028 3.35743 -0.12979 0.55971 3.98445126098 0.78258 0.98072 0.30541 0.41196 152.77952 195.62801 147.22542 138.42519 0.3 0.3 0.0 0.0 0.0 0.0 0.0 0.0 0.72115 0.0 0.0 45.47487 -0.49999 0.07399 0.0 0.0 0.0 0.0 0.0 0.0 0.0503429720065 80 1 0.992647058824 0.186649515476 -1.86096659857
-0.12623 0.35028 3.35743 -0.12979 0.55971 3.97377711672 0.78258 0.98072 0.30541 0.41196 152.77952 195.62801 147.22542 138.42519 0.3 0.3 0.0 0.0 0.0 0.0 0.0 0.0 0.72115 0.0 0.0 45.47487 -0.49999 0.07399 0.0 0.0 0.0 0.0 0.0 0.0 0.0500495396429 81 0 0.985294117647 0.37395777642 -1.86096659857
-0.12623 0.35028 3.35743 -0.12979 0.55971 3.94514641579 0.78258 0.98072 0.30541 0.41196 152.77952 195.62801 147.22542 138.42519 0.3 0.3 0.0 0.0 0.0 0.0 0.0 0.0 0.72115 0.0 0.0 45.47487 -0.49999 0.07399 0.0 0.0 0.0 0.0 0.0 0.0 0.0488754462391 82 0 0.992647058824 0.519565472904 -1.86096659857
-0.12623 0.35028 3.35743 -0.12979 0.55971 4.00997000296 0.78258 0.98072 0.30541 0.41196 152.77952 195.62801 147.22542 138.42519 0.3 0.3 0.0 0.0 0.0 0.0 0.0 0.0 0.72115 0.0 0.0 45.47487 -0.49999 0.07399 0.0 0.0 0.0 0.0 0.0 0.0 0.0504940250078 83 0 0.977941176471 0.371515120569 -1.86096659857
-0.12623 0.35028 3.35743 -0.12979 0.55971 4.00499805475 0.78258 0.98072 0.30541 0.41196 152.77952 195.62801 147.22542 138.42519 0.3 0.3 0.0 0.0 0.0 0.0 0.0 0.0 0.72115 0.0 0.0 45.47487 -0.49999 0.07399 0.0 0.0 0.0 0.0 0.0 0.0 0.0498204710482 84 0 0.977941176471 0.379418330404 -1.86096659857
-0.12623 0.35028 3.35743 -0.12979 0.55971 3.98057016525 0.78258 0.98072 0.30541 0.41196 152.77952 195.62801 147.22542 138.42519 0.3 0.3 0.0 0.0 0.0 0.0 0.0 0.0 0.72115 0.0 0.0 45.47487 -0.49999 0.07399 0.0 0.0 0.0 0.0 0.0 0.0 0.0508718395435 85 1 0.992647058824 0.185997155017 -1.8959042089
-0.12623 0.35028 3.35743 -0.12979 0.55971 3.98007125157 0.78258 0.98072 0.30541 0.41196 152.77952 195.62801 147.22542 138.42519 0.3 0.3 0.0 0.0 0.0 0.0 0.0 0.0 0.72115 0.0 0.0 45.47487 -0.49999 0.07399 0.0 0.0 0.0 0.0 0.0 0.0 0.0509530614173 86 1 0.992647058824 0.186023025208 -1.90142006764
-0.12623 0.35028 3.35743 -0.12979 0.55971 3.92798637507 0.78258 0.98072 0.30541 0.41196 152.77952 195.62801 147.22542 138.42519 0.3 0.3 0.0 0.0 0.0 0.0 0.0 0.0 0.72115 0.0 0.0 45.47487 -0.49999 0.07399 0.0 0.0 0.0 0.0 0.0 0.0 0.0513821635838 87 1 0.992647058824 0.638332935896 -2.78962417369
-0.12623 0.35028 3.35743 -0.12979 0.55971 3.91529462673 0.78258 0.98072 0.30541 0.41196 152.77952 195.62801 147.22542 138.42519 0.3 0.3 0.0 0.0 0.0 0.0 0.0 0.0 0.72115 0.0 0.0 45.47487 -0.49999 0.07399 0.0 0.0 0.0 0.0 0.0 0.0 0.0511042276495 88 0 0.985401459854 0.479546058927 -2.78962417369
-0.12623 0.35028 3.35743 -0.12979 0.55971 3.94218958165 0.78258 0.98072 0.30541 0.41196 152.77952 195.62801 147.22542 138.42519 0.3 0.3 0.0 0.0 0.0 0.0 0.0 0.0 0.72115 0.0 0.0 45.47487 -0.49999 0.07399 0.0 0.0 0.0 0.0 0.0 0.0 0.0525767611127 89 1 0.992647058824 0.519343641792 -2.53067176645
-0.12623 0.35028 3.35743 -0.12979 0.55971 3.96826048272 0.78258 0.98072 0.30541 0.41196 152.77952 195.62801 147.22542 138.42519 0.3 0.3 0.0 0.0 0.0 0.0 0.0 0.0 0.72115 0.0 0.0 45.47487 -0.49999 0.07399 0.0 0.0 0.0 0.0 0.0 0.0 0.0523193466266 90 1 0.985294117647 0.165474798666 -2.16181624978
-0.12623 0.35028 3.35743 -0.12979 0.55971 3.95308204403 0.78258 0.98072 0.30541 0.41196 152.77952 195.62801 147.22542 138.42519 0.3 0.3 0.0 0.0 0.0 0.0 0.0 0.0 0.72115 0.0 0.0 45.47487 -0.49999 0.07399 0.0 0.0 0.0 0.0 0.0 0.0 0.0521093867124 91 1 0.992647058824 0.417587952418 -2.29381083025
-0.12623 0.35028 3.35743 -0.12979 0.55971 3.93651400189 0.78258 0.98072 0.30541 0.41196 152.77952 195.62801 147.22542 138.42519 0.3 0.3 0.0 0.0 0.0 0.0 0.0 0.0 0.72115 0.0 0.0 45.47487 -0.49999 0.07399 0.0 0.0 0.0 0.0 0.0 0.0 0.0519952290799 92 1 0.992647058824 0.543810591062 -2.56028417582
-0.12623 0.35028 3.35743 -0.12979 0.55971 3.91063350969 0.78258 0.98072 0.30541 0.41196 152.77952 195.62801 147.22542 138.42519 0.3 0.3 0.0 0.0 0.0 0.0 0.0 0.0 0.72115 0.0 0.0 45.47487 -0.49999 0.07399 0.0 0.0 0.0 0.0 0.0 0.0 0.0511855870089 93 0 0.978260869565 0.628157230624 -2.56028417582
-0.12623 0.35028 3.35743 -0.12979 0.55971 3.95223456824 0.78258 0.98072 0.30541 0.41196 152.77952 195.62801 147.22542 138.42519 0.3 0.3 0.0 0.0 0.0 0.0 0.0 0.0 0.72115 0.0 0.0 45.47487 -0.49999 0.07399 0.0 0.0 0.0 0.0 0.0 0.0 0.0530325702074 94 1 0.992647058824 0.417543633383 -2.34769018063
-0.12623 0.35028 3.35743 -0.12979 0.55971 3.95271530491 0.78258 0.98072 0.30541 0.41196 152.77952 195.62801 147.22542 138.42519 0.3 0.3 0.0 0.0 0.0 0.0 0.0 0.0 0.72115 0.0 0.0 45.47487 -0.49999 0.07399 0.0 0.0 0.0 0.0 0.0 0.0 0.0539121832351 95 1 0.992647058824 0.417647509637 -2.40098919803
-0.12623 0.35028 3.35743 -0.12979 0.55971 3.94843439988 0.78258 0.98072 0.30541 0.41196 152.77952 195.62801 147.22542 138.42519 0.3 0.3 0.0 0.0 0.0 0.0 0.0 0.0 0.72115 0.0 0.0 45.47487 -0.49999 0.07399 0.0 0.0 0.0 0.0 0.0 0.0 0.053740768009 96 1 0.992647058824 0.495724967167 -2.54070065889
-0.12623 0.35028 3.35743 -0.12979 0.55971 3.96234964219 0.78258 0.98072 0.30541 0.41196 152.77952 195.62801 147.22542 138.42519 0.3 0.3 0.0 0.0 0.0 0.0 0.0 0.0 0.72115 0.0 0.0 45.47487 -0.49999 0.07399 0.0 0.0 0.0 0.0 0.0 0.0 0.0541238727266 97 1 0.985294117647 0.200155295456 -2.38457007619
-0.12623 0.35028 3.35743 -0.12979 0.55971 3.95588569074 0.78258 0.98072 0.30541 0.41196 152.77952 195.62801 147.22542 138.42519 0.3 0.3 0.0 0.0 0.0 0.0 0.0 0.0 0.72115 0.0 0.0 45.47487 -0.49999 0.07399 0.0 0.0 0.0 0.0 0.0 0.0 0.0540219021371 98 1 0.992647058824 0.416234552922 -2.40527278785
-0.12623 0.35028 3.35743 -0.12979 0.55971 3.94686014491 0.78258 0.98072 0.30541 0.41196 152.77952 195.62801 147.22542 138.42519 0.3 0.3 0.0 0.0 0.0 0.0 0.0 0.0 0.72115 0.0 0.0 45.47487 -0.49999 0.07399 0.0 0.0 0.0 0.0 0.0 0.0 0.053599821905 99 1 0.992647058824 0.416513108474 -2.37993785574
-0.12623 0.35028 3.35743 -0.12979 0.55971 3.93892543358 0.78258 0.98072 0.30541 0.41196 152.77952 195.62801 147.22542 138.42519 0.3 0.3 0.0 0.0 0.0 0.0 0.0 0.0 0.72115 0.0 0.0 45.47487 -0.49999 0.07399 0.0 0.0 0.0 0.0 0.0 0.0 0.0541008684548 100 1 0.992647058824 0.544120131995 -2.66536863087
