-0.12623 0.35028 3.35743 -0.12979 0.55971 3.95405333333 0.78258 0.98072 0.30541 0.41196 152.77952 195.62801 147.22542 138.42519 0.3 0.3 0.0 0.0 0.0 0.0 0.0 0.0 0.72115 0.0 0.0 45.47487 -0.49999 0.07399 0.0 0.0 0.0 0.0 0.0 0.0 0.05 0 1 0.992647058824 0.418088224664 -2.17868608815
-0.12623 0.35028 3.35743 -0.12979 0.55971 3.94683939192 0.78258 0.98072 0.30541 0.41196 152.77952 195.62801 147.22542 138.42519 0.3 0.3 0.0 0.0 0.0 0.0 0.0 0.0 0.72115 0.0 0.0 45.47487 -0.49999 0.07399 0.0 0.0 0.0 0.0 0.0 0.0 0.0499416275628 1 1 0.992647058824 0.416512975232 -2.17241470443
-0.12623 0.35028 3.35743 -0.12979 0.55971 3.90968782549 0.78258 0.98072 0.30541 0.41196 152.77952 195.62801 147.22542 138.42519 0.3 0.3 0.0 0.0 0.0 0.0 0.0 0.0 0.72115 0.0 0.0 45.47487 -0.49999 0.07399 0.0 0.0 0.0 0.0 0.0 0.0 0.0496444083627 2 0 0.978260869565 0.626061619267 -2.17241470443
-0.12623 0.35028 3.35743 -0.12979 0.55971 3.94935798245 0.78258 0.98072 0.30541 0.41196 152.77952 195.62801 147.22542 138.42519 0.3 0.3 0.0 0.0 0.0 0.0 0.0 0.0 0.72115 0.0 0.0 45.47487 -0.49999 0.07399 0.0 0.0 0.0 0.0 0.0 0.0 0.0496690227168 3 1 0.992647058824 0.495721057392 -2.33631895872
-0.12623 0.35028 3.35743 -0.12979 0.55971 3.95487768257 0.78258 0.98072 0.30541 0.41196 152.77952 195.62801 147.22542 138.42519 0.3 0.3 0.0 0.0 0.0 0.0 0.0 0.0 0.72115 0.0 0.0 45.47487 -0.49999 0.07399 0.0 0.0 0.0 0.0 0.0 0.0 0.0493154868133 4 1 0.992647058824 0.418154655363 -2.14339188315
-0.12623 0.35028 3.35743 -0.12979 0.55971 3.94333128041 0.78258 0.98072 0.30541 0.41196 152.77952 195.62801 147.22542 138.42519 0.3 0.3 0.0 0.0 0.0 0.0 0.0 0.0 0.72115 0.0 0.0 45.47487 -0.49999 0.07399 0.0 0.0 0.0 0.0 0.0 0.0 0.0490174944809 5 0 0.992647058824 0.519638385187 -2.14339188315
-0.12623 0.35028 3.35743 -0.12979 0.55971 4.01071383727 0.78258 0.98072 0.30541 0.41196 152.77952 195.62801 147.22542 138.42519 0.3 0.3 0.0 0.0 0.0 0.0 0.0 0.0 0.72115 0.0 0.0 45.47487 -0.49999 0.07399 0.0 0.0 0.0 0.0 0.0 0.0 0.0497278712107 6 1 0.985294117647 0.0525500082083 -1.76169159814
-0.12623 0.35028 3.35743 -0.12979 0.55971 3.9999023924 0.78258 0.98072 0.30541 0.41196 152.77952 195.62801 147.22542 138.42519 0.3 0.3 0.0 0.0 0.0 0.0 0.0 0.0 0.72115 0.0 0.0 45.47487 -0.49999 0.07399 0.0 0.0 0.0 0.0 0.0 0.0 0.0505174544062 7 1 0.985294117647 0.399910615101 -3.31427822592
-0.12623 0.35028 3.35743 -0.12979 0.55971 3.95955029875 0.78258 0.98072 0.30541 0.41196 152.77952 195.62801 147.22542 138.42519 0.3 0.3 0.0 0.0 0.0 0.0 0.0 0.0 0.72115 0.0 0.0 45.47487 -0.49999 0.07399 0.0 0.0 0.0 0.0 0.0 0.0 0.0505246544162 8 1 0.985294117647 0.201006132854 -2.17518420861
-0.12623 0.35028 3.35743 -0.12979 0.55971 3.99264340368 0.78258 0.98072 0.30541 0.41196 152.77952 195.62801 147.22542 138.42519 0.3 0.3 0.0 0.0 0.0 0.0 0.0 0.0 0.72115 0.0 0.0 45.47487 -0.49999 0.07399 0.0 0.0 0.0 0.0 0.0 0.0 0.0506800377458 9 1 0.992647058824 0.399312393319 -2.17864294404
-0.12623 0.35028 3.35743 -0.12979 0.55971 3.99955518707 0.78258 0.98072 0.30541 0.41196 152.77952 195.62801 147.22542 138.42519 0.3 0.3 0.0 0.0 0.0 0.0 0.0 0.0 0.72115 0.0 0.0 45.47487 -0.49999 0.07399 0.0 0.0 0.0 0.0 0.0 0.0 0.0509063979563 10 0 0.985294117647 0.396570663019 -2.17864294404
-0.12623 0.35028 3.35743 -0.12979 0.55971 3.99784925731 0.78258 0.98072 0.30541 0.41196 152.77952 195.62801 147.22542 138.42519 0.3 0.3 0.0 0.0 0.0 0.0 0.0 0.0 0.72115 0.0 0.0 45.47487 -0.49999 0.07399 0.0 0.0 0.0 0.0 0.0 0.0 0.0501046941003 11 0 0.985294117647 0.396841246856 -2.17864294404
-0.12623 0.35028 3.35743 -0.12979 0.55971 3.96563350068 0.78258 0.98072 0.30541 0.41196 152.77952 195.62801 147.22542 138.42519 0.3 0.3 0.0 0.0 0.0 0.0 0.0 0.0 0.72115 0.0 0.0 45.47487 -0.49999 0.07399 0.0 0.0 0.0 0.0 0.0 0.0 0.0510673171824 12 1 0.985294117647 0.18885562589 -2.16119823127
-0.12623 0.35028 3.35743 -0.12979 0.55971 3.92516535152 0.78258 0.98072 0.30541 0.41196 152.77952 195.62801 147.22542 138.42519 0.3 0.3 0.0 0.0 0.0 0.0 0.0 0.0 0.72115 0.0 0.0 45.47487 -0.49999 0.07399 0.0 0.0 0.0 0.0 0.0 0.0 0.0499534557251 13 1 0.992647058824 0.546260801621 -2.47752314772
-0.12623 0.35028 3.35743 -0.12979 0.55971 3.90917853256 0.78258 0.98072 0.30541 0.41196 152.77952 195.62801 147.22542 138.42519 0.3 0.3 0.0 0.0 0.0 0.0 0.0 0.0 0.72115 0.0 0.0 45.47487 -0.49999 0.07399 0.0 0.0 0.0 0.0 0.0 0.0 0.0495329172499 14 0 0.978260869565 0.626047757932 -2.47752314772
-0.12623 0.35028 3.35743 -0.12979 0.55971 3.88024098851 0.78258 0.98072 0.30541 0.41196 152.77952 195.62801 147.22542 138.42519 0.3 0.3 0.0 0.0 0.0 0.0 0.0 0.0 0.72115 0.0 0.0 45.47487 -0.49999 0.07399 0.0 0.0 0.0 0.0 0.0 0.0 0.0503724355323 15 0 0.971223021583 0.652916229459 -2.47752314772
-0.12623 0.35028 3.35743 -0.12979 0.55971 3.91639839216 0.78258 0.98072 0.30541 0.41196 152.77952 195.62801 147.22542 138.42519 0.3 0.3 0.0 0.0 0.0 0.0 0.0 0.0 0.72115 0.0 0.0 45.47487 -0.49999 0.07399 0.0 0.0 0.0 0.0 0.0 0.0 0.050741616336 16 0 0.985401459854 0.479555701415 -2.47752314772
-0.12623 0.35028 3.35743 -0.12979 0.55971 3.92864914916 0.78258 0.98072 0.30541 0.41196 152.77952 195.62801 147.22542 138.42519 0.3 0.3 0.0 0.0 0.0 0.0 0.0 0.0 0.72115 0.0 0.0 45.47487 -0.49999 0.07399 0.0 0.0 0.0 0.0 0.0 0.0 0.0509611088109 17 0 0.992647058824 0.629041225048 -2.47752314772
-0.12623 0.35028 3.35743 -0.12979 0.55971 3.94382970668 0.78258 0.98072 0.30541 0.41196 152.77952 195.62801 147.22542 138.42519 0.3 0.3 0.0 0.0 0.0 0.0 0.0 0.0 0.72115 0.0 0.0 45.47487 -0.49999 0.07399 0.0 0.0 0.0 0.0 0.0 0.0 0.0500738321367 18 1 0.992647058824 0.519624066307 -2.41353755246
-0.12623 0.35028 3.35743 -0.12979 0.55971 3.92527009379 0.78258 0.98072 0.30541 0.41196 152.77952 195.62801 147.22542 138.42519 0.3 0.3 0.0 0.0 0.0 0.0 0.0 0.0 0.72115 0.0 0.0 45.47487 -0.49999 0.07399 0.0 0.0 0.0 0.0 0.0 0.0 0.0494670915998 19 1 0.992647058824 0.546280084528 -2.45829130019
-0.12623 0.35028 3.35743 -0.12979 0.55971 3.93754932357 0.78258 0.98072 0.30541 0.41196 152.77952 195.62801 147.22542 138.42519 0.3 0.3 0.0 0.0 0.0 0.0 0.0 0.0 0.72115 0.0 0.0 45.47487 -0.49999 0.07399 0.0 0.0 0.0 0.0 0.0 0.0 0.0497573708048 20 1 0.992647058824 0.536348809924 -2.44329646353
-0.12623 0.35028 3.35743 -0.12979 0.55971 3.91616032206 0.78258 0.98072 0.30541 0.41196 152.77952 195.62801 147.22542 138.42519 0.3 0.3 0.0 0.0 0.0 0.0 0.0 0.0 0.72115 0.0 0.0 45.47487 -0.49999 0.07399 0.0 0.0 0.0 0.0 0.0 0.0 0.049792637443 21 1 0.985401459854 0.47955375466 -3.96291080083
-0.12623 0.35028 3.35743 -0.12979 0.55971 3.92163944328 0.78258 0.98072 0.30541 0.41196 152.77952 195.62801 147.22542 138.42519 0.3 0.3 0.0 0.0 0.0 0.0 0.0 0.0 0.72115 0.0 0.0 45.47487 -0.49999 0.07399 0.0 0.0 0.0 0.0 0.0 0.0 0.0496737155157 22 1 0.992647058824 0.526990597734 -2.41535982523
-0.12623 0.35028 3.35743 -0.12979 0.55971 3.92318470188 0.78258 0.98072 0.30541 0.41196 152.77952 195.62801 147.22542 138.42519 0.3 0.3 0.0 0.0 0.0 0.0 0.0 0.0 0.72115 0.0 0.0 45.47487 -0.49999 0.07399 0.0 0.0 0.0 0.0 0.0 0.0 0.049062146845 23 1 0.992647058824 0.526772245184 -2.38991274891
-0.12623 0.35028 3.35743 -0.12979 0.55971 3.93089213596 0.78258 0.98072 0.30541 0.41196 152.77952 195.62801 147.22542 138.42519 0.3 0.3 0.0 0.0 0.0 0.0 0.0 0.0 0.72115 0.0 0.0 45.47487 -0.49999 0.07399 0.0 0.0 0.0 0.0 0.0 0.0 0.050202366764 24 1 0.992647058824 0.559438974728 -2.52284259533
-0.12623 0.35028 3.35743 -0.12979 0.55971 3.96253585777 0.78258 0.98072 0.30541 0.41196 152.77952 195.62801 147.22542 138.42519 0.3 0.3 0.0 0.0 0.0 0.0 0.0 0.0 0.72115 0.0 0.0 45.47487 -0.49999 0.07399 0.0 0.0 0.0 0.0 0.0 0.0 0.0508376693425 25 1 0.985294117647 0.201786232701 -2.19548578682
-0.12623 0.35028 3.35743 -0.12979 0.55971 3.96916238652 0.78258 0.98072 0.30541 0.41196 152.77952 195.62801 147.22542 138.42519 0.3 0.3 0.0 0.0 0.0 0.0 0.0 0.0 0.72115 0.0 0.0 45.47487 -0.49999 0.07399 0.0 0.0 0.0 0.0 0.0 0.0 0.0508660240349 26 1 0.985294117647 0.165450578712 -2.07158908027
-0.12623 0.35028 3.35743 -0.12979 0.55971 3.94239269988 0.78258 0.98072 0.30541 0.41196 152.77952 195.62801 147.22542 138.42519 0.3 0.3 0.0 0.0 0.0 0.0 0.0 0.0 0.72115 0.0 0.0 45.47487 -0.49999 0.07399 0.0 0.0 0.0 0.0 0.0 0.0 0.0510885654507 27 0 0.992647058824 0.519355348669 -2.07158908027
-0.12623 0.35028 3.35743 -0.12979 0.55971 3.98591224955 0.78258 0.98072 0.30541 0.41196 152.77952 195.62801 147.22542 138.42519 0.3 0.3 0.0 0.0 0.0 0.0 0.0 0.0 0.72115 0.0 0.0 45.47487 -0.49999 0.07399 0.0 0.0 0.0 0.0 0.0 0.0 0.0512497749826 28 1 0.992647058824 0.405581433296 -2.22236963917
-0.12623 0.35028 3.35743 -0.12979 0.55971 3.9497923684 0.78258 0.98072 0.30541 0.41196 152.77952 195.62801 147.22542 138.42519 0.3 0.3 0.0 0.0 0.0 0.0 0.0 0.0 0.72115 0.0 0.0 45.47487 -0.49999 0.07399 0.0 0.0 0.0 0.0 0.0 0.0 0.0509329472746 29 1 0.992647058824 0.4957313941 -2.39511893216
-0.12623 0.35028 3.35743 -0.12979 0.55971 3.94901058826 0.78258 0.98072 0.30541 0.41196 152.77952 195.62801 147.22542 138.42519 0.3 0.3 0.0 0.0 0.0 0.0 0.0 0.0 0.72115 0.0 0.0 45.47487 -0.49999 0.07399 0.0 0.0 0.0 0.0 0.0 0.0 0.051382616491 30 1 0.992647058824 0.495656035413 -2.41690104234
-0.12623 0.35028 3.35743 -0.12979 0.55971 3.95602272867 0.78258 0.98072 0.30541 0.41196 152.77952 195.62801 147.22542 138.42519 0.3 0.3 0.0 0.0 0.0 0.0 0.0 0.0 0.72115 0.0 0.0 45.47487 -0.49999 0.07399 0.0 0.0 0.0 0.0 0.0 0.0 0.0505199924752 31 1 0.992647058824 0.41634892458 -2.20288781618
-0.12623 0.35028 3.35743 -0.12979 0.55971 3.95198802284 0.78258 0.98072 0.30541 0.41196 152.77952 195.62801 147.22542 138.42519 0.3 0.3 0.0 0.0 0.0 0.0 0.0 0.0 0.72115 0.0 0.0 45.47487 -0.49999 0.07399 0.0 0.0 0.0 0.0 0.0 0.0 0.0493186284967 32 1 0.992647058824 0.417535041008 -2.14225706404
-0.12623 0.35028 3.35743 -0.12979 0.55971 3.95293017856 0.78258 0.98072 0.30541 0.41196 152.77952 195.62801 147.22542 138.42519 0.3 0.3 0.0 0.0 0.0 0.0 0.0 0.0 0.72115 0.0 0.0 45.47487 -0.49999 0.07399 0.0 0.0 0.0 0.0 0.0 0.0 0.0494214534313 33 1 0.992647058824 0.417654200054 -2.14776116412
-0.12623 0.35028 3.35743 -0.12979 0.55971 3.97128512976 0.78258 0.98072 0.30541 0.41196 152.77952 195.62801 147.22542 138.42519 0.3 0.3 0.0 0.0 0.0 0.0 0.0 0.0 0.72115 0.0 0.0 45.47487 -0.49999 0.07399 0.0 0.0 0.0 0.0 0.0 0.0 0.0489219362581 34 1 0.985294117647 0.165490897474 -1.95757348838
-0.12623 0.35028 3.35743 -0.12979 0.55971 3.96148416366 0.78258 0.98072 0.30541 0.41196 152.77952 195.62801 147.22542 138.42519 0.3 0.3 0.0 0.0 0.0 0.0 0.0 0.0 0.72115 0.0 0.0 45.47487 -0.49999 0.07399 0.0 0.0 0.0 0.0 0.0 0.0 0.0492722020829 35 1 0.985294117647 0.20084411219 -2.10736737599
-0.12623 0.35028 3.35743 -0.12979 0.55971 3.96511439322 0.78258 0.98072 0.30541 0.41196 152.77952 195.62801 147.22542 138.42519 0.3 0.3 0.0 0.0 0.0 0.0 0.0 0.0 0.72115 0.0 0.0 45.47487 -0.49999 0.07399 0.0 0.0 0.0 0.0 0.0 0.0 0.0491601424298 36 1 0.985294117647 0.188889970773 -2.05463004618
-0.12623 0.35028 3.35743 -0.12979 0.55971 3.96240021334 0.78258 0.98072 0.30541 0.41196 152.77952 195.62801 147.22542 138.42519 0.3 0.3 0.0 0.0 0.0 0.0 0.0 0.0 0.72115 0.0 0.0 45.47487 -0.49999 0.07399 0.0 0.0 0.0 0.0 0.0 0.0 0.0498933412597 37 0 0.985294117647 0.200157062882 -2.05463004618
-0.12623 0.35028 3.35743 -0.12979 0.55971 3.97907305021 0.78258 0.98072 0.30541 0.41196 152.77952 195.62801 147.22542 138.42519 0.3 0.3 0.0 0.0 0.0 0.0 0.0 0.0 0.72115 0.0 0.0 45.47487 -0.49999 0.07399 0.0 0.0 0.0 0.0 0.0 0.0 0.04926882299 38 1 0.992647058824 0.376363264846 -2.05781823281
-0.12623 0.35028 3.35743 -0.12979 0.55971 3.99255478716 0.78258 0.98072 0.30541 0.41196 152.77952 195.62801 147.22542 138.42519 0.3 0.3 0.0 0.0 0.0 0.0 0.0 0.0 0.72115 0.0 0.0 45.47487 -0.49999 0.07399 0.0 0.0 0.0 0.0 0.0 0.0 0.0497941977128 39 1 0.992647058824 0.399336087131 -2.1303125673
-0.12623 0.35028 3.35743 -0.12979 0.55971 3.96510225348 0.78258 0.98072 0.30541 0.41196 152.77952 195.62801 147.22542 138.42519 0.3 0.3 0.0 0.0 0.0 0.0 0.0 0.0 0.72115 0.0 0.0 45.47487 -0.49999 0.07399 0.0 0.0 0.0 0.0 0.0 0.0 0.0502095076014 40 1 0.985294117647 0.188892236832 -2.11236296773
-0.12623 0.35028 3.35743 -0.12979 0.55971 3.96318354339 0.78258 0.98072 0.30541 0.41196 152.77952 195.62801 147.22542 138.42519 0.3 0.3 0.0 0.0 0.0 0.0 0.0 0.0 0.72115 0.0 0.0 45.47487 -0.49999 0.07399 0.0 0.0 0.0 0.0 0.0 0.0 0.0507189296173 41 1 0.985294117647 0.170935746689 -2.08014158149
-0.12623 0.35028 3.35743 -0.12979 0.55971 3.95531498628 0.78258 0.98072 0.30541 0.41196 152.77952 195.62801 147.22542 138.42519 0.3 0.3 0.0 0.0 0.0 0.0 0.0 0.0 0.72115 0.0 0.0 45.47487 -0.49999 0.07399 0.0 0.0 0.0 0.0 0.0 0.0 0.0500704138473 42 1 0.992647058824 0.416304159675 -2.17878288577
-0.12623 0.35028 3.35743 -0.12979 0.55971 3.9767899019 0.78258 0.98072 0.30541 0.41196 152.77952 195.62801 147.22542 138.42519 0.3 0.3 0.0 0.0 0.0 0.0 0.0 0.0 0.72115 0.0 0.0 45.47487 -0.49999 0.07399 0.0 0.0 0.0 0.0 0.0 0.0 0.0495680881344 43 1 0.992647058824 0.376030934819 -2.07351820036
-0.12623 0.35028 3.35743 -0.12979 0.55971 3.96719619478 0.78258 0.98072 0.30541 0.41196 152.77952 195.62801 147.22542 138.42519 0.3 0.3 0.0 0.0 0.0 0.0 0.0 0.0 0.72115 0.0 0.0 45.47487 -0.49999 0.07399 0.0 0.0 0.0 0.0 0.0 0.0 0.0498885955289 44 1 0.985294117647 0.188869517513 -2.09436898282
-0.12623 0.35028 3.35743 -0.12979 0.55971 3.9660700927 0.78258 0.98072 0.30541 0.41196 152.77952 195.62801 147.22542 138.42519 0.3 0.3 0.0 0.0 0.0 0.0 0.0 0.0 0.72115 0.0 0.0 45.47487 -0.49999 0.07399 0.0 0.0 0.0 0.0 0.0 0.0 0.0498764316208 45 1 0.985294117647 0.188842631928 -2.09359517931
-0.12623 0.35028 3.35743 -0.12979 0.55971 3.98001391263 0.78258 0.98072 0.30541 0.41196 152.77952 195.62801 147.22542 138.42519 0.3 0.3 0.0 0.0 0.0 0.0 0.0 0.0 0.72115 0.0 0.0 45.47487 -0.49999 0.07399 0.0 0.0 0.0 0.0 0.0 0.0 0.0494766695757 46 1 0.992647058824 0.375229062126 -2.06701297809
-0.12623 0.35028 3.35743 -0.12979 0.55971 4.0060756989 0.78258 0.98072 0.30541 0.41196 152.77952 195.62801 147.22542 138.42519 0.3 0.3 0.0 0.0 0.0 0.0 0.0 0.0 0.72115 0.0 0.0 45.47487 -0.49999 0.07399 0.0 0.0 0.0 0.0 0.0 0.0 0.049200894982 47 0 0.977941176471 0.379556046019 -2.06701297809
-0.12623 0.35028 3.35743 -0.12979 0.55971 3.95690985176 0.78258 0.98072 0.30541 0.41196 152.77952 195.62801 147.22542 138.42519 0.3 0.3 0.0 0.0 0.0 0.0 0.0 0.0 0.72115 0.0 0.0 45.47487 -0.49999 0.07399 0.0 0.0 0.0 0.0 0.0 0.0 0.0488701944266 48 1 0.992647058824 0.416341728541 -2.11710066093
-0.12623 0.35028 3.35743 -0.12979 0.55971 3.99463876495 0.78258 0.98072 0.30541 0.41196 152.77952 195.62801 147.22542 138.42519 0.3 0.3 0.0 0.0 0.0 0.0 0.0 0.0 0.72115 0.0 0.0 45.47487 -0.49999 0.07399 0.0 0.0 0.0 0.0 0.0 0.0 0.048703408678 49 1 0.985294117647 0.401019918056 -3.31379490704
-0.12623 0.35028 3.35743 -0.12979 0.55971 3.95970296586 0.78258 0.98072 0.30541 0.41196 152.77952 195.62801 147.22542 138.42519 0.3 0.3 0.0 0.0 0.0 0.0 0.0 0.0 0.72115 0.0 0.0 45.47487 -0.49999 0.07399 0.0 0.0 0.0 0.0 0.0 0.0 0.0493662760732 50 1 0.985294117647 0.200990207816 -2.11287465124
-0.12623 0.35028 3.35743 -0.12979 0.55971 3.95964735225 0.78258 0.98072 0.30541 0.41196 152.77952 195.62801 147.22542 138.42519 0.3 0.3 0.0 0.0 0.0 0.0 0.0 0.0 0.72115 0.0 0.0 45.47487 -0.49999 0.07399 0.0 0.0 0.0 0.0 0.0 0.0 0.049955867969 51 1 0.985294117647 0.201000674675 -2.14421388659
-0.12623 0.35028 3.35743 -0.12979 0.55971 3.9323498911 0.78258 0.98072 0.30541 0.41196 152.77952 195.62801 147.22542 138.42519 0.3 0.3 0.0 0.0 0.0 0.0 0.0 0.0 0.72115 0.0 0.0 45.47487 -0.49999 0.07399 0.0 0.0 0.0 0.0 0.0 0.0 0.0500988448008 52 1 0.992647058824 0.534236628148 -2.45194620382
-0.12623 0.35028 3.35743 -0.12979 0.55971 3.93842974934 0.78258 0.98072 0.30541 0.41196 152.77952 195.62801 147.22542 138.42519 0.3 0.3 0.0 0.0 0.0 0.0 0.0 0.0 0.72115 0.0 0.0 45.47487 -0.49999 0.07399 0.0 0.0 0.0 0.0 0.0 0.0 0.0491801104972 53 1 0.992647058824 0.536362395041 -2.42026203555
-0.12623 0.35028 3.35743 -0.12979 0.55971 3.94854471592 0.78258 0.98072 0.30541 0.41196 152.77952 195.62801 147.22542 138.42519 0.3 0.3 0.0 0.0 0.0 0.0 0.0 0.0 0.72115 0.0 0.0 45.47487 -0.49999 0.07399 0.0 0.0 0.0 0.0 0.0 0.0 0.0489472340781 54 1 0.992647058824 0.495729031924 -2.30478220449
-0.12623 0.35028 3.35743 -0.12979 0.55971 3.96007549485 0.78258 0.98072 0.30541 0.41196 152.77952 195.62801 147.22542 138.42519 0.3 0.3 0.0 0.0 0.0 0.0 0.0 0.0 0.72115 0.0 0.0 45.47487 -0.49999 0.07399 0.0 0.0 0.0 0.0 0.0 0.0 0.0491060141978 55 1 0.985294117647 0.200960519008 -2.09919653268
-0.12623 0.35028 3.35743 -0.12979 0.55971 3.93261877028 0.78258 0.98072 0.30541 0.41196 152.77952 195.62801 147.22542 138.42519 0.3 0.3 0.0 0.0 0.0 0.0 0.0 0.0 0.72115 0.0 0.0 45.47487 -0.49999 0.07399 0.0 0.0 0.0 0.0 0.0 0.0 0.0503527457169 56 1 0.992647058824 0.534333852065 -2.46298475794
-0.12623 0.35028 3.35743 -0.12979 0.55971 3.97308200287 0.78258 0.98072 0.30541 0.41196 152.77952 195.62801 147.22542 138.42519 0.3 0.3 0.0 0.0 0.0 0.0 0.0 0.0 0.72115 0.0 0.0 45.47487 -0.49999 0.07399 0.0 0.0 0.0 0.0 0.0 0.0 0.051372217742 57 1 0.985294117647 0.166035170482 -2.10431853997
-0.12623 0.35028 3.35743 -0.12979 0.55971 3.97391866828 0.78258 0.98072 0.30541 0.41196 152.77952 195.62801 147.22542 138.42519 0.3 0.3 0.0 0.0 0.0 0.0 0.0 0.0 0.72115 0.0 0.0 45.47487 -0.49999 0.07399 0.0 0.0 0.0 0.0 0.0 0.0 0.0516992505977 58 0 0.985294117647 0.373915477788 -2.10431853997
-0.12623 0.35028 3.35743 -0.12979 0.55971 3.97293562808 0.78258 0.98072 0.30541 0.41196 152.77952 195.62801 147.22542 138.42519 0.3 0.3 0.0 0.0 0.0 0.0 0.0 0.0 0.72115 0.0 0.0 45.47487 -0.49999 0.07399 0.0 0.0 0.0 0.0 0.0 0.0 0.0521749092124 59 1 0.985294117647 0.165448806244 -2.15260008703
-0.12623 0.35028 3.35743 -0.12979 0.55971 3.98811627084 0.78258 0.98072 0.30541 0.41196 152.77952 195.62801 147.22542 138.42519 0.3 0.3 0.0 0.0 0.0 0.0 0.0 0.0 0.72115 0.0 0.0 45.47487 -0.49999 0.07399 0.0 0.0 0.0 0.0 0.0 0.0 0.0519579130091 60 1 0.992647058824 0.405439145038 -2.26260766302
-0.12623 0.35028 3.35743 -0.12979 0.55971 3.96692270531 0.78258 0.98072 0.30541 0.41196 152.77952 195.62801 147.22542 138.42519 0.3 0.3 0.0 0.0 0.0 0.0 0.0 0.0 0.72115 0.0 0.0 45.47487 -0.49999 0.07399 0.0 0.0 0.0 0.0 0.0 0.0 0.0524872944058 61 1 0.985294117647 0.188878198156 -2.24573119449
-0.12623 0.35028 3.35743 -0.12979 0.55971 3.97708875495 0.78258 0.98072 0.30541 0.41196 152.77952 195.62801 147.22542 138.42519 0.3 0.3 0.0 0.0 0.0 0.0 0.0 0.0 0.72115 0.0 0.0 45.47487 -0.49999 0.07399 0.0 0.0 0.0 0.0 0.0 0.0 0.0530069323382 62 1 0.992647058824 0.376350482356 -2.27537258532
-0.12623 0.35028 3.35743 -0.12979 0.55971 4.02270155443 0.78258 0.98072 0.30541 0.41196 152.77952 195.62801 147.22542 138.42519 0.3 0.3 0.0 0.0 0.0 0.0 0.0 0.0 0.72115 0.0 0.0 45.47487 -0.49999 0.07399 0.0 0.0 0.0 0.0 0.0 0.0 0.0525612396197 63 1 0.992592592593 0.114361791159 -1.96529316711
-0.12623 0.35028 3.35743 -0.12979 0.55971 4.01061557778 0.78258 0.98072 0.30541 0.41196 152.77952 195.62801 147.22542 138.42519 0.3 0.3 0.0 0.0 0.0 0.0 0.0 0.0 0.72115 0.0 0.0 45.47487 -0.49999 0.07399 0.0 0.0 0.0 0.0 0.0 0.0 0.0527391644645 64 1 0.985294117647 0.0521460374899 -1.97287287092
-0.12623 0.35028 3.35743 -0.12979 0.55971 3.99119173378 0.78258 0.98072 0.30541 0.41196 152.77952 195.62801 147.22542 138.42519 0.3 0.3 0.0 0.0 0.0 0.0 0.0 0.0 0.72115 0.0 0.0 45.47487 -0.49999 0.07399 0.0 0.0 0.0 0.0 0.0 0.0 0.0525030686102 65 0 0.992647058824 0.404571588395 -1.97287287092
-0.12623 0.35028 3.35743 -0.12979 0.55971 4.04705907596 0.78258 0.98072 0.30541 0.41196 152.77952 195.62801 147.22542 138.42519 0.3 0.3 0.0 0.0 0.0 0.0 0.0 0.0 0.72115 0.0 0.0 45.47487 -0.49999 0.07399 0.0 0.0 0.0 0.0 0.0 0.0 0.0532902405813 66 1 1.0 0.279538316441 -1.98967265297
-0.12623 0.35028 3.35743 -0.12979 0.55971 4.03451581283 0.78258 0.98072 0.30541 0.41196 152.77952 195.62801 147.22542 138.42519 0.3 0.3 0.0 0.0 0.0 0.0 0.0 0.0 0.72115 0.0 0.0 45.47487 -0.49999 0.07399 0.0 0.0 0.0 0.0 0.0 0.0 0.0532873741441 67 1 1.0 0.408776076218 -1.98946049453
-0.12623 0.35028 3.35743 -0.12979 0.55971 4.05982244034 0.78258 0.98072 0.30541 0.41196 152.77952 195.62801 147.22542 138.42519 0.3 0.3 0.0 0.0 0.0 0.0 0.0 0.0 0.72115 0.0 0.0 45.47487 -0.49999 0.07399 0.0 0.0 0.0 0.0 0.0 0.0 0.0526738471846 68 1 0.992647058824 0.40264278452 -2.29970978281
-0.12623 0.35028 3.35743 -0.12979 0.55971 4.06685989028 0.78258 0.98072 0.30541 0.41196 152.77952 195.62801 147.22542 138.42519 0.3 0.3 0.0 0.0 0.0 0.0 0.0 0.0 0.72115 0.0 0.0 45.47487 -0.49999 0.07399 0.0 0.0 0.0 0.0 0.0 0.0 0.0531474940329 69 1 0.992647058824 0.416227792174 -2.35217432663
-0.12623 0.35028 3.35743 -0.12979 0.55971 4.04978997017 0.78258 0.98072 0.30541 0.41196 152.77952 195.62801 147.22542 138.42519 0.3 0.3 0.0 0.0 0.0 0.0 0.0 0.0 0.72115 0.0 0.0 45.47487 -0.49999 0.07399 0.0 0.0 0.0 0.0 0.0 0.0 0.0530957089516 70 1 1.0 0.279707416671 -1.97529944499
-0.12623 0.35028 3.35743 -0.12979 0.55971 4.02704512287 0.78258 0.98072 0.30541 0.41196 152.77952 195.62801 147.22542 138.42519 0.3 0.3 0.0 0.0 0.0 0.0 0.0 0.0 0.72115 0.0 0.0 45.47487 -0.49999 0.07399 0.0 0.0 0.0 0.0 0.0 0.0 0.0531840321354 71 1 1.0 0.118355675489 -1.98181902431
-0.12623 0.35028 3.35743 -0.12979 0.55971 4.04468424435 0.78258 0.98072 0.30541 0.41196 152.77952 195.62801 147.22542 138.42519 0.3 0.3 0.0 0.0 0.0 0.0 0.0 0.0 0.72115 0.0 0.0 45.47487 -0.49999 0.07399 0.0 0.0 0.0 0.0 0.0 0.0 0.052850373356 72 1 1.0 0.273486359071 -1.95724487004
-0.12623 0.35028 3.35743 -0.12979 0.55971 4.04734834161 0.78258 0.98072 0.30541 0.41196 152.77952 195.62801 147.22542 138.42519 0.3 0.3 0.0 0.0 0.0 0.0 0.0 0.0 0.72115 0.0 0.0 45.47487 -0.49999 0.07399 0.0 0.0 0.0 0.0 0.0 0.0 0.0529520338428 73 1 1.0 0.279565178023 -1.96471640725
-0.12623 0.35028 3.35743 -0.12979 0.55971 4.03746227015 0.78258 0.98072 0.30541 0.41196 152.77952 195.62801 147.22542 138.42519 0.3 0.3 0.0 0.0 0.0 0.0 0.0 0.0 0.72115 0.0 0.0 45.47487 -0.49999 0.07399 0.0 0.0 0.0 0.0 0.0 0.0 0.0524310019226 74 1 1.0 0.454806349225 -1.92656975127
-0.12623 0.35028 3.35743 -0.12979 0.55971 4.03387963862 0.78258 0.98072 0.30541 0.41196 152.77952 195.62801 147.22542 138.42519 0.3 0.3 0.0 0.0 0.0 0.0 0.0 0.0 0.72115 0.0 0.0 45.47487 -0.49999 0.07399 0.0 0.0 0.0 0.0 0.0 0.0 0.0531066068281 75 1 1.0 0.408747493638 -1.97610330657
-0.12623 0.35028 3.35743 -0.12979 0.55971 4.02983668315 0.78258 0.98072 0.30541 0.41196 152.77952 195.62801 147.22542 138.42519 0.3 0.3 0.0 0.0 0.0 0.0 0.0 0.0 0.72115 0.0 0.0 45.47487 -0.49999 0.07399 0.0 0.0 0.0 0.0 0.0 0.0 0.0532271846749 76 1 1.0 0.40750972365 -1.98500813356
-0.12623 0.35028 3.35743 -0.12979 0.55971 4.02948795807 0.78258 0.98072 0.30541 0.41196 152.77952 195.62801 147.22542 138.42519 0.3 0.3 0.0 0.0 0.0 0.0 0.0 0.0 0.72115 0.0 0.0 45.47487 -0.49999 0.07399 0.0 0.0 0.0 0.0 0.0 0.0 0.0544899316042 77 1 1.0 0.407561430819 -2.07943340496
-0.12623 0.35028 3.35743 -0.12979 0.55971 4.0451358406 0.78258 0.98072 0.30541 0.41196 152.77952 195.62801 147.22542 138.42519 0.3 0.3 0.0 0.0 0.0 0.0 0.0 0.0 0.72115 0.0 0.0 45.47487 -0.49999 0.07399 0.0 0.0 0.0 0.0 0.0 0.0 0.0548386433441 78 1 1.0 0.273515722573 -2.10588513938
-0.12623 0.35028 3.35743 -0.12979 0.55971 4.02050367229 0.78258 0.98072 0.30541 0.41196 152.77952 195.62801 147.22542 138.42519 0.3 0.3 0.0 0.0 0.0 0.0 0.0 0.0 0.72115 0.0 0.0 45.47487 -0.49999 0.07399 0.0 0.0 0.0 0.0 0.0 0.0 0.0554700128618 79 1 1.0 0.0014283047787 -2.15419133126
-0.12623 0.35028 3.35743 -0.12979 0.55971 4.0483717972 0.78258 0.98072 0.30541 0.41196 152.77952 195.62801 147.22542 138.42519 0.3 0.3 0.0 0.0 0.0 0.0 0.0 0.0 0.72115 0.0 0.0 45.47487 -0.49999 0.07399 0.0 0.0 0.0 0.0 0.0 0.0 0.0554840688255 80 1 1.0 0.279589964668 -2.15527281049
-0.12623 0.35028 3.35743 -0.12979 0.55971 4.0473973298 0.78258 0.98072 0.30541 0.41196 152.77952 195.62801 147.22542 138.42519 0.3 0.3 0.0 0.0 0.0 0.0 0.0 0.0 0.72115 0.0 0.0 45.47487 -0.49999 0.07399 0.0 0.0 0.0 0.0 0.0 0.0 0.0552566881728 81 1 1.0 0.279564653549 -2.13781029164
-0.12623 0.35028 3.35743 -0.12979 0.55971 4.06579517994 0.78258 0.98072 0.30541 0.41196 152.77952 195.62801 147.22542 138.42519 0.3 0.3 0.0 0.0 0.0 0.0 0.0 0.0 0.72115 0.0 0.0 45.47487 -0.49999 0.07399 0.0 0.0 0.0 0.0 0.0 0.0 0.0556112255448 82 0 0.992647058824 0.416133327895 -2.13781029164
-0.12623 0.35028 3.35743 -0.12979 0.55971 4.02134582601 0.78258 0.98072 0.30541 0.41196 152.77952 195.62801 147.22542 138.42519 0.3 0.3 0.0 0.0 0.0 0.0 0.0 0.0 0.72115 0.0 0.0 45.47487 -0.49999 0.07399 0.0 0.0 0.0 0.0 0.0 0.0 0.0552587967081 83 1 0.992592592593 0.113529803411 -2.16402755712
-0.12623 0.35028 3.35743 -0.12979 0.55971 4.00502835127 0.78258 0.98072 0.30541 0.41196 152.77952 195.62801 147.22542 138.42519 0.3 0.3 0.0 0.0 0.0 0.0 0.0 0.0 0.72115 0.0 0.0 45.47487 -0.49999 0.07399 0.0 0.0 0.0 0.0 0.0 0.0 0.0558859803185 84 0 0.977941176471 0.379156864176 -2.16402755712
-0.12623 0.35028 3.35743 -0.12979 0.55971 4.03881546573 0.78258 0.98072 0.30541 0.41196 152.77952 195.62801 147.22542 138.42519 0.3 0.3 0.0 0.0 0.0 0.0 0.0 0.0 0.72115 0.0 0.0 45.47487 -0.49999 0.07399 0.0 0.0 0.0 0.0 0.0 0.0 0.0545665180637 85 1 1.0 0.454819613204 -2.08522898779
-0.12623 0.35028 3.35743 -0.12979 0.55971 4.0154568925 0.78258 0.98072 0.30541 0.41196 152.77952 195.62801 147.22542 138.42519 0.3 0.3 0.0 0.0 0.0 0.0 0.0 0.0 0.72115 0.0 0.0 45.47487 -0.49999 0.07399 0.0 0.0 0.0 0.0 0.0 0.0 0.0540140327255 86 1 0.985294117647 0.0410857880283 -2.05767300228
-0.12623 0.35028 3.35743 -0.12979 0.55971 4.02230028226 0.78258 0.98072 0.30541 0.41196 152.77952 195.62801 147.22542 138.42519 0.3 0.3 0.0 0.0 0.0 0.0 0.0 0.0 0.72115 0.0 0.0 45.47487 -0.49999 0.07399 0.0 0.0 0.0 0.0 0.0 0.0 0.0534452813962 87 1 0.992592592593 0.113748992493 -2.02912591171
-0.12623 0.35028 3.35743 -0.12979 0.55971 4.01443552527 0.78258 0.98072 0.30541 0.41196 152.77952 195.62801 147.22542 138.42519 0.3 0.3 0.0 0.0 0.0 0.0 0.0 0.0 0.72115 0.0 0.0 45.47487 -0.49999 0.07399 0.0 0.0 0.0 0.0 0.0 0.0 0.0532688269971 88 1 0.985294117647 0.0459387223583 -2.00618248567
-0.12623 0.35028 3.35743 -0.12979 0.55971 4.00277885916 0.78258 0.98072 0.30541 0.41196 152.77952 195.62801 147.22542 138.42519 0.3 0.3 0.0 0.0 0.0 0.0 0.0 0.0 0.72115 0.0 0.0 45.47487 -0.49999 0.07399 0.0 0.0 0.0 0.0 0.0 0.0 0.053599598867 89 0 0.977941176471 0.37899685301 -2.00618248567
-0.12623 0.35028 3.35743 -0.12979 0.55971 4.07405119358 0.78258 0.98072 0.30541 0.41196 152.77952 195.62801 147.22542 138.42519 0.3 0.3 0.0 0.0 0.0 0.0 0.0 0.0 0.72115 0.0 0.0 45.47487 -0.49999 0.07399 0.0 0.0 0.0 0.0 0.0 0.0 0.0521645425818 90 1 0.992647058824 0.42676144162 -2.31429568924
-0.12623 0.35028 3.35743 -0.12979 0.55971 4.08017373759 0.78258 0.98072 0.30541 0.41196 152.77952 195.62801 147.22542 138.42519 0.3 0.3 0.0 0.0 0.0 0.0 0.0 0.0 0.72115 0.0 0.0 45.47487 -0.49999 0.07399 0.0 0.0 0.0 0.0 0.0 0.0 0.0519842763866 91 1 0.992647058824 0.419911483261 -2.29102163363
-0.12623 0.35028 3.35743 -0.12979 0.55971 4.07226734983 0.78258 0.98072 0.30541 0.41196 152.77952 195.62801 147.22542 138.42519 0.3 0.3 0.0 0.0 0.0 0.0 0.0 0.0 0.72115 0.0 0.0 45.47487 -0.49999 0.07399 0.0 0.0 0.0 0.0 0.0 0.0 0.0516115304802 92 1 0.992647058824 0.426495231357 -2.28265634611
-0.12623 0.35028 3.35743 -0.12979 0.55971 4.0929724058 0.78258 0.98072 0.30541 0.41196 152.77952 195.62801 147.22542 138.42519 0.3 0.3 0.0 0.0 0.0 0.0 0.0 0.0 0.72115 0.0 0.0 45.47487 -0.49999 0.07399 0.0 0.0 0.0 0.0 0.0 0.0 0.0516233074608 93 0 0.985401459854 0.480932682524 -2.28265634611
-0.12623 0.35028 3.35743 -0.12979 0.55971 4.05530402405 0.78258 0.98072 0.30541 0.41196 152.77952 195.62801 147.22542 138.42519 0.3 0.3 0.0 0.0 0.0 0.0 0.0 0.0 0.72115 0.0 0.0 45.47487 -0.49999 0.07399 0.0 0.0 0.0 0.0 0.0 0.0 0.0518917524508 94 1 0.992647058824 0.368778599188 -2.19466480442
-0.12623 0.35028 3.35743 -0.12979 0.55971 4.08112948001 0.78258 0.98072 0.30541 0.41196 152.77952 195.62801 147.22542 138.42519 0.3 0.3 0.0 0.0 0.0 0.0 0.0 0.0 0.72115 0.0 0.0 45.47487 -0.49999 0.07399 0.0 0.0 0.0 0.0 0.0 0.0 0.0516249434526 95 0 0.985401459854 0.446776343622 -2.19466480442
-0.12623 0.35028 3.35743 -0.12979 0.55971 4.04135043158 0.78258 0.98072 0.30541 0.41196 152.77952 195.62801 147.22542 138.42519 0.3 0.3 0.0 0.0 0.0 0.0 0.0 0.0 0.72115 0.0 0.0 45.47487 -0.49999 0.07399 0.0 0.0 0.0 0.0 0.0 0.0 0.0518400361913 96 1 1.0 0.271852772101 -1.88374412483
-0.12623 0.35028 3.35743 -0.12979 0.55971 4.04622294457 0.78258 0.98072 0.30541 0.41196 152.77952 195.62801 147.22542 138.42519 0.3 0.3 0.0 0.0 0.0 0.0 0.0 0.0 0.72115 0.0 0.0 45.47487 -0.49999 0.07399 0.0 0.0 0.0 0.0 0.0 0.0 0.0513850333073 97 1 1.0 0.274993020001 -1.8510911501
-0.12623 0.35028 3.35743 -0.12979 0.55971 4.073636239 0.78258 0.98072 0.30541 0.41196 152.77952 195.62801 147.22542 138.42519 0.3 0.3 0.0 0.0 0.0 0.0 0.0 0.0 0.72115 0.0 0.0 45.47487 -0.49999 0.07399 0.0 0.0 0.0 0.0 0.0 0.0 0.0518034039777 98 1 0.992647058824 0.426704559475 -2.29378422786
-0.12623 0.35028 3.35743 -0.12979 0.55971 4.05523197873 0.78258 0.98072 0.30541 0.41196 152.77952 195.62801 147.22542 138.42519 0.3 0.3 0.0 0.0 0.0 0.0 0.0 0.0 0.72115 0.0 0.0 45.47487 -0.49999 0.07399 0.0 0.0 0.0 0.0 0.0 0.0 0.0512570743843 99 1 0.992647058824 0.3687742937 -2.15679730742
-0.12623 0.35028 3.35743 -0.12979 0.55971 4.04367073042 0.78258 0.98072 0.30541 0.41196 152.77952 195.62801 147.22542 138.42519 0.3 0.3 0.0 0.0 0.0 0.0 0.0 0.0 0.72115 0.0 0.0 45.47487 -0.49999 0.07399 0.0 0.0 0.0 0.0 0.0 0.0 0.0517289406256 100 1 1.0 0.273447003494 -1.87574574098
