-0.12623 0.35028 3.35743 -0.12979 0.55971 4.22072 0.78258 0.98072 0.30541 0.41196 152.77952 195.62801 147.22542 138.42519 0.3 0.3 0.0 0.0 0.0 0.0 0.0 0.0 0.72115 0.0 0.0 45.47487 -0.49999 0.07399 0.0 0.0 0.0 0.0 0.0 0.0 0.05 0 1 0.95652173913 0.768040622504 -51.9327826024
-0.12623 0.35028 3.35743 -0.12979 0.55971 4.2562872619 0.78258 0.98072 0.30541 0.41196 152.77952 195.62801 147.22542 138.42519 0.3 0.3 0.0 0.0 0.0 0.0 0.0 0.0 0.72115 0.0 0.0 45.47487 -0.49999 0.07399 0.0 0.0 0.0 0.0 0.0 0.0 0.0501553902477 1 1 0.970802919708 0.81262319961 -26.9395361824
-0.12623 0.35028 3.35743 -0.12979 0.55971 4.24361601318 0.78258 0.98072 0.30541 0.41196 152.77952 195.62801 147.22542 138.42519 0.3 0.3 0.0 0.0 0.0 0.0 0.0 0.0 0.72115 0.0 0.0 45.47487 -0.49999 0.07399 0.0 0.0 0.0 0.0 0.0 0.0 0.0493942303761 2 1 0.970802919708 0.793507413748 -26.4618256128
-0.12623 0.35028 3.35743 -0.12979 0.55971 4.26009369573 0.78258 0.98072 0.30541 0.41196 152.77952 195.62801 147.22542 138.42519 0.3 0.3 0.0 0.0 0.0 0.0 0.0 0.0 0.72115 0.0 0.0 45.47487 -0.49999 0.07399 0.0 0.0 0.0 0.0 0.0 0.0 0.0489494175613 3 0 0.970802919708 0.813777116463 -26.4618256128
-0.12623 0.35028 3.35743 -0.12979 0.55971 4.3150730433 0.78258 0.98072 0.30541 0.41196 152.77952 195.62801 147.22542 138.42519 0.3 0.3 0.0 0.0 0.0 0.0 0.0 0.0 0.72115 0.0 0.0 45.47487 -0.49999 0.07399 0.0 0.0 0.0 0.0 0.0 0.0 0.0508778968295 4 0 0.94964028777 0.839110295857 -26.4618256128
-0.12623 0.35028 3.35743 -0.12979 0.55971 4.2445879579 0.78258 0.98072 0.30541 0.41196 152.77952 195.62801 147.22542 138.42519 0.3 0.3 0.0 0.0 0.0 0.0 0.0 0.0 0.72115 0.0 0.0 45.47487 -0.49999 0.07399 0.0 0.0 0.0 0.0 0.0 0.0 0.049262304169 5 1 0.970802919708 0.792817773858 -26.5422730166
-0.12623 0.35028 3.35743 -0.12979 0.55971 4.24467314652 0.78258 0.98072 0.30541 0.41196 152.77952 195.62801 147.22542 138.42519 0.3 0.3 0.0 0.0 0.0 0.0 0.0 0.0 0.72115 0.0 0.0 45.47487 -0.49999 0.07399 0.0 0.0 0.0 0.0 0.0 0.0 0.0487612596538 6 1 0.970802919708 0.792839614506 -27.0225736328
-0.12623 0.35028 3.35743 -0.12979 0.55971 4.26238335177 0.78258 0.98072 0.30541 0.41196 152.77952 195.62801 147.22542 138.42519 0.3 0.3 0.0 0.0 0.0 0.0 0.0 0.0 0.72115 0.0 0.0 45.47487 -0.49999 0.07399 0.0 0.0 0.0 0.0 0.0 0.0 0.0484065692425 7 0 0.963768115942 0.810564011125 -27.0225736328
-0.12623 0.35028 3.35743 -0.12979 0.55971 4.2819762295 0.78258 0.98072 0.30541 0.41196 152.77952 195.62801 147.22542 138.42519 0.3 0.3 0.0 0.0 0.0 0.0 0.0 0.0 0.72115 0.0 0.0 45.47487 -0.49999 0.07399 0.0 0.0 0.0 0.0 0.0 0.0 0.0494132892783 8 0 0.963768115942 0.828501315057 -27.0225736328
-0.12623 0.35028 3.35743 -0.12979 0.55971 4.27313795338 0.78258 0.98072 0.30541 0.41196 152.77952 195.62801 147.22542 138.42519 0.3 0.3 0.0 0.0 0.0 0.0 0.0 0.0 0.72115 0.0 0.0 45.47487 -0.49999 0.07399 0.0 0.0 0.0 0.0 0.0 0.0 0.0490897369272 9 0 0.956834532374 0.811495430675 -27.0225736328
-0.12623 0.35028 3.35743 -0.12979 0.55971 4.22635318115 0.78258 0.98072 0.30541 0.41196 152.77952 195.62801 147.22542 138.42519 0.3 0.3 0.0 0.0 0.0 0.0 0.0 0.0 0.72115 0.0 0.0 45.47487 -0.49999 0.07399 0.0 0.0 0.0 0.0 0.0 0.0 0.048827337359 10 0 0.95652173913 0.790918948101 -27.0225736328
-0.12623 0.35028 3.35743 -0.12979 0.55971 4.27378084623 0.78258 0.98072 0.30541 0.41196 152.77952 195.62801 147.22542 138.42519 0.3 0.3 0.0 0.0 0.0 0.0 0.0 0.0 0.72115 0.0 0.0 45.47487 -0.49999 0.07399 0.0 0.0 0.0 0.0 0.0 0.0 0.0490504774198 11 0 0.956834532374 0.811655905245 -27.0225736328
-0.12623 0.35028 3.35743 -0.12979 0.55971 4.24004461399 0.78258 0.98072 0.30541 0.41196 152.77952 195.62801 147.22542 138.42519 0.3 0.3 0.0 0.0 0.0 0.0 0.0 0.0 0.72115 0.0 0.0 45.47487 -0.49999 0.07399 0.0 0.0 0.0 0.0 0.0 0.0 0.0501767684632 12 1 0.970802919708 0.800945513055 -26.2018358729
-0.12623 0.35028 3.35743 -0.12979 0.55971 4.27068715781 0.78258 0.98072 0.30541 0.41196 152.77952 195.62801 147.22542 138.42519 0.3 0.3 0.0 0.0 0.0 0.0 0.0 0.0 0.72115 0.0 0.0 45.47487 -0.49999 0.07399 0.0 0.0 0.0 0.0 0.0 0.0 0.0505471408938 13 0 0.963768115942 0.810772778986 -26.2018358729
-0.12623 0.35028 3.35743 -0.12979 0.55971 4.22835739556 0.78258 0.98072 0.30541 0.41196 152.77952 195.62801 147.22542 138.42519 0.3 0.3 0.0 0.0 0.0 0.0 0.0 0.0 0.72115 0.0 0.0 45.47487 -0.49999 0.07399 0.0 0.0 0.0 0.0 0.0 0.0 0.0512592797517 14 0 0.95652173913 0.791248479771 -26.2018358729
-0.12623 0.35028 3.35743 -0.12979 0.55971 4.21159332687 0.78258 0.98072 0.30541 0.41196 152.77952 195.62801 147.22542 138.42519 0.3 0.3 0.0 0.0 0.0 0.0 0.0 0.0 0.72115 0.0 0.0 45.47487 -0.49999 0.07399 0.0 0.0 0.0 0.0 0.0 0.0 0.0492476304227 15 0 0.956204379562 0.763306738819 -26.2018358729
-0.12623 0.35028 3.35743 -0.12979 0.55971 4.26766738279 0.78258 0.98072 0.30541 0.41196 152.77952 195.62801 147.22542 138.42519 0.3 0.3 0.0 0.0 0.0 0.0 0.0 0.0 0.72115 0.0 0.0 45.47487 -0.49999 0.07399 0.0 0.0 0.0 0.0 0.0 0.0 0.0517385347231 16 0 0.963768115942 0.809949019123 -26.2018358729
-0.12623 0.35028 3.35743 -0.12979 0.55971 4.2309067814 0.78258 0.98072 0.30541 0.41196 152.77952 195.62801 147.22542 138.42519 0.3 0.3 0.0 0.0 0.0 0.0 0.0 0.0 0.72115 0.0 0.0 45.47487 -0.49999 0.07399 0.0 0.0 0.0 0.0 0.0 0.0 0.0495052739874 17 0 0.95652173913 0.789486659149 -26.2018358729
-0.12623 0.35028 3.35743 -0.12979 0.55971 4.25058172468 0.78258 0.98072 0.30541 0.41196 152.77952 195.62801 147.22542 138.42519 0.3 0.3 0.0 0.0 0.0 0.0 0.0 0.0 0.72115 0.0 0.0 45.47487 -0.49999 0.07399 0.0 0.0 0.0 0.0 0.0 0.0 0.0499814930517 18 1 0.970802919708 0.808559068028 -26.8499671866
-0.12623 0.35028 3.35743 -0.12979 0.55971 4.27682484611 0.78258 0.98072 0.30541 0.41196 152.77952 195.62801 147.22542 138.42519 0.3 0.3 0.0 0.0 0.0 0.0 0.0 0.0 0.72115 0.0 0.0 45.47487 -0.49999 0.07399 0.0 0.0 0.0 0.0 0.0 0.0 0.0502136162801 19 0 0.963768115942 0.81172070478 -26.8499671866
-0.12623 0.35028 3.35743 -0.12979 0.55971 4.27953481503 0.78258 0.98072 0.30541 0.41196 152.77952 195.62801 147.22542 138.42519 0.3 0.3 0.0 0.0 0.0 0.0 0.0 0.0 0.72115 0.0 0.0 45.47487 -0.49999 0.07399 0.0 0.0 0.0 0.0 0.0 0.0 0.0485864765357 20 0 0.963768115942 0.812903431284 -26.8499671866
-0.12623 0.35028 3.35743 -0.12979 0.55971 4.25377843753 0.78258 0.98072 0.30541 0.41196 152.77952 195.62801 147.22542 138.42519 0.3 0.3 0.0 0.0 0.0 0.0 0.0 0.0 0.72115 0.0 0.0 45.47487 -0.49999 0.07399 0.0 0.0 0.0 0.0 0.0 0.0 0.0505266137782 21 1 0.970802919708 0.809335096071 -26.3966260703
-0.12623 0.35028 3.35743 -0.12979 0.55971 4.26922373534 0.78258 0.98072 0.30541 0.41196 152.77952 195.62801 147.22542 138.42519 0.3 0.3 0.0 0.0 0.0 0.0 0.0 0.0 0.72115 0.0 0.0 45.47487 -0.49999 0.07399 0.0 0.0 0.0 0.0 0.0 0.0 0.0514226696209 22 0 0.963768115942 0.810350323655 -26.3966260703
-0.12623 0.35028 3.35743 -0.12979 0.55971 4.2468981671 0.78258 0.98072 0.30541 0.41196 152.77952 195.62801 147.22542 138.42519 0.3 0.3 0.0 0.0 0.0 0.0 0.0 0.0 0.72115 0.0 0.0 45.47487 -0.49999 0.07399 0.0 0.0 0.0 0.0 0.0 0.0 0.0508209130999 23 1 0.970802919708 0.805637357373 -25.9114710293
-0.12623 0.35028 3.35743 -0.12979 0.55971 4.29251444284 0.78258 0.98072 0.30541 0.41196 152.77952 195.62801 147.22542 138.42519 0.3 0.3 0.0 0.0 0.0 0.0 0.0 0.0 0.72115 0.0 0.0 45.47487 -0.49999 0.07399 0.0 0.0 0.0 0.0 0.0 0.0 0.0514364262383 24 0 0.94964028777 0.832775111213 -25.9114710293
-0.12623 0.35028 3.35743 -0.12979 0.55971 4.22339929904 0.78258 0.98072 0.30541 0.41196 152.77952 195.62801 147.22542 138.42519 0.3 0.3 0.0 0.0 0.0 0.0 0.0 0.0 0.72115 0.0 0.0 45.47487 -0.49999 0.07399 0.0 0.0 0.0 0.0 0.0 0.0 0.0496644650698 25 0 0.95652173913 0.771501168287 -25.9114710293
-0.12623 0.35028 3.35743 -0.12979 0.55971 4.24589806272 0.78258 0.98072 0.30541 0.41196 152.77952 195.62801 147.22542 138.42519 0.3 0.3 0.0 0.0 0.0 0.0 0.0 0.0 0.72115 0.0 0.0 45.47487 -0.49999 0.07399 0.0 0.0 0.0 0.0 0.0 0.0 0.0509046429687 26 1 0.970802919708 0.805358606312 -25.8215579704
-0.12623 0.35028 3.35743 -0.12979 0.55971 4.22026781347 0.78258 0.98072 0.30541 0.41196 152.77952 195.62801 147.22542 138.42519 0.3 0.3 0.0 0.0 0.0 0.0 0.0 0.0 0.72115 0.0 0.0 45.47487 -0.49999 0.07399 0.0 0.0 0.0 0.0 0.0 0.0 0.0505572517701 27 0 0.95652173913 0.76509175765 -25.8215579704
-0.12623 0.35028 3.35743 -0.12979 0.55971 4.29161211858 0.78258 0.98072 0.30541 0.41196 152.77952 195.62801 147.22542 138.42519 0.3 0.3 0.0 0.0 0.0 0.0 0.0 0.0 0.72115 0.0 0.0 45.47487 -0.49999 0.07399 0.0 0.0 0.0 0.0 0.0 0.0 0.0511555943922 28 0 0.94964028777 0.832263488475 -25.8215579704
-0.12623 0.35028 3.35743 -0.12979 0.55971 4.26817047771 0.78258 0.98072 0.30541 0.41196 152.77952 195.62801 147.22542 138.42519 0.3 0.3 0.0 0.0 0.0 0.0 0.0 0.0 0.72115 0.0 0.0 45.47487 -0.49999 0.07399 0.0 0.0 0.0 0.0 0.0 0.0 0.0506735482512 29 0 0.963768115942 0.81012664565 -25.8215579704
-0.12623 0.35028 3.35743 -0.12979 0.55971 4.19175511492 0.78258 0.98072 0.30541 0.41196 152.77952 195.62801 147.22542 138.42519 0.3 0.3 0.0 0.0 0.0 0.0 0.0 0.0 0.72115 0.0 0.0 45.47487 -0.49999 0.07399 0.0 0.0 0.0 0.0 0.0 0.0 0.0512405523712 30 0 0.963503649635 0.74933697569 -25.8215579704
-0.12623 0.35028 3.35743 -0.12979 0.55971 4.24794109001 0.78258 0.98072 0.30541 0.41196 152.77952 195.62801 147.22542 138.42519 0.3 0.3 0.0 0.0 0.0 0.0 0.0 0.0 0.72115 0.0 0.0 45.47487 -0.49999 0.07399 0.0 0.0 0.0 0.0 0.0 0.0 0.0508237460523 31 1 0.970802919708 0.80591367408 -25.9255175481
-0.12623 0.35028 3.35743 -0.12979 0.55971 4.26290690956 0.78258 0.98072 0.30541 0.41196 152.77952 195.62801 147.22542 138.42519 0.3 0.3 0.0 0.0 0.0 0.0 0.0 0.0 0.72115 0.0 0.0 45.47487 -0.49999 0.07399 0.0 0.0 0.0 0.0 0.0 0.0 0.0514226160078 32 0 0.963768115942 0.81068449817 -25.9255175481
-0.12623 0.35028 3.35743 -0.12979 0.55971 4.21760268435 0.78258 0.98072 0.30541 0.41196 152.77952 195.62801 147.22542 138.42519 0.3 0.3 0.0 0.0 0.0 0.0 0.0 0.0 0.72115 0.0 0.0 45.47487 -0.49999 0.07399 0.0 0.0 0.0 0.0 0.0 0.0 0.0510904024006 33 0 0.949275362319 0.768402930623 -25.9255175481
-0.12623 0.35028 3.35743 -0.12979 0.55971 4.27672048011 0.78258 0.98072 0.30541 0.41196 152.77952 195.62801 147.22542 138.42519 0.3 0.3 0.0 0.0 0.0 0.0 0.0 0.0 0.72115 0.0 0.0 45.47487 -0.49999 0.07399 0.0 0.0 0.0 0.0 0.0 0.0 0.0522907133987 34 0 0.963768115942 0.811757095779 -25.9255175481
-0.12623 0.35028 3.35743 -0.12979 0.55971 4.23746058691 0.78258 0.98072 0.30541 0.41196 152.77952 195.62801 147.22542 138.42519 0.3 0.3 0.0 0.0 0.0 0.0 0.0 0.0 0.72115 0.0 0.0 45.47487 -0.49999 0.07399 0.0 0.0 0.0 0.0 0.0 0.0 0.0507134154923 35 1 0.970802919708 0.788552401196 -24.9905196575
-0.12623 0.35028 3.35743 -0.12979 0.55971 4.23386075133 0.78258 0.98072 0.30541 0.41196 152.77952 195.62801 147.22542 138.42519 0.3 0.3 0.0 0.0 0.0 0.0 0.0 0.0 0.72115 0.0 0.0 45.47487 -0.49999 0.07399 0.0 0.0 0.0 0.0 0.0 0.0 0.0500922115567 36 0 0.970802919708 0.78645507485 -24.9905196575
-0.12623 0.35028 3.35743 -0.12979 0.55971 4.24815884411 0.78258 0.98072 0.30541 0.41196 152.77952 195.62801 147.22542 138.42519 0.3 0.3 0.0 0.0 0.0 0.0 0.0 0.0 0.72115 0.0 0.0 45.47487 -0.49999 0.07399 0.0 0.0 0.0 0.0 0.0 0.0 0.0510189133252 37 0 0.970802919708 0.806022160563 -24.9905196575
-0.12623 0.35028 3.35743 -0.12979 0.55971 4.23242372721 0.78258 0.98072 0.30541 0.41196 152.77952 195.62801 147.22542 138.42519 0.3 0.3 0.0 0.0 0.0 0.0 0.0 0.0 0.72115 0.0 0.0 45.47487 -0.49999 0.07399 0.0 0.0 0.0 0.0 0.0 0.0 0.0504388577085 38 0 0.95652173913 0.789589889683 -24.9905196575
-0.12623 0.35028 3.35743 -0.12979 0.55971 4.215607919 0.78258 0.98072 0.30541 0.41196 152.77952 195.62801 147.22542 138.42519 0.3 0.3 0.0 0.0 0.0 0.0 0.0 0.0 0.72115 0.0 0.0 45.47487 -0.49999 0.07399 0.0 0.0 0.0 0.0 0.0 0.0 0.051278615405 39 0 0.949275362319 0.765449877653 -24.9905196575
-0.12623 0.35028 3.35743 -0.12979 0.55971 4.2591569488 0.78258 0.98072 0.30541 0.41196 152.77952 195.62801 147.22542 138.42519 0.3 0.3 0.0 0.0 0.0 0.0 0.0 0.0 0.72115 0.0 0.0 45.47487 -0.49999 0.07399 0.0 0.0 0.0 0.0 0.0 0.0 0.050335732798 40 1 0.970802919708 0.813558292541 -26.829631356
-0.12623 0.35028 3.35743 -0.12979 0.55971 4.28808037069 0.78258 0.98072 0.30541 0.41196 152.77952 195.62801 147.22542 138.42519 0.3 0.3 0.0 0.0 0.0 0.0 0.0 0.0 0.72115 0.0 0.0 45.47487 -0.49999 0.07399 0.0 0.0 0.0 0.0 0.0 0.0 0.0501424256073 41 0 0.95652173913 0.829632291729 -26.829631356
-0.12623 0.35028 3.35743 -0.12979 0.55971 4.29006690948 0.78258 0.98072 0.30541 0.41196 152.77952 195.62801 147.22542 138.42519 0.3 0.3 0.0 0.0 0.0 0.0 0.0 0.0 0.72115 0.0 0.0 45.47487 -0.49999 0.07399 0.0 0.0 0.0 0.0 0.0 0.0 0.0493815421315 42 0 0.94964028777 0.831789850882 -26.829631356
-0.12623 0.35028 3.35743 -0.12979 0.55971 4.28444277008 0.78258 0.98072 0.30541 0.41196 152.77952 195.62801 147.22542 138.42519 0.3 0.3 0.0 0.0 0.0 0.0 0.0 0.0 0.72115 0.0 0.0 45.47487 -0.49999 0.07399 0.0 0.0 0.0 0.0 0.0 0.0 0.050781546315 43 0 0.963768115942 0.829441404537 -26.829631356
-0.12623 0.35028 3.35743 -0.12979 0.55971 4.26762001762 0.78258 0.98072 0.30541 0.41196 152.77952 195.62801 147.22542 138.42519 0.3 0.3 0.0 0.0 0.0 0.0 0.0 0.0 0.72115 0.0 0.0 45.47487 -0.49999 0.07399 0.0 0.0 0.0 0.0 0.0 0.0 0.0503136206325 44 0 0.963768115942 0.809949728384 -26.829631356
-0.12623 0.35028 3.35743 -0.12979 0.55971 4.27575515051 0.78258 0.98072 0.30541 0.41196 152.77952 195.62801 147.22542 138.42519 0.3 0.3 0.0 0.0 0.0 0.0 0.0 0.0 0.72115 0.0 0.0 45.47487 -0.49999 0.07399 0.0 0.0 0.0 0.0 0.0 0.0 0.0504381058142 45 0 0.963768115942 0.812189102155 -26.829631356
-0.12623 0.35028 3.35743 -0.12979 0.55971 4.20583809332 0.78258 0.98072 0.30541 0.41196 152.77952 195.62801 147.22542 138.42519 0.3 0.3 0.0 0.0 0.0 0.0 0.0 0.0 0.72115 0.0 0.0 45.47487 -0.49999 0.07399 0.0 0.0 0.0 0.0 0.0 0.0 0.0500840003252 46 0 0.963503649635 0.751813504064 -26.829631356
-0.12623 0.35028 3.35743 -0.12979 0.55971 4.25672124869 0.78258 0.98072 0.30541 0.41196 152.77952 195.62801 147.22542 138.42519 0.3 0.3 0.0 0.0 0.0 0.0 0.0 0.0 0.72115 0.0 0.0 45.47487 -0.49999 0.07399 0.0 0.0 0.0 0.0 0.0 0.0 0.0496680784067 47 1 0.970802919708 0.812731855378 -27.4089781398
-0.12623 0.35028 3.35743 -0.12979 0.55971 4.25748417863 0.78258 0.98072 0.30541 0.41196 152.77952 195.62801 147.22542 138.42519 0.3 0.3 0.0 0.0 0.0 0.0 0.0 0.0 0.72115 0.0 0.0 45.47487 -0.49999 0.07399 0.0 0.0 0.0 0.0 0.0 0.0 0.0500440581103 48 1 0.970802919708 0.813081730557 -27.0724574187
-0.12623 0.35028 3.35743 -0.12979 0.55971 4.25129481038 0.78258 0.98072 0.30541 0.41196 152.77952 195.62801 147.22542 138.42519 0.3 0.3 0.0 0.0 0.0 0.0 0.0 0.0 0.72115 0.0 0.0 45.47487 -0.49999 0.07399 0.0 0.0 0.0 0.0 0.0 0.0 0.0495692601948 49 0 0.970802919708 0.808756039851 -27.0724574187
-0.12623 0.35028 3.35743 -0.12979 0.55971 4.28131208667 0.78258 0.98072 0.30541 0.41196 152.77952 195.62801 147.22542 138.42519 0.3 0.3 0.0 0.0 0.0 0.0 0.0 0.0 0.72115 0.0 0.0 45.47487 -0.49999 0.07399 0.0 0.0 0.0 0.0 0.0 0.0 0.0492064802406 50 0 0.95652173913 0.831079136876 -27.0724574187
-0.12623 0.35028 3.35743 -0.12979 0.55971 4.24377580481 0.78258 0.98072 0.30541 0.41196 152.77952 195.62801 147.22542 138.42519 0.3 0.3 0.0 0.0 0.0 0.0 0.0 0.0 0.72115 0.0 0.0 45.47487 -0.49999 0.07399 0.0 0.0 0.0 0.0 0.0 0.0 0.0495599567135 51 1 0.970802919708 0.793597432444 -26.3135691274
-0.12623 0.35028 3.35743 -0.12979 0.55971 4.27152082104 0.78258 0.98072 0.30541 0.41196 152.77952 195.62801 147.22542 138.42519 0.3 0.3 0.0 0.0 0.0 0.0 0.0 0.0 0.72115 0.0 0.0 45.47487 -0.49999 0.07399 0.0 0.0 0.0 0.0 0.0 0.0 0.0489102279348 52 0 0.963768115942 0.811022276289 -26.3135691274
-0.12623 0.35028 3.35743 -0.12979 0.55971 4.2455052101 0.78258 0.98072 0.30541 0.41196 152.77952 195.62801 147.22542 138.42519 0.3 0.3 0.0 0.0 0.0 0.0 0.0 0.0 0.72115 0.0 0.0 45.47487 -0.49999 0.07399 0.0 0.0 0.0 0.0 0.0 0.0 0.0505567808667 53 1 0.970802919708 0.793084134435 -25.392316477
-0.12623 0.35028 3.35743 -0.12979 0.55971 4.28062685017 0.78258 0.98072 0.30541 0.41196 152.77952 195.62801 147.22542 138.42519 0.3 0.3 0.0 0.0 0.0 0.0 0.0 0.0 0.72115 0.0 0.0 45.47487 -0.49999 0.07399 0.0 0.0 0.0 0.0 0.0 0.0 0.0498194319004 54 0 0.95652173913 0.830946487825 -25.392316477
-0.12623 0.35028 3.35743 -0.12979 0.55971 4.21833166344 0.78258 0.98072 0.30541 0.41196 152.77952 195.62801 147.22542 138.42519 0.3 0.3 0.0 0.0 0.0 0.0 0.0 0.0 0.72115 0.0 0.0 45.47487 -0.49999 0.07399 0.0 0.0 0.0 0.0 0.0 0.0 0.0518715021846 55 0 0.95652173913 0.763607821244 -25.392316477
-0.12623 0.35028 3.35743 -0.12979 0.55971 4.2982627809 0.78258 0.98072 0.30541 0.41196 152.77952 195.62801 147.22542 138.42519 0.3 0.3 0.0 0.0 0.0 0.0 0.0 0.0 0.72115 0.0 0.0 45.47487 -0.49999 0.07399 0.0 0.0 0.0 0.0 0.0 0.0 0.0505020485389 56 0 0.94964028777 0.832984024431 -25.392316477
-0.12623 0.35028 3.35743 -0.12979 0.55971 4.17381601293 0.78258 0.98072 0.30541 0.41196 152.77952 195.62801 147.22542 138.42519 0.3 0.3 0.0 0.0 0.0 0.0 0.0 0.0 0.72115 0.0 0.0 45.47487 -0.49999 0.07399 0.0 0.0 0.0 0.0 0.0 0.0 0.0520875211933 57 0 0.963503649635 0.67663663249 -25.392316477
-0.12623 0.35028 3.35743 -0.12979 0.55971 4.24408857751 0.78258 0.98072 0.30541 0.41196 152.77952 195.62801 147.22542 138.42519 0.3 0.3 0.0 0.0 0.0 0.0 0.0 0.0 0.72115 0.0 0.0 45.47487 -0.49999 0.07399 0.0 0.0 0.0 0.0 0.0 0.0 0.0501457188451 58 1 0.970802919708 0.792713410435 -25.7295934631
-0.12623 0.35028 3.35743 -0.12979 0.55971 4.28376940085 0.78258 0.98072 0.30541 0.41196 152.77952 195.62801 147.22542 138.42519 0.3 0.3 0.0 0.0 0.0 0.0 0.0 0.0 0.72115 0.0 0.0 45.47487 -0.49999 0.07399 0.0 0.0 0.0 0.0 0.0 0.0 0.0503452149357 59 0 0.963768115942 0.829212624613 -25.7295934631
-0.12623 0.35028 3.35743 -0.12979 0.55971 4.26717779181 0.78258 0.98072 0.30541 0.41196 152.77952 195.62801 147.22542 138.42519 0.3 0.3 0.0 0.0 0.0 0.0 0.0 0.0 0.72115 0.0 0.0 45.47487 -0.49999 0.07399 0.0 0.0 0.0 0.0 0.0 0.0 0.0503884073917 60 0 0.963768115942 0.815188207463 -25.7295934631
-0.12623 0.35028 3.35743 -0.12979 0.55971 4.22073499673 0.78258 0.98072 0.30541 0.41196 152.77952 195.62801 147.22542 138.42519 0.3 0.3 0.0 0.0 0.0 0.0 0.0 0.0 0.72115 0.0 0.0 45.47487 -0.49999 0.07399 0.0 0.0 0.0 0.0 0.0 0.0 0.0501384362588 61 0 0.95652173913 0.768005850892 -25.7295934631
-0.12623 0.35028 3.35743 -0.12979 0.55971 4.26419534376 0.78258 0.98072 0.30541 0.41196 152.77952 195.62801 147.22542 138.42519 0.3 0.3 0.0 0.0 0.0 0.0 0.0 0.0 0.72115 0.0 0.0 45.47487 -0.49999 0.07399 0.0 0.0 0.0 0.0 0.0 0.0 0.0493540862956 62 0 0.963768115942 0.814029084821 -25.7295934631
-0.12623 0.35028 3.35743 -0.12979 0.55971 4.25492690384 0.78258 0.98072 0.30541 0.41196 152.77952 195.62801 147.22542 138.42519 0.3 0.3 0.0 0.0 0.0 0.0 0.0 0.0 0.72115 0.0 0.0 45.47487 -0.49999 0.07399 0.0 0.0 0.0 0.0 0.0 0.0 0.0498853702676 63 0 0.970802919708 0.809602609829 -25.7295934631
-0.12623 0.35028 3.35743 -0.12979 0.55971 4.30187850655 0.78258 0.98072 0.30541 0.41196 152.77952 195.62801 147.22542 138.42519 0.3 0.3 0.0 0.0 0.0 0.0 0.0 0.0 0.72115 0.0 0.0 45.47487 -0.49999 0.07399 0.0 0.0 0.0 0.0 0.0 0.0 0.0515878477955 64 0 0.94964028777 0.833663336692 -25.7295934631
-0.12623 0.35028 3.35743 -0.12979 0.55971 4.23642612796 0.78258 0.98072 0.30541 0.41196 152.77952 195.62801 147.22542 138.42519 0.3 0.3 0.0 0.0 0.0 0.0 0.0 0.0 0.72115 0.0 0.0 45.47487 -0.49999 0.07399 0.0 0.0 0.0 0.0 0.0 0.0 0.050814722491 65 1 0.970802919708 0.788276386011 -24.8891473924
-0.12623 0.35028 3.35743 -0.12979 0.55971 4.21795990431 0.78258 0.98072 0.30541 0.41196 152.77952 195.62801 147.22542 138.42519 0.3 0.3 0.0 0.0 0.0 0.0 0.0 0.0 0.72115 0.0 0.0 45.47487 -0.49999 0.07399 0.0 0.0 0.0 0.0 0.0 0.0 0.0512324985262 66 0 0.95652173913 0.763422007331 -24.8891473924
-0.12623 0.35028 3.35743 -0.12979 0.55971 4.17657010169 0.78258 0.98072 0.30541 0.41196 152.77952 195.62801 147.22542 138.42519 0.3 0.3 0.0 0.0 0.0 0.0 0.0 0.0 0.72115 0.0 0.0 45.47487 -0.49999 0.07399 0.0 0.0 0.0 0.0 0.0 0.0 0.0515716911825 67 0 0.956204379562 0.748763618179 -24.8891473924
-0.12623 0.35028 3.35743 -0.12979 0.55971 4.23399622547 0.78258 0.98072 0.30541 0.41196 152.77952 195.62801 147.22542 138.42519 0.3 0.3 0.0 0.0 0.0 0.0 0.0 0.0 0.72115 0.0 0.0 45.47487 -0.49999 0.07399 0.0 0.0 0.0 0.0 0.0 0.0 0.0505958997057 68 1 0.970802919708 0.786483167212 -24.9679774146
-0.12623 0.35028 3.35743 -0.12979 0.55971 4.223066118 0.78258 0.98072 0.30541 0.41196 152.77952 195.62801 147.22542 138.42519 0.3 0.3 0.0 0.0 0.0 0.0 0.0 0.0 0.72115 0.0 0.0 45.47487 -0.49999 0.07399 0.0 0.0 0.0 0.0 0.0 0.0 0.0504259960896 69 0 0.95652173913 0.771496203636 -24.9679774146
-0.12623 0.35028 3.35743 -0.12979 0.55971 4.16107284869 0.78258 0.98072 0.30541 0.41196 152.77952 195.62801 147.22542 138.42519 0.3 0.3 0.0 0.0 0.0 0.0 0.0 0.0 0.72115 0.0 0.0 45.47487 -0.49999 0.07399 0.0 0.0 0.0 0.0 0.0 0.0 0.0506262537231 70 1 0.970588235294 0.602592382047 -15.5849115612
-0.12623 0.35028 3.35743 -0.12979 0.55971 4.20167960265 0.78258 0.98072 0.30541 0.41196 152.77952 195.62801 147.22542 138.42519 0.3 0.3 0.0 0.0 0.0 0.0 0.0 0.0 0.72115 0.0 0.0 45.47487 -0.49999 0.07399 0.0 0.0 0.0 0.0 0.0 0.0 0.0509605303712 71 0 0.970802919708 0.747154058114 -15.5849115612
-0.12623 0.35028 3.35743 -0.12979 0.55971 4.10771487958 0.78258 0.98072 0.30541 0.41196 152.77952 195.62801 147.22542 138.42519 0.3 0.3 0.0 0.0 0.0 0.0 0.0 0.0 0.72115 0.0 0.0 45.47487 -0.49999 0.07399 0.0 0.0 0.0 0.0 0.0 0.0 0.0505918487741 72 1 0.985401459854 0.466949453236 -3.83727823203
-0.12623 0.35028 3.35743 -0.12979 0.55971 4.10719522844 0.78258 0.98072 0.30541 0.41196 152.77952 195.62801 147.22542 138.42519 0.3 0.3 0.0 0.0 0.0 0.0 0.0 0.0 0.72115 0.0 0.0 45.47487 -0.49999 0.07399 0.0 0.0 0.0 0.0 0.0 0.0 0.0510330868673 73 1 0.985401459854 0.472850195581 -3.88435423006
-0.12623 0.35028 3.35743 -0.12979 0.55971 4.11257747768 0.78258 0.98072 0.30541 0.41196 152.77952 195.62801 147.22542 138.42519 0.3 0.3 0.0 0.0 0.0 0.0 0.0 0.0 0.72115 0.0 0.0 45.47487 -0.49999 0.07399 0.0 0.0 0.0 0.0 0.0 0.0 0.0509707357489 74 1 0.985401459854 0.47712619579 -3.92245669502
-0.12623 0.35028 3.35743 -0.12979 0.55971 4.15630719876 0.78258 0.98072 0.30541 0.41196 152.77952 195.62801 147.22542 138.42519 0.3 0.3 0.0 0.0 0.0 0.0 0.0 0.0 0.72115 0.0 0.0 45.47487 -0.49999 0.07399 0.0 0.0 0.0 0.0 0.0 0.0 0.0507212765148 75 0 0.970588235294 0.598256012227 -3.92245669502
-0.12623 0.35028 3.35743 -0.12979 0.55971 4.1574681791 0.78258 0.98072 0.30541 0.41196 152.77952 195.62801 147.22542 138.42519 0.3 0.3 0.0 0.0 0.0 0.0 0.0 0.0 0.72115 0.0 0.0 45.47487 -0.49999 0.07399 0.0 0.0 0.0 0.0 0.0 0.0 0.0508156630898 76 0 0.963235294118 0.597094394124 -3.92245669502
-0.12623 0.35028 3.35743 -0.12979 0.55971 4.10816290797 0.78258 0.98072 0.30541 0.41196 152.77952 195.62801 147.22542 138.42519 0.3 0.3 0.0 0.0 0.0 0.0 0.0 0.0 0.72115 0.0 0.0 45.47487 -0.49999 0.07399 0.0 0.0 0.0 0.0 0.0 0.0 0.0506857276347 77 1 0.985401459854 0.467034473517 -3.83707450481
-0.12623 0.35028 3.35743 -0.12979 0.55971 4.09194587553 0.78258 0.98072 0.30541 0.41196 152.77952 195.62801 147.22542 138.42519 0.3 0.3 0.0 0.0 0.0 0.0 0.0 0.0 0.72115 0.0 0.0 45.47487 -0.49999 0.07399 0.0 0.0 0.0 0.0 0.0 0.0 0.0505467919037 78 1 0.985401459854 0.479342261024 -3.94779805514
-0.12623 0.35028 3.35743 -0.12979 0.55971 4.11450197033 0.78258 0.98072 0.30541 0.41196 152.77952 195.62801 147.22542 138.42519 0.3 0.3 0.0 0.0 0.0 0.0 0.0 0.0 0.72115 0.0 0.0 45.47487 -0.49999 0.07399 0.0 0.0 0.0 0.0 0.0 0.0 0.0506706451255 79 1 0.985401459854 0.477752868761 -3.93178634505
-0.12623 0.35028 3.35743 -0.12979 0.55971 4.10161755035 0.78258 0.98072 0.30541 0.41196 152.77952 195.62801 147.22542 138.42519 0.3 0.3 0.0 0.0 0.0 0.0 0.0 0.0 0.72115 0.0 0.0 45.47487 -0.49999 0.07399 0.0 0.0 0.0 0.0 0.0 0.0 0.0507326348637 80 1 0.985401459854 0.48123732064 -3.96208107495
-0.12623 0.35028 3.35743 -0.12979 0.55971 4.10105648362 0.78258 0.98072 0.30541 0.41196 152.77952 195.62801 147.22542 138.42519 0.3 0.3 0.0 0.0 0.0 0.0 0.0 0.0 0.72115 0.0 0.0 45.47487 -0.49999 0.07399 0.0 0.0 0.0 0.0 0.0 0.0 0.0509619365437 81 1 0.985401459854 0.476025201321 -3.91287058482
-0.12623 0.35028 3.35743 -0.12979 0.55971 4.11688821152 0.78258 0.98072 0.30541 0.41196 152.77952 195.62801 147.22542 138.42519 0.3 0.3 0.0 0.0 0.0 0.0 0.0 0.0 0.72115 0.0 0.0 45.47487 -0.49999 0.07399 0.0 0.0 0.0 0.0 0.0 0.0 0.0514341102886 82 0 0.978102189781 0.472516065757 -3.91287058482
-0.12623 0.35028 3.35743 -0.12979 0.55971 4.13533192518 0.78258 0.98072 0.30541 0.41196 152.77952 195.62801 147.22542 138.42519 0.3 0.3 0.0 0.0 0.0 0.0 0.0 0.0 0.72115 0.0 0.0 45.47487 -0.49999 0.07399 0.0 0.0 0.0 0.0 0.0 0.0 0.0506241464474 83 0 0.977941176471 0.607217157472 -3.91287058482
-0.12623 0.35028 3.35743 -0.12979 0.55971 4.10742175742 0.78258 0.98072 0.30541 0.41196 152.77952 195.62801 147.22542 138.42519 0.3 0.3 0.0 0.0 0.0 0.0 0.0 0.0 0.72115 0.0 0.0 45.47487 -0.49999 0.07399 0.0 0.0 0.0 0.0 0.0 0.0 0.0515987573957 84 1 0.985401459854 0.468187525671 -3.84032798181
-0.12623 0.35028 3.35743 -0.12979 0.55971 4.11578184065 0.78258 0.98072 0.30541 0.41196 152.77952 195.62801 147.22542 138.42519 0.3 0.3 0.0 0.0 0.0 0.0 0.0 0.0 0.72115 0.0 0.0 45.47487 -0.49999 0.07399 0.0 0.0 0.0 0.0 0.0 0.0 0.0536862126432 85 1 0.985401459854 0.47797529451 -3.91953749722
-0.12623 0.35028 3.35743 -0.12979 0.55971 4.11478165845 0.78258 0.98072 0.30541 0.41196 152.77952 195.62801 147.22542 138.42519 0.3 0.3 0.0 0.0 0.0 0.0 0.0 0.0 0.72115 0.0 0.0 45.47487 -0.49999 0.07399 0.0 0.0 0.0 0.0 0.0 0.0 0.0544536289932 86 1 0.985401459854 0.477779659531 -3.9224396685
-0.12623 0.35028 3.35743 -0.12979 0.55971 4.0882750341 0.78258 0.98072 0.30541 0.41196 152.77952 195.62801 147.22542 138.42519 0.3 0.3 0.0 0.0 0.0 0.0 0.0 0.0 0.72115 0.0 0.0 45.47487 -0.49999 0.07399 0.0 0.0 0.0 0.0 0.0 0.0 0.0542746917929 87 1 0.985401459854 0.475172211152 -3.90090475437
-0.12623 0.35028 3.35743 -0.12979 0.55971 4.08115339234 0.78258 0.98072 0.30541 0.41196 152.77952 195.62801 147.22542 138.42519 0.3 0.3 0.0 0.0 0.0 0.0 0.0 0.0 0.72115 0.0 0.0 45.47487 -0.49999 0.07399 0.0 0.0 0.0 0.0 0.0 0.0 0.0544811626922 88 1 0.985401459854 0.44677796021 -3.69113074209
-0.12623 0.35028 3.35743 -0.12979 0.55971 4.06162293521 0.78258 0.98072 0.30541 0.41196 152.77952 195.62801 147.22542 138.42519 0.3 0.3 0.0 0.0 0.0 0.0 0.0 0.0 0.72115 0.0 0.0 45.47487 -0.49999 0.07399 0.0 0.0 0.0 0.0 0.0 0.0 0.0542379721865 89 1 0.992647058824 0.403167867386 -2.39649969831
-0.12623 0.35028 3.35743 -0.12979 0.55971 4.06843276851 0.78258 0.98072 0.30541 0.41196 152.77952 195.62801 147.22542 138.42519 0.3 0.3 0.0 0.0 0.0 0.0 0.0 0.0 0.72115 0.0 0.0 45.47487 -0.49999 0.07399 0.0 0.0 0.0 0.0 0.0 0.0 0.0542685405948 90 1 0.992647058824 0.415050661384 -2.418503298
-0.12623 0.35028 3.35743 -0.12979 0.55971 4.07638887505 0.78258 0.98072 0.30541 0.41196 152.77952 195.62801 147.22542 138.42519 0.3 0.3 0.0 0.0 0.0 0.0 0.0 0.0 0.72115 0.0 0.0 45.47487 -0.49999 0.07399 0.0 0.0 0.0 0.0 0.0 0.0 0.0539003980299 91 1 0.992647058824 0.420616224843 -2.40547684031
-0.12623 0.35028 3.35743 -0.12979 0.55971 4.07963378168 0.78258 0.98072 0.30541 0.41196 152.77952 195.62801 147.22542 138.42519 0.3 0.3 0.0 0.0 0.0 0.0 0.0 0.0 0.72115 0.0 0.0 45.47487 -0.49999 0.07399 0.0 0.0 0.0 0.0 0.0 0.0 0.0542050907729 92 1 0.992647058824 0.419800013399 -2.4227679497
-0.12623 0.35028 3.35743 -0.12979 0.55971 4.08186291887 0.78258 0.98072 0.30541 0.41196 152.77952 195.62801 147.22542 138.42519 0.3 0.3 0.0 0.0 0.0 0.0 0.0 0.0 0.72115 0.0 0.0 45.47487 -0.49999 0.07399 0.0 0.0 0.0 0.0 0.0 0.0 0.0539644863073 93 0 0.985401459854 0.44701770774 -2.4227679497
-0.12623 0.35028 3.35743 -0.12979 0.55971 4.09214465569 0.78258 0.98072 0.30541 0.41196 152.77952 195.62801 147.22542 138.42519 0.3 0.3 0.0 0.0 0.0 0.0 0.0 0.0 0.72115 0.0 0.0 45.47487 -0.49999 0.07399 0.0 0.0 0.0 0.0 0.0 0.0 0.0542585059114 94 0 0.985401459854 0.479368755025 -2.4227679497
-0.12623 0.35028 3.35743 -0.12979 0.55971 4.06575989715 0.78258 0.98072 0.30541 0.41196 152.77952 195.62801 147.22542 138.42519 0.3 0.3 0.0 0.0 0.0 0.0 0.0 0.0 0.72115 0.0 0.0 45.47487 -0.49999 0.07399 0.0 0.0 0.0 0.0 0.0 0.0 0.0551362223545 95 1 0.992647058824 0.416130501413 -2.47505198685
-0.12623 0.35028 3.35743 -0.12979 0.55971 4.07734650944 0.78258 0.98072 0.30541 0.41196 152.77952 195.62801 147.22542 138.42519 0.3 0.3 0.0 0.0 0.0 0.0 0.0 0.0 0.72115 0.0 0.0 45.47487 -0.49999 0.07399 0.0 0.0 0.0 0.0 0.0 0.0 0.0556239356015 96 1 0.992647058824 0.420434027141 -2.51354240145
-0.12623 0.35028 3.35743 -0.12979 0.55971 4.07813565865 0.78258 0.98072 0.30541 0.41196 152.77952 195.62801 147.22542 138.42519 0.3 0.3 0.0 0.0 0.0 0.0 0.0 0.0 0.72115 0.0 0.0 45.47487 -0.49999 0.07399 0.0 0.0 0.0 0.0 0.0 0.0 0.0552106339843 97 1 0.992647058824 0.420612622641 -2.48729735169
-0.12623 0.35028 3.35743 -0.12979 0.55971 4.03259562741 0.78258 0.98072 0.30541 0.41196 152.77952 195.62801 147.22542 138.42519 0.3 0.3 0.0 0.0 0.0 0.0 0.0 0.0 0.72115 0.0 0.0 45.47487 -0.49999 0.07399 0.0 0.0 0.0 0.0 0.0 0.0 0.0537566784279 98 1 1.0 0.408077613223 -2.02434254586
-0.12623 0.35028 3.35743 -0.12979 0.55971 4.01032711397 0.78258 0.98072 0.30541 0.41196 152.77952 195.62801 147.22542 138.42519 0.3 0.3 0.0 0.0 0.0 0.0 0.0 0.0 0.72115 0.0 0.0 45.47487 -0.49999 0.07399 0.0 0.0 0.0 0.0 0.0 0.0 0.0544669398554 99 0 0.977941176471 0.371528540272 -2.02434254586
-0.12623 0.35028 3.35743 -0.12979 0.55971 4.08197519442 0.78258 0.98072 0.30541 0.41196 152.77952 195.62801 147.22542 138.42519 0.3 0.3 0.0 0.0 0.0 0.0 0.0 0.0 0.72115 0.0 0.0 45.47487 -0.49999 0.07399 0.0 0.0 0.0 0.0 0.0 0.0 0.0544610158613 100 1 0.985401459854 0.447026754162 -3.69259839661
