-0.12623 0.35028 3.35743 -0.12979 0.55971 3.85405333333 0.78258 0.98072 0.30541 0.41196 152.77952 195.62801 147.22542 138.42519 0.3 0.3 0.0 0.0 0.0 0.0 0.0 0.0 0.72115 0.0 0.0 45.47487 -0.49999 0.07399 0.0 0.0 0.0 0.0 0.0 0.0 0.05 0 1 0.94964028777 0.693483680103 -56.6381342694
-0.12623 0.35028 3.35743 -0.12979 0.55971 3.88640446303 0.78258 0.98072 0.30541 0.41196 152.77952 195.62801 147.22542 138.42519 0.3 0.3 0.0 0.0 0.0 0.0 0.0 0.0 0.72115 0.0 0.0 45.47487 -0.49999 0.07399 0.0 0.0 0.0 0.0 0.0 0.0 0.049745025769 1 1 0.971223021583 0.607399551276 -15.625398773
-0.12623 0.35028 3.35743 -0.12979 0.55971 3.89341875347 0.78258 0.98072 0.30541 0.41196 152.77952 195.62801 147.22542 138.42519 0.3 0.3 0.0 0.0 0.0 0.0 0.0 0.0 0.72115 0.0 0.0 45.47487 -0.49999 0.07399 0.0 0.0 0.0 0.0 0.0 0.0 0.0497205776988 2 1 0.971223021583 0.563280659532 -13.6909628735
-0.12623 0.35028 3.35743 -0.12979 0.55971 3.88524416569 0.78258 0.98072 0.30541 0.41196 152.77952 195.62801 147.22542 138.42519 0.3 0.3 0.0 0.0 0.0 0.0 0.0 0.0 0.72115 0.0 0.0 45.47487 -0.49999 0.07399 0.0 0.0 0.0 0.0 0.0 0.0 0.0503507290103 3 0 0.971223021583 0.59812005616 -13.6909628735
-0.12623 0.35028 3.35743 -0.12979 0.55971 3.90184423545 0.78258 0.98072 0.30541 0.41196 152.77952 195.62801 147.22542 138.42519 0.3 0.3 0.0 0.0 0.0 0.0 0.0 0.0 0.72115 0.0 0.0 45.47487 -0.49999 0.07399 0.0 0.0 0.0 0.0 0.0 0.0 0.0501277106867 4 0 0.971223021583 0.651520588274 -13.6909628735
-0.12623 0.35028 3.35743 -0.12979 0.55971 3.89210559512 0.78258 0.98072 0.30541 0.41196 152.77952 195.62801 147.22542 138.42519 0.3 0.3 0.0 0.0 0.0 0.0 0.0 0.0 0.72115 0.0 0.0 45.47487 -0.49999 0.07399 0.0 0.0 0.0 0.0 0.0 0.0 0.0501324092688 5 1 0.971223021583 0.5650497656 -13.597933627
-0.12623 0.35028 3.35743 -0.12979 0.55971 3.88152515855 0.78258 0.98072 0.30541 0.41196 152.77952 195.62801 147.22542 138.42519 0.3 0.3 0.0 0.0 0.0 0.0 0.0 0.0 0.72115 0.0 0.0 45.47487 -0.49999 0.07399 0.0 0.0 0.0 0.0 0.0 0.0 0.050379280309 6 0 0.971223021583 0.640932470183 -13.597933627
-0.12623 0.35028 3.35743 -0.12979 0.55971 3.88302453442 0.78258 0.98072 0.30541 0.41196 152.77952 195.62801 147.22542 138.42519 0.3 0.3 0.0 0.0 0.0 0.0 0.0 0.0 0.72115 0.0 0.0 45.47487 -0.49999 0.07399 0.0 0.0 0.0 0.0 0.0 0.0 0.0491127280054 7 0 0.971223021583 0.598041284357 -13.597933627
-0.12623 0.35028 3.35743 -0.12979 0.55971 3.88443398928 0.78258 0.98072 0.30541 0.41196 152.77952 195.62801 147.22542 138.42519 0.3 0.3 0.0 0.0 0.0 0.0 0.0 0.0 0.72115 0.0 0.0 45.47487 -0.49999 0.07399 0.0 0.0 0.0 0.0 0.0 0.0 0.0490979640471 8 0 0.971223021583 0.597986441781 -13.597933627
-0.12623 0.35028 3.35743 -0.12979 0.55971 3.8803104686 0.78258 0.98072 0.30541 0.41196 152.77952 195.62801 147.22542 138.42519 0.3 0.3 0.0 0.0 0.0 0.0 0.0 0.0 0.72115 0.0 0.0 45.47487 -0.49999 0.07399 0.0 0.0 0.0 0.0 0.0 0.0 0.0494596752738 9 0 0.971223021583 0.652916778178 -13.597933627
-0.12623 0.35028 3.35743 -0.12979 0.55971 3.9297723463 0.78258 0.98072 0.30541 0.41196 152.77952 195.62801 147.22542 138.42519 0.3 0.3 0.0 0.0 0.0 0.0 0.0 0.0 0.72115 0.0 0.0 45.47487 -0.49999 0.07399 0.0 0.0 0.0 0.0 0.0 0.0 0.049686483729 10 1 0.992647058824 0.629049472746 -2.70657556997
-0.12623 0.35028 3.35743 -0.12979 0.55971 3.93705025472 0.78258 0.98072 0.30541 0.41196 152.77952 195.62801 147.22542 138.42519 0.3 0.3 0.0 0.0 0.0 0.0 0.0 0.0 0.72115 0.0 0.0 45.47487 -0.49999 0.07399 0.0 0.0 0.0 0.0 0.0 0.0 0.0501319717566 11 1 0.992647058824 0.543875880604 -2.47849382176
-0.12623 0.35028 3.35743 -0.12979 0.55971 3.92033476902 0.78258 0.98072 0.30541 0.41196 152.77952 195.62801 147.22542 138.42519 0.3 0.3 0.0 0.0 0.0 0.0 0.0 0.0 0.72115 0.0 0.0 45.47487 -0.49999 0.07399 0.0 0.0 0.0 0.0 0.0 0.0 0.0497496427012 12 1 0.992647058824 0.527001278118 -2.41855391847
-0.12623 0.35028 3.35743 -0.12979 0.55971 3.93794306079 0.78258 0.98072 0.30541 0.41196 152.77952 195.62801 147.22542 138.42519 0.3 0.3 0.0 0.0 0.0 0.0 0.0 0.0 0.72115 0.0 0.0 45.47487 -0.49999 0.07399 0.0 0.0 0.0 0.0 0.0 0.0 0.0504120745075 13 1 0.992647058824 0.536329506245 -2.47064676274
-0.12623 0.35028 3.35743 -0.12979 0.55971 3.95235802151 0.78258 0.98072 0.30541 0.41196 152.77952 195.62801 147.22542 138.42519 0.3 0.3 0.0 0.0 0.0 0.0 0.0 0.0 0.72115 0.0 0.0 45.47487 -0.49999 0.07399 0.0 0.0 0.0 0.0 0.0 0.0 0.0518359998731 14 1 0.992647058824 0.41805339671 -2.27907052269
-0.12623 0.35028 3.35743 -0.12979 0.55971 3.95274740551 0.78258 0.98072 0.30541 0.41196 152.77952 195.62801 147.22542 138.42519 0.3 0.3 0.0 0.0 0.0 0.0 0.0 0.0 0.72115 0.0 0.0 45.47487 -0.49999 0.07399 0.0 0.0 0.0 0.0 0.0 0.0 0.0520239181835 15 1 0.992647058824 0.41765069782 -2.28902733042
-0.12623 0.35028 3.35743 -0.12979 0.55971 3.96368754018 0.78258 0.98072 0.30541 0.41196 152.77952 195.62801 147.22542 138.42519 0.3 0.3 0.0 0.0 0.0 0.0 0.0 0.0 0.72115 0.0 0.0 45.47487 -0.49999 0.07399 0.0 0.0 0.0 0.0 0.0 0.0 0.0522010283052 16 1 0.985294117647 0.17088059019 -2.17056107054
-0.12623 0.35028 3.35743 -0.12979 0.55971 3.92632440008 0.78258 0.98072 0.30541 0.41196 152.77952 195.62801 147.22542 138.42519 0.3 0.3 0.0 0.0 0.0 0.0 0.0 0.0 0.72115 0.0 0.0 45.47487 -0.49999 0.07399 0.0 0.0 0.0 0.0 0.0 0.0 0.0524451183311 17 0 0.992647058824 0.639193121357 -2.17056107054
-0.12623 0.35028 3.35743 -0.12979 0.55971 4.01326152889 0.78258 0.98072 0.30541 0.41196 152.77952 195.62801 147.22542 138.42519 0.3 0.3 0.0 0.0 0.0 0.0 0.0 0.0 0.72115 0.0 0.0 45.47487 -0.49999 0.07399 0.0 0.0 0.0 0.0 0.0 0.0 0.0516055582769 18 1 0.985294117647 0.0465798595801 -1.88670378195
-0.12623 0.35028 3.35743 -0.12979 0.55971 4.03185802969 0.78258 0.98072 0.30541 0.41196 152.77952 195.62801 147.22542 138.42519 0.3 0.3 0.0 0.0 0.0 0.0 0.0 0.0 0.72115 0.0 0.0 45.47487 -0.49999 0.07399 0.0 0.0 0.0 0.0 0.0 0.0 0.0518315391987 19 1 1.0 0.407983543068 -1.88313179345
-0.12623 0.35028 3.35743 -0.12979 0.55971 4.04794291534 0.78258 0.98072 0.30541 0.41196 152.77952 195.62801 147.22542 138.42519 0.3 0.3 0.0 0.0 0.0 0.0 0.0 0.0 0.72115 0.0 0.0 45.47487 -0.49999 0.07399 0.0 0.0 0.0 0.0 0.0 0.0 0.0505994698501 20 1 1.0 0.279683927564 -1.79537136279
-0.12623 0.35028 3.35743 -0.12979 0.55971 4.01722050397 0.78258 0.98072 0.30541 0.41196 152.77952 195.62801 147.22542 138.42519 0.3 0.3 0.0 0.0 0.0 0.0 0.0 0.0 0.72115 0.0 0.0 45.47487 -0.49999 0.07399 0.0 0.0 0.0 0.0 0.0 0.0 0.0502786644503 21 0 0.985294117647 0.132220000008 -1.79537136279
-0.12623 0.35028 3.35743 -0.12979 0.55971 4.01913410159 0.78258 0.98072 0.30541 0.41196 152.77952 195.62801 147.22542 138.42519 0.3 0.3 0.0 0.0 0.0 0.0 0.0 0.0 0.72115 0.0 0.0 45.47487 -0.49999 0.07399 0.0 0.0 0.0 0.0 0.0 0.0 0.0505599403661 22 1 0.992592592593 0.118487658592 -1.82649094624
-0.12623 0.35028 3.35743 -0.12979 0.55971 3.98965761728 0.78258 0.98072 0.30541 0.41196 152.77952 195.62801 147.22542 138.42519 0.3 0.3 0.0 0.0 0.0 0.0 0.0 0.0 0.72115 0.0 0.0 45.47487 -0.49999 0.07399 0.0 0.0 0.0 0.0 0.0 0.0 0.0511563044234 23 0 0.992647058824 0.405984296694 -1.82649094624
-0.12623 0.35028 3.35743 -0.12979 0.55971 4.02205798286 0.78258 0.98072 0.30541 0.41196 152.77952 195.62801 147.22542 138.42519 0.3 0.3 0.0 0.0 0.0 0.0 0.0 0.0 0.72115 0.0 0.0 45.47487 -0.49999 0.07399 0.0 0.0 0.0 0.0 0.0 0.0 0.0483442753674 24 1 0.992592592593 0.113711678035 -1.67418592561
-0.12623 0.35028 3.35743 -0.12979 0.55971 4.01668401158 0.78258 0.98072 0.30541 0.41196 152.77952 195.62801 147.22542 138.42519 0.3 0.3 0.0 0.0 0.0 0.0 0.0 0.0 0.72115 0.0 0.0 45.47487 -0.49999 0.07399 0.0 0.0 0.0 0.0 0.0 0.0 0.0480387498648 25 1 0.985294117647 0.13159916331 -1.80210081474
-0.12623 0.35028 3.35743 -0.12979 0.55971 4.00996533693 0.78258 0.98072 0.30541 0.41196 152.77952 195.62801 147.22542 138.42519 0.3 0.3 0.0 0.0 0.0 0.0 0.0 0.0 0.72115 0.0 0.0 45.47487 -0.49999 0.07399 0.0 0.0 0.0 0.0 0.0 0.0 0.0478376978558 26 0 0.977941176471 0.371515305532 -1.80210081474
-0.12623 0.35028 3.35743 -0.12979 0.55971 3.98015734148 0.78258 0.98072 0.30541 0.41196 152.77952 195.62801 147.22542 138.42519 0.3 0.3 0.0 0.0 0.0 0.0 0.0 0.0 0.72115 0.0 0.0 45.47487 -0.49999 0.07399 0.0 0.0 0.0 0.0 0.0 0.0 0.0483352232794 27 1 0.992647058824 0.186019234673 -1.72951231586
-0.12623 0.35028 3.35743 -0.12979 0.55971 3.98277999029 0.78258 0.98072 0.30541 0.41196 152.77952 195.62801 147.22542 138.42519 0.3 0.3 0.0 0.0 0.0 0.0 0.0 0.0 0.72115 0.0 0.0 45.47487 -0.49999 0.07399 0.0 0.0 0.0 0.0 0.0 0.0 0.0487830525631 28 1 0.992647058824 0.186757327205 -1.7588632659
-0.12623 0.35028 3.35743 -0.12979 0.55971 3.99309471784 0.78258 0.98072 0.30541 0.41196 152.77952 195.62801 147.22542 138.42519 0.3 0.3 0.0 0.0 0.0 0.0 0.0 0.0 0.72115 0.0 0.0 45.47487 -0.49999 0.07399 0.0 0.0 0.0 0.0 0.0 0.0 0.0490179821661 29 1 0.992647058824 0.399343494016 -2.08941834403
-0.12623 0.35028 3.35743 -0.12979 0.55971 4.00969803625 0.78258 0.98072 0.30541 0.41196 152.77952 195.62801 147.22542 138.42519 0.3 0.3 0.0 0.0 0.0 0.0 0.0 0.0 0.72115 0.0 0.0 45.47487 -0.49999 0.07399 0.0 0.0 0.0 0.0 0.0 0.0 0.049422140734 30 0 0.977941176471 0.371492873213 -2.08941834403
-0.12623 0.35028 3.35743 -0.12979 0.55971 3.97487846076 0.78258 0.98072 0.30541 0.41196 152.77952 195.62801 147.22542 138.42519 0.3 0.3 0.0 0.0 0.0 0.0 0.0 0.0 0.72115 0.0 0.0 45.47487 -0.49999 0.07399 0.0 0.0 0.0 0.0 0.0 0.0 0.0492801949544 31 1 0.985294117647 0.373942372808 -3.10454127841
-0.12623 0.35028 3.35743 -0.12979 0.55971 3.96281357904 0.78258 0.98072 0.30541 0.41196 152.77952 195.62801 147.22542 138.42519 0.3 0.3 0.0 0.0 0.0 0.0 0.0 0.0 0.72115 0.0 0.0 45.47487 -0.49999 0.07399 0.0 0.0 0.0 0.0 0.0 0.0 0.0495481968331 32 1 0.985294117647 0.171714966446 -2.01431604131
-0.12623 0.35028 3.35743 -0.12979 0.55971 3.9383540193 0.78258 0.98072 0.30541 0.41196 152.77952 195.62801 147.22542 138.42519 0.3 0.3 0.0 0.0 0.0 0.0 0.0 0.0 0.72115 0.0 0.0 45.47487 -0.49999 0.07399 0.0 0.0 0.0 0.0 0.0 0.0 0.0493524957772 33 1 0.992647058824 0.536366741627 -2.42705456811
-0.12623 0.35028 3.35743 -0.12979 0.55971 3.94038975308 0.78258 0.98072 0.30541 0.41196 152.77952 195.62801 147.22542 138.42519 0.3 0.3 0.0 0.0 0.0 0.0 0.0 0.0 0.72115 0.0 0.0 45.47487 -0.49999 0.07399 0.0 0.0 0.0 0.0 0.0 0.0 0.0495830708524 34 1 0.992647058824 0.544153795666 -2.45708591
-0.12623 0.35028 3.35743 -0.12979 0.55971 3.95035767375 0.78258 0.98072 0.30541 0.41196 152.77952 195.62801 147.22542 138.42519 0.3 0.3 0.0 0.0 0.0 0.0 0.0 0.0 0.72115 0.0 0.0 45.47487 -0.49999 0.07399 0.0 0.0 0.0 0.0 0.0 0.0 0.0505492380724 35 1 0.992647058824 0.419159399368 -2.21005583832
-0.12623 0.35028 3.35743 -0.12979 0.55971 3.9384087324 0.78258 0.98072 0.30541 0.41196 152.77952 195.62801 147.22542 138.42519 0.3 0.3 0.0 0.0 0.0 0.0 0.0 0.0 0.72115 0.0 0.0 45.47487 -0.49999 0.07399 0.0 0.0 0.0 0.0 0.0 0.0 0.050174739553 36 1 0.992647058824 0.536360981471 -2.46064598416
-0.12623 0.35028 3.35743 -0.12979 0.55971 3.91951919992 0.78258 0.98072 0.30541 0.41196 152.77952 195.62801 147.22542 138.42519 0.3 0.3 0.0 0.0 0.0 0.0 0.0 0.0 0.72115 0.0 0.0 45.47487 -0.49999 0.07399 0.0 0.0 0.0 0.0 0.0 0.0 0.0502064373008 37 1 0.992647058824 0.527024396983 -2.43802557619
-0.12623 0.35028 3.35743 -0.12979 0.55971 3.90238318337 0.78258 0.98072 0.30541 0.41196 152.77952 195.62801 147.22542 138.42519 0.3 0.3 0.0 0.0 0.0 0.0 0.0 0.0 0.72115 0.0 0.0 45.47487 -0.49999 0.07399 0.0 0.0 0.0 0.0 0.0 0.0 0.0497314571851 38 0 0.971223021583 0.651532760614 -2.43802557619
-0.12623 0.35028 3.35743 -0.12979 0.55971 3.86235322175 0.78258 0.98072 0.30541 0.41196 152.77952 195.62801 147.22542 138.42519 0.3 0.3 0.0 0.0 0.0 0.0 0.0 0.0 0.72115 0.0 0.0 45.47487 -0.49999 0.07399 0.0 0.0 0.0 0.0 0.0 0.0 0.0490062906341 39 0 0.956834532374 0.697348566248 -2.43802557619
-0.12623 0.35028 3.35743 -0.12979 0.55971 3.90863498944 0.78258 0.98072 0.30541 0.41196 152.77952 195.62801 147.22542 138.42519 0.3 0.3 0.0 0.0 0.0 0.0 0.0 0.0 0.72115 0.0 0.0 45.47487 -0.49999 0.07399 0.0 0.0 0.0 0.0 0.0 0.0 0.0501242886576 40 0 0.978260869565 0.625880621288 -2.43802557619
-0.12623 0.35028 3.35743 -0.12979 0.55971 3.92784514472 0.78258 0.98072 0.30541 0.41196 152.77952 195.62801 147.22542 138.42519 0.3 0.3 0.0 0.0 0.0 0.0 0.0 0.0 0.72115 0.0 0.0 45.47487 -0.49999 0.07399 0.0 0.0 0.0 0.0 0.0 0.0 0.0498702026641 41 0 0.992647058824 0.638315737702 -2.43802557619
-0.12623 0.35028 3.35743 -0.12979 0.55971 3.96221346188 0.78258 0.98072 0.30541 0.41196 152.77952 195.62801 147.22542 138.42519 0.3 0.3 0.0 0.0 0.0 0.0 0.0 0.0 0.72115 0.0 0.0 45.47487 -0.49999 0.07399 0.0 0.0 0.0 0.0 0.0 0.0 0.0500431188613 42 1 0.985294117647 0.199935700034 -2.14476538974
-0.12623 0.35028 3.35743 -0.12979 0.55971 3.948396268 0.78258 0.98072 0.30541 0.41196 152.77952 195.62801 147.22542 138.42519 0.3 0.3 0.0 0.0 0.0 0.0 0.0 0.0 0.72115 0.0 0.0 45.47487 -0.49999 0.07399 0.0 0.0 0.0 0.0 0.0 0.0 0.0504794339416 43 1 0.992647058824 0.495729507395 -2.37352131015
-0.12623 0.35028 3.35743 -0.12979 0.55971 3.92146926237 0.78258 0.98072 0.30541 0.41196 152.77952 195.62801 147.22542 138.42519 0.3 0.3 0.0 0.0 0.0 0.0 0.0 0.0 0.72115 0.0 0.0 45.47487 -0.49999 0.07399 0.0 0.0 0.0 0.0 0.0 0.0 0.0505909625087 44 1 0.992647058824 0.52700774373 -2.45480117976
-0.12623 0.35028 3.35743 -0.12979 0.55971 3.90003186645 0.78258 0.98072 0.30541 0.41196 152.77952 195.62801 147.22542 138.42519 0.3 0.3 0.0 0.0 0.0 0.0 0.0 0.0 0.72115 0.0 0.0 45.47487 -0.49999 0.07399 0.0 0.0 0.0 0.0 0.0 0.0 0.0505529606041 45 0 0.964285714286 0.688137163431 -2.45480117976
-0.12623 0.35028 3.35743 -0.12979 0.55971 3.89952059523 0.78258 0.98072 0.30541 0.41196 152.77952 195.62801 147.22542 138.42519 0.3 0.3 0.0 0.0 0.0 0.0 0.0 0.0 0.72115 0.0 0.0 45.47487 -0.49999 0.07399 0.0 0.0 0.0 0.0 0.0 0.0 0.0508776342876 46 0 0.971223021583 0.652470533874 -2.45480117976
-0.12623 0.35028 3.35743 -0.12979 0.55971 3.89047477736 0.78258 0.98072 0.30541 0.41196 152.77952 195.62801 147.22542 138.42519 0.3 0.3 0.0 0.0 0.0 0.0 0.0 0.0 0.72115 0.0 0.0 45.47487 -0.49999 0.07399 0.0 0.0 0.0 0.0 0.0 0.0 0.0509340869823 47 0 0.971223021583 0.607341969683 -2.45480117976
-0.12623 0.35028 3.35743 -0.12979 0.55971 3.94356934848 0.78258 0.98072 0.30541 0.41196 152.77952 195.62801 147.22542 138.42519 0.3 0.3 0.0 0.0 0.0 0.0 0.0 0.0 0.72115 0.0 0.0 45.47487 -0.49999 0.07399 0.0 0.0 0.0 0.0 0.0 0.0 0.0507372222584 48 1 0.992647058824 0.519622844272 -2.4430484182
-0.12623 0.35028 3.35743 -0.12979 0.55971 3.91524686883 0.78258 0.98072 0.30541 0.41196 152.77952 195.62801 147.22542 138.42519 0.3 0.3 0.0 0.0 0.0 0.0 0.0 0.0 0.72115 0.0 0.0 45.47487 -0.49999 0.07399 0.0 0.0 0.0 0.0 0.0 0.0 0.0497938939303 49 0 0.978260869565 0.479547608045 -2.4430484182
-0.12623 0.35028 3.35743 -0.12979 0.55971 3.93917430185 0.78258 0.98072 0.30541 0.41196 152.77952 195.62801 147.22542 138.42519 0.3 0.3 0.0 0.0 0.0 0.0 0.0 0.0 0.72115 0.0 0.0 45.47487 -0.49999 0.07399 0.0 0.0 0.0 0.0 0.0 0.0 0.0522886100983 50 1 0.992647058824 0.544129142123 -2.5748729616
-0.12623 0.35028 3.35743 -0.12979 0.55971 3.89077248186 0.78258 0.98072 0.30541 0.41196 152.77952 195.62801 147.22542 138.42519 0.3 0.3 0.0 0.0 0.0 0.0 0.0 0.0 0.72115 0.0 0.0 45.47487 -0.49999 0.07399 0.0 0.0 0.0 0.0 0.0 0.0 0.0512209024503 51 0 0.971223021583 0.607470809069 -2.5748729616
-0.12623 0.35028 3.35743 -0.12979 0.55971 3.97715721812 0.78258 0.98072 0.30541 0.41196 152.77952 195.62801 147.22542 138.42519 0.3 0.3 0.0 0.0 0.0 0.0 0.0 0.0 0.72115 0.0 0.0 45.47487 -0.49999 0.07399 0.0 0.0 0.0 0.0 0.0 0.0 0.0513909748026 52 1 0.992647058824 0.3763552207 -2.17772545338
-0.12623 0.35028 3.35743 -0.12979 0.55971 4.02062768344 0.78258 0.98072 0.30541 0.41196 152.77952 195.62801 147.22542 138.42519 0.3 0.3 0.0 0.0 0.0 0.0 0.0 0.0 0.72115 0.0 0.0 45.47487 -0.49999 0.07399 0.0 0.0 0.0 0.0 0.0 0.0 0.0519041440941 53 1 1.0 0.000433103873252 -1.8883671556
-0.12623 0.35028 3.35743 -0.12979 0.55971 3.99742037622 0.78258 0.98072 0.30541 0.41196 152.77952 195.62801 147.22542 138.42519 0.3 0.3 0.0 0.0 0.0 0.0 0.0 0.0 0.72115 0.0 0.0 45.47487 -0.49999 0.07399 0.0 0.0 0.0 0.0 0.0 0.0 0.0519542921055 54 0 0.985294117647 0.396808322941 -1.8883671556
-0.12623 0.35028 3.35743 -0.12979 0.55971 4.10358265011 0.78258 0.98072 0.30541 0.41196 152.77952 195.62801 147.22542 138.42519 0.3 0.3 0.0 0.0 0.0 0.0 0.0 0.0 0.72115 0.0 0.0 45.47487 -0.49999 0.07399 0.0 0.0 0.0 0.0 0.0 0.0 0.0537676312379 55 1 0.985401459854 0.476748219555 -3.91014443433
-0.12623 0.35028 3.35743 -0.12979 0.55971 4.13492613083 0.78258 0.98072 0.30541 0.41196 152.77952 195.62801 147.22542 138.42519 0.3 0.3 0.0 0.0 0.0 0.0 0.0 0.0 0.72115 0.0 0.0 45.47487 -0.49999 0.07399 0.0 0.0 0.0 0.0 0.0 0.0 0.0531835261524 56 0 0.977941176471 0.607130855326 -3.91014443433
-0.12623 0.35028 3.35743 -0.12979 0.55971 4.04823131707 0.78258 0.98072 0.30541 0.41196 152.77952 195.62801 147.22542 138.42519 0.3 0.3 0.0 0.0 0.0 0.0 0.0 0.0 0.72115 0.0 0.0 45.47487 -0.49999 0.07399 0.0 0.0 0.0 0.0 0.0 0.0 0.0533523855125 57 1 1.0 0.279619218206 -1.9942749975
-0.12623 0.35028 3.35743 -0.12979 0.55971 4.07046424307 0.78258 0.98072 0.30541 0.41196 152.77952 195.62801 147.22542 138.42519 0.3 0.3 0.0 0.0 0.0 0.0 0.0 0.0 0.72115 0.0 0.0 45.47487 -0.49999 0.07399 0.0 0.0 0.0 0.0 0.0 0.0 0.0528805207611 58 1 0.992647058824 0.426997442905 -2.35604184619
-0.12623 0.35028 3.35743 -0.12979 0.55971 4.08198317467 0.78258 0.98072 0.30541 0.41196 152.77952 195.62801 147.22542 138.42519 0.3 0.3 0.0 0.0 0.0 0.0 0.0 0.0 0.72115 0.0 0.0 45.47487 -0.49999 0.07399 0.0 0.0 0.0 0.0 0.0 0.0 0.0532441335801 59 0 0.985401459854 0.447024548134 -2.35604184619
-0.12623 0.35028 3.35743 -0.12979 0.55971 4.05663711825 0.78258 0.98072 0.30541 0.41196 152.77952 195.62801 147.22542 138.42519 0.3 0.3 0.0 0.0 0.0 0.0 0.0 0.0 0.72115 0.0 0.0 45.47487 -0.49999 0.07399 0.0 0.0 0.0 0.0 0.0 0.0 0.0521908382295 60 1 0.992647058824 0.369380008883 -2.21378145442
-0.12623 0.35028 3.35743 -0.12979 0.55971 4.07686224071 0.78258 0.98072 0.30541 0.41196 152.77952 195.62801 147.22542 138.42519 0.3 0.3 0.0 0.0 0.0 0.0 0.0 0.0 0.72115 0.0 0.0 45.47487 -0.49999 0.07399 0.0 0.0 0.0 0.0 0.0 0.0 0.0520705980521 61 1 0.992647058824 0.420658306757 -2.29735809611
-0.12623 0.35028 3.35743 -0.12979 0.55971 4.09007034273 0.78258 0.98072 0.30541 0.41196 152.77952 195.62801 147.22542 138.42519 0.3 0.3 0.0 0.0 0.0 0.0 0.0 0.0 0.72115 0.0 0.0 45.47487 -0.49999 0.07399 0.0 0.0 0.0 0.0 0.0 0.0 0.0513815963376 62 0 0.985401459854 0.486641279194 -2.29735809611
-0.12623 0.35028 3.35743 -0.12979 0.55971 4.07964043192 0.78258 0.98072 0.30541 0.41196 152.77952 195.62801 147.22542 138.42519 0.3 0.3 0.0 0.0 0.0 0.0 0.0 0.0 0.72115 0.0 0.0 45.47487 -0.49999 0.07399 0.0 0.0 0.0 0.0 0.0 0.0 0.0529013638254 63 1 0.992647058824 0.419801641217 -2.34401754412
-0.12623 0.35028 3.35743 -0.12979 0.55971 4.06762424997 0.78258 0.98072 0.30541 0.41196 152.77952 195.62801 147.22542 138.42519 0.3 0.3 0.0 0.0 0.0 0.0 0.0 0.0 0.72115 0.0 0.0 45.47487 -0.49999 0.07399 0.0 0.0 0.0 0.0 0.0 0.0 0.0534182640085 64 1 0.992647058824 0.416804160137 -2.3694642209
-0.12623 0.35028 3.35743 -0.12979 0.55971 4.03144866311 0.78258 0.98072 0.30541 0.41196 152.77952 195.62801 147.22542 138.42519 0.3 0.3 0.0 0.0 0.0 0.0 0.0 0.0 0.72115 0.0 0.0 45.47487 -0.49999 0.07399 0.0 0.0 0.0 0.0 0.0 0.0 0.0540539019944 65 1 1.0 0.407950469752 -2.04658687522
-0.12623 0.35028 3.35743 -0.12979 0.55971 4.05143512022 0.78258 0.98072 0.30541 0.41196 152.77952 195.62801 147.22542 138.42519 0.3 0.3 0.0 0.0 0.0 0.0 0.0 0.0 0.72115 0.0 0.0 45.47487 -0.49999 0.07399 0.0 0.0 0.0 0.0 0.0 0.0 0.0542810435811 66 1 1.0 0.280583913607 -2.0636659372
-0.12623 0.35028 3.35743 -0.12979 0.55971 4.06918223346 0.78258 0.98072 0.30541 0.41196 152.77952 195.62801 147.22542 138.42519 0.3 0.3 0.0 0.0 0.0 0.0 0.0 0.0 0.72115 0.0 0.0 45.47487 -0.49999 0.07399 0.0 0.0 0.0 0.0 0.0 0.0 0.054402352468 67 1 0.992647058824 0.415629142978 -2.42783435841
-0.12623 0.35028 3.35743 -0.12979 0.55971 4.06965257428 0.78258 0.98072 0.30541 0.41196 152.77952 195.62801 147.22542 138.42519 0.3 0.3 0.0 0.0 0.0 0.0 0.0 0.0 0.72115 0.0 0.0 45.47487 -0.49999 0.07399 0.0 0.0 0.0 0.0 0.0 0.0 0.0541903653262 68 1 0.992647058824 0.426477797074 -2.43356354449
-0.12623 0.35028 3.35743 -0.12979 0.55971 4.06631102367 0.78258 0.98072 0.30541 0.41196 152.77952 195.62801 147.22542 138.42519 0.3 0.3 0.0 0.0 0.0 0.0 0.0 0.0 0.72115 0.0 0.0 45.47487 -0.49999 0.07399 0.0 0.0 0.0 0.0 0.0 0.0 0.0538573993267 69 1 0.992647058824 0.416179375195 -2.39506663596
-0.12623 0.35028 3.35743 -0.12979 0.55971 4.03797754357 0.78258 0.98072 0.30541 0.41196 152.77952 195.62801 147.22542 138.42519 0.3 0.3 0.0 0.0 0.0 0.0 0.0 0.0 0.72115 0.0 0.0 45.47487 -0.49999 0.07399 0.0 0.0 0.0 0.0 0.0 0.0 0.0529297871205 70 1 1.0 0.454757130322 -1.96308019966
-0.12623 0.35028 3.35743 -0.12979 0.55971 4.04822831505 0.78258 0.98072 0.30541 0.41196 152.77952 195.62801 147.22542 138.42519 0.3 0.3 0.0 0.0 0.0 0.0 0.0 0.0 0.72115 0.0 0.0 45.47487 -0.49999 0.07399 0.0 0.0 0.0 0.0 0.0 0.0 0.051588871152 71 1 1.0 0.279617240051 -1.86568501349
-0.12623 0.35028 3.35743 -0.12979 0.55971 4.08679546146 0.78258 0.98072 0.30541 0.41196 152.77952 195.62801 147.22542 138.42519 0.3 0.3 0.0 0.0 0.0 0.0 0.0 0.0 0.72115 0.0 0.0 45.47487 -0.49999 0.07399 0.0 0.0 0.0 0.0 0.0 0.0 0.051380666488 72 0 0.985401459854 0.474965635862 -1.86568501349
-0.12623 0.35028 3.35743 -0.12979 0.55971 4.11630414835 0.78258 0.98072 0.30541 0.41196 152.77952 195.62801 147.22542 138.42519 0.3 0.3 0.0 0.0 0.0 0.0 0.0 0.0 0.72115 0.0 0.0 45.47487 -0.49999 0.07399 0.0 0.0 0.0 0.0 0.0 0.0 0.0516125129619 73 0 0.985401459854 0.470702043387 -1.86568501349
-0.12623 0.35028 3.35743 -0.12979 0.55971 4.10695243362 0.78258 0.98072 0.30541 0.41196 152.77952 195.62801 147.22542 138.42519 0.3 0.3 0.0 0.0 0.0 0.0 0.0 0.0 0.72115 0.0 0.0 45.47487 -0.49999 0.07399 0.0 0.0 0.0 0.0 0.0 0.0 0.050969727015 74 1 0.985401459854 0.472803487822 -3.88457226659
-0.12623 0.35028 3.35743 -0.12979 0.55971 4.09126178952 0.78258 0.98072 0.30541 0.41196 152.77952 195.62801 147.22542 138.42519 0.3 0.3 0.0 0.0 0.0 0.0 0.0 0.0 0.72115 0.0 0.0 45.47487 -0.49999 0.07399 0.0 0.0 0.0 0.0 0.0 0.0 0.0513502522945 75 1 0.985401459854 0.479247308361 -3.93696760125
-0.12623 0.35028 3.35743 -0.12979 0.55971 4.08355403121 0.78258 0.98072 0.30541 0.41196 152.77952 195.62801 147.22542 138.42519 0.3 0.3 0.0 0.0 0.0 0.0 0.0 0.0 0.72115 0.0 0.0 45.47487 -0.49999 0.07399 0.0 0.0 0.0 0.0 0.0 0.0 0.0518946169258 76 1 0.985401459854 0.447379452655 -3.66956130117
-0.12623 0.35028 3.35743 -0.12979 0.55971 4.05470825539 0.78258 0.98072 0.30541 0.41196 152.77952 195.62801 147.22542 138.42519 0.3 0.3 0.0 0.0 0.0 0.0 0.0 0.0 0.72115 0.0 0.0 45.47487 -0.49999 0.07399 0.0 0.0 0.0 0.0 0.0 0.0 0.051918555804 77 1 0.992647058824 0.372748241364 -2.20292391034
-0.12623 0.35028 3.35743 -0.12979 0.55971 4.01421640217 0.78258 0.98072 0.30541 0.41196 152.77952 195.62801 147.22542 138.42519 0.3 0.3 0.0 0.0 0.0 0.0 0.0 0.0 0.72115 0.0 0.0 45.47487 -0.49999 0.07399 0.0 0.0 0.0 0.0 0.0 0.0 0.0513642851146 78 1 0.985294117647 0.041048894019 -1.86514752345
-0.12623 0.35028 3.35743 -0.12979 0.55971 3.98995348648 0.78258 0.98072 0.30541 0.41196 152.77952 195.62801 147.22542 138.42519 0.3 0.3 0.0 0.0 0.0 0.0 0.0 0.0 0.72115 0.0 0.0 45.47487 -0.49999 0.07399 0.0 0.0 0.0 0.0 0.0 0.0 0.051651613718 79 0 0.992647058824 0.405994849724 -1.86514752345
-0.12623 0.35028 3.35743 -0.12979 0.55971 3.98819107111 0.78258 0.98072 0.30541 0.41196 152.77952 195.62801 147.22542 138.42519 0.3 0.3 0.0 0.0 0.0 0.0 0.0 0.0 0.72115 0.0 0.0 45.47487 -0.49999 0.07399 0.0 0.0 0.0 0.0 0.0 0.0 0.0505389356954 80 1 0.992647058824 0.405443480668 -2.18256836957
-0.12623 0.35028 3.35743 -0.12979 0.55971 3.99406086681 0.78258 0.98072 0.30541 0.41196 152.77952 195.62801 147.22542 138.42519 0.3 0.3 0.0 0.0 0.0 0.0 0.0 0.0 0.72115 0.0 0.0 45.47487 -0.49999 0.07399 0.0 0.0 0.0 0.0 0.0 0.0 0.05064853243 81 1 0.985294117647 0.401875084283 -3.33056023601
-0.12623 0.35028 3.35743 -0.12979 0.55971 3.971264475 0.78258 0.98072 0.30541 0.41196 152.77952 195.62801 147.22542 138.42519 0.3 0.3 0.0 0.0 0.0 0.0 0.0 0.0 0.72115 0.0 0.0 45.47487 -0.49999 0.07399 0.0 0.0 0.0 0.0 0.0 0.0 0.0506552047796 82 1 0.985294117647 0.165486328049 -2.05896066567
-0.12623 0.35028 3.35743 -0.12979 0.55971 3.9613889355 0.78258 0.98072 0.30541 0.41196 152.77952 195.62801 147.22542 138.42519 0.3 0.3 0.0 0.0 0.0 0.0 0.0 0.0 0.72115 0.0 0.0 45.47487 -0.49999 0.07399 0.0 0.0 0.0 0.0 0.0 0.0 0.0507187314015 83 1 0.985294117647 0.200850962331 -2.18532205014
-0.12623 0.35028 3.35743 -0.12979 0.55971 3.96090047367 0.78258 0.98072 0.30541 0.41196 152.77952 195.62801 147.22542 138.42519 0.3 0.3 0.0 0.0 0.0 0.0 0.0 0.0 0.72115 0.0 0.0 45.47487 -0.49999 0.07399 0.0 0.0 0.0 0.0 0.0 0.0 0.0503986934533 84 1 0.985294117647 0.200889724438 -2.16781896536
-0.12623 0.35028 3.35743 -0.12979 0.55971 3.93974459319 0.78258 0.98072 0.30541 0.41196 152.77952 195.62801 147.22542 138.42519 0.3 0.3 0.0 0.0 0.0 0.0 0.0 0.0 0.72115 0.0 0.0 45.47487 -0.49999 0.07399 0.0 0.0 0.0 0.0 0.0 0.0 0.0496334287084 85 1 0.992647058824 0.544162566907 -2.45910162097
-0.12623 0.35028 3.35743 -0.12979 0.55971 3.9292256379 0.78258 0.98072 0.30541 0.41196 152.77952 195.62801 147.22542 138.42519 0.3 0.3 0.0 0.0 0.0 0.0 0.0 0.0 0.72115 0.0 0.0 45.47487 -0.49999 0.07399 0.0 0.0 0.0 0.0 0.0 0.0 0.0489788292991 86 0 0.992647058824 0.629012788034 -2.45910162097
-0.12623 0.35028 3.35743 -0.12979 0.55971 3.91665351765 0.78258 0.98072 0.30541 0.41196 152.77952 195.62801 147.22542 138.42519 0.3 0.3 0.0 0.0 0.0 0.0 0.0 0.0 0.72115 0.0 0.0 45.47487 -0.49999 0.07399 0.0 0.0 0.0 0.0 0.0 0.0 0.0506231655406 87 1 0.992647058824 0.527029519128 -2.45628363904
-0.12623 0.35028 3.35743 -0.12979 0.55971 3.91400436706 0.78258 0.98072 0.30541 0.41196 152.77952 195.62801 147.22542 138.42519 0.3 0.3 0.0 0.0 0.0 0.0 0.0 0.0 0.72115 0.0 0.0 45.47487 -0.49999 0.07399 0.0 0.0 0.0 0.0 0.0 0.0 0.0512643688651 88 0 0.978260869565 0.541164455526 -2.45628363904
-0.12623 0.35028 3.35743 -0.12979 0.55971 3.94893309171 0.78258 0.98072 0.30541 0.41196 152.77952 195.62801 147.22542 138.42519 0.3 0.3 0.0 0.0 0.0 0.0 0.0 0.0 0.72115 0.0 0.0 45.47487 -0.49999 0.07399 0.0 0.0 0.0 0.0 0.0 0.0 0.0509926230935 89 1 0.992647058824 0.495757688146 -2.39806250455
-0.12623 0.35028 3.35743 -0.12979 0.55971 3.95523219136 0.78258 0.98072 0.30541 0.41196 152.77952 195.62801 147.22542 138.42519 0.3 0.3 0.0 0.0 0.0 0.0 0.0 0.0 0.72115 0.0 0.0 45.47487 -0.49999 0.07399 0.0 0.0 0.0 0.0 0.0 0.0 0.0513804186331 90 1 0.992647058824 0.416304084408 -2.25006275177
-0.12623 0.35028 3.35743 -0.12979 0.55971 3.9809956708 0.78258 0.98072 0.30541 0.41196 152.77952 195.62801 147.22542 138.42519 0.3 0.3 0.0 0.0 0.0 0.0 0.0 0.0 0.72115 0.0 0.0 45.47487 -0.49999 0.07399 0.0 0.0 0.0 0.0 0.0 0.0 0.051821494271 91 1 0.992647058824 0.185960699639 -1.96073245569
-0.12623 0.35028 3.35743 -0.12979 0.55971 3.97383082463 0.78258 0.98072 0.30541 0.41196 152.77952 195.62801 147.22542 138.42519 0.3 0.3 0.0 0.0 0.0 0.0 0.0 0.0 0.72115 0.0 0.0 45.47487 -0.49999 0.07399 0.0 0.0 0.0 0.0 0.0 0.0 0.0514866641823 92 0 0.985294117647 0.373959788874 -1.96073245569
-0.12623 0.35028 3.35743 -0.12979 0.55971 3.96529136874 0.78258 0.98072 0.30541 0.41196 152.77952 195.62801 147.22542 138.42519 0.3 0.3 0.0 0.0 0.0 0.0 0.0 0.0 0.72115 0.0 0.0 45.47487 -0.49999 0.07399 0.0 0.0 0.0 0.0 0.0 0.0 0.0520140636702 93 0 0.985294117647 0.188874018334 -1.96073245569
-0.12623 0.35028 3.35743 -0.12979 0.55971 4.00696715922 0.78258 0.98072 0.30541 0.41196 152.77952 195.62801 147.22542 138.42519 0.3 0.3 0.0 0.0 0.0 0.0 0.0 0.0 0.72115 0.0 0.0 45.47487 -0.49999 0.07399 0.0 0.0 0.0 0.0 0.0 0.0 0.0514458950815 94 0 0.977941176471 0.379231914206 -1.96073245569
-0.12623 0.35028 3.35743 -0.12979 0.55971 3.97090056915 0.78258 0.98072 0.30541 0.41196 152.77952 195.62801 147.22542 138.42519 0.3 0.3 0.0 0.0 0.0 0.0 0.0 0.0 0.72115 0.0 0.0 45.47487 -0.49999 0.07399 0.0 0.0 0.0 0.0 0.0 0.0 0.0508404389755 95 1 0.985294117647 0.165552777964 -2.07035668244
-0.12623 0.35028 3.35743 -0.12979 0.55971 3.97767255358 0.78258 0.98072 0.30541 0.41196 152.77952 195.62801 147.22542 138.42519 0.3 0.3 0.0 0.0 0.0 0.0 0.0 0.0 0.72115 0.0 0.0 45.47487 -0.49999 0.07399 0.0 0.0 0.0 0.0 0.0 0.0 0.0503799416054 96 0 0.992647058824 0.376342935596 -2.07035668244
-0.12623 0.35028 3.35743 -0.12979 0.55971 3.97064305754 0.78258 0.98072 0.30541 0.41196 152.77952 195.62801 147.22542 138.42519 0.3 0.3 0.0 0.0 0.0 0.0 0.0 0.0 0.72115 0.0 0.0 45.47487 -0.49999 0.07399 0.0 0.0 0.0 0.0 0.0 0.0 0.0500906813908 97 1 0.985294117647 0.165566323444 -2.0255327227
-0.12623 0.35028 3.35743 -0.12979 0.55971 3.95618602931 0.78258 0.98072 0.30541 0.41196 152.77952 195.62801 147.22542 138.42519 0.3 0.3 0.0 0.0 0.0 0.0 0.0 0.0 0.72115 0.0 0.0 45.47487 -0.49999 0.07399 0.0 0.0 0.0 0.0 0.0 0.0 0.049698941793 98 1 0.992647058824 0.416358094011 -2.15940856842
-0.12623 0.35028 3.35743 -0.12979 0.55971 3.94677759465 0.78258 0.98072 0.30541 0.41196 152.77952 195.62801 147.22542 138.42519 0.3 0.3 0.0 0.0 0.0 0.0 0.0 0.0 0.72115 0.0 0.0 45.47487 -0.49999 0.07399 0.0 0.0 0.0 0.0 0.0 0.0 0.0496194464682 99 1 0.992647058824 0.416514156362 -2.15560286743
-0.12623 0.35028 3.35743 -0.12979 0.55971 3.9598778772 0.78258 0.98072 0.30541 0.41196 152.77952 195.62801 147.22542 138.42519 0.3 0.3 0.0 0.0 0.0 0.0 0.0 0.0 0.72115 0.0 0.0 45.47487 -0.49999 0.07399 0.0 0.0 0.0 0.0 0.0 0.0 0.0496983276307 100 1 0.985294117647 0.200973885627 -2.13033770327
