-0.12623 0.35028 3.35743 -0.12979 0.55971 3.88738666667 0.78258 0.98072 0.30541 0.41196 152.77952 195.62801 147.22542 138.42519 0.3 0.3 0.0 0.0 0.0 0.0 0.0 0.0 0.72115 0.0 0.0 45.47487 -0.49999 0.07399 0.0 0.0 0.0 0.0 0.0 0.0 0.05 0 1 0.971223021583 0.590658577616 -14.7543854831
-0.12623 0.35028 3.35743 -0.12979 0.55971 3.8860771981 0.78258 0.98072 0.30541 0.41196 152.77952 195.62801 147.22542 138.42519 0.3 0.3 0.0 0.0 0.0 0.0 0.0 0.0 0.72115 0.0 0.0 45.47487 -0.49999 0.07399 0.0 0.0 0.0 0.0 0.0 0.0 0.0494226933472 1 1 0.971223021583 0.614166222167 -16.1001838931
-0.12623 0.35028 3.35743 -0.12979 0.55971 3.84829630381 0.78258 0.98072 0.30541 0.41196 152.77952 195.62801 147.22542 138.42519 0.3 0.3 0.0 0.0 0.0 0.0 0.0 0.0 0.72115 0.0 0.0 45.47487 -0.49999 0.07399 0.0 0.0 0.0 0.0 0.0 0.0 0.0491303517707 2 0 0.95 0.663961475136 -16.1001838931
-0.12623 0.35028 3.35743 -0.12979 0.55971 3.83741049993 0.78258 0.98072 0.30541 0.41196 152.77952 195.62801 147.22542 138.42519 0.3 0.3 0.0 0.0 0.0 0.0 0.0 0.0 0.72115 0.0 0.0 45.47487 -0.49999 0.07399 0.0 0.0 0.0 0.0 0.0 0.0 0.0491138099584 3 0 0.943262411348 0.538451336199 -16.1001838931
-0.12623 0.35028 3.35743 -0.12979 0.55971 3.91118596544 0.78258 0.98072 0.30541 0.41196 152.77952 195.62801 147.22542 138.42519 0.3 0.3 0.0 0.0 0.0 0.0 0.0 0.0 0.72115 0.0 0.0 45.47487 -0.49999 0.07399 0.0 0.0 0.0 0.0 0.0 0.0 0.0501700565801 4 1 0.978260869565 0.628136810761 -10.0993158492
-0.12623 0.35028 3.35743 -0.12979 0.55971 3.92748078674 0.78258 0.98072 0.30541 0.41196 152.77952 195.62801 147.22542 138.42519 0.3 0.3 0.0 0.0 0.0 0.0 0.0 0.0 0.72115 0.0 0.0 45.47487 -0.49999 0.07399 0.0 0.0 0.0 0.0 0.0 0.0 0.049640072523 5 1 0.992647058824 0.633795945966 -2.7199861842
-0.12623 0.35028 3.35743 -0.12979 0.55971 3.92063402953 0.78258 0.98072 0.30541 0.41196 152.77952 195.62801 147.22542 138.42519 0.3 0.3 0.0 0.0 0.0 0.0 0.0 0.0 0.72115 0.0 0.0 45.47487 -0.49999 0.07399 0.0 0.0 0.0 0.0 0.0 0.0 0.0491364698106 6 1 0.992647058824 0.52703989316 -2.39358569368
-0.12623 0.35028 3.35743 -0.12979 0.55971 3.91159262081 0.78258 0.98072 0.30541 0.41196 152.77952 195.62801 147.22542 138.42519 0.3 0.3 0.0 0.0 0.0 0.0 0.0 0.0 0.72115 0.0 0.0 45.47487 -0.49999 0.07399 0.0 0.0 0.0 0.0 0.0 0.0 0.0493913369087 7 0 0.978260869565 0.628276899465 -2.39358569368
-0.12623 0.35028 3.35743 -0.12979 0.55971 3.95249241291 0.78258 0.98072 0.30541 0.41196 152.77952 195.62801 147.22542 138.42519 0.3 0.3 0.0 0.0 0.0 0.0 0.0 0.0 0.72115 0.0 0.0 45.47487 -0.49999 0.07399 0.0 0.0 0.0 0.0 0.0 0.0 0.0489825519134 8 1 0.992647058824 0.417654825325 -2.12551034377
-0.12623 0.35028 3.35743 -0.12979 0.55971 3.93580358932 0.78258 0.98072 0.30541 0.41196 152.77952 195.62801 147.22542 138.42519 0.3 0.3 0.0 0.0 0.0 0.0 0.0 0.0 0.72115 0.0 0.0 45.47487 -0.49999 0.07399 0.0 0.0 0.0 0.0 0.0 0.0 0.0498328699367 9 1 0.992647058824 0.543731429062 -2.46592026322
-0.12623 0.35028 3.35743 -0.12979 0.55971 3.95208139586 0.78258 0.98072 0.30541 0.41196 152.77952 195.62801 147.22542 138.42519 0.3 0.3 0.0 0.0 0.0 0.0 0.0 0.0 0.72115 0.0 0.0 45.47487 -0.49999 0.07399 0.0 0.0 0.0 0.0 0.0 0.0 0.0489944675603 10 1 0.992647058824 0.417544815337 -2.12587543547
-0.12623 0.35028 3.35743 -0.12979 0.55971 3.95890903065 0.78258 0.98072 0.30541 0.41196 152.77952 195.62801 147.22542 138.42519 0.3 0.3 0.0 0.0 0.0 0.0 0.0 0.0 0.72115 0.0 0.0 45.47487 -0.49999 0.07399 0.0 0.0 0.0 0.0 0.0 0.0 0.048073059202 11 1 0.992647058824 0.20845071451 -1.73617753833
-0.12623 0.35028 3.35743 -0.12979 0.55971 3.948423328 0.78258 0.98072 0.30541 0.41196 152.77952 195.62801 147.22542 138.42519 0.3 0.3 0.0 0.0 0.0 0.0 0.0 0.0 0.72115 0.0 0.0 45.47487 -0.49999 0.07399 0.0 0.0 0.0 0.0 0.0 0.0 0.0476745510171 12 1 0.992647058824 0.495726372248 -2.25286431322
-0.12623 0.35028 3.35743 -0.12979 0.55971 3.90985086146 0.78258 0.98072 0.30541 0.41196 152.77952 195.62801 147.22542 138.42519 0.3 0.3 0.0 0.0 0.0 0.0 0.0 0.0 0.72115 0.0 0.0 45.47487 -0.49999 0.07399 0.0 0.0 0.0 0.0 0.0 0.0 0.0478104164664 13 0 0.978260869565 0.628063905529 -2.25286431322
-0.12623 0.35028 3.35743 -0.12979 0.55971 3.92074561357 0.78258 0.98072 0.30541 0.41196 152.77952 195.62801 147.22542 138.42519 0.3 0.3 0.0 0.0 0.0 0.0 0.0 0.0 0.72115 0.0 0.0 45.47487 -0.49999 0.07399 0.0 0.0 0.0 0.0 0.0 0.0 0.0469881430272 14 1 0.992647058824 0.527044101362 -2.31516637375
-0.12623 0.35028 3.35743 -0.12979 0.55971 3.92656307183 0.78258 0.98072 0.30541 0.41196 152.77952 195.62801 147.22542 138.42519 0.3 0.3 0.0 0.0 0.0 0.0 0.0 0.0 0.72115 0.0 0.0 45.47487 -0.49999 0.07399 0.0 0.0 0.0 0.0 0.0 0.0 0.0473428581693 15 0 0.992647058824 0.633886491126 -2.31516637375
-0.12623 0.35028 3.35743 -0.12979 0.55971 3.89502743534 0.78258 0.98072 0.30541 0.41196 152.77952 195.62801 147.22542 138.42519 0.3 0.3 0.0 0.0 0.0 0.0 0.0 0.0 0.72115 0.0 0.0 45.47487 -0.49999 0.07399 0.0 0.0 0.0 0.0 0.0 0.0 0.0472846888068 16 0 0.971223021583 0.563178376587 -2.31516637375
-0.12623 0.35028 3.35743 -0.12979 0.55971 3.92263459774 0.78258 0.98072 0.30541 0.41196 152.77952 195.62801 147.22542 138.42519 0.3 0.3 0.0 0.0 0.0 0.0 0.0 0.0 0.72115 0.0 0.0 45.47487 -0.49999 0.07399 0.0 0.0 0.0 0.0 0.0 0.0 0.0466718111415 17 1 0.992647058824 0.526910293924 -2.30452299503
-0.12623 0.35028 3.35743 -0.12979 0.55971 3.8943261161 0.78258 0.98072 0.30541 0.41196 152.77952 195.62801 147.22542 138.42519 0.3 0.3 0.0 0.0 0.0 0.0 0.0 0.0 0.72115 0.0 0.0 45.47487 -0.49999 0.07399 0.0 0.0 0.0 0.0 0.0 0.0 0.0473216531324 18 0 0.971223021583 0.563296491365 -2.30452299503
-0.12623 0.35028 3.35743 -0.12979 0.55971 3.88583435544 0.78258 0.98072 0.30541 0.41196 152.77952 195.62801 147.22542 138.42519 0.3 0.3 0.0 0.0 0.0 0.0 0.0 0.0 0.72115 0.0 0.0 45.47487 -0.49999 0.07399 0.0 0.0 0.0 0.0 0.0 0.0 0.0472508731724 19 0 0.971223021583 0.614380087002 -2.30452299503
-0.12623 0.35028 3.35743 -0.12979 0.55971 3.93339640635 0.78258 0.98072 0.30541 0.41196 152.77952 195.62801 147.22542 138.42519 0.3 0.3 0.0 0.0 0.0 0.0 0.0 0.0 0.72115 0.0 0.0 45.47487 -0.49999 0.07399 0.0 0.0 0.0 0.0 0.0 0.0 0.0474295759171 20 1 0.992647058824 0.551298086044 -2.40075853837
-0.12623 0.35028 3.35743 -0.12979 0.55971 3.93219194273 0.78258 0.98072 0.30541 0.41196 152.77952 195.62801 147.22542 138.42519 0.3 0.3 0.0 0.0 0.0 0.0 0.0 0.0 0.72115 0.0 0.0 45.47487 -0.49999 0.07399 0.0 0.0 0.0 0.0 0.0 0.0 0.0477143414308 21 1 0.992647058824 0.534219903368 -2.36033333587
-0.12623 0.35028 3.35743 -0.12979 0.55971 3.90818400812 0.78258 0.98072 0.30541 0.41196 152.77952 195.62801 147.22542 138.42519 0.3 0.3 0.0 0.0 0.0 0.0 0.0 0.0 0.72115 0.0 0.0 45.47487 -0.49999 0.07399 0.0 0.0 0.0 0.0 0.0 0.0 0.0469989541072 22 0 0.964285714286 0.62766776974 -2.36033333587
-0.12623 0.35028 3.35743 -0.12979 0.55971 3.9631664398 0.78258 0.98072 0.30541 0.41196 152.77952 195.62801 147.22542 138.42519 0.3 0.3 0.0 0.0 0.0 0.0 0.0 0.0 0.72115 0.0 0.0 45.47487 -0.49999 0.07399 0.0 0.0 0.0 0.0 0.0 0.0 0.0482145711732 23 1 0.985294117647 0.170938356501 -1.9371236614
-0.12623 0.35028 3.35743 -0.12979 0.55971 3.93384378293 0.78258 0.98072 0.30541 0.41196 152.77952 195.62801 147.22542 138.42519 0.3 0.3 0.0 0.0 0.0 0.0 0.0 0.0 0.72115 0.0 0.0 45.47487 -0.49999 0.07399 0.0 0.0 0.0 0.0 0.0 0.0 0.0490581628114 24 1 0.992647058824 0.551371700856 -2.45678214592
-0.12623 0.35028 3.35743 -0.12979 0.55971 3.93669597255 0.78258 0.98072 0.30541 0.41196 152.77952 195.62801 147.22542 138.42519 0.3 0.3 0.0 0.0 0.0 0.0 0.0 0.0 0.72115 0.0 0.0 45.47487 -0.49999 0.07399 0.0 0.0 0.0 0.0 0.0 0.0 0.0479130557312 25 1 0.992647058824 0.543816868494 -2.39467550001
-0.12623 0.35028 3.35743 -0.12979 0.55971 3.94812732852 0.78258 0.98072 0.30541 0.41196 152.77952 195.62801 147.22542 138.42519 0.3 0.3 0.0 0.0 0.0 0.0 0.0 0.0 0.72115 0.0 0.0 45.47487 -0.49999 0.07399 0.0 0.0 0.0 0.0 0.0 0.0 0.0476987661377 26 1 0.992647058824 0.41655885173 -2.06072587808
-0.12623 0.35028 3.35743 -0.12979 0.55971 3.92531403937 0.78258 0.98072 0.30541 0.41196 152.77952 195.62801 147.22542 138.42519 0.3 0.3 0.0 0.0 0.0 0.0 0.0 0.0 0.72115 0.0 0.0 45.47487 -0.49999 0.07399 0.0 0.0 0.0 0.0 0.0 0.0 0.0477426795558 27 1 0.992647058824 0.546280550972 -2.39608775995
-0.12623 0.35028 3.35743 -0.12979 0.55971 3.92210083307 0.78258 0.98072 0.30541 0.41196 152.77952 195.62801 147.22542 138.42519 0.3 0.3 0.0 0.0 0.0 0.0 0.0 0.0 0.72115 0.0 0.0 45.47487 -0.49999 0.07399 0.0 0.0 0.0 0.0 0.0 0.0 0.0480287644102 28 1 0.992647058824 0.528167962601 -2.35440701227
-0.12623 0.35028 3.35743 -0.12979 0.55971 3.93696880441 0.78258 0.98072 0.30541 0.41196 152.77952 195.62801 147.22542 138.42519 0.3 0.3 0.0 0.0 0.0 0.0 0.0 0.0 0.72115 0.0 0.0 45.47487 -0.49999 0.07399 0.0 0.0 0.0 0.0 0.0 0.0 0.047974143382 29 1 0.992647058824 0.543855719354 -2.39687445383
-0.12623 0.35028 3.35743 -0.12979 0.55971 3.9528609707 0.78258 0.98072 0.30541 0.41196 152.77952 195.62801 147.22542 138.42519 0.3 0.3 0.0 0.0 0.0 0.0 0.0 0.0 0.72115 0.0 0.0 45.47487 -0.49999 0.07399 0.0 0.0 0.0 0.0 0.0 0.0 0.0481839709236 30 1 0.992647058824 0.41764101637 -2.08621222871
-0.12623 0.35028 3.35743 -0.12979 0.55971 3.96890062959 0.78258 0.98072 0.30541 0.41196 152.77952 195.62801 147.22542 138.42519 0.3 0.3 0.0 0.0 0.0 0.0 0.0 0.0 0.72115 0.0 0.0 45.47487 -0.49999 0.07399 0.0 0.0 0.0 0.0 0.0 0.0 0.0477016611465 31 1 0.985294117647 0.165403876901 -1.88955269126
-0.12623 0.35028 3.35743 -0.12979 0.55971 3.95406267338 0.78258 0.98072 0.30541 0.41196 152.77952 195.62801 147.22542 138.42519 0.3 0.3 0.0 0.0 0.0 0.0 0.0 0.0 0.72115 0.0 0.0 45.47487 -0.49999 0.07399 0.0 0.0 0.0 0.0 0.0 0.0 0.0477671430812 32 1 0.992647058824 0.418089598019 -2.06735359381
-0.12623 0.35028 3.35743 -0.12979 0.55971 3.98061783766 0.78258 0.98072 0.30541 0.41196 152.77952 195.62801 147.22542 138.42519 0.3 0.3 0.0 0.0 0.0 0.0 0.0 0.0 0.72115 0.0 0.0 45.47487 -0.49999 0.07399 0.0 0.0 0.0 0.0 0.0 0.0 0.0478736429767 33 1 0.992647058824 0.185998889991 -1.70029739981
-0.12623 0.35028 3.35743 -0.12979 0.55971 3.99568044826 0.78258 0.98072 0.30541 0.41196 152.77952 195.62801 147.22542 138.42519 0.3 0.3 0.0 0.0 0.0 0.0 0.0 0.0 0.72115 0.0 0.0 45.47487 -0.49999 0.07399 0.0 0.0 0.0 0.0 0.0 0.0 0.0484906537586 34 0 0.985294117647 0.401238755703 -1.70029739981
-0.12623 0.35028 3.35743 -0.12979 0.55971 3.92700144098 0.78258 0.98072 0.30541 0.41196 152.77952 195.62801 147.22542 138.42519 0.3 0.3 0.0 0.0 0.0 0.0 0.0 0.0 0.72115 0.0 0.0 45.47487 -0.49999 0.07399 0.0 0.0 0.0 0.0 0.0 0.0 0.0472911834433 35 0 0.992647058824 0.633916048073 -1.70029739981
-0.12623 0.35028 3.35743 -0.12979 0.55971 3.97722611162 0.78258 0.98072 0.30541 0.41196 152.77952 195.62801 147.22542 138.42519 0.3 0.3 0.0 0.0 0.0 0.0 0.0 0.0 0.72115 0.0 0.0 45.47487 -0.49999 0.07399 0.0 0.0 0.0 0.0 0.0 0.0 0.0470313710712 36 1 0.992647058824 0.37635311265 -1.94225452317
-0.12623 0.35028 3.35743 -0.12979 0.55971 3.97540129048 0.78258 0.98072 0.30541 0.41196 152.77952 195.62801 147.22542 138.42519 0.3 0.3 0.0 0.0 0.0 0.0 0.0 0.0 0.72115 0.0 0.0 45.47487 -0.49999 0.07399 0.0 0.0 0.0 0.0 0.0 0.0 0.0462530979859 37 0 0.985294117647 0.373940793123 -1.94225452317
-0.12623 0.35028 3.35743 -0.12979 0.55971 3.98874351924 0.78258 0.98072 0.30541 0.41196 152.77952 195.62801 147.22542 138.42519 0.3 0.3 0.0 0.0 0.0 0.0 0.0 0.0 0.72115 0.0 0.0 45.47487 -0.49999 0.07399 0.0 0.0 0.0 0.0 0.0 0.0 0.0473031744578 38 1 0.992647058824 0.405486339093 -2.01758137173
-0.12623 0.35028 3.35743 -0.12979 0.55971 3.97647192327 0.78258 0.98072 0.30541 0.41196 152.77952 195.62801 147.22542 138.42519 0.3 0.3 0.0 0.0 0.0 0.0 0.0 0.0 0.72115 0.0 0.0 45.47487 -0.49999 0.07399 0.0 0.0 0.0 0.0 0.0 0.0 0.0477727561949 39 1 0.992647058824 0.376008759374 -1.97855984434
-0.12623 0.35028 3.35743 -0.12979 0.55971 3.97593305352 0.78258 0.98072 0.30541 0.41196 152.77952 195.62801 147.22542 138.42519 0.3 0.3 0.0 0.0 0.0 0.0 0.0 0.0 0.72115 0.0 0.0 45.47487 -0.49999 0.07399 0.0 0.0 0.0 0.0 0.0 0.0 0.0478502052816 40 1 0.985294117647 0.373961815846 -3.09293096616
-0.12623 0.35028 3.35743 -0.12979 0.55971 3.96721923342 0.78258 0.98072 0.30541 0.41196 152.77952 195.62801 147.22542 138.42519 0.3 0.3 0.0 0.0 0.0 0.0 0.0 0.0 0.72115 0.0 0.0 45.47487 -0.49999 0.07399 0.0 0.0 0.0 0.0 0.0 0.0 0.0485679859767 41 1 0.985294117647 0.188846000333 -2.02296939439
-0.12623 0.35028 3.35743 -0.12979 0.55971 3.94857802623 0.78258 0.98072 0.30541 0.41196 152.77952 195.62801 147.22542 138.42519 0.3 0.3 0.0 0.0 0.0 0.0 0.0 0.0 0.72115 0.0 0.0 45.47487 -0.49999 0.07399 0.0 0.0 0.0 0.0 0.0 0.0 0.0494278708195 42 1 0.992647058824 0.495726856138 -2.32562412516
-0.12623 0.35028 3.35743 -0.12979 0.55971 3.92523310085 0.78258 0.98072 0.30541 0.41196 152.77952 195.62801 147.22542 138.42519 0.3 0.3 0.0 0.0 0.0 0.0 0.0 0.0 0.72115 0.0 0.0 45.47487 -0.49999 0.07399 0.0 0.0 0.0 0.0 0.0 0.0 0.0496227866363 43 0 0.992647058824 0.546256943938 -2.32562412516
-0.12623 0.35028 3.35743 -0.12979 0.55971 4.00758778294 0.78258 0.98072 0.30541 0.41196 152.77952 195.62801 147.22542 138.42519 0.3 0.3 0.0 0.0 0.0 0.0 0.0 0.0 0.72115 0.0 0.0 45.47487 -0.49999 0.07399 0.0 0.0 0.0 0.0 0.0 0.0 0.0486749299276 44 0 0.977941176471 0.371404797429 -2.32562412516
-0.12623 0.35028 3.35743 -0.12979 0.55971 3.93960093283 0.78258 0.98072 0.30541 0.41196 152.77952 195.62801 147.22542 138.42519 0.3 0.3 0.0 0.0 0.0 0.0 0.0 0.0 0.72115 0.0 0.0 45.47487 -0.49999 0.07399 0.0 0.0 0.0 0.0 0.0 0.0 0.0503562419529 45 1 0.992647058824 0.544161809397 -2.48855897719
-0.12623 0.35028 3.35743 -0.12979 0.55971 3.92284051382 0.78258 0.98072 0.30541 0.41196 152.77952 195.62801 147.22542 138.42519 0.3 0.3 0.0 0.0 0.0 0.0 0.0 0.0 0.72115 0.0 0.0 45.47487 -0.49999 0.07399 0.0 0.0 0.0 0.0 0.0 0.0 0.0499366131885 46 1 0.992647058824 0.528153643442 -2.42939054766
-0.12623 0.35028 3.35743 -0.12979 0.55971 3.90697290628 0.78258 0.98072 0.30541 0.41196 152.77952 195.62801 147.22542 138.42519 0.3 0.3 0.0 0.0 0.0 0.0 0.0 0.0 0.72115 0.0 0.0 45.47487 -0.49999 0.07399 0.0 0.0 0.0 0.0 0.0 0.0 0.0500148608031 47 0 0.964285714286 0.627506393909 -2.42939054766
-0.12623 0.35028 3.35743 -0.12979 0.55971 3.88929931709 0.78258 0.98072 0.30541 0.41196 152.77952 195.62801 147.22542 138.42519 0.3 0.3 0.0 0.0 0.0 0.0 0.0 0.0 0.72115 0.0 0.0 45.47487 -0.49999 0.07399 0.0 0.0 0.0 0.0 0.0 0.0 0.0509867704551 48 0 0.971223021583 0.590732355523 -2.42939054766
-0.12623 0.35028 3.35743 -0.12979 0.55971 3.90272852173 0.78258 0.98072 0.30541 0.41196 152.77952 195.62801 147.22542 138.42519 0.3 0.3 0.0 0.0 0.0 0.0 0.0 0.0 0.72115 0.0 0.0 45.47487 -0.49999 0.07399 0.0 0.0 0.0 0.0 0.0 0.0 0.04945502636 49 0 0.971223021583 0.651082575354 -2.42939054766
-0.12623 0.35028 3.35743 -0.12979 0.55971 3.8180407433 0.78258 0.98072 0.30541 0.41196 152.77952 195.62801 147.22542 138.42519 0.3 0.3 0.0 0.0 0.0 0.0 0.0 0.0 0.72115 0.0 0.0 45.47487 -0.49999 0.07399 0.0 0.0 0.0 0.0 0.0 0.0 0.0510204771824 50 0 0.943661971831 0.839419722308 -2.42939054766
-0.12623 0.35028 3.35743 -0.12979 0.55971 3.92482314361 0.78258 0.98072 0.30541 0.41196 152.77952 195.62801 147.22542 138.42519 0.3 0.3 0.0 0.0 0.0 0.0 0.0 0.0 0.72115 0.0 0.0 45.47487 -0.49999 0.07399 0.0 0.0 0.0 0.0 0.0 0.0 0.0498374622127 51 1 0.992647058824 0.638589603161 -2.74075123967
-0.12623 0.35028 3.35743 -0.12979 0.55971 3.90230290861 0.78258 0.98072 0.30541 0.41196 152.77952 195.62801 147.22542 138.42519 0.3 0.3 0.0 0.0 0.0 0.0 0.0 0.0 0.72115 0.0 0.0 45.47487 -0.49999 0.07399 0.0 0.0 0.0 0.0 0.0 0.0 0.0493255219362 52 0 0.971223021583 0.651553234066 -2.74075123967
-0.12623 0.35028 3.35743 -0.12979 0.55971 3.94044900408 0.78258 0.98072 0.30541 0.41196 152.77952 195.62801 147.22542 138.42519 0.3 0.3 0.0 0.0 0.0 0.0 0.0 0.0 0.72115 0.0 0.0 45.47487 -0.49999 0.07399 0.0 0.0 0.0 0.0 0.0 0.0 0.0505392971502 53 1 0.992647058824 0.544158991126 -2.49626554505
-0.12623 0.35028 3.35743 -0.12979 0.55971 3.96662343405 0.78258 0.98072 0.30541 0.41196 152.77952 195.62801 147.22542 138.42519 0.3 0.3 0.0 0.0 0.0 0.0 0.0 0.0 0.72115 0.0 0.0 45.47487 -0.49999 0.07399 0.0 0.0 0.0 0.0 0.0 0.0 0.0509788127729 54 1 0.985294117647 0.188815767361 -2.15593238944
-0.12623 0.35028 3.35743 -0.12979 0.55971 3.9759073638 0.78258 0.98072 0.30541 0.41196 152.77952 195.62801 147.22542 138.42519 0.3 0.3 0.0 0.0 0.0 0.0 0.0 0.0 0.72115 0.0 0.0 45.47487 -0.49999 0.07399 0.0 0.0 0.0 0.0 0.0 0.0 0.0515210048527 55 1 0.985294117647 0.373957994023 -3.14259457534
-0.12623 0.35028 3.35743 -0.12979 0.55971 4.00047566808 0.78258 0.98072 0.30541 0.41196 152.77952 195.62801 147.22542 138.42519 0.3 0.3 0.0 0.0 0.0 0.0 0.0 0.0 0.72115 0.0 0.0 45.47487 -0.49999 0.07399 0.0 0.0 0.0 0.0 0.0 0.0 0.0510868734754 56 1 0.985294117647 0.399662262224 -3.3188711192
-0.12623 0.35028 3.35743 -0.12979 0.55971 3.97917801792 0.78258 0.98072 0.30541 0.41196 152.77952 195.62801 147.22542 138.42519 0.3 0.3 0.0 0.0 0.0 0.0 0.0 0.0 0.72115 0.0 0.0 45.47487 -0.49999 0.07399 0.0 0.0 0.0 0.0 0.0 0.0 0.0511763908374 57 1 0.992647058824 0.375247893088 -2.16322938305
-0.12623 0.35028 3.35743 -0.12979 0.55971 3.96962906527 0.78258 0.98072 0.30541 0.41196 152.77952 195.62801 147.22542 138.42519 0.3 0.3 0.0 0.0 0.0 0.0 0.0 0.0 0.72115 0.0 0.0 45.47487 -0.49999 0.07399 0.0 0.0 0.0 0.0 0.0 0.0 0.0511548101822 58 1 0.985294117647 0.165430853564 -2.08912093131
-0.12623 0.35028 3.35743 -0.12979 0.55971 3.9866361345 0.78258 0.98072 0.30541 0.41196 152.77952 195.62801 147.22542 138.42519 0.3 0.3 0.0 0.0 0.0 0.0 0.0 0.0 0.72115 0.0 0.0 45.47487 -0.49999 0.07399 0.0 0.0 0.0 0.0 0.0 0.0 0.0514798984459 59 0 0.992647058824 0.405513696335 -2.08912093131
-0.12623 0.35028 3.35743 -0.12979 0.55971 3.89529429292 0.78258 0.98072 0.30541 0.41196 152.77952 195.62801 147.22542 138.42519 0.3 0.3 0.0 0.0 0.0 0.0 0.0 0.0 0.72115 0.0 0.0 45.47487 -0.49999 0.07399 0.0 0.0 0.0 0.0 0.0 0.0 0.0525245131997 60 0 0.971223021583 0.563181476266 -2.08912093131
-0.12623 0.35028 3.35743 -0.12979 0.55971 3.9492827273 0.78258 0.98072 0.30541 0.41196 152.77952 195.62801 147.22542 138.42519 0.3 0.3 0.0 0.0 0.0 0.0 0.0 0.0 0.72115 0.0 0.0 45.47487 -0.49999 0.07399 0.0 0.0 0.0 0.0 0.0 0.0 0.0512380797333 61 1 0.992647058824 0.495732592722 -2.40996069353
-0.12623 0.35028 3.35743 -0.12979 0.55971 3.96658142707 0.78258 0.98072 0.30541 0.41196 152.77952 195.62801 147.22542 138.42519 0.3 0.3 0.0 0.0 0.0 0.0 0.0 0.0 0.72115 0.0 0.0 45.47487 -0.49999 0.07399 0.0 0.0 0.0 0.0 0.0 0.0 0.0509492226814 62 1 0.985294117647 0.188803854437 -2.15418032258
-0.12623 0.35028 3.35743 -0.12979 0.55971 3.97423289697 0.78258 0.98072 0.30541 0.41196 152.77952 195.62801 147.22542 138.42519 0.3 0.3 0.0 0.0 0.0 0.0 0.0 0.0 0.72115 0.0 0.0 45.47487 -0.49999 0.07399 0.0 0.0 0.0 0.0 0.0 0.0 0.0519660786 63 0 0.985294117647 0.373931154983 -2.15418032258
-0.12623 0.35028 3.35743 -0.12979 0.55971 3.9497000191 0.78258 0.98072 0.30541 0.41196 152.77952 195.62801 147.22542 138.42519 0.3 0.3 0.0 0.0 0.0 0.0 0.0 0.0 0.72115 0.0 0.0 45.47487 -0.49999 0.07399 0.0 0.0 0.0 0.0 0.0 0.0 0.0511915766599 64 1 0.992647058824 0.495727654538 -2.407671836
-0.12623 0.35028 3.35743 -0.12979 0.55971 3.97040213712 0.78258 0.98072 0.30541 0.41196 152.77952 195.62801 147.22542 138.42519 0.3 0.3 0.0 0.0 0.0 0.0 0.0 0.0 0.72115 0.0 0.0 45.47487 -0.49999 0.07399 0.0 0.0 0.0 0.0 0.0 0.0 0.0520702795096 65 1 0.985294117647 0.16547182513 -2.14607220213
-0.12623 0.35028 3.35743 -0.12979 0.55971 4.00157731427 0.78258 0.98072 0.30541 0.41196 152.77952 195.62801 147.22542 138.42519 0.3 0.3 0.0 0.0 0.0 0.0 0.0 0.0 0.72115 0.0 0.0 45.47487 -0.49999 0.07399 0.0 0.0 0.0 0.0 0.0 0.0 0.0522886396282 66 0 0.985294117647 0.379297305046 -2.14607220213
-0.12623 0.35028 3.35743 -0.12979 0.55971 4.01409815477 0.78258 0.98072 0.30541 0.41196 152.77952 195.62801 147.22542 138.42519 0.3 0.3 0.0 0.0 0.0 0.0 0.0 0.0 0.72115 0.0 0.0 45.47487 -0.49999 0.07399 0.0 0.0 0.0 0.0 0.0 0.0 0.0529559526063 67 1 0.985294117647 0.0416930086078 -1.98008574486
-0.12623 0.35028 3.35743 -0.12979 0.55971 4.00749500372 0.78258 0.98072 0.30541 0.41196 152.77952 195.62801 147.22542 138.42519 0.3 0.3 0.0 0.0 0.0 0.0 0.0 0.0 0.72115 0.0 0.0 45.47487 -0.49999 0.07399 0.0 0.0 0.0 0.0 0.0 0.0 0.0526514737263 68 0 0.977941176471 0.371393763968 -1.98008574486
-0.12623 0.35028 3.35743 -0.12979 0.55971 4.04275784246 0.78258 0.98072 0.30541 0.41196 152.77952 195.62801 147.22542 138.42519 0.3 0.3 0.0 0.0 0.0 0.0 0.0 0.0 0.72115 0.0 0.0 45.47487 -0.49999 0.07399 0.0 0.0 0.0 0.0 0.0 0.0 0.0543514824223 69 1 1.0 0.272012688434 -2.06897634234
-0.12623 0.35028 3.35743 -0.12979 0.55971 4.06183919189 0.78258 0.98072 0.30541 0.41196 152.77952 195.62801 147.22542 138.42519 0.3 0.3 0.0 0.0 0.0 0.0 0.0 0.0 0.72115 0.0 0.0 45.47487 -0.49999 0.07399 0.0 0.0 0.0 0.0 0.0 0.0 0.0540929158531 70 1 0.992647058824 0.403285252114 -2.38759478281
-0.12623 0.35028 3.35743 -0.12979 0.55971 4.06990968616 0.78258 0.98072 0.30541 0.41196 152.77952 195.62801 147.22542 138.42519 0.3 0.3 0.0 0.0 0.0 0.0 0.0 0.0 0.72115 0.0 0.0 45.47487 -0.49999 0.07399 0.0 0.0 0.0 0.0 0.0 0.0 0.0538619195856 71 1 0.992647058824 0.426552905569 -2.41367221316
-0.12623 0.35028 3.35743 -0.12979 0.55971 4.06771028487 0.78258 0.98072 0.30541 0.41196 152.77952 195.62801 147.22542 138.42519 0.3 0.3 0.0 0.0 0.0 0.0 0.0 0.0 0.72115 0.0 0.0 45.47487 -0.49999 0.07399 0.0 0.0 0.0 0.0 0.0 0.0 0.0536423518456 72 1 0.992647058824 0.416603371634 -2.38268141449
-0.12623 0.35028 3.35743 -0.12979 0.55971 4.08665584165 0.78258 0.98072 0.30541 0.41196 152.77952 195.62801 147.22542 138.42519 0.3 0.3 0.0 0.0 0.0 0.0 0.0 0.0 0.72115 0.0 0.0 45.47487 -0.49999 0.07399 0.0 0.0 0.0 0.0 0.0 0.0 0.0534900307727 73 1 0.985401459854 0.447521436972 -3.6827244955
-0.12623 0.35028 3.35743 -0.12979 0.55971 4.06763318023 0.78258 0.98072 0.30541 0.41196 152.77952 195.62801 147.22542 138.42519 0.3 0.3 0.0 0.0 0.0 0.0 0.0 0.0 0.72115 0.0 0.0 45.47487 -0.49999 0.07399 0.0 0.0 0.0 0.0 0.0 0.0 0.0540410286543 74 1 0.992647058824 0.416803835419 -2.40743959296
-0.12623 0.35028 3.35743 -0.12979 0.55971 4.06615135368 0.78258 0.98072 0.30541 0.41196 152.77952 195.62801 147.22542 138.42519 0.3 0.3 0.0 0.0 0.0 0.0 0.0 0.0 0.72115 0.0 0.0 45.47487 -0.49999 0.07399 0.0 0.0 0.0 0.0 0.0 0.0 0.0536847282521 75 1 0.992647058824 0.416164749197 -2.3844893391
-0.12623 0.35028 3.35743 -0.12979 0.55971 4.02336968526 0.78258 0.98072 0.30541 0.41196 152.77952 195.62801 147.22542 138.42519 0.3 0.3 0.0 0.0 0.0 0.0 0.0 0.0 0.72115 0.0 0.0 45.47487 -0.49999 0.07399 0.0 0.0 0.0 0.0 0.0 0.0 0.0535556445267 76 1 0.992592592593 0.117905526484 -2.03928285164
-0.12623 0.35028 3.35743 -0.12979 0.55971 4.02236119642 0.78258 0.98072 0.30541 0.41196 152.77952 195.62801 147.22542 138.42519 0.3 0.3 0.0 0.0 0.0 0.0 0.0 0.0 0.72115 0.0 0.0 45.47487 -0.49999 0.07399 0.0 0.0 0.0 0.0 0.0 0.0 0.0532076898395 77 1 0.992592592593 0.113755877836 -2.01178234238
-0.12623 0.35028 3.35743 -0.12979 0.55971 4.00227903598 0.78258 0.98072 0.30541 0.41196 152.77952 195.62801 147.22542 138.42519 0.3 0.3 0.0 0.0 0.0 0.0 0.0 0.0 0.72115 0.0 0.0 45.47487 -0.49999 0.07399 0.0 0.0 0.0 0.0 0.0 0.0 0.0533126115343 78 1 0.977941176471 0.378959572682 -4.75727078465
-0.12623 0.35028 3.35743 -0.12979 0.55971 4.01945204533 0.78258 0.98072 0.30541 0.41196 152.77952 195.62801 147.22542 138.42519 0.3 0.3 0.0 0.0 0.0 0.0 0.0 0.0 0.72115 0.0 0.0 45.47487 -0.49999 0.07399 0.0 0.0 0.0 0.0 0.0 0.0 0.0532371955967 79 1 1.0 0.422722242447 -1.98574832907
-0.12623 0.35028 3.35743 -0.12979 0.55971 4.06566845579 0.78258 0.98072 0.30541 0.41196 152.77952 195.62801 147.22542 138.42519 0.3 0.3 0.0 0.0 0.0 0.0 0.0 0.0 0.72115 0.0 0.0 45.47487 -0.49999 0.07399 0.0 0.0 0.0 0.0 0.0 0.0 0.0528534292217 80 1 0.992647058824 0.416120601101 -2.33449135122
-0.12623 0.35028 3.35743 -0.12979 0.55971 4.06609016556 0.78258 0.98072 0.30541 0.41196 152.77952 195.62801 147.22542 138.42519 0.3 0.3 0.0 0.0 0.0 0.0 0.0 0.0 0.72115 0.0 0.0 45.47487 -0.49999 0.07399 0.0 0.0 0.0 0.0 0.0 0.0 0.0523254469575 81 1 0.992647058824 0.416157500711 -2.30362334591
-0.12623 0.35028 3.35743 -0.12979 0.55971 4.09535501596 0.78258 0.98072 0.30541 0.41196 152.77952 195.62801 147.22542 138.42519 0.3 0.3 0.0 0.0 0.0 0.0 0.0 0.0 0.72115 0.0 0.0 45.47487 -0.49999 0.07399 0.0 0.0 0.0 0.0 0.0 0.0 0.0517076655681 82 0 0.985401459854 0.482518210186 -2.30362334591
-0.12623 0.35028 3.35743 -0.12979 0.55971 4.06059889403 0.78258 0.98072 0.30541 0.41196 152.77952 195.62801 147.22542 138.42519 0.3 0.3 0.0 0.0 0.0 0.0 0.0 0.0 0.72115 0.0 0.0 45.47487 -0.49999 0.07399 0.0 0.0 0.0 0.0 0.0 0.0 0.0514159608507 83 1 0.992647058824 0.40106950208 -2.22340096096
-0.12623 0.35028 3.35743 -0.12979 0.55971 4.07185225499 0.78258 0.98072 0.30541 0.41196 152.77952 195.62801 147.22542 138.42519 0.3 0.3 0.0 0.0 0.0 0.0 0.0 0.0 0.72115 0.0 0.0 45.47487 -0.49999 0.07399 0.0 0.0 0.0 0.0 0.0 0.0 0.0523229438508 84 1 0.992647058824 0.427871275185 -2.3254438017
-0.12623 0.35028 3.35743 -0.12979 0.55971 4.04537829674 0.78258 0.98072 0.30541 0.41196 152.77952 195.62801 147.22542 138.42519 0.3 0.3 0.0 0.0 0.0 0.0 0.0 0.0 0.72115 0.0 0.0 45.47487 -0.49999 0.07399 0.0 0.0 0.0 0.0 0.0 0.0 0.0521851398884 85 1 1.0 0.27500168632 -1.90869583416
-0.12623 0.35028 3.35743 -0.12979 0.55971 4.05213254388 0.78258 0.98072 0.30541 0.41196 152.77952 195.62801 147.22542 138.42519 0.3 0.3 0.0 0.0 0.0 0.0 0.0 0.0 0.72115 0.0 0.0 45.47487 -0.49999 0.07399 0.0 0.0 0.0 0.0 0.0 0.0 0.0518381166189 86 1 1.0 0.347832115916 -1.88360578336
-0.12623 0.35028 3.35743 -0.12979 0.55971 4.03419864792 0.78258 0.98072 0.30541 0.41196 152.77952 195.62801 147.22542 138.42519 0.3 0.3 0.0 0.0 0.0 0.0 0.0 0.0 0.72115 0.0 0.0 45.47487 -0.49999 0.07399 0.0 0.0 0.0 0.0 0.0 0.0 0.0514121972984 87 1 1.0 0.40880582931 -1.85303274085
-0.12623 0.35028 3.35743 -0.12979 0.55971 4.06385896262 0.78258 0.98072 0.30541 0.41196 152.77952 195.62801 147.22542 138.42519 0.3 0.3 0.0 0.0 0.0 0.0 0.0 0.0 0.72115 0.0 0.0 45.47487 -0.49999 0.07399 0.0 0.0 0.0 0.0 0.0 0.0 0.0520077575519 88 1 0.992647058824 0.415287143692 -2.28367539967
-0.12623 0.35028 3.35743 -0.12979 0.55971 4.03004268572 0.78258 0.98072 0.30541 0.41196 152.77952 195.62801 147.22542 138.42519 0.3 0.3 0.0 0.0 0.0 0.0 0.0 0.0 0.72115 0.0 0.0 45.47487 -0.49999 0.07399 0.0 0.0 0.0 0.0 0.0 0.0 0.0520382631522 89 1 1.0 0.408485079292 -1.89805678371
-0.12623 0.35028 3.35743 -0.12979 0.55971 4.01363430753 0.78258 0.98072 0.30541 0.41196 152.77952 195.62801 147.22542 138.42519 0.3 0.3 0.0 0.0 0.0 0.0 0.0 0.0 0.72115 0.0 0.0 45.47487 -0.49999 0.07399 0.0 0.0 0.0 0.0 0.0 0.0 0.0532092604998 90 1 0.985294117647 0.0466418298269 -2.00237757204
-0.12623 0.35028 3.35743 -0.12979 0.55971 4.0137410267 0.78258 0.98072 0.30541 0.41196 152.77952 195.62801 147.22542 138.42519 0.3 0.3 0.0 0.0 0.0 0.0 0.0 0.0 0.72115 0.0 0.0 45.47487 -0.49999 0.07399 0.0 0.0 0.0 0.0 0.0 0.0 0.052132322792 91 1 0.985294117647 0.0418137048633 -1.92051824642
-0.12623 0.35028 3.35743 -0.12979 0.55971 4.00843922481 0.78258 0.98072 0.30541 0.41196 152.77952 195.62801 147.22542 138.42519 0.3 0.3 0.0 0.0 0.0 0.0 0.0 0.0 0.72115 0.0 0.0 45.47487 -0.49999 0.07399 0.0 0.0 0.0 0.0 0.0 0.0 0.0519085418773 92 0 0.977941176471 0.37148400785 -1.92051824642
-0.12623 0.35028 3.35743 -0.12979 0.55971 4.03484591939 0.78258 0.98072 0.30541 0.41196 152.77952 195.62801 147.22542 138.42519 0.3 0.3 0.0 0.0 0.0 0.0 0.0 0.0 0.72115 0.0 0.0 45.47487 -0.49999 0.07399 0.0 0.0 0.0 0.0 0.0 0.0 0.051966043662 93 1 1.0 0.408799564749 -1.89283617721
-0.12623 0.35028 3.35743 -0.12979 0.55971 4.0293660898 0.78258 0.98072 0.30541 0.41196 152.77952 195.62801 147.22542 138.42519 0.3 0.3 0.0 0.0 0.0 0.0 0.0 0.0 0.72115 0.0 0.0 45.47487 -0.49999 0.07399 0.0 0.0 0.0 0.0 0.0 0.0 0.052463368192 94 1 1.0 0.415746938178 -1.92892879146
-0.12623 0.35028 3.35743 -0.12979 0.55971 4.01881909682 0.78258 0.98072 0.30541 0.41196 152.77952 195.62801 147.22542 138.42519 0.3 0.3 0.0 0.0 0.0 0.0 0.0 0.0 0.72115 0.0 0.0 45.47487 -0.49999 0.07399 0.0 0.0 0.0 0.0 0.0 0.0 0.0520075431102 95 1 0.992592592593 0.118444572536 -1.92785238286
-0.12623 0.35028 3.35743 -0.12979 0.55971 4.01696557033 0.78258 0.98072 0.30541 0.41196 152.77952 195.62801 147.22542 138.42519 0.3 0.3 0.0 0.0 0.0 0.0 0.0 0.0 0.72115 0.0 0.0 45.47487 -0.49999 0.07399 0.0 0.0 0.0 0.0 0.0 0.0 0.0516750452012 96 1 0.985294117647 0.132218414637 -2.03114987861
-0.12623 0.35028 3.35743 -0.12979 0.55971 4.0373404308 0.78258 0.98072 0.30541 0.41196 152.77952 195.62801 147.22542 138.42519 0.3 0.3 0.0 0.0 0.0 0.0 0.0 0.0 0.72115 0.0 0.0 45.47487 -0.49999 0.07399 0.0 0.0 0.0 0.0 0.0 0.0 0.0520964253778 97 1 1.0 0.408645216528 -1.90226631222
-0.12623 0.35028 3.35743 -0.12979 0.55971 4.04349832511 0.78258 0.98072 0.30541 0.41196 152.77952 195.62801 147.22542 138.42519 0.3 0.3 0.0 0.0 0.0 0.0 0.0 0.0 0.72115 0.0 0.0 45.47487 -0.49999 0.07399 0.0 0.0 0.0 0.0 0.0 0.0 0.0527862202229 98 1 1.0 0.273449317144 -1.95253707011
-0.12623 0.35028 3.35743 -0.12979 0.55971 4.05314630689 0.78258 0.98072 0.30541 0.41196 152.77952 195.62801 147.22542 138.42519 0.3 0.3 0.0 0.0 0.0 0.0 0.0 0.0 0.72115 0.0 0.0 45.47487 -0.49999 0.07399 0.0 0.0 0.0 0.0 0.0 0.0 0.0526360550464 99 1 1.0 0.344864246023 -1.94153896996
-0.12623 0.35028 3.35743 -0.12979 0.55971 4.10637981165 0.78258 0.98072 0.30541 0.41196 152.77952 195.62801 147.22542 138.42519 0.3 0.3 0.0 0.0 0.0 0.0 0.0 0.0 0.72115 0.0 0.0 45.47487 -0.49999 0.07399 0.0 0.0 0.0 0.0 0.0 0.0 0.0523229335169 100 0 0.985401459854 0.473252304938 -1.94153896996
