-0.12623 0.35028 3.35743 -0.12979 0.55971 4.02072 0.78258 0.98072 0.30541 0.41196 152.77952 195.62801 147.22542 138.42519 0.3 0.3 0.0 0.0 0.0 0.0 0.0 0.0 0.72115 0.0 0.0 45.47487 -0.49999 0.07399 0.0 0.0 0.0 0.0 0.0 0.0 0.05 0 1 1.0 0.0 -1.75341038735
-0.12623 0.35028 3.35743 -0.12979 0.55971 4.01856384324 0.78258 0.98072 0.30541 0.41196 152.77952 195.62801 147.22542 138.42519 0.3 0.3 0.0 0.0 0.0 0.0 0.0 0.0 0.72115 0.0 0.0 45.47487 -0.49999 0.07399 0.0 0.0 0.0 0.0 0.0 0.0 0.0499067925648 1 1 0.992592592593 0.118514780454 -1.78174022697
-0.12623 0.35028 3.35743 -0.12979 0.55971 3.98488369868 0.78258 0.98072 0.30541 0.41196 152.77952 195.62801 147.22542 138.42519 0.3 0.3 0.0 0.0 0.0 0.0 0.0 0.0 0.72115 0.0 0.0 45.47487 -0.49999 0.07399 0.0 0.0 0.0 0.0 0.0 0.0 0.049738568298 2 0 0.992647058824 0.405534735563 -1.78174022697
-0.12623 0.35028 3.35743 -0.12979 0.55971 4.00504037782 0.78258 0.98072 0.30541 0.41196 152.77952 195.62801 147.22542 138.42519 0.3 0.3 0.0 0.0 0.0 0.0 0.0 0.0 0.72115 0.0 0.0 45.47487 -0.49999 0.07399 0.0 0.0 0.0 0.0 0.0 0.0 0.0494668552665 3 0 0.977941176471 0.379158716422 -1.78174022697
-0.12623 0.35028 3.35743 -0.12979 0.55971 3.992840243 0.78258 0.98072 0.30541 0.41196 152.77952 195.62801 147.22542 138.42519 0.3 0.3 0.0 0.0 0.0 0.0 0.0 0.0 0.72115 0.0 0.0 45.47487 -0.49999 0.07399 0.0 0.0 0.0 0.0 0.0 0.0 0.0489328880345 4 1 0.992647058824 0.399319922478 -2.08497158248
-0.12623 0.35028 3.35743 -0.12979 0.55971 3.9793344213 0.78258 0.98072 0.30541 0.41196 152.77952 195.62801 147.22542 138.42519 0.3 0.3 0.0 0.0 0.0 0.0 0.0 0.0 0.72115 0.0 0.0 45.47487 -0.49999 0.07399 0.0 0.0 0.0 0.0 0.0 0.0 0.0488977730827 5 1 0.992647058824 0.375256991617 -2.03574690891
-0.12623 0.35028 3.35743 -0.12979 0.55971 3.96693324836 0.78258 0.98072 0.30541 0.41196 152.77952 195.62801 147.22542 138.42519 0.3 0.3 0.0 0.0 0.0 0.0 0.0 0.0 0.72115 0.0 0.0 45.47487 -0.49999 0.07399 0.0 0.0 0.0 0.0 0.0 0.0 0.0489208921994 6 1 0.985294117647 0.188875373173 -2.04175571069
-0.12623 0.35028 3.35743 -0.12979 0.55971 3.96648724095 0.78258 0.98072 0.30541 0.41196 152.77952 195.62801 147.22542 138.42519 0.3 0.3 0.0 0.0 0.0 0.0 0.0 0.0 0.72115 0.0 0.0 45.47487 -0.49999 0.07399 0.0 0.0 0.0 0.0 0.0 0.0 0.0491650298003 7 1 0.985294117647 0.188815108339 -2.05460863504
-0.12623 0.35028 3.35743 -0.12979 0.55971 3.98816023071 0.78258 0.98072 0.30541 0.41196 152.77952 195.62801 147.22542 138.42519 0.3 0.3 0.0 0.0 0.0 0.0 0.0 0.0 0.72115 0.0 0.0 45.47487 -0.49999 0.07399 0.0 0.0 0.0 0.0 0.0 0.0 0.0486062464956 8 1 0.992647058824 0.405443672522 -2.08093232393
-0.12623 0.35028 3.35743 -0.12979 0.55971 3.94484442451 0.78258 0.98072 0.30541 0.41196 152.77952 195.62801 147.22542 138.42519 0.3 0.3 0.0 0.0 0.0 0.0 0.0 0.0 0.72115 0.0 0.0 45.47487 -0.49999 0.07399 0.0 0.0 0.0 0.0 0.0 0.0 0.0486076029482 9 1 0.992647058824 0.519558684345 -2.35273951523
-0.12623 0.35028 3.35743 -0.12979 0.55971 3.92578999802 0.78258 0.98072 0.30541 0.41196 152.77952 195.62801 147.22542 138.42519 0.3 0.3 0.0 0.0 0.0 0.0 0.0 0.0 0.72115 0.0 0.0 45.47487 -0.49999 0.07399 0.0 0.0 0.0 0.0 0.0 0.0 0.048900106655 10 1 0.992647058824 0.546449879867 -2.43723123388
-0.12623 0.35028 3.35743 -0.12979 0.55971 3.92334758095 0.78258 0.98072 0.30541 0.41196 152.77952 195.62801 147.22542 138.42519 0.3 0.3 0.0 0.0 0.0 0.0 0.0 0.0 0.72115 0.0 0.0 45.47487 -0.49999 0.07399 0.0 0.0 0.0 0.0 0.0 0.0 0.0487367104462 11 1 0.992647058824 0.526601920701 -2.37668431176
-0.12623 0.35028 3.35743 -0.12979 0.55971 3.96134261458 0.78258 0.98072 0.30541 0.41196 152.77952 195.62801 147.22542 138.42519 0.3 0.3 0.0 0.0 0.0 0.0 0.0 0.0 0.72115 0.0 0.0 45.47487 -0.49999 0.07399 0.0 0.0 0.0 0.0 0.0 0.0 0.0482275075823 12 1 0.985294117647 0.200858547493 -2.05419188533
-0.12623 0.35028 3.35743 -0.12979 0.55971 3.98164444445 0.78258 0.98072 0.30541 0.41196 152.77952 195.62801 147.22542 138.42519 0.3 0.3 0.0 0.0 0.0 0.0 0.0 0.0 0.72115 0.0 0.0 45.47487 -0.49999 0.07399 0.0 0.0 0.0 0.0 0.0 0.0 0.0482703786959 13 1 0.992647058824 0.186497168846 -1.72585524291
-0.12623 0.35028 3.35743 -0.12979 0.55971 3.9874211539 0.78258 0.98072 0.30541 0.41196 152.77952 195.62801 147.22542 138.42519 0.3 0.3 0.0 0.0 0.0 0.0 0.0 0.0 0.72115 0.0 0.0 45.47487 -0.49999 0.07399 0.0 0.0 0.0 0.0 0.0 0.0 0.048268462334 14 0 0.992647058824 0.405400380095 -1.72585524291
-0.12623 0.35028 3.35743 -0.12979 0.55971 4.0336697633 0.78258 0.98072 0.30541 0.41196 152.77952 195.62801 147.22542 138.42519 0.3 0.3 0.0 0.0 0.0 0.0 0.0 0.0 0.72115 0.0 0.0 45.47487 -0.49999 0.07399 0.0 0.0 0.0 0.0 0.0 0.0 0.0491817717591 15 1 1.0 0.408722219261 -1.69691943521
-0.12623 0.35028 3.35743 -0.12979 0.55971 4.06791144464 0.78258 0.98072 0.30541 0.41196 152.77952 195.62801 147.22542 138.42519 0.3 0.3 0.0 0.0 0.0 0.0 0.0 0.0 0.72115 0.0 0.0 45.47487 -0.49999 0.07399 0.0 0.0 0.0 0.0 0.0 0.0 0.0489903496838 16 0 0.992647058824 0.416632777404 -1.69691943521
-0.12623 0.35028 3.35743 -0.12979 0.55971 4.08944413624 0.78258 0.98072 0.30541 0.41196 152.77952 195.62801 147.22542 138.42519 0.3 0.3 0.0 0.0 0.0 0.0 0.0 0.0 0.72115 0.0 0.0 45.47487 -0.49999 0.07399 0.0 0.0 0.0 0.0 0.0 0.0 0.0488388785535 17 0 0.985401459854 0.486541900443 -1.69691943521
-0.12623 0.35028 3.35743 -0.12979 0.55971 4.05471906698 0.78258 0.98072 0.30541 0.41196 152.77952 195.62801 147.22542 138.42519 0.3 0.3 0.0 0.0 0.0 0.0 0.0 0.0 0.72115 0.0 0.0 45.47487 -0.49999 0.07399 0.0 0.0 0.0 0.0 0.0 0.0 0.0483309196814 18 1 0.992647058824 0.372750045286 -2.00092820011
-0.12623 0.35028 3.35743 -0.12979 0.55971 4.04016171762 0.78258 0.98072 0.30541 0.41196 152.77952 195.62801 147.22542 138.42519 0.3 0.3 0.0 0.0 0.0 0.0 0.0 0.0 0.72115 0.0 0.0 45.47487 -0.49999 0.07399 0.0 0.0 0.0 0.0 0.0 0.0 0.0471883814065 19 1 1.0 0.455490938413 -1.56308285914
-0.12623 0.35028 3.35743 -0.12979 0.55971 4.05268972908 0.78258 0.98072 0.30541 0.41196 152.77952 195.62801 147.22542 138.42519 0.3 0.3 0.0 0.0 0.0 0.0 0.0 0.0 0.72115 0.0 0.0 45.47487 -0.49999 0.07399 0.0 0.0 0.0 0.0 0.0 0.0 0.0466899412954 20 1 1.0 0.344502313081 -1.53045868337
-0.12623 0.35028 3.35743 -0.12979 0.55971 4.0493433836 0.78258 0.98072 0.30541 0.41196 152.77952 195.62801 147.22542 138.42519 0.3 0.3 0.0 0.0 0.0 0.0 0.0 0.0 0.72115 0.0 0.0 45.47487 -0.49999 0.07399 0.0 0.0 0.0 0.0 0.0 0.0 0.0463131767419 21 1 1.0 0.279679651106 -1.5060221876
-0.12623 0.35028 3.35743 -0.12979 0.55971 4.02881419802 0.78258 0.98072 0.30541 0.41196 152.77952 195.62801 147.22542 138.42519 0.3 0.3 0.0 0.0 0.0 0.0 0.0 0.0 0.72115 0.0 0.0 45.47487 -0.49999 0.07399 0.0 0.0 0.0 0.0 0.0 0.0 0.0465877947816 22 1 1.0 0.418825099011 -1.52381454627
-0.12623 0.35028 3.35743 -0.12979 0.55971 4.03062196615 0.78258 0.98072 0.30541 0.41196 152.77952 195.62801 147.22542 138.42519 0.3 0.3 0.0 0.0 0.0 0.0 0.0 0.0 0.72115 0.0 0.0 45.47487 -0.49999 0.07399 0.0 0.0 0.0 0.0 0.0 0.0 0.0464445958158 23 1 1.0 0.407855233081 -1.51452398699
-0.12623 0.35028 3.35743 -0.12979 0.55971 4.02121052622 0.78258 0.98072 0.30541 0.41196 152.77952 195.62801 147.22542 138.42519 0.3 0.3 0.0 0.0 0.0 0.0 0.0 0.0 0.72115 0.0 0.0 45.47487 -0.49999 0.07399 0.0 0.0 0.0 0.0 0.0 0.0 0.0464523816025 24 1 0.992592592593 0.113527884535 -1.55189848518
-0.12623 0.35028 3.35743 -0.12979 0.55971 4.04356489624 0.78258 0.98072 0.30541 0.41196 152.77952 195.62801 147.22542 138.42519 0.3 0.3 0.0 0.0 0.0 0.0 0.0 0.0 0.72115 0.0 0.0 45.47487 -0.49999 0.07399 0.0 0.0 0.0 0.0 0.0 0.0 0.0454635968133 25 1 1.0 0.273454191521 -1.45162698879
-0.12623 0.35028 3.35743 -0.12979 0.55971 4.09322754828 0.78258 0.98072 0.30541 0.41196 152.77952 195.62801 147.22542 138.42519 0.3 0.3 0.0 0.0 0.0 0.0 0.0 0.0 0.72115 0.0 0.0 45.47487 -0.49999 0.07399 0.0 0.0 0.0 0.0 0.0 0.0 0.0456754384822 26 0 0.985401459854 0.481806341218 -1.45162698879
-0.12623 0.35028 3.35743 -0.12979 0.55971 4.0649832666 0.78258 0.98072 0.30541 0.41196 152.77952 195.62801 147.22542 138.42519 0.3 0.3 0.0 0.0 0.0 0.0 0.0 0.0 0.72115 0.0 0.0 45.47487 -0.49999 0.07399 0.0 0.0 0.0 0.0 0.0 0.0 0.0461413506829 27 0 0.992647058824 0.415903092307 -1.45162698879
-0.12623 0.35028 3.35743 -0.12979 0.55971 4.01318832395 0.78258 0.98072 0.30541 0.41196 152.77952 195.62801 147.22542 138.42519 0.3 0.3 0.0 0.0 0.0 0.0 0.0 0.0 0.72115 0.0 0.0 45.47487 -0.49999 0.07399 0.0 0.0 0.0 0.0 0.0 0.0 0.0459347203667 28 1 0.985294117647 0.0465901393247 -1.50669883789
-0.12623 0.35028 3.35743 -0.12979 0.55971 4.02465780684 0.78258 0.98072 0.30541 0.41196 152.77952 195.62801 147.22542 138.42519 0.3 0.3 0.0 0.0 0.0 0.0 0.0 0.0 0.72115 0.0 0.0 45.47487 -0.49999 0.07399 0.0 0.0 0.0 0.0 0.0 0.0 0.0457467273464 29 1 1.0 0.41066426824 -1.4696457306
-0.12623 0.35028 3.35743 -0.12979 0.55971 4.01234314711 0.78258 0.98072 0.30541 0.41196 152.77952 195.62801 147.22542 138.42519 0.3 0.3 0.0 0.0 0.0 0.0 0.0 0.0 0.72115 0.0 0.0 45.47487 -0.49999 0.07399 0.0 0.0 0.0 0.0 0.0 0.0 0.0462549470316 30 1 0.985294117647 0.0535382624576 -1.53485736277
-0.12623 0.35028 3.35743 -0.12979 0.55971 4.03776568546 0.78258 0.98072 0.30541 0.41196 152.77952 195.62801 147.22542 138.42519 0.3 0.3 0.0 0.0 0.0 0.0 0.0 0.0 0.72115 0.0 0.0 45.47487 -0.49999 0.07399 0.0 0.0 0.0 0.0 0.0 0.0 0.0463834797257 31 1 1.0 0.454732165319 -1.51056733115
-0.12623 0.35028 3.35743 -0.12979 0.55971 4.02292630227 0.78258 0.98072 0.30541 0.41196 152.77952 195.62801 147.22542 138.42519 0.3 0.3 0.0 0.0 0.0 0.0 0.0 0.0 0.72115 0.0 0.0 45.47487 -0.49999 0.07399 0.0 0.0 0.0 0.0 0.0 0.0 0.0457908981821 32 1 0.992592592593 0.117874241871 -1.5133705159
-0.12623 0.35028 3.35743 -0.12979 0.55971 4.02126332144 0.78258 0.98072 0.30541 0.41196 152.77952 195.62801 147.22542 138.42519 0.3 0.3 0.0 0.0 0.0 0.0 0.0 0.0 0.72115 0.0 0.0 45.47487 -0.49999 0.07399 0.0 0.0 0.0 0.0 0.0 0.0 0.0452058027875 33 1 0.992592592593 0.113528592261 -1.47424753594
-0.12623 0.35028 3.35743 -0.12979 0.55971 4.0592145629 0.78258 0.98072 0.30541 0.41196 152.77952 195.62801 147.22542 138.42519 0.3 0.3 0.0 0.0 0.0 0.0 0.0 0.0 0.72115 0.0 0.0 45.47487 -0.49999 0.07399 0.0 0.0 0.0 0.0 0.0 0.0 0.0452312579928 34 0 0.992647058824 0.36587922056 -1.47424753594
-0.12623 0.35028 3.35743 -0.12979 0.55971 4.0316258294 0.78258 0.98072 0.30541 0.41196 152.77952 195.62801 147.22542 138.42519 0.3 0.3 0.0 0.0 0.0 0.0 0.0 0.0 0.72115 0.0 0.0 45.47487 -0.49999 0.07399 0.0 0.0 0.0 0.0 0.0 0.0 0.0455482614711 35 1 1.0 0.407969158562 -1.45700371965
-0.12623 0.35028 3.35743 -0.12979 0.55971 4.01988907667 0.78258 0.98072 0.30541 0.41196 152.77952 195.62801 147.22542 138.42519 0.3 0.3 0.0 0.0 0.0 0.0 0.0 0.0 0.72115 0.0 0.0 45.47487 -0.49999 0.07399 0.0 0.0 0.0 0.0 0.0 0.0 0.0457523472041 36 1 1.0 0.42272908105 -1.47000448753
-0.12623 0.35028 3.35743 -0.12979 0.55971 4.01356155133 0.78258 0.98072 0.30541 0.41196 152.77952 195.62801 147.22542 138.42519 0.3 0.3 0.0 0.0 0.0 0.0 0.0 0.0 0.72115 0.0 0.0 45.47487 -0.49999 0.07399 0.0 0.0 0.0 0.0 0.0 0.0 0.0463017257892 37 1 0.985294117647 0.041789214553 -1.52510091762
-0.12623 0.35028 3.35743 -0.12979 0.55971 3.98737718852 0.78258 0.98072 0.30541 0.41196 152.77952 195.62801 147.22542 138.42519 0.3 0.3 0.0 0.0 0.0 0.0 0.0 0.0 0.72115 0.0 0.0 45.47487 -0.49999 0.07399 0.0 0.0 0.0 0.0 0.0 0.0 0.0462300290505 38 1 0.992647058824 0.4054018412 -1.96838806484
-0.12623 0.35028 3.35743 -0.12979 0.55971 3.97136229004 0.78258 0.98072 0.30541 0.41196 152.77952 195.62801 147.22542 138.42519 0.3 0.3 0.0 0.0 0.0 0.0 0.0 0.0 0.72115 0.0 0.0 45.47487 -0.49999 0.07399 0.0 0.0 0.0 0.0 0.0 0.0 0.0468131510068 39 1 0.985294117647 0.165512833691 -1.84262384253
-0.12623 0.35028 3.35743 -0.12979 0.55971 3.96666370375 0.78258 0.98072 0.30541 0.41196 152.77952 195.62801 147.22542 138.42519 0.3 0.3 0.0 0.0 0.0 0.0 0.0 0.0 0.72115 0.0 0.0 45.47487 -0.49999 0.07399 0.0 0.0 0.0 0.0 0.0 0.0 0.0471544628022 40 1 0.985294117647 0.188628942386 -1.95017125439
-0.12623 0.35028 3.35743 -0.12979 0.55971 3.93439837614 0.78258 0.98072 0.30541 0.41196 152.77952 195.62801 147.22542 138.42519 0.3 0.3 0.0 0.0 0.0 0.0 0.0 0.0 0.72115 0.0 0.0 45.47487 -0.49999 0.07399 0.0 0.0 0.0 0.0 0.0 0.0 0.0478501746061 41 1 0.992647058824 0.55138263511 -2.41455191387
-0.12623 0.35028 3.35743 -0.12979 0.55971 3.91695309406 0.78258 0.98072 0.30541 0.41196 152.77952 195.62801 147.22542 138.42519 0.3 0.3 0.0 0.0 0.0 0.0 0.0 0.0 0.72115 0.0 0.0 45.47487 -0.49999 0.07399 0.0 0.0 0.0 0.0 0.0 0.0 0.0481826905724 42 1 0.992647058824 0.527035218334 -2.35690145106
-0.12623 0.35028 3.35743 -0.12979 0.55971 3.92112472375 0.78258 0.98072 0.30541 0.41196 152.77952 195.62801 147.22542 138.42519 0.3 0.3 0.0 0.0 0.0 0.0 0.0 0.0 0.72115 0.0 0.0 45.47487 -0.49999 0.07399 0.0 0.0 0.0 0.0 0.0 0.0 0.0474792537799 43 1 0.992647058824 0.527021737165 -2.33169462795
-0.12623 0.35028 3.35743 -0.12979 0.55971 3.93556399787 0.78258 0.98072 0.30541 0.41196 152.77952 195.62801 147.22542 138.42519 0.3 0.3 0.0 0.0 0.0 0.0 0.0 0.0 0.72115 0.0 0.0 45.47487 -0.49999 0.07399 0.0 0.0 0.0 0.0 0.0 0.0 0.0477190729499 44 1 0.992647058824 0.543718541289 -2.38784610535
-0.12623 0.35028 3.35743 -0.12979 0.55971 3.94874370794 0.78258 0.98072 0.30541 0.41196 152.77952 195.62801 147.22542 138.42519 0.3 0.3 0.0 0.0 0.0 0.0 0.0 0.0 0.72115 0.0 0.0 45.47487 -0.49999 0.07399 0.0 0.0 0.0 0.0 0.0 0.0 0.0483851520756 45 1 0.992647058824 0.495750934383 -2.28131372556
-0.12623 0.35028 3.35743 -0.12979 0.55971 3.91005986292 0.78258 0.98072 0.30541 0.41196 152.77952 195.62801 147.22542 138.42519 0.3 0.3 0.0 0.0 0.0 0.0 0.0 0.0 0.72115 0.0 0.0 45.47487 -0.49999 0.07399 0.0 0.0 0.0 0.0 0.0 0.0 0.0481182182857 46 0 0.978260869565 0.628111326477 -2.28131372556
-0.12623 0.35028 3.35743 -0.12979 0.55971 3.95989522356 0.78258 0.98072 0.30541 0.41196 152.77952 195.62801 147.22542 138.42519 0.3 0.3 0.0 0.0 0.0 0.0 0.0 0.0 0.72115 0.0 0.0 45.47487 -0.49999 0.07399 0.0 0.0 0.0 0.0 0.0 0.0 0.0483943577648 47 1 0.985294117647 0.20096786684 -2.06297410206
-0.12623 0.35028 3.35743 -0.12979 0.55971 3.95282398421 0.78258 0.98072 0.30541 0.41196 152.77952 195.62801 147.22542 138.42519 0.3 0.3 0.0 0.0 0.0 0.0 0.0 0.0 0.72115 0.0 0.0 45.47487 -0.49999 0.07399 0.0 0.0 0.0 0.0 0.0 0.0 0.0479880419057 48 1 0.992647058824 0.417651543857 -2.07684595394
-0.12623 0.35028 3.35743 -0.12979 0.55971 3.97451746123 0.78258 0.98072 0.30541 0.41196 152.77952 195.62801 147.22542 138.42519 0.3 0.3 0.0 0.0 0.0 0.0 0.0 0.0 0.72115 0.0 0.0 45.47487 -0.49999 0.07399 0.0 0.0 0.0 0.0 0.0 0.0 0.0474030453935 49 1 0.985294117647 0.373937389271 -3.09121644178
-0.12623 0.35028 3.35743 -0.12979 0.55971 3.99326897903 0.78258 0.98072 0.30541 0.41196 152.77952 195.62801 147.22542 138.42519 0.3 0.3 0.0 0.0 0.0 0.0 0.0 0.0 0.72115 0.0 0.0 45.47487 -0.49999 0.07399 0.0 0.0 0.0 0.0 0.0 0.0 0.0460150059949 50 0 0.985294117647 0.401812665518 -3.09121644178
-0.12623 0.35028 3.35743 -0.12979 0.55971 4.01563936706 0.78258 0.98072 0.30541 0.41196 152.77952 195.62801 147.22542 138.42519 0.3 0.3 0.0 0.0 0.0 0.0 0.0 0.0 0.72115 0.0 0.0 45.47487 -0.49999 0.07399 0.0 0.0 0.0 0.0 0.0 0.0 0.046947313297 51 1 0.985294117647 0.0410805116723 -1.56589106163
-0.12623 0.35028 3.35743 -0.12979 0.55971 4.0315324573 0.78258 0.98072 0.30541 0.41196 152.77952 195.62801 147.22542 138.42519 0.3 0.3 0.0 0.0 0.0 0.0 0.0 0.0 0.72115 0.0 0.0 45.47487 -0.49999 0.07399 0.0 0.0 0.0 0.0 0.0 0.0 0.0476077726271 52 1 1.0 0.407960033156 -1.59079402748
-0.12623 0.35028 3.35743 -0.12979 0.55971 4.000397746 0.78258 0.98072 0.30541 0.41196 152.77952 195.62801 147.22542 138.42519 0.3 0.3 0.0 0.0 0.0 0.0 0.0 0.0 0.72115 0.0 0.0 45.47487 -0.49999 0.07399 0.0 0.0 0.0 0.0 0.0 0.0 0.0479102387726 53 0 0.985294117647 0.399654272184 -1.59079402748
-0.12623 0.35028 3.35743 -0.12979 0.55971 4.06664697397 0.78258 0.98072 0.30541 0.41196 152.77952 195.62801 147.22542 138.42519 0.3 0.3 0.0 0.0 0.0 0.0 0.0 0.0 0.72115 0.0 0.0 45.47487 -0.49999 0.07399 0.0 0.0 0.0 0.0 0.0 0.0 0.047334661696 54 1 0.992647058824 0.416198198882 -2.04295794428
-0.12623 0.35028 3.35743 -0.12979 0.55971 4.00441577664 0.78258 0.98072 0.30541 0.41196 152.77952 195.62801 147.22542 138.42519 0.3 0.3 0.0 0.0 0.0 0.0 0.0 0.0 0.72115 0.0 0.0 45.47487 -0.49999 0.07399 0.0 0.0 0.0 0.0 0.0 0.0 0.0472719428964 55 0 0.977941176471 0.379127630616 -2.04295794428
-0.12623 0.35028 3.35743 -0.12979 0.55971 4.08654166109 0.78258 0.98072 0.30541 0.41196 152.77952 195.62801 147.22542 138.42519 0.3 0.3 0.0 0.0 0.0 0.0 0.0 0.0 0.72115 0.0 0.0 45.47487 -0.49999 0.07399 0.0 0.0 0.0 0.0 0.0 0.0 0.0470096894426 56 0 0.985401459854 0.4475014453 -2.04295794428
-0.12623 0.35028 3.35743 -0.12979 0.55971 4.05634348701 0.78258 0.98072 0.30541 0.41196 152.77952 195.62801 147.22542 138.42519 0.3 0.3 0.0 0.0 0.0 0.0 0.0 0.0 0.72115 0.0 0.0 45.47487 -0.49999 0.07399 0.0 0.0 0.0 0.0 0.0 0.0 0.0475183622434 57 1 0.992647058824 0.368563547758 -1.95077817146
-0.12623 0.35028 3.35743 -0.12979 0.55971 4.03902757137 0.78258 0.98072 0.30541 0.41196 152.77952 195.62801 147.22542 138.42519 0.3 0.3 0.0 0.0 0.0 0.0 0.0 0.0 0.72115 0.0 0.0 45.47487 -0.49999 0.07399 0.0 0.0 0.0 0.0 0.0 0.0 0.0475219054472 58 1 1.0 0.455391611956 -1.58510097074
-0.12623 0.35028 3.35743 -0.12979 0.55971 4.0427064523 0.78258 0.98072 0.30541 0.41196 152.77952 195.62801 147.22542 138.42519 0.3 0.3 0.0 0.0 0.0 0.0 0.0 0.0 0.72115 0.0 0.0 45.47487 -0.49999 0.07399 0.0 0.0 0.0 0.0 0.0 0.0 0.0492245506671 59 1 1.0 0.272006260849 -1.69985052181
-0.12623 0.35028 3.35743 -0.12979 0.55971 4.02450635645 0.78258 0.98072 0.30541 0.41196 152.77952 195.62801 147.22542 138.42519 0.3 0.3 0.0 0.0 0.0 0.0 0.0 0.0 0.72115 0.0 0.0 45.47487 -0.49999 0.07399 0.0 0.0 0.0 0.0 0.0 0.0 0.0494349710671 60 1 1.0 0.410649524283 -1.71430389595
-0.12623 0.35028 3.35743 -0.12979 0.55971 4.03906404687 0.78258 0.98072 0.30541 0.41196 152.77952 195.62801 147.22542 138.42519 0.3 0.3 0.0 0.0 0.0 0.0 0.0 0.0 0.72115 0.0 0.0 45.47487 -0.49999 0.07399 0.0 0.0 0.0 0.0 0.0 0.0 0.0491023498369 61 1 1.0 0.455394035177 -1.69148423112
-0.12623 0.35028 3.35743 -0.12979 0.55971 4.02727335001 0.78258 0.98072 0.30541 0.41196 152.77952 195.62801 147.22542 138.42519 0.3 0.3 0.0 0.0 0.0 0.0 0.0 0.0 0.72115 0.0 0.0 45.47487 -0.49999 0.07399 0.0 0.0 0.0 0.0 0.0 0.0 0.0497612348886 62 1 1.0 0.118384771801 -1.73683253697
-0.12623 0.35028 3.35743 -0.12979 0.55971 4.00183154223 0.78258 0.98072 0.30541 0.41196 152.77952 195.62801 147.22542 138.42519 0.3 0.3 0.0 0.0 0.0 0.0 0.0 0.0 0.72115 0.0 0.0 45.47487 -0.49999 0.07399 0.0 0.0 0.0 0.0 0.0 0.0 0.0499418289067 63 0 0.977941176471 0.378925910278 -1.73683253697
-0.12623 0.35028 3.35743 -0.12979 0.55971 4.00505767514 0.78258 0.98072 0.30541 0.41196 152.77952 195.62801 147.22542 138.42519 0.3 0.3 0.0 0.0 0.0 0.0 0.0 0.0 0.72115 0.0 0.0 45.47487 -0.49999 0.07399 0.0 0.0 0.0 0.0 0.0 0.0 0.0493434483891 64 0 0.977941176471 0.3791596428 -1.73683253697
-0.12623 0.35028 3.35743 -0.12979 0.55971 4.01687018738 0.78258 0.98072 0.30541 0.41196 152.77952 195.62801 147.22542 138.42519 0.3 0.3 0.0 0.0 0.0 0.0 0.0 0.0 0.72115 0.0 0.0 45.47487 -0.49999 0.07399 0.0 0.0 0.0 0.0 0.0 0.0 0.0498408526424 65 1 0.985294117647 0.132197617752 -1.91351542859
-0.12623 0.35028 3.35743 -0.12979 0.55971 3.99886850073 0.78258 0.98072 0.30541 0.41196 152.77952 195.62801 147.22542 138.42519 0.3 0.3 0.0 0.0 0.0 0.0 0.0 0.0 0.72115 0.0 0.0 45.47487 -0.49999 0.07399 0.0 0.0 0.0 0.0 0.0 0.0 0.0503611632895 66 1 0.985294117647 0.396758552438 -3.28869815225
-0.12623 0.35028 3.35743 -0.12979 0.55971 4.02713370474 0.78258 0.98072 0.30541 0.41196 152.77952 195.62801 147.22542 138.42519 0.3 0.3 0.0 0.0 0.0 0.0 0.0 0.0 0.72115 0.0 0.0 45.47487 -0.49999 0.07399 0.0 0.0 0.0 0.0 0.0 0.0 0.0506171746345 67 1 1.0 0.118376807929 -1.79661800469
-0.12623 0.35028 3.35743 -0.12979 0.55971 4.04310943589 0.78258 0.98072 0.30541 0.41196 152.77952 195.62801 147.22542 138.42519 0.3 0.3 0.0 0.0 0.0 0.0 0.0 0.0 0.72115 0.0 0.0 45.47487 -0.49999 0.07399 0.0 0.0 0.0 0.0 0.0 0.0 0.050705365838 68 1 1.0 0.272724454618 -1.80283407726
-0.12623 0.35028 3.35743 -0.12979 0.55971 4.02021626224 0.78258 0.98072 0.30541 0.41196 152.77952 195.62801 147.22542 138.42519 0.3 0.3 0.0 0.0 0.0 0.0 0.0 0.0 0.72115 0.0 0.0 45.47487 -0.49999 0.07399 0.0 0.0 0.0 0.0 0.0 0.0 0.0506150669094 69 1 1.0 0.00153248131458 -1.7964695719
-0.12623 0.35028 3.35743 -0.12979 0.55971 4.00536884837 0.78258 0.98072 0.30541 0.41196 152.77952 195.62801 147.22542 138.42519 0.3 0.3 0.0 0.0 0.0 0.0 0.0 0.0 0.72115 0.0 0.0 45.47487 -0.49999 0.07399 0.0 0.0 0.0 0.0 0.0 0.0 0.0512591363773 70 0 0.977941176471 0.379435440162 -1.7964695719
-0.12623 0.35028 3.35743 -0.12979 0.55971 4.04532801256 0.78258 0.98072 0.30541 0.41196 152.77952 195.62801 147.22542 138.42519 0.3 0.3 0.0 0.0 0.0 0.0 0.0 0.0 0.72115 0.0 0.0 45.47487 -0.49999 0.07399 0.0 0.0 0.0 0.0 0.0 0.0 0.0514694294076 71 1 1.0 0.274984281541 -1.85712674825
-0.12623 0.35028 3.35743 -0.12979 0.55971 4.03611678401 0.78258 0.98072 0.30541 0.41196 152.77952 195.62801 147.22542 138.42519 0.3 0.3 0.0 0.0 0.0 0.0 0.0 0.0 0.72115 0.0 0.0 45.47487 -0.49999 0.07399 0.0 0.0 0.0 0.0 0.0 0.0 0.0508696742617 72 1 1.0 0.408331829791 -1.8144431401
-0.12623 0.35028 3.35743 -0.12979 0.55971 4.04339184718 0.78258 0.98072 0.30541 0.41196 152.77952 195.62801 147.22542 138.42519 0.3 0.3 0.0 0.0 0.0 0.0 0.0 0.0 0.72115 0.0 0.0 45.47487 -0.49999 0.07399 0.0 0.0 0.0 0.0 0.0 0.0 0.0515749201154 73 1 1.0 0.272736764796 -1.86468440125
-0.12623 0.35028 3.35743 -0.12979 0.55971 4.04470501109 0.78258 0.98072 0.30541 0.41196 152.77952 195.62801 147.22542 138.42519 0.3 0.3 0.0 0.0 0.0 0.0 0.0 0.0 0.72115 0.0 0.0 45.47487 -0.49999 0.07399 0.0 0.0 0.0 0.0 0.0 0.0 0.0514968479136 74 1 1.0 0.273490406299 -1.85908964817
-0.12623 0.35028 3.35743 -0.12979 0.55971 4.00291744375 0.78258 0.98072 0.30541 0.41196 152.77952 195.62801 147.22542 138.42519 0.3 0.3 0.0 0.0 0.0 0.0 0.0 0.0 0.72115 0.0 0.0 45.47487 -0.49999 0.07399 0.0 0.0 0.0 0.0 0.0 0.0 0.0514484426839 75 0 0.977941176471 0.379007563693 -1.85908964817
-0.12623 0.35028 3.35743 -0.12979 0.55971 4.09771809734 0.78258 0.98072 0.30541 0.41196 152.77952 195.62801 147.22542 138.42519 0.3 0.3 0.0 0.0 0.0 0.0 0.0 0.0 0.72115 0.0 0.0 45.47487 -0.49999 0.07399 0.0 0.0 0.0 0.0 0.0 0.0 0.0512487751974 76 0 0.985401459854 0.475727141817 -1.85908964817
-0.12623 0.35028 3.35743 -0.12979 0.55971 4.02828367604 0.78258 0.98072 0.30541 0.41196 152.77952 195.62801 147.22542 138.42519 0.3 0.3 0.0 0.0 0.0 0.0 0.0 0.0 0.72115 0.0 0.0 45.47487 -0.49999 0.07399 0.0 0.0 0.0 0.0 0.0 0.0 0.0513313491188 77 1 1.0 0.418767851597 -1.84725690426
-0.12623 0.35028 3.35743 -0.12979 0.55971 4.02548228287 0.78258 0.98072 0.30541 0.41196 152.77952 195.62801 147.22542 138.42519 0.3 0.3 0.0 0.0 0.0 0.0 0.0 0.0 0.72115 0.0 0.0 45.47487 -0.49999 0.07399 0.0 0.0 0.0 0.0 0.0 0.0 0.0513262350462 78 1 1.0 0.410724952596 -1.84689184793
-0.12623 0.35028 3.35743 -0.12979 0.55971 4.02417876453 0.78258 0.98072 0.30541 0.41196 152.77952 195.62801 147.22542 138.42519 0.3 0.3 0.0 0.0 0.0 0.0 0.0 0.0 0.72115 0.0 0.0 45.47487 -0.49999 0.07399 0.0 0.0 0.0 0.0 0.0 0.0 0.051850375206 79 1 1.0 0.410618134517 -1.88448933145
-0.12623 0.35028 3.35743 -0.12979 0.55971 4.04141429742 0.78258 0.98072 0.30541 0.41196 152.77952 195.62801 147.22542 138.42519 0.3 0.3 0.0 0.0 0.0 0.0 0.0 0.0 0.72115 0.0 0.0 45.47487 -0.49999 0.07399 0.0 0.0 0.0 0.0 0.0 0.0 0.0525158762418 80 1 1.0 0.271858563145 -1.93275887195
-0.12623 0.35028 3.35743 -0.12979 0.55971 4.03788768489 0.78258 0.98072 0.30541 0.41196 152.77952 195.62801 147.22542 138.42519 0.3 0.3 0.0 0.0 0.0 0.0 0.0 0.0 0.72115 0.0 0.0 45.47487 -0.49999 0.07399 0.0 0.0 0.0 0.0 0.0 0.0 0.0523774194627 81 1 1.0 0.454746640512 -1.9226674443
-0.12623 0.35028 3.35743 -0.12979 0.55971 4.00514205678 0.78258 0.98072 0.30541 0.41196 152.77952 195.62801 147.22542 138.42519 0.3 0.3 0.0 0.0 0.0 0.0 0.0 0.0 0.72115 0.0 0.0 45.47487 -0.49999 0.07399 0.0 0.0 0.0 0.0 0.0 0.0 0.0521961956539 82 0 0.977941176471 0.379160130837 -1.9226674443
-0.12623 0.35028 3.35743 -0.12979 0.55971 4.03905961005 0.78258 0.98072 0.30541 0.41196 152.77952 195.62801 147.22542 138.42519 0.3 0.3 0.0 0.0 0.0 0.0 0.0 0.0 0.72115 0.0 0.0 45.47487 -0.49999 0.07399 0.0 0.0 0.0 0.0 0.0 0.0 0.0522217009777 83 1 1.0 0.455393570686 -1.91134864957
-0.12623 0.35028 3.35743 -0.12979 0.55971 4.02860252224 0.78258 0.98072 0.30541 0.41196 152.77952 195.62801 147.22542 138.42519 0.3 0.3 0.0 0.0 0.0 0.0 0.0 0.0 0.72115 0.0 0.0 45.47487 -0.49999 0.07399 0.0 0.0 0.0 0.0 0.0 0.0 0.0516776471819 84 1 1.0 0.418795214042 -1.87205844115
-0.12623 0.35028 3.35743 -0.12979 0.55971 4.02109302312 0.78258 0.98072 0.30541 0.41196 152.77952 195.62801 147.22542 138.42519 0.3 0.3 0.0 0.0 0.0 0.0 0.0 0.0 0.72115 0.0 0.0 45.47487 -0.49999 0.07399 0.0 0.0 0.0 0.0 0.0 0.0 0.0514418835452 85 1 0.992592592593 0.113519641054 -1.88521604696
-0.12623 0.35028 3.35743 -0.12979 0.55971 4.02973512194 0.78258 0.98072 0.30541 0.41196 152.77952 195.62801 147.22542 138.42519 0.3 0.3 0.0 0.0 0.0 0.0 0.0 0.0 0.72115 0.0 0.0 45.47487 -0.49999 0.07399 0.0 0.0 0.0 0.0 0.0 0.0 0.0516394898395 86 1 1.0 0.407585504448 -1.86931774256
-0.12623 0.35028 3.35743 -0.12979 0.55971 4.04583961407 0.78258 0.98072 0.30541 0.41196 152.77952 195.62801 147.22542 138.42519 0.3 0.3 0.0 0.0 0.0 0.0 0.0 0.0 0.72115 0.0 0.0 45.47487 -0.49999 0.07399 0.0 0.0 0.0 0.0 0.0 0.0 0.0517389962666 87 1 1.0 0.275026087929 -1.87646901926
-0.12623 0.35028 3.35743 -0.12979 0.55971 4.00982901651 0.78258 0.98072 0.30541 0.41196 152.77952 195.62801 147.22542 138.42519 0.3 0.3 0.0 0.0 0.0 0.0 0.0 0.0 0.72115 0.0 0.0 45.47487 -0.49999 0.07399 0.0 0.0 0.0 0.0 0.0 0.0 0.052194165435 88 0 0.977941176471 0.371503186628 -1.87646901926
-0.12623 0.35028 3.35743 -0.12979 0.55971 4.00288556753 0.78258 0.98072 0.30541 0.41196 152.77952 195.62801 147.22542 138.42519 0.3 0.3 0.0 0.0 0.0 0.0 0.0 0.0 0.72115 0.0 0.0 45.47487 -0.49999 0.07399 0.0 0.0 0.0 0.0 0.0 0.0 0.0512305117405 89 0 0.977941176471 0.379005841846 -1.87646901926
-0.12623 0.35028 3.35743 -0.12979 0.55971 4.03034914929 0.78258 0.98072 0.30541 0.41196 152.77952 195.62801 147.22542 138.42519 0.3 0.3 0.0 0.0 0.0 0.0 0.0 0.0 0.72115 0.0 0.0 45.47487 -0.49999 0.07399 0.0 0.0 0.0 0.0 0.0 0.0 0.0512469955589 90 1 1.0 0.407819847261 -1.84124001575
-0.12623 0.35028 3.35743 -0.12979 0.55971 3.99370905243 0.78258 0.98072 0.30541 0.41196 152.77952 195.62801 147.22542 138.42519 0.3 0.3 0.0 0.0 0.0 0.0 0.0 0.0 0.72115 0.0 0.0 45.47487 -0.49999 0.07399 0.0 0.0 0.0 0.0 0.0 0.0 0.0515388195575 91 0 0.985294117647 0.400996031984 -1.84124001575
-0.12623 0.35028 3.35743 -0.12979 0.55971 4.06504700661 0.78258 0.98072 0.30541 0.41196 152.77952 195.62801 147.22542 138.42519 0.3 0.3 0.0 0.0 0.0 0.0 0.0 0.0 0.72115 0.0 0.0 45.47487 -0.49999 0.07399 0.0 0.0 0.0 0.0 0.0 0.0 0.0509743059489 92 1 0.992647058824 0.415914443821 -2.22678485154
-0.12623 0.35028 3.35743 -0.12979 0.55971 4.08025263341 0.78258 0.98072 0.30541 0.41196 152.77952 195.62801 147.22542 138.42519 0.3 0.3 0.0 0.0 0.0 0.0 0.0 0.0 0.72115 0.0 0.0 45.47487 -0.49999 0.07399 0.0 0.0 0.0 0.0 0.0 0.0 0.0516808025686 93 1 0.992647058824 0.419929617493 -2.27386252784
-0.12623 0.35028 3.35743 -0.12979 0.55971 4.01814320088 0.78258 0.98072 0.30541 0.41196 152.77952 195.62801 147.22542 138.42519 0.3 0.3 0.0 0.0 0.0 0.0 0.0 0.0 0.72115 0.0 0.0 45.47487 -0.49999 0.07399 0.0 0.0 0.0 0.0 0.0 0.0 0.0522602140361 94 1 0.985294117647 0.13332341178 -2.07249033455
-0.12623 0.35028 3.35743 -0.12979 0.55971 4.03531949211 0.78258 0.98072 0.30541 0.41196 152.77952 195.62801 147.22542 138.42519 0.3 0.3 0.0 0.0 0.0 0.0 0.0 0.0 0.72115 0.0 0.0 45.47487 -0.49999 0.07399 0.0 0.0 0.0 0.0 0.0 0.0 0.051301920122 95 1 1.0 0.408245266536 -1.84515666427
-0.12623 0.35028 3.35743 -0.12979 0.55971 4.03078716579 0.78258 0.98072 0.30541 0.41196 152.77952 195.62801 147.22542 138.42519 0.3 0.3 0.0 0.0 0.0 0.0 0.0 0.0 0.72115 0.0 0.0 45.47487 -0.49999 0.07399 0.0 0.0 0.0 0.0 0.0 0.0 0.0515282026871 96 1 1.0 0.407874264338 -1.86133558605
-0.12623 0.35028 3.35743 -0.12979 0.55971 4.02771311896 0.78258 0.98072 0.30541 0.41196 152.77952 195.62801 147.22542 138.42519 0.3 0.3 0.0 0.0 0.0 0.0 0.0 0.0 0.72115 0.0 0.0 45.47487 -0.49999 0.07399 0.0 0.0 0.0 0.0 0.0 0.0 0.0518344144735 97 1 1.0 0.11950442242 -1.88333898778
-0.12623 0.35028 3.35743 -0.12979 0.55971 4.02763966763 0.78258 0.98072 0.30541 0.41196 152.77952 195.62801 147.22542 138.42519 0.3 0.3 0.0 0.0 0.0 0.0 0.0 0.0 0.72115 0.0 0.0 45.47487 -0.49999 0.07399 0.0 0.0 0.0 0.0 0.0 0.0 0.0523481433501 98 1 1.0 0.119500455342 -1.92053695009
-0.12623 0.35028 3.35743 -0.12979 0.55971 4.00342756636 0.78258 0.98072 0.30541 0.41196 152.77952 195.62801 147.22542 138.42519 0.3 0.3 0.0 0.0 0.0 0.0 0.0 0.0 0.72115 0.0 0.0 45.47487 -0.49999 0.07399 0.0 0.0 0.0 0.0 0.0 0.0 0.0519241244812 99 0 0.977941176471 0.3790559479 -1.92053695009
-0.12623 0.35028 3.35743 -0.12979 0.55971 4.00684367277 0.78258 0.98072 0.30541 0.41196 152.77952 195.62801 147.22542 138.42519 0.3 0.3 0.0 0.0 0.0 0.0 0.0 0.0 0.72115 0.0 0.0 45.47487 -0.49999 0.07399 0.0 0.0 0.0 0.0 0.0 0.0 0.0519009718471 100 0 0.977941176471 0.37925841516 -1.92053695009
