-0.12623 0.35028 3.35743 -0.12979 0.55971 4.22072 0.78258 0.98072 0.30541 0.41196 152.77952 195.62801 147.22542 138.42519 0.3 0.3 0.0 0.0 0.0 0.0 0.0 0.0 0.72115 0.0 0.0 45.47487 -0.49999 0.07399 0.0 0.0 0.0 0.0 0.0 0.0 0.05 0 1 0.95652173913 0.768040622504 -51.9327826024
-0.12623 0.35028 3.35743 -0.12979 0.55971 4.21549021161 0.78258 0.98072 0.30541 0.41196 152.77952 195.62801 147.22542 138.42519 0.3 0.3 0.0 0.0 0.0 0.0 0.0 0.0 0.72115 0.0 0.0 45.47487 -0.49999 0.07399 0.0 0.0 0.0 0.0 0.0 0.0 0.0493170850615 1 0 0.949275362319 0.765425687626 -51.9327826024
-0.12623 0.35028 3.35743 -0.12979 0.55971 4.15361215566 0.78258 0.98072 0.30541 0.41196 152.77952 195.62801 147.22542 138.42519 0.3 0.3 0.0 0.0 0.0 0.0 0.0 0.0 0.72115 0.0 0.0 45.47487 -0.49999 0.07399 0.0 0.0 0.0 0.0 0.0 0.0 0.0501738610746 2 1 0.970588235294 0.59682636965 -15.5355844119
-0.12623 0.35028 3.35743 -0.12979 0.55971 4.18747659207 0.78258 0.98072 0.30541 0.41196 152.77952 195.62801 147.22542 138.42519 0.3 0.3 0.0 0.0 0.0 0.0 0.0 0.0 0.72115 0.0 0.0 45.47487 -0.49999 0.07399 0.0 0.0 0.0 0.0 0.0 0.0 0.0506794698708 3 0 0.963503649635 0.74841448619 -15.5355844119
-0.12623 0.35028 3.35743 -0.12979 0.55971 4.19217872555 0.78258 0.98072 0.30541 0.41196 152.77952 195.62801 147.22542 138.42519 0.3 0.3 0.0 0.0 0.0 0.0 0.0 0.0 0.72115 0.0 0.0 45.47487 -0.49999 0.07399 0.0 0.0 0.0 0.0 0.0 0.0 0.0503491609793 4 0 0.963503649635 0.749437429826 -15.5355844119
-0.12623 0.35028 3.35743 -0.12979 0.55971 4.16869808785 0.78258 0.98072 0.30541 0.41196 152.77952 195.62801 147.22542 138.42519 0.3 0.3 0.0 0.0 0.0 0.0 0.0 0.0 0.72115 0.0 0.0 45.47487 -0.49999 0.07399 0.0 0.0 0.0 0.0 0.0 0.0 0.0499022404594 5 0 0.970588235294 0.626713039704 -15.5355844119
-0.12623 0.35028 3.35743 -0.12979 0.55971 4.16797589336 0.78258 0.98072 0.30541 0.41196 152.77952 195.62801 147.22542 138.42519 0.3 0.3 0.0 0.0 0.0 0.0 0.0 0.0 0.72115 0.0 0.0 45.47487 -0.49999 0.07399 0.0 0.0 0.0 0.0 0.0 0.0 0.0493767238469 6 0 0.970588235294 0.620647594693 -15.5355844119
-0.12623 0.35028 3.35743 -0.12979 0.55971 4.16399188226 0.78258 0.98072 0.30541 0.41196 152.77952 195.62801 147.22542 138.42519 0.3 0.3 0.0 0.0 0.0 0.0 0.0 0.0 0.72115 0.0 0.0 45.47487 -0.49999 0.07399 0.0 0.0 0.0 0.0 0.0 0.0 0.0496980201638 7 1 0.970588235294 0.602047921125 -16.0141145045
-0.12623 0.35028 3.35743 -0.12979 0.55971 4.17618716543 0.78258 0.98072 0.30541 0.41196 152.77952 195.62801 147.22542 138.42519 0.3 0.3 0.0 0.0 0.0 0.0 0.0 0.0 0.72115 0.0 0.0 45.47487 -0.49999 0.07399 0.0 0.0 0.0 0.0 0.0 0.0 0.0499323828754 8 0 0.956204379562 0.748695715513 -16.0141145045
-0.12623 0.35028 3.35743 -0.12979 0.55971 4.16425730018 0.78258 0.98072 0.30541 0.41196 152.77952 195.62801 147.22542 138.42519 0.3 0.3 0.0 0.0 0.0 0.0 0.0 0.0 0.72115 0.0 0.0 45.47487 -0.49999 0.07399 0.0 0.0 0.0 0.0 0.0 0.0 0.0503402259231 9 1 0.970588235294 0.602155686478 -15.7017407649
-0.12623 0.35028 3.35743 -0.12979 0.55971 4.18843440959 0.78258 0.98072 0.30541 0.41196 152.77952 195.62801 147.22542 138.42519 0.3 0.3 0.0 0.0 0.0 0.0 0.0 0.0 0.72115 0.0 0.0 45.47487 -0.49999 0.07399 0.0 0.0 0.0 0.0 0.0 0.0 0.0507802425151 10 0 0.963503649635 0.750086303066 -15.7017407649
-0.12623 0.35028 3.35743 -0.12979 0.55971 4.17292543924 0.78258 0.98072 0.30541 0.41196 152.77952 195.62801 147.22542 138.42519 0.3 0.3 0.0 0.0 0.0 0.0 0.0 0.0 0.72115 0.0 0.0 45.47487 -0.49999 0.07399 0.0 0.0 0.0 0.0 0.0 0.0 0.0511205053964 11 0 0.963503649635 0.676472087418 -15.7017407649
-0.12623 0.35028 3.35743 -0.12979 0.55971 4.18134648938 0.78258 0.98072 0.30541 0.41196 152.77952 195.62801 147.22542 138.42519 0.3 0.3 0.0 0.0 0.0 0.0 0.0 0.0 0.72115 0.0 0.0 45.47487 -0.49999 0.07399 0.0 0.0 0.0 0.0 0.0 0.0 0.0506584506714 12 0 0.956204379562 0.679994013977 -15.7017407649
-0.12623 0.35028 3.35743 -0.12979 0.55971 4.19893178892 0.78258 0.98072 0.30541 0.41196 152.77952 195.62801 147.22542 138.42519 0.3 0.3 0.0 0.0 0.0 0.0 0.0 0.0 0.72115 0.0 0.0 45.47487 -0.49999 0.07399 0.0 0.0 0.0 0.0 0.0 0.0 0.0487460933851 13 0 0.970802919708 0.737545540088 -15.7017407649
-0.12623 0.35028 3.35743 -0.12979 0.55971 4.14424233296 0.78258 0.98072 0.30541 0.41196 152.77952 195.62801 147.22542 138.42519 0.3 0.3 0.0 0.0 0.0 0.0 0.0 0.0 0.72115 0.0 0.0 45.47487 -0.49999 0.07399 0.0 0.0 0.0 0.0 0.0 0.0 0.0511795473977 14 1 0.977941176471 0.636714449857 -10.3089781599
-0.12623 0.35028 3.35743 -0.12979 0.55971 4.1293570547 0.78258 0.98072 0.30541 0.41196 152.77952 195.62801 147.22542 138.42519 0.3 0.3 0.0 0.0 0.0 0.0 0.0 0.0 0.72115 0.0 0.0 45.47487 -0.49999 0.07399 0.0 0.0 0.0 0.0 0.0 0.0 0.0516282778929 15 1 0.977941176471 0.502348652569 -7.05116924585
-0.12623 0.35028 3.35743 -0.12979 0.55971 4.12522321532 0.78258 0.98072 0.30541 0.41196 152.77952 195.62801 147.22542 138.42519 0.3 0.3 0.0 0.0 0.0 0.0 0.0 0.0 0.72115 0.0 0.0 45.47487 -0.49999 0.07399 0.0 0.0 0.0 0.0 0.0 0.0 0.0516953446196 16 1 0.977941176471 0.500560148842 -7.0058057788
-0.12623 0.35028 3.35743 -0.12979 0.55971 4.14134081909 0.78258 0.98072 0.30541 0.41196 152.77952 195.62801 147.22542 138.42519 0.3 0.3 0.0 0.0 0.0 0.0 0.0 0.0 0.72115 0.0 0.0 45.47487 -0.49999 0.07399 0.0 0.0 0.0 0.0 0.0 0.0 0.050796958141 17 0 0.977941176471 0.610732271626 -7.0058057788
-0.12623 0.35028 3.35743 -0.12979 0.55971 4.13601564742 0.78258 0.98072 0.30541 0.41196 152.77952 195.62801 147.22542 138.42519 0.3 0.3 0.0 0.0 0.0 0.0 0.0 0.0 0.72115 0.0 0.0 45.47487 -0.49999 0.07399 0.0 0.0 0.0 0.0 0.0 0.0 0.0522037618221 18 0 0.977941176471 0.60728331668 -7.0058057788
-0.12623 0.35028 3.35743 -0.12979 0.55971 4.08823047102 0.78258 0.98072 0.30541 0.41196 152.77952 195.62801 147.22542 138.42519 0.3 0.3 0.0 0.0 0.0 0.0 0.0 0.0 0.72115 0.0 0.0 45.47487 -0.49999 0.07399 0.0 0.0 0.0 0.0 0.0 0.0 0.0512101679199 19 1 0.985401459854 0.475171146229 -3.90285095642
-0.12623 0.35028 3.35743 -0.12979 0.55971 4.08819399014 0.78258 0.98072 0.30541 0.41196 152.77952 195.62801 147.22542 138.42519 0.3 0.3 0.0 0.0 0.0 0.0 0.0 0.0 0.72115 0.0 0.0 45.47487 -0.49999 0.07399 0.0 0.0 0.0 0.0 0.0 0.0 0.0522109991526 20 1 0.985401459854 0.475162378597 -3.89635348268
-0.12623 0.35028 3.35743 -0.12979 0.55971 4.10179666404 0.78258 0.98072 0.30541 0.41196 152.77952 195.62801 147.22542 138.42519 0.3 0.3 0.0 0.0 0.0 0.0 0.0 0.0 0.72115 0.0 0.0 45.47487 -0.49999 0.07399 0.0 0.0 0.0 0.0 0.0 0.0 0.0523147974225 21 1 0.985401459854 0.481261209771 -3.94712081364
-0.12623 0.35028 3.35743 -0.12979 0.55971 4.14539291424 0.78258 0.98072 0.30541 0.41196 152.77952 195.62801 147.22542 138.42519 0.3 0.3 0.0 0.0 0.0 0.0 0.0 0.0 0.72115 0.0 0.0 45.47487 -0.49999 0.07399 0.0 0.0 0.0 0.0 0.0 0.0 0.0525725113886 22 0 0.970588235294 0.639114565418 -3.94712081364
-0.12623 0.35028 3.35743 -0.12979 0.55971 4.09022665471 0.78258 0.98072 0.30541 0.41196 152.77952 195.62801 147.22542 138.42519 0.3 0.3 0.0 0.0 0.0 0.0 0.0 0.0 0.72115 0.0 0.0 45.47487 -0.49999 0.07399 0.0 0.0 0.0 0.0 0.0 0.0 0.0522130754294 23 1 0.985401459854 0.486652787117 -3.99354033422
-0.12623 0.35028 3.35743 -0.12979 0.55971 4.05658749128 0.78258 0.98072 0.30541 0.41196 152.77952 195.62801 147.22542 138.42519 0.3 0.3 0.0 0.0 0.0 0.0 0.0 0.0 0.72115 0.0 0.0 45.47487 -0.49999 0.07399 0.0 0.0 0.0 0.0 0.0 0.0 0.0522393034115 24 1 0.992647058824 0.369371498894 -2.21671969916
-0.12623 0.35028 3.35743 -0.12979 0.55971 4.06311401892 0.78258 0.98072 0.30541 0.41196 152.77952 195.62801 147.22542 138.42519 0.3 0.3 0.0 0.0 0.0 0.0 0.0 0.0 0.72115 0.0 0.0 45.47487 -0.49999 0.07399 0.0 0.0 0.0 0.0 0.0 0.0 0.0516834135515 25 1 0.992647058824 0.403530820931 -2.2432608541
-0.12623 0.35028 3.35743 -0.12979 0.55971 4.06926518409 0.78258 0.98072 0.30541 0.41196 152.77952 195.62801 147.22542 138.42519 0.3 0.3 0.0 0.0 0.0 0.0 0.0 0.0 0.72115 0.0 0.0 45.47487 -0.49999 0.07399 0.0 0.0 0.0 0.0 0.0 0.0 0.0514201533125 26 1 0.992647058824 0.415629981019 -2.25099596431
-0.12623 0.35028 3.35743 -0.12979 0.55971 4.06492325681 0.78258 0.98072 0.30541 0.41196 152.77952 195.62801 147.22542 138.42519 0.3 0.3 0.0 0.0 0.0 0.0 0.0 0.0 0.72115 0.0 0.0 45.47487 -0.49999 0.07399 0.0 0.0 0.0 0.0 0.0 0.0 0.0515952351695 27 1 0.992647058824 0.415904140636 -2.26136435752
-0.12623 0.35028 3.35743 -0.12979 0.55971 4.06546331634 0.78258 0.98072 0.30541 0.41196 152.77952 195.62801 147.22542 138.42519 0.3 0.3 0.0 0.0 0.0 0.0 0.0 0.0 0.72115 0.0 0.0 45.47487 -0.49999 0.07399 0.0 0.0 0.0 0.0 0.0 0.0 0.0519251425705 28 1 0.992647058824 0.415960557817 -2.28020515011
-0.12623 0.35028 3.35743 -0.12979 0.55971 4.05637626418 0.78258 0.98072 0.30541 0.41196 152.77952 195.62801 147.22542 138.42519 0.3 0.3 0.0 0.0 0.0 0.0 0.0 0.0 0.72115 0.0 0.0 45.47487 -0.49999 0.07399 0.0 0.0 0.0 0.0 0.0 0.0 0.0518880257472 29 1 0.992647058824 0.368563862157 -2.19408240024
-0.12623 0.35028 3.35743 -0.12979 0.55971 4.06329891674 0.78258 0.98072 0.30541 0.41196 152.77952 195.62801 147.22542 138.42519 0.3 0.3 0.0 0.0 0.0 0.0 0.0 0.0 0.72115 0.0 0.0 45.47487 -0.49999 0.07399 0.0 0.0 0.0 0.0 0.0 0.0 0.0521614278275 30 1 0.992647058824 0.403432847151 -2.2708228448
-0.12623 0.35028 3.35743 -0.12979 0.55971 4.07029205461 0.78258 0.98072 0.30541 0.41196 152.77952 195.62801 147.22542 138.42519 0.3 0.3 0.0 0.0 0.0 0.0 0.0 0.0 0.72115 0.0 0.0 45.47487 -0.49999 0.07399 0.0 0.0 0.0 0.0 0.0 0.0 0.0522416072674 31 1 0.992647058824 0.427004098428 -2.31914889033
-0.12623 0.35028 3.35743 -0.12979 0.55971 4.00569314665 0.78258 0.98072 0.30541 0.41196 152.77952 195.62801 147.22542 138.42519 0.3 0.3 0.0 0.0 0.0 0.0 0.0 0.0 0.72115 0.0 0.0 45.47487 -0.49999 0.07399 0.0 0.0 0.0 0.0 0.0 0.0 0.0521107297703 32 0 0.977941176471 0.379457680156 -2.31914889033
-0.12623 0.35028 3.35743 -0.12979 0.55971 4.0453139895 0.78258 0.98072 0.30541 0.41196 152.77952 195.62801 147.22542 138.42519 0.3 0.3 0.0 0.0 0.0 0.0 0.0 0.0 0.72115 0.0 0.0 45.47487 -0.49999 0.07399 0.0 0.0 0.0 0.0 0.0 0.0 0.0527131900132 33 1 1.0 0.273548839297 -1.94718455703
-0.12623 0.35028 3.35743 -0.12979 0.55971 4.0368867226 0.78258 0.98072 0.30541 0.41196 152.77952 195.62801 147.22542 138.42519 0.3 0.3 0.0 0.0 0.0 0.0 0.0 0.0 0.72115 0.0 0.0 45.47487 -0.49999 0.07399 0.0 0.0 0.0 0.0 0.0 0.0 0.0527088184679 34 1 1.0 0.454791684234 -1.94686438575
-0.12623 0.35028 3.35743 -0.12979 0.55971 4.05339877194 0.78258 0.98072 0.30541 0.41196 152.77952 195.62801 147.22542 138.42519 0.3 0.3 0.0 0.0 0.0 0.0 0.0 0.0 0.72115 0.0 0.0 45.47487 -0.49999 0.07399 0.0 0.0 0.0 0.0 0.0 0.0 0.053009603516 35 1 1.0 0.34488361954 -1.96895363741
-0.12623 0.35028 3.35743 -0.12979 0.55971 4.06491787119 0.78258 0.98072 0.30541 0.41196 152.77952 195.62801 147.22542 138.42519 0.3 0.3 0.0 0.0 0.0 0.0 0.0 0.0 0.72115 0.0 0.0 45.47487 -0.49999 0.07399 0.0 0.0 0.0 0.0 0.0 0.0 0.0524760723476 36 1 0.992647058824 0.415903399709 -2.31191990559
-0.12623 0.35028 3.35743 -0.12979 0.55971 4.09991207117 0.78258 0.98072 0.30541 0.41196 152.77952 195.62801 147.22542 138.42519 0.3 0.3 0.0 0.0 0.0 0.0 0.0 0.0 0.72115 0.0 0.0 45.47487 -0.49999 0.07399 0.0 0.0 0.0 0.0 0.0 0.0 0.0526084080935 37 0 0.985401459854 0.475868480741 -2.31191990559
-0.12623 0.35028 3.35743 -0.12979 0.55971 4.01957448952 0.78258 0.98072 0.30541 0.41196 152.77952 195.62801 147.22542 138.42519 0.3 0.3 0.0 0.0 0.0 0.0 0.0 0.0 0.72115 0.0 0.0 45.47487 -0.49999 0.07399 0.0 0.0 0.0 0.0 0.0 0.0 0.052928453852 38 1 1.0 0.422730543122 -1.96298216117
-0.12623 0.35028 3.35743 -0.12979 0.55971 4.04999956523 0.78258 0.98072 0.30541 0.41196 152.77952 195.62801 147.22542 138.42519 0.3 0.3 0.0 0.0 0.0 0.0 0.0 0.0 0.72115 0.0 0.0 45.47487 -0.49999 0.07399 0.0 0.0 0.0 0.0 0.0 0.0 0.0537602278159 39 1 1.0 0.279737187041 -2.02460748575
-0.12623 0.35028 3.35743 -0.12979 0.55971 4.02459986642 0.78258 0.98072 0.30541 0.41196 152.77952 195.62801 147.22542 138.42519 0.3 0.3 0.0 0.0 0.0 0.0 0.0 0.0 0.72115 0.0 0.0 45.47487 -0.49999 0.07399 0.0 0.0 0.0 0.0 0.0 0.0 0.0530920100303 40 1 1.0 0.410657196845 -1.97502663714
-0.12623 0.35028 3.35743 -0.12979 0.55971 4.06099710105 0.78258 0.98072 0.30541 0.41196 152.77952 195.62801 147.22542 138.42519 0.3 0.3 0.0 0.0 0.0 0.0 0.0 0.0 0.72115 0.0 0.0 45.47487 -0.49999 0.07399 0.0 0.0 0.0 0.0 0.0 0.0 0.0536743371296 41 1 0.992647058824 0.401115783416 -2.35788949966
-0.12623 0.35028 3.35743 -0.12979 0.55971 4.03423857596 0.78258 0.98072 0.30541 0.41196 152.77952 195.62801 147.22542 138.42519 0.3 0.3 0.0 0.0 0.0 0.0 0.0 0.0 0.72115 0.0 0.0 45.47487 -0.49999 0.07399 0.0 0.0 0.0 0.0 0.0 0.0 0.053311586058 42 1 1.0 0.408809780188 -1.99125287794
-0.12623 0.35028 3.35743 -0.12979 0.55971 4.03527010277 0.78258 0.98072 0.30541 0.41196 152.77952 195.62801 147.22542 138.42519 0.3 0.3 0.0 0.0 0.0 0.0 0.0 0.0 0.72115 0.0 0.0 45.47487 -0.49999 0.07399 0.0 0.0 0.0 0.0 0.0 0.0 0.0533522204639 43 1 1.0 0.40823874345 -1.99426276743
-0.12623 0.35028 3.35743 -0.12979 0.55971 4.03002261352 0.78258 0.98072 0.30541 0.41196 152.77952 195.62801 147.22542 138.42519 0.3 0.3 0.0 0.0 0.0 0.0 0.0 0.0 0.72115 0.0 0.0 45.47487 -0.49999 0.07399 0.0 0.0 0.0 0.0 0.0 0.0 0.0543927667028 44 1 1.0 0.408481221893 -2.0720918608
-0.12623 0.35028 3.35743 -0.12979 0.55971 4.01920635153 0.78258 0.98072 0.30541 0.41196 152.77952 195.62801 147.22542 138.42519 0.3 0.3 0.0 0.0 0.0 0.0 0.0 0.0 0.72115 0.0 0.0 45.47487 -0.49999 0.07399 0.0 0.0 0.0 0.0 0.0 0.0 0.0544164135564 45 1 1.0 0.422770443203 -2.07387739737
-0.12623 0.35028 3.35743 -0.12979 0.55971 3.99892853512 0.78258 0.98072 0.30541 0.41196 152.77952 195.62801 147.22542 138.42519 0.3 0.3 0.0 0.0 0.0 0.0 0.0 0.0 0.72115 0.0 0.0 45.47487 -0.49999 0.07399 0.0 0.0 0.0 0.0 0.0 0.0 0.0549440714215 46 1 0.985294117647 0.396772850191 -3.38266695064
-0.12623 0.35028 3.35743 -0.12979 0.55971 4.00831417516 0.78258 0.98072 0.30541 0.41196 152.77952 195.62801 147.22542 138.42519 0.3 0.3 0.0 0.0 0.0 0.0 0.0 0.0 0.72115 0.0 0.0 45.47487 -0.49999 0.07399 0.0 0.0 0.0 0.0 0.0 0.0 0.0548233985517 47 1 0.977941176471 0.371471698554 -4.61798158084
-0.12623 0.35028 3.35743 -0.12979 0.55971 4.04874821148 0.78258 0.98072 0.30541 0.41196 152.77952 195.62801 147.22542 138.42519 0.3 0.3 0.0 0.0 0.0 0.0 0.0 0.0 0.72115 0.0 0.0 45.47487 -0.49999 0.07399 0.0 0.0 0.0 0.0 0.0 0.0 0.0547553514692 48 1 1.0 0.279594345754 -2.09955221268
-0.12623 0.35028 3.35743 -0.12979 0.55971 4.0592669828 0.78258 0.98072 0.30541 0.41196 152.77952 195.62801 147.22542 138.42519 0.3 0.3 0.0 0.0 0.0 0.0 0.0 0.0 0.72115 0.0 0.0 45.47487 -0.49999 0.07399 0.0 0.0 0.0 0.0 0.0 0.0 0.0548961420543 49 0 0.992647058824 0.365875886923 -2.09955221268
-0.12623 0.35028 3.35743 -0.12979 0.55971 4.04523280984 0.78258 0.98072 0.30541 0.41196 152.77952 195.62801 147.22542 138.42519 0.3 0.3 0.0 0.0 0.0 0.0 0.0 0.0 0.72115 0.0 0.0 45.47487 -0.49999 0.07399 0.0 0.0 0.0 0.0 0.0 0.0 0.0550303930174 50 1 1.0 0.273520418841 -2.1204996602
-0.12623 0.35028 3.35743 -0.12979 0.55971 4.04659773892 0.78258 0.98072 0.30541 0.41196 152.77952 195.62801 147.22542 138.42519 0.3 0.3 0.0 0.0 0.0 0.0 0.0 0.0 0.72115 0.0 0.0 45.47487 -0.49999 0.07399 0.0 0.0 0.0 0.0 0.0 0.0 0.0553046700766 51 1 1.0 0.269232548758 -2.14148949114
-0.12623 0.35028 3.35743 -0.12979 0.55971 4.04098578302 0.78258 0.98072 0.30541 0.41196 152.77952 195.62801 147.22542 138.42519 0.3 0.3 0.0 0.0 0.0 0.0 0.0 0.0 0.72115 0.0 0.0 45.47487 -0.49999 0.07399 0.0 0.0 0.0 0.0 0.0 0.0 0.0553303270355 52 1 1.0 0.271851568103 -2.1434580994
-0.12623 0.35028 3.35743 -0.12979 0.55971 4.03697689409 0.78258 0.98072 0.30541 0.41196 152.77952 195.62801 147.22542 138.42519 0.3 0.3 0.0 0.0 0.0 0.0 0.0 0.0 0.72115 0.0 0.0 45.47487 -0.49999 0.07399 0.0 0.0 0.0 0.0 0.0 0.0 0.0552417837726 53 1 1.0 0.454794004614 -2.13666806423
-0.12623 0.35028 3.35743 -0.12979 0.55971 4.02711454001 0.78258 0.98072 0.30541 0.41196 152.77952 195.62801 147.22542 138.42519 0.3 0.3 0.0 0.0 0.0 0.0 0.0 0.0 0.72115 0.0 0.0 45.47487 -0.49999 0.07399 0.0 0.0 0.0 0.0 0.0 0.0 0.055509161188 54 1 1.0 0.118372711769 -2.15720409608
-0.12623 0.35028 3.35743 -0.12979 0.55971 4.0364765248 0.78258 0.98072 0.30541 0.41196 152.77952 195.62801 147.22542 138.42519 0.3 0.3 0.0 0.0 0.0 0.0 0.0 0.0 0.72115 0.0 0.0 45.47487 -0.49999 0.07399 0.0 0.0 0.0 0.0 0.0 0.0 0.0556756372773 55 1 1.0 0.408370764952 -2.17003854529
-0.12623 0.35028 3.35743 -0.12979 0.55971 4.02954942273 0.78258 0.98072 0.30541 0.41196 152.77952 195.62801 147.22542 138.42519 0.3 0.3 0.0 0.0 0.0 0.0 0.0 0.0 0.72115 0.0 0.0 45.47487 -0.49999 0.07399 0.0 0.0 0.0 0.0 0.0 0.0 0.055379859698 56 1 1.0 0.407562749495 -2.14726112904
-0.12623 0.35028 3.35743 -0.12979 0.55971 4.04775256574 0.78258 0.98072 0.30541 0.41196 152.77952 195.62801 147.22542 138.42519 0.3 0.3 0.0 0.0 0.0 0.0 0.0 0.0 0.72115 0.0 0.0 45.47487 -0.49999 0.07399 0.0 0.0 0.0 0.0 0.0 0.0 0.0548680348589 57 1 1.0 0.279670819856 -2.10812207537
-0.12623 0.35028 3.35743 -0.12979 0.55971 4.02218607221 0.78258 0.98072 0.30541 0.41196 152.77952 195.62801 147.22542 138.42519 0.3 0.3 0.0 0.0 0.0 0.0 0.0 0.0 0.72115 0.0 0.0 45.47487 -0.49999 0.07399 0.0 0.0 0.0 0.0 0.0 0.0 0.0553372972284 58 1 0.992592592593 0.11407367702 -2.17022437041
-0.12623 0.35028 3.35743 -0.12979 0.55971 4.01695945127 0.78258 0.98072 0.30541 0.41196 152.77952 195.62801 147.22542 138.42519 0.3 0.3 0.0 0.0 0.0 0.0 0.0 0.0 0.72115 0.0 0.0 45.47487 -0.49999 0.07399 0.0 0.0 0.0 0.0 0.0 0.0 0.055456535544 59 1 0.985294117647 0.132217870759 -2.29145059758
-0.12623 0.35028 3.35743 -0.12979 0.55971 4.01283382148 0.78258 0.98072 0.30541 0.41196 152.77952 195.62801 147.22542 138.42519 0.3 0.3 0.0 0.0 0.0 0.0 0.0 0.0 0.72115 0.0 0.0 45.47487 -0.49999 0.07399 0.0 0.0 0.0 0.0 0.0 0.0 0.0557181511004 60 1 0.985294117647 0.0467145985934 -2.19042405365
-0.12623 0.35028 3.35743 -0.12979 0.55971 3.99624055587 0.78258 0.98072 0.30541 0.41196 152.77952 195.62801 147.22542 138.42519 0.3 0.3 0.0 0.0 0.0 0.0 0.0 0.0 0.72115 0.0 0.0 45.47487 -0.49999 0.07399 0.0 0.0 0.0 0.0 0.0 0.0 0.0558569284111 61 0 0.985294117647 0.396518414819 -2.19042405365
-0.12623 0.35028 3.35743 -0.12979 0.55971 4.08058467724 0.78258 0.98072 0.30541 0.41196 152.77952 195.62801 147.22542 138.42519 0.3 0.3 0.0 0.0 0.0 0.0 0.0 0.0 0.72115 0.0 0.0 45.47487 -0.49999 0.07399 0.0 0.0 0.0 0.0 0.0 0.0 0.0557146403664 62 1 0.992647058824 0.443241166413 -2.55801137279
-0.12623 0.35028 3.35743 -0.12979 0.55971 4.05152574427 0.78258 0.98072 0.30541 0.41196 152.77952 195.62801 147.22542 138.42519 0.3 0.3 0.0 0.0 0.0 0.0 0.0 0.0 0.72115 0.0 0.0 45.47487 -0.49999 0.07399 0.0 0.0 0.0 0.0 0.0 0.0 0.0551371542475 63 1 1.0 0.280463217465 -2.12865792742
-0.12623 0.35028 3.35743 -0.12979 0.55971 4.04802811517 0.78258 0.98072 0.30541 0.41196 152.77952 195.62801 147.22542 138.42519 0.3 0.3 0.0 0.0 0.0 0.0 0.0 0.0 0.72115 0.0 0.0 45.47487 -0.49999 0.07399 0.0 0.0 0.0 0.0 0.0 0.0 0.0548874472308 64 1 1.0 0.279609064647 -2.10960014938
-0.12623 0.35028 3.35743 -0.12979 0.55971 4.08774607748 0.78258 0.98072 0.30541 0.41196 152.77952 195.62801 147.22542 138.42519 0.3 0.3 0.0 0.0 0.0 0.0 0.0 0.0 0.72115 0.0 0.0 45.47487 -0.49999 0.07399 0.0 0.0 0.0 0.0 0.0 0.0 0.0549902310559 65 0 0.985401459854 0.474636103242 -2.10960014938
-0.12623 0.35028 3.35743 -0.12979 0.55971 4.0975000805 0.78258 0.98072 0.30541 0.41196 152.77952 195.62801 147.22542 138.42519 0.3 0.3 0.0 0.0 0.0 0.0 0.0 0.0 0.72115 0.0 0.0 45.47487 -0.49999 0.07399 0.0 0.0 0.0 0.0 0.0 0.0 0.0546982975847 66 0 0.985401459854 0.48224553663 -2.10960014938
-0.12623 0.35028 3.35743 -0.12979 0.55971 4.02553233874 0.78258 0.98072 0.30541 0.41196 152.77952 195.62801 147.22542 138.42519 0.3 0.3 0.0 0.0 0.0 0.0 0.0 0.0 0.72115 0.0 0.0 45.47487 -0.49999 0.07399 0.0 0.0 0.0 0.0 0.0 0.0 0.055167692469 67 1 1.0 0.410725603462 -2.1309943358
-0.12623 0.35028 3.35743 -0.12979 0.55971 4.02747986168 0.78258 0.98072 0.30541 0.41196 152.77952 195.62801 147.22542 138.42519 0.3 0.3 0.0 0.0 0.0 0.0 0.0 0.0 0.72115 0.0 0.0 45.47487 -0.49999 0.07399 0.0 0.0 0.0 0.0 0.0 0.0 0.0553596933615 68 1 1.0 0.119485256334 -2.14571239844
-0.12623 0.35028 3.35743 -0.12979 0.55971 4.02174121549 0.78258 0.98072 0.30541 0.41196 152.77952 195.62801 147.22542 138.42519 0.3 0.3 0.0 0.0 0.0 0.0 0.0 0.0 0.72115 0.0 0.0 45.47487 -0.49999 0.07399 0.0 0.0 0.0 0.0 0.0 0.0 0.054884971615 69 1 0.992592592593 0.113908750821 -2.13600003036
-0.12623 0.35028 3.35743 -0.12979 0.55971 4.01643242238 0.78258 0.98072 0.30541 0.41196 152.77952 195.62801 147.22542 138.42519 0.3 0.3 0.0 0.0 0.0 0.0 0.0 0.0 0.72115 0.0 0.0 45.47487 -0.49999 0.07399 0.0 0.0 0.0 0.0 0.0 0.0 0.0544280061643 70 1 0.985294117647 0.133788884161 -2.22175726645
-0.12623 0.35028 3.35743 -0.12979 0.55971 4.02129963774 0.78258 0.98072 0.30541 0.41196 152.77952 195.62801 147.22542 138.42519 0.3 0.3 0.0 0.0 0.0 0.0 0.0 0.0 0.72115 0.0 0.0 45.47487 -0.49999 0.07399 0.0 0.0 0.0 0.0 0.0 0.0 0.0543656676481 71 1 0.992592592593 0.113531529264 -2.09696616768
-0.12623 0.35028 3.35743 -0.12979 0.55971 4.01353711142 0.78258 0.98072 0.30541 0.41196 152.77952 195.62801 147.22542 138.42519 0.3 0.3 0.0 0.0 0.0 0.0 0.0 0.0 0.72115 0.0 0.0 45.47487 -0.49999 0.07399 0.0 0.0 0.0 0.0 0.0 0.0 0.05462067931 72 1 0.985294117647 0.0418095324843 -2.10358743255
-0.12623 0.35028 3.35743 -0.12979 0.55971 3.99328703727 0.78258 0.98072 0.30541 0.41196 152.77952 195.62801 147.22542 138.42519 0.3 0.3 0.0 0.0 0.0 0.0 0.0 0.0 0.72115 0.0 0.0 45.47487 -0.49999 0.07399 0.0 0.0 0.0 0.0 0.0 0.0 0.0536985298887 73 0 0.985294117647 0.401811748182 -2.10358743255
-0.12623 0.35028 3.35743 -0.12979 0.55971 4.04154190723 0.78258 0.98072 0.30541 0.41196 152.77952 195.62801 147.22542 138.42519 0.3 0.3 0.0 0.0 0.0 0.0 0.0 0.0 0.72115 0.0 0.0 45.47487 -0.49999 0.07399 0.0 0.0 0.0 0.0 0.0 0.0 0.0553122021941 74 1 1.0 0.271857680484 -2.14206732467
-0.12623 0.35028 3.35743 -0.12979 0.55971 4.03921613965 0.78258 0.98072 0.30541 0.41196 152.77952 195.62801 147.22542 138.42519 0.3 0.3 0.0 0.0 0.0 0.0 0.0 0.0 0.72115 0.0 0.0 45.47487 -0.49999 0.07399 0.0 0.0 0.0 0.0 0.0 0.0 0.0558650725739 75 1 1.0 0.455415514429 -2.1846879917
-0.12623 0.35028 3.35743 -0.12979 0.55971 4.04852170758 0.78258 0.98072 0.30541 0.41196 152.77952 195.62801 147.22542 138.42519 0.3 0.3 0.0 0.0 0.0 0.0 0.0 0.0 0.72115 0.0 0.0 45.47487 -0.49999 0.07399 0.0 0.0 0.0 0.0 0.0 0.0 0.0552890235052 76 1 1.0 0.279590569605 -2.14028939162
-0.12623 0.35028 3.35743 -0.12979 0.55971 4.06214313286 0.78258 0.98072 0.30541 0.41196 152.77952 195.62801 147.22542 138.42519 0.3 0.3 0.0 0.0 0.0 0.0 0.0 0.0 0.72115 0.0 0.0 45.47487 -0.49999 0.07399 0.0 0.0 0.0 0.0 0.0 0.0 0.0545250544075 77 1 0.992647058824 0.403314827937 -2.4148807656
-0.12623 0.35028 3.35743 -0.12979 0.55971 4.0888497296 0.78258 0.98072 0.30541 0.41196 152.77952 195.62801 147.22542 138.42519 0.3 0.3 0.0 0.0 0.0 0.0 0.0 0.0 0.72115 0.0 0.0 45.47487 -0.49999 0.07399 0.0 0.0 0.0 0.0 0.0 0.0 0.0545458049252 78 0 0.985401459854 0.474793284884 -2.4148807656
-0.12623 0.35028 3.35743 -0.12979 0.55971 4.07568194828 0.78258 0.98072 0.30541 0.41196 152.77952 195.62801 147.22542 138.42519 0.3 0.3 0.0 0.0 0.0 0.0 0.0 0.0 0.72115 0.0 0.0 45.47487 -0.49999 0.07399 0.0 0.0 0.0 0.0 0.0 0.0 0.0551149952703 79 1 0.992647058824 0.420472473816 -2.48096910932
-0.12623 0.35028 3.35743 -0.12979 0.55971 4.06421025948 0.78258 0.98072 0.30541 0.41196 152.77952 195.62801 147.22542 138.42519 0.3 0.3 0.0 0.0 0.0 0.0 0.0 0.0 0.72115 0.0 0.0 45.47487 -0.49999 0.07399 0.0 0.0 0.0 0.0 0.0 0.0 0.0552219945012 80 1 0.992647058824 0.415300716783 -2.47916575399
-0.12623 0.35028 3.35743 -0.12979 0.55971 4.0275462296 0.78258 0.98072 0.30541 0.41196 152.77952 195.62801 147.22542 138.42519 0.3 0.3 0.0 0.0 0.0 0.0 0.0 0.0 0.72115 0.0 0.0 45.47487 -0.49999 0.07399 0.0 0.0 0.0 0.0 0.0 0.0 0.0549679037977 81 1 1.0 0.119491525017 -2.11573154555
-0.12623 0.35028 3.35743 -0.12979 0.55971 4.00733472235 0.78258 0.98072 0.30541 0.41196 152.77952 195.62801 147.22542 138.42519 0.3 0.3 0.0 0.0 0.0 0.0 0.0 0.0 0.72115 0.0 0.0 45.47487 -0.49999 0.07399 0.0 0.0 0.0 0.0 0.0 0.0 0.0549472949621 82 0 0.977941176471 0.371270137427 -2.11573154555
-0.12623 0.35028 3.35743 -0.12979 0.55971 4.03110449895 0.78258 0.98072 0.30541 0.41196 152.77952 195.62801 147.22542 138.42519 0.3 0.3 0.0 0.0 0.0 0.0 0.0 0.0 0.72115 0.0 0.0 45.47487 -0.49999 0.07399 0.0 0.0 0.0 0.0 0.0 0.0 0.055848255988 83 1 1.0 0.407910656074 -2.18338559296
-0.12623 0.35028 3.35743 -0.12979 0.55971 4.01402636891 0.78258 0.98072 0.30541 0.41196 152.77952 195.62801 147.22542 138.42519 0.3 0.3 0.0 0.0 0.0 0.0 0.0 0.0 0.72115 0.0 0.0 45.47487 -0.49999 0.07399 0.0 0.0 0.0 0.0 0.0 0.0 0.0557259844667 84 1 0.985294117647 0.0416822364345 -2.18753931219
-0.12623 0.35028 3.35743 -0.12979 0.55971 4.0163673335 0.78258 0.98072 0.30541 0.41196 152.77952 195.62801 147.22542 138.42519 0.3 0.3 0.0 0.0 0.0 0.0 0.0 0.0 0.72115 0.0 0.0 45.47487 -0.49999 0.07399 0.0 0.0 0.0 0.0 0.0 0.0 0.055847626446 85 0 0.985294117647 0.133786689854 -2.18753931219
-0.12623 0.35028 3.35743 -0.12979 0.55971 3.96778070898 0.78258 0.98072 0.30541 0.41196 152.77952 195.62801 147.22542 138.42519 0.3 0.3 0.0 0.0 0.0 0.0 0.0 0.0 0.72115 0.0 0.0 45.47487 -0.49999 0.07399 0.0 0.0 0.0 0.0 0.0 0.0 0.0560889549048 86 1 0.985294117647 0.167593132017 -2.41927929649
-0.12623 0.35028 3.35743 -0.12979 0.55971 3.9598982351 0.78258 0.98072 0.30541 0.41196 152.77952 195.62801 147.22542 138.42519 0.3 0.3 0.0 0.0 0.0 0.0 0.0 0.0 0.72115 0.0 0.0 45.47487 -0.49999 0.07399 0.0 0.0 0.0 0.0 0.0 0.0 0.0555071621584 87 1 0.985294117647 0.200965041572 -2.47596721527
-0.12623 0.35028 3.35743 -0.12979 0.55971 3.94912727184 0.78258 0.98072 0.30541 0.41196 152.77952 195.62801 147.22542 138.42519 0.3 0.3 0.0 0.0 0.0 0.0 0.0 0.0 0.72115 0.0 0.0 45.47487 -0.49999 0.07399 0.0 0.0 0.0 0.0 0.0 0.0 0.0559487482585 88 1 0.992647058824 0.495691916851 -2.66861276336
-0.12623 0.35028 3.35743 -0.12979 0.55971 3.94089273323 0.78258 0.98072 0.30541 0.41196 152.77952 195.62801 147.22542 138.42519 0.3 0.3 0.0 0.0 0.0 0.0 0.0 0.0 0.72115 0.0 0.0 45.47487 -0.49999 0.07399 0.0 0.0 0.0 0.0 0.0 0.0 0.0553966891611 89 1 0.992647058824 0.543036734439 -2.73302842532
-0.12623 0.35028 3.35743 -0.12979 0.55971 3.97520446136 0.78258 0.98072 0.30541 0.41196 152.77952 195.62801 147.22542 138.42519 0.3 0.3 0.0 0.0 0.0 0.0 0.0 0.0 0.72115 0.0 0.0 45.47487 -0.49999 0.07399 0.0 0.0 0.0 0.0 0.0 0.0 0.0549151139661 90 1 0.985294117647 0.373927547378 -3.23975106953
-0.12623 0.35028 3.35743 -0.12979 0.55971 3.99906709148 0.78258 0.98072 0.30541 0.41196 152.77952 195.62801 147.22542 138.42519 0.3 0.3 0.0 0.0 0.0 0.0 0.0 0.0 0.72115 0.0 0.0 45.47487 -0.49999 0.07399 0.0 0.0 0.0 0.0 0.0 0.0 0.0553297125463 91 0 0.985294117647 0.3965250281 -3.23975106953
-0.12623 0.35028 3.35743 -0.12979 0.55971 3.9779562574 0.78258 0.98072 0.30541 0.41196 152.77952 195.62801 147.22542 138.42519 0.3 0.3 0.0 0.0 0.0 0.0 0.0 0.0 0.72115 0.0 0.0 45.47487 -0.49999 0.07399 0.0 0.0 0.0 0.0 0.0 0.0 0.0537251975664 92 1 0.992647058824 0.376348041647 -2.32046157583
-0.12623 0.35028 3.35743 -0.12979 0.55971 3.99741731661 0.78258 0.98072 0.30541 0.41196 152.77952 195.62801 147.22542 138.42519 0.3 0.3 0.0 0.0 0.0 0.0 0.0 0.0 0.72115 0.0 0.0 45.47487 -0.49999 0.07399 0.0 0.0 0.0 0.0 0.0 0.0 0.0532496893856 93 0 0.985294117647 0.39680797061 -2.32046157583
-0.12623 0.35028 3.35743 -0.12979 0.55971 3.9973178137 0.78258 0.98072 0.30541 0.41196 152.77952 195.62801 147.22542 138.42519 0.3 0.3 0.0 0.0 0.0 0.0 0.0 0.0 0.72115 0.0 0.0 45.47487 -0.49999 0.07399 0.0 0.0 0.0 0.0 0.0 0.0 0.0533762367759 94 0 0.985294117647 0.396791367734 -2.32046157583
-0.12623 0.35028 3.35743 -0.12979 0.55971 3.93798260763 0.78258 0.98072 0.30541 0.41196 152.77952 195.62801 147.22542 138.42519 0.3 0.3 0.0 0.0 0.0 0.0 0.0 0.0 0.72115 0.0 0.0 45.47487 -0.49999 0.07399 0.0 0.0 0.0 0.0 0.0 0.0 0.0537869644948 95 1 0.992647058824 0.536321896437 -2.63134792787
-0.12623 0.35028 3.35743 -0.12979 0.55971 3.93053235928 0.78258 0.98072 0.30541 0.41196 152.77952 195.62801 147.22542 138.42519 0.3 0.3 0.0 0.0 0.0 0.0 0.0 0.0 0.72115 0.0 0.0 45.47487 -0.49999 0.07399 0.0 0.0 0.0 0.0 0.0 0.0 0.0530832491961 96 1 0.992647058824 0.559423719825 -2.64990562718
-0.12623 0.35028 3.35743 -0.12979 0.55971 3.94644672 0.78258 0.98072 0.30541 0.41196 152.77952 195.62801 147.22542 138.42519 0.3 0.3 0.0 0.0 0.0 0.0 0.0 0.0 0.72115 0.0 0.0 45.47487 -0.49999 0.07399 0.0 0.0 0.0 0.0 0.0 0.0 0.0538611669792 97 1 0.992647058824 0.416547284454 -2.39593990798
-0.12623 0.35028 3.35743 -0.12979 0.55971 3.9466801179 0.78258 0.98072 0.30541 0.41196 152.77952 195.62801 147.22542 138.42519 0.3 0.3 0.0 0.0 0.0 0.0 0.0 0.0 0.72115 0.0 0.0 45.47487 -0.49999 0.07399 0.0 0.0 0.0 0.0 0.0 0.0 0.0541536036031 98 1 0.992647058824 0.416509069202 -2.41388148424
-0.12623 0.35028 3.35743 -0.12979 0.55971 3.96333462679 0.78258 0.98072 0.30541 0.41196 152.77952 195.62801 147.22542 138.42519 0.3 0.3 0.0 0.0 0.0 0.0 0.0 0.0 0.72115 0.0 0.0 45.47487 -0.49999 0.07399 0.0 0.0 0.0 0.0 0.0 0.0 0.0543617587863 99 1 0.985294117647 0.170916650486 -2.31025239069
-0.12623 0.35028 3.35743 -0.12979 0.55971 4.01743401212 0.78258 0.98072 0.30541 0.41196 152.77952 195.62801 147.22542 138.42519 0.3 0.3 0.0 0.0 0.0 0.0 0.0 0.0 0.72115 0.0 0.0 45.47487 -0.49999 0.07399 0.0 0.0 0.0 0.0 0.0 0.0 0.0546941389329 100 1 0.985294117647 0.132233908834 -2.23711678662
