-0.12623 0.35028 3.35743 -0.12979 0.55971 4.08738666667 0.78258 0.98072 0.30541 0.41196 152.77952 195.62801 147.22542 138.42519 0.3 0.3 0.0 0.0 0.0 0.0 0.0 0.0 0.72115 0.0 0.0 45.47487 -0.49999 0.07399 0.0 0.0 0.0 0.0 0.0 0.0 0.05 0 1 0.985401459854 0.475038538162 -3.91756885573
-0.12623 0.35028 3.35743 -0.12979 0.55971 4.12840921017 0.78258 0.98072 0.30541 0.41196 152.77952 195.62801 147.22542 138.42519 0.3 0.3 0.0 0.0 0.0 0.0 0.0 0.0 0.72115 0.0 0.0 45.47487 -0.49999 0.07399 0.0 0.0 0.0 0.0 0.0 0.0 0.0499256406772 1 0 0.977941176471 0.505944371282 -3.91756885573
-0.12623 0.35028 3.35743 -0.12979 0.55971 4.06984279675 0.78258 0.98072 0.30541 0.41196 152.77952 195.62801 147.22542 138.42519 0.3 0.3 0.0 0.0 0.0 0.0 0.0 0.0 0.72115 0.0 0.0 45.47487 -0.49999 0.07399 0.0 0.0 0.0 0.0 0.0 0.0 0.0499828180519 2 1 0.992647058824 0.426545467065 -2.19517421725
-0.12623 0.35028 3.35743 -0.12979 0.55971 4.0972087072 0.78258 0.98072 0.30541 0.41196 152.77952 195.62801 147.22542 138.42519 0.3 0.3 0.0 0.0 0.0 0.0 0.0 0.0 0.72115 0.0 0.0 45.47487 -0.49999 0.07399 0.0 0.0 0.0 0.0 0.0 0.0 0.0495582055224 3 1 0.985401459854 0.482221625283 -3.99283686401
-0.12623 0.35028 3.35743 -0.12979 0.55971 4.08866559532 0.78258 0.98072 0.30541 0.41196 152.77952 195.62801 147.22542 138.42519 0.3 0.3 0.0 0.0 0.0 0.0 0.0 0.0 0.72115 0.0 0.0 45.47487 -0.49999 0.07399 0.0 0.0 0.0 0.0 0.0 0.0 0.0501057272157 4 1 0.985401459854 0.475234780356 -3.9175916558
-0.12623 0.35028 3.35743 -0.12979 0.55971 4.06095777035 0.78258 0.98072 0.30541 0.41196 152.77952 195.62801 147.22542 138.42519 0.3 0.3 0.0 0.0 0.0 0.0 0.0 0.0 0.72115 0.0 0.0 45.47487 -0.49999 0.07399 0.0 0.0 0.0 0.0 0.0 0.0 0.0511344370085 5 1 0.992647058824 0.403245334228 -2.21148273887
-0.12623 0.35028 3.35743 -0.12979 0.55971 4.0207741528 0.78258 0.98072 0.30541 0.41196 152.77952 195.62801 147.22542 138.42519 0.3 0.3 0.0 0.0 0.0 0.0 0.0 0.0 0.72115 0.0 0.0 45.47487 -0.49999 0.07399 0.0 0.0 0.0 0.0 0.0 0.0 0.0500959372679 6 1 1.0 0.113071640035 -1.76009312529
-0.12623 0.35028 3.35743 -0.12979 0.55971 4.01737900256 0.78258 0.98072 0.30541 0.41196 152.77952 195.62801 147.22542 138.42519 0.3 0.3 0.0 0.0 0.0 0.0 0.0 0.0 0.72115 0.0 0.0 45.47487 -0.49999 0.07399 0.0 0.0 0.0 0.0 0.0 0.0 0.0503436991062 7 1 0.985294117647 0.133832005663 -1.94934402889
-0.12623 0.35028 3.35743 -0.12979 0.55971 4.01882891149 0.78258 0.98072 0.30541 0.41196 152.77952 195.62801 147.22542 138.42519 0.3 0.3 0.0 0.0 0.0 0.0 0.0 0.0 0.72115 0.0 0.0 45.47487 -0.49999 0.07399 0.0 0.0 0.0 0.0 0.0 0.0 0.0511200582627 8 1 0.992592592593 0.1184464886 -1.8653432567
-0.12623 0.35028 3.35743 -0.12979 0.55971 4.02355767202 0.78258 0.98072 0.30541 0.41196 152.77952 195.62801 147.22542 138.42519 0.3 0.3 0.0 0.0 0.0 0.0 0.0 0.0 0.72115 0.0 0.0 45.47487 -0.49999 0.07399 0.0 0.0 0.0 0.0 0.0 0.0 0.0506161731242 9 1 0.992592592593 0.117911631246 -1.8300455352
-0.12623 0.35028 3.35743 -0.12979 0.55971 4.02244653316 0.78258 0.98072 0.30541 0.41196 152.77952 195.62801 147.22542 138.42519 0.3 0.3 0.0 0.0 0.0 0.0 0.0 0.0 0.72115 0.0 0.0 45.47487 -0.49999 0.07399 0.0 0.0 0.0 0.0 0.0 0.0 0.0507886204167 10 1 0.992592592593 0.113764950202 -1.8396838003
-0.12623 0.35028 3.35743 -0.12979 0.55971 4.03691467643 0.78258 0.98072 0.30541 0.41196 152.77952 195.62801 147.22542 138.42519 0.3 0.3 0.0 0.0 0.0 0.0 0.0 0.0 0.72115 0.0 0.0 45.47487 -0.49999 0.07399 0.0 0.0 0.0 0.0 0.0 0.0 0.0501625756002 11 1 1.0 0.454795710922 -1.76474228152
-0.12623 0.35028 3.35743 -0.12979 0.55971 4.03755625124 0.78258 0.98072 0.30541 0.41196 152.77952 195.62801 147.22542 138.42519 0.3 0.3 0.0 0.0 0.0 0.0 0.0 0.0 0.72115 0.0 0.0 45.47487 -0.49999 0.07399 0.0 0.0 0.0 0.0 0.0 0.0 0.0505854867404 12 1 1.0 0.454712419082 -1.79438707259
-0.12623 0.35028 3.35743 -0.12979 0.55971 4.03499583477 0.78258 0.98072 0.30541 0.41196 152.77952 195.62801 147.22542 138.42519 0.3 0.3 0.0 0.0 0.0 0.0 0.0 0.0 0.72115 0.0 0.0 45.47487 -0.49999 0.07399 0.0 0.0 0.0 0.0 0.0 0.0 0.0506282574851 13 1 1.0 0.40878753959 -1.79739859318
-0.12623 0.35028 3.35743 -0.12979 0.55971 4.02369138811 0.78258 0.98072 0.30541 0.41196 152.77952 195.62801 147.22542 138.42519 0.3 0.3 0.0 0.0 0.0 0.0 0.0 0.0 0.72115 0.0 0.0 45.47487 -0.49999 0.07399 0.0 0.0 0.0 0.0 0.0 0.0 0.050449284194 14 1 0.992592592593 0.117925340953 -1.81854126634
-0.12623 0.35028 3.35743 -0.12979 0.55971 4.03413982334 0.78258 0.98072 0.30541 0.41196 152.77952 195.62801 147.22542 138.42519 0.3 0.3 0.0 0.0 0.0 0.0 0.0 0.0 0.72115 0.0 0.0 45.47487 -0.49999 0.07399 0.0 0.0 0.0 0.0 0.0 0.0 0.0502729316436 15 1 1.0 0.408795812969 -1.77245465939
-0.12623 0.35028 3.35743 -0.12979 0.55971 4.00256748455 0.78258 0.98072 0.30541 0.41196 152.77952 195.62801 147.22542 138.42519 0.3 0.3 0.0 0.0 0.0 0.0 0.0 0.0 0.72115 0.0 0.0 45.47487 -0.49999 0.07399 0.0 0.0 0.0 0.0 0.0 0.0 0.0498118695429 16 0 0.977941176471 0.378982778459 -1.77245465939
-0.12623 0.35028 3.35743 -0.12979 0.55971 4.01876872404 0.78258 0.98072 0.30541 0.41196 152.77952 195.62801 147.22542 138.42519 0.3 0.3 0.0 0.0 0.0 0.0 0.0 0.0 0.72115 0.0 0.0 45.47487 -0.49999 0.07399 0.0 0.0 0.0 0.0 0.0 0.0 0.0504806941886 17 1 0.992592592593 0.118444475142 -1.82100214296
-0.12623 0.35028 3.35743 -0.12979 0.55971 4.04208622617 0.78258 0.98072 0.30541 0.41196 152.77952 195.62801 147.22542 138.42519 0.3 0.3 0.0 0.0 0.0 0.0 0.0 0.0 0.72115 0.0 0.0 45.47487 -0.49999 0.07399 0.0 0.0 0.0 0.0 0.0 0.0 0.0505213570766 18 1 1.0 0.271995215978 -1.7898762726
-0.12623 0.35028 3.35743 -0.12979 0.55971 4.04535893139 0.78258 0.98072 0.30541 0.41196 152.77952 195.62801 147.22542 138.42519 0.3 0.3 0.0 0.0 0.0 0.0 0.0 0.0 0.72115 0.0 0.0 45.47487 -0.49999 0.07399 0.0 0.0 0.0 0.0 0.0 0.0 0.0504787744503 19 1 1.0 0.2749916126 -1.78688412565
-0.12623 0.35028 3.35743 -0.12979 0.55971 4.06567993437 0.78258 0.98072 0.30541 0.41196 152.77952 195.62801 147.22542 138.42519 0.3 0.3 0.0 0.0 0.0 0.0 0.0 0.0 0.72115 0.0 0.0 45.47487 -0.49999 0.07399 0.0 0.0 0.0 0.0 0.0 0.0 0.050665831271 20 1 0.992647058824 0.41612196443 -2.21033122674
-0.12623 0.35028 3.35743 -0.12979 0.55971 4.05925502781 0.78258 0.98072 0.30541 0.41196 152.77952 195.62801 147.22542 138.42519 0.3 0.3 0.0 0.0 0.0 0.0 0.0 0.0 0.72115 0.0 0.0 45.47487 -0.49999 0.07399 0.0 0.0 0.0 0.0 0.0 0.0 0.0503041364394 21 1 0.992647058824 0.365875746326 -2.09640027709
-0.12623 0.35028 3.35743 -0.12979 0.55971 4.05783321147 0.78258 0.98072 0.30541 0.41196 152.77952 195.62801 147.22542 138.42519 0.3 0.3 0.0 0.0 0.0 0.0 0.0 0.0 0.72115 0.0 0.0 45.47487 -0.49999 0.07399 0.0 0.0 0.0 0.0 0.0 0.0 0.0509898833518 22 0 0.992647058824 0.403130118135 -2.09640027709
-0.12623 0.35028 3.35743 -0.12979 0.55971 4.09808761596 0.78258 0.98072 0.30541 0.41196 152.77952 195.62801 147.22542 138.42519 0.3 0.3 0.0 0.0 0.0 0.0 0.0 0.0 0.72115 0.0 0.0 45.47487 -0.49999 0.07399 0.0 0.0 0.0 0.0 0.0 0.0 0.0497904912841 23 0 0.985401459854 0.476233011954 -2.09640027709
-0.12623 0.35028 3.35743 -0.12979 0.55971 4.06940213344 0.78258 0.98072 0.30541 0.41196 152.77952 195.62801 147.22542 138.42519 0.3 0.3 0.0 0.0 0.0 0.0 0.0 0.0 0.72115 0.0 0.0 45.47487 -0.49999 0.07399 0.0 0.0 0.0 0.0 0.0 0.0 0.0497142317282 24 1 0.992647058824 0.426483130605 -2.18120579505
-0.12623 0.35028 3.35743 -0.12979 0.55971 4.03820683844 0.78258 0.98072 0.30541 0.41196 152.77952 195.62801 147.22542 138.42519 0.3 0.3 0.0 0.0 0.0 0.0 0.0 0.0 0.72115 0.0 0.0 45.47487 -0.49999 0.07399 0.0 0.0 0.0 0.0 0.0 0.0 0.0502813420138 25 1 1.0 0.454778360846 -1.77304310256
-0.12623 0.35028 3.35743 -0.12979 0.55971 4.03743283736 0.78258 0.98072 0.30541 0.41196 152.77952 195.62801 147.22542 138.42519 0.3 0.3 0.0 0.0 0.0 0.0 0.0 0.0 0.72115 0.0 0.0 45.47487 -0.49999 0.07399 0.0 0.0 0.0 0.0 0.0 0.0 0.0499665113136 26 1 1.0 0.454824430098 -1.75108057641
-0.12623 0.35028 3.35743 -0.12979 0.55971 4.03584957059 0.78258 0.98072 0.30541 0.41196 152.77952 195.62801 147.22542 138.42519 0.3 0.3 0.0 0.0 0.0 0.0 0.0 0.0 0.72115 0.0 0.0 45.47487 -0.49999 0.07399 0.0 0.0 0.0 0.0 0.0 0.0 0.0500138008774 27 1 1.0 0.408302680891 -1.75437095578
-0.12623 0.35028 3.35743 -0.12979 0.55971 4.04903411793 0.78258 0.98072 0.30541 0.41196 152.77952 195.62801 147.22542 138.42519 0.3 0.3 0.0 0.0 0.0 0.0 0.0 0.0 0.72115 0.0 0.0 45.47487 -0.49999 0.07399 0.0 0.0 0.0 0.0 0.0 0.0 0.0495277424359 28 1 1.0 0.279649524864 -1.72069517417
-0.12623 0.35028 3.35743 -0.12979 0.55971 4.03963605377 0.78258 0.98072 0.30541 0.41196 152.77952 195.62801 147.22542 138.42519 0.3 0.3 0.0 0.0 0.0 0.0 0.0 0.0 0.72115 0.0 0.0 45.47487 -0.49999 0.07399 0.0 0.0 0.0 0.0 0.0 0.0 0.0492852152601 29 1 1.0 0.455436976609 -1.7040113218
-0.12623 0.35028 3.35743 -0.12979 0.55971 4.05558878237 0.78258 0.98072 0.30541 0.41196 152.77952 195.62801 147.22542 138.42519 0.3 0.3 0.0 0.0 0.0 0.0 0.0 0.0 0.72115 0.0 0.0 45.47487 -0.49999 0.07399 0.0 0.0 0.0 0.0 0.0 0.0 0.0495879881793 30 0 0.992647058824 0.368552126355 -1.7040113218
-0.12623 0.35028 3.35743 -0.12979 0.55971 4.07375913916 0.78258 0.98072 0.30541 0.41196 152.77952 195.62801 147.22542 138.42519 0.3 0.3 0.0 0.0 0.0 0.0 0.0 0.0 0.72115 0.0 0.0 45.47487 -0.49999 0.07399 0.0 0.0 0.0 0.0 0.0 0.0 0.0484541760469 31 1 0.992647058824 0.426724405638 -2.11919037352
-0.12623 0.35028 3.35743 -0.12979 0.55971 4.06631011908 0.78258 0.98072 0.30541 0.41196 152.77952 195.62801 147.22542 138.42519 0.3 0.3 0.0 0.0 0.0 0.0 0.0 0.0 0.72115 0.0 0.0 45.47487 -0.49999 0.07399 0.0 0.0 0.0 0.0 0.0 0.0 0.0481541266423 32 1 0.992647058824 0.416178760217 -2.08157751936
-0.12623 0.35028 3.35743 -0.12979 0.55971 4.09163574491 0.78258 0.98072 0.30541 0.41196 152.77952 195.62801 147.22542 138.42519 0.3 0.3 0.0 0.0 0.0 0.0 0.0 0.0 0.72115 0.0 0.0 45.47487 -0.49999 0.07399 0.0 0.0 0.0 0.0 0.0 0.0 0.0478256964925 33 0 0.985401459854 0.479285895477 -2.08157751936
-0.12623 0.35028 3.35743 -0.12979 0.55971 4.0099082237 0.78258 0.98072 0.30541 0.41196 152.77952 195.62801 147.22542 138.42519 0.3 0.3 0.0 0.0 0.0 0.0 0.0 0.0 0.72115 0.0 0.0 45.47487 -0.49999 0.07399 0.0 0.0 0.0 0.0 0.0 0.0 0.047908170193 34 0 0.977941176471 0.371508850965 -2.08157751936
-0.12623 0.35028 3.35743 -0.12979 0.55971 4.05407328688 0.78258 0.98072 0.30541 0.41196 152.77952 195.62801 147.22542 138.42519 0.3 0.3 0.0 0.0 0.0 0.0 0.0 0.0 0.72115 0.0 0.0 45.47487 -0.49999 0.07399 0.0 0.0 0.0 0.0 0.0 0.0 0.0480211978502 35 1 0.992647058824 0.372690900441 -1.98470274424
-0.12623 0.35028 3.35743 -0.12979 0.55971 3.99764452056 0.78258 0.98072 0.30541 0.41196 152.77952 195.62801 147.22542 138.42519 0.3 0.3 0.0 0.0 0.0 0.0 0.0 0.0 0.72115 0.0 0.0 45.47487 -0.49999 0.07399 0.0 0.0 0.0 0.0 0.0 0.0 0.0481181774815 36 0 0.985294117647 0.396822484414 -1.98470274424
-0.12623 0.35028 3.35743 -0.12979 0.55971 4.04088458728 0.78258 0.98072 0.30541 0.41196 152.77952 195.62801 147.22542 138.42519 0.3 0.3 0.0 0.0 0.0 0.0 0.0 0.0 0.72115 0.0 0.0 45.47487 -0.49999 0.07399 0.0 0.0 0.0 0.0 0.0 0.0 0.0476444889423 37 1 1.0 0.271846333016 -1.59323139477
-0.12623 0.35028 3.35743 -0.12979 0.55971 4.04583146291 0.78258 0.98072 0.30541 0.41196 152.77952 195.62801 147.22542 138.42519 0.3 0.3 0.0 0.0 0.0 0.0 0.0 0.0 0.72115 0.0 0.0 45.47487 -0.49999 0.07399 0.0 0.0 0.0 0.0 0.0 0.0 0.0471738023862 38 1 1.0 0.275024203547 -1.56212384183
-0.12623 0.35028 3.35743 -0.12979 0.55971 4.04796203706 0.78258 0.98072 0.30541 0.41196 152.77952 195.62801 147.22542 138.42519 0.3 0.3 0.0 0.0 0.0 0.0 0.0 0.0 0.72115 0.0 0.0 45.47487 -0.49999 0.07399 0.0 0.0 0.0 0.0 0.0 0.0 0.0473716809429 39 1 1.0 0.279684214525 -1.57516500483
-0.12623 0.35028 3.35743 -0.12979 0.55971 4.04974762271 0.78258 0.98072 0.30541 0.41196 152.77952 195.62801 147.22542 138.42519 0.3 0.3 0.0 0.0 0.0 0.0 0.0 0.0 0.72115 0.0 0.0 45.47487 -0.49999 0.07399 0.0 0.0 0.0 0.0 0.0 0.0 0.0475217721948 40 1 1.0 0.279705168305 -1.58509214377
-0.12623 0.35028 3.35743 -0.12979 0.55971 4.0693232207 0.78258 0.98072 0.30541 0.41196 152.77952 195.62801 147.22542 138.42519 0.3 0.3 0.0 0.0 0.0 0.0 0.0 0.0 0.72115 0.0 0.0 45.47487 -0.49999 0.07399 0.0 0.0 0.0 0.0 0.0 0.0 0.0472322938835 41 1 0.992647058824 0.415633707598 -2.0369702034
-0.12623 0.35028 3.35743 -0.12979 0.55971 4.05144468169 0.78258 0.98072 0.30541 0.41196 152.77952 195.62801 147.22542 138.42519 0.3 0.3 0.0 0.0 0.0 0.0 0.0 0.0 0.72115 0.0 0.0 45.47487 -0.49999 0.07399 0.0 0.0 0.0 0.0 0.0 0.0 0.0467532246595 42 1 1.0 0.280585138173 -1.53458206336
-0.12623 0.35028 3.35743 -0.12979 0.55971 4.0541615468 0.78258 0.98072 0.30541 0.41196 152.77952 195.62801 147.22542 138.42519 0.3 0.3 0.0 0.0 0.0 0.0 0.0 0.0 0.72115 0.0 0.0 45.47487 -0.49999 0.07399 0.0 0.0 0.0 0.0 0.0 0.0 0.0472904181537 43 0 0.992647058824 0.371057225316 -1.53458206336
-0.12623 0.35028 3.35743 -0.12979 0.55971 4.09313392836 0.78258 0.98072 0.30541 0.41196 152.77952 195.62801 147.22542 138.42519 0.3 0.3 0.0 0.0 0.0 0.0 0.0 0.0 0.72115 0.0 0.0 45.47487 -0.49999 0.07399 0.0 0.0 0.0 0.0 0.0 0.0 0.0467966264872 44 0 0.985401459854 0.481782307176 -1.53458206336
-0.12623 0.35028 3.35743 -0.12979 0.55971 4.03349058694 0.78258 0.98072 0.30541 0.41196 152.77952 195.62801 147.22542 138.42519 0.3 0.3 0.0 0.0 0.0 0.0 0.0 0.0 0.72115 0.0 0.0 45.47487 -0.49999 0.07399 0.0 0.0 0.0 0.0 0.0 0.0 0.0457058166668 45 1 1.0 0.408699160273 -1.46703539407
-0.12623 0.35028 3.35743 -0.12979 0.55971 3.99111474372 0.78258 0.98072 0.30541 0.41196 152.77952 195.62801 147.22542 138.42519 0.3 0.3 0.0 0.0 0.0 0.0 0.0 0.0 0.72115 0.0 0.0 45.47487 -0.49999 0.07399 0.0 0.0 0.0 0.0 0.0 0.0 0.0448070744645 46 0 0.992647058824 0.404560646044 -1.46703539407
-0.12623 0.35028 3.35743 -0.12979 0.55971 4.00047992674 0.78258 0.98072 0.30541 0.41196 152.77952 195.62801 147.22542 138.42519 0.3 0.3 0.0 0.0 0.0 0.0 0.0 0.0 0.72115 0.0 0.0 45.47487 -0.49999 0.07399 0.0 0.0 0.0 0.0 0.0 0.0 0.0464895052566 47 0 0.985294117647 0.399662751275 -1.46703539407
-0.12623 0.35028 3.35743 -0.12979 0.55971 4.04083590402 0.78258 0.98072 0.30541 0.41196 152.77952 195.62801 147.22542 138.42519 0.3 0.3 0.0 0.0 0.0 0.0 0.0 0.0 0.72115 0.0 0.0 45.47487 -0.49999 0.07399 0.0 0.0 0.0 0.0 0.0 0.0 0.0454892501631 48 1 1.0 0.271834005215 -1.4532551064
-0.12623 0.35028 3.35743 -0.12979 0.55971 4.05118159946 0.78258 0.98072 0.30541 0.41196 152.77952 195.62801 147.22542 138.42519 0.3 0.3 0.0 0.0 0.0 0.0 0.0 0.0 0.72115 0.0 0.0 45.47487 -0.49999 0.07399 0.0 0.0 0.0 0.0 0.0 0.0 0.0454385098568 49 1 1.0 0.280642941492 -1.4500356834
-0.12623 0.35028 3.35743 -0.12979 0.55971 4.06748129508 0.78258 0.98072 0.30541 0.41196 152.77952 195.62801 147.22542 138.42519 0.3 0.3 0.0 0.0 0.0 0.0 0.0 0.0 0.72115 0.0 0.0 45.47487 -0.49999 0.07399 0.0 0.0 0.0 0.0 0.0 0.0 0.0451532890062 50 1 0.992647058824 0.416565224238 -1.94968452907
-0.12623 0.35028 3.35743 -0.12979 0.55971 4.04876179923 0.78258 0.98072 0.30541 0.41196 152.77952 195.62801 147.22542 138.42519 0.3 0.3 0.0 0.0 0.0 0.0 0.0 0.0 0.72115 0.0 0.0 45.47487 -0.49999 0.07399 0.0 0.0 0.0 0.0 0.0 0.0 0.0453731135393 51 1 1.0 0.279591951132 -1.44589151484
-0.12623 0.35028 3.35743 -0.12979 0.55971 4.04670207695 0.78258 0.98072 0.30541 0.41196 152.77952 195.62801 147.22542 138.42519 0.3 0.3 0.0 0.0 0.0 0.0 0.0 0.0 0.72115 0.0 0.0 45.47487 -0.49999 0.07399 0.0 0.0 0.0 0.0 0.0 0.0 0.0462259297596 52 1 1.0 0.279560058798 -1.50039093336
-0.12623 0.35028 3.35743 -0.12979 0.55971 4.05186982643 0.78258 0.98072 0.30541 0.41196 152.77952 195.62801 147.22542 138.42519 0.3 0.3 0.0 0.0 0.0 0.0 0.0 0.0 0.72115 0.0 0.0 45.47487 -0.49999 0.07399 0.0 0.0 0.0 0.0 0.0 0.0 0.0457382182221 53 1 1.0 0.280516798878 -1.46910261219
-0.12623 0.35028 3.35743 -0.12979 0.55971 4.07220149846 0.78258 0.98072 0.30541 0.41196 152.77952 195.62801 147.22542 138.42519 0.3 0.3 0.0 0.0 0.0 0.0 0.0 0.0 0.72115 0.0 0.0 45.47487 -0.49999 0.07399 0.0 0.0 0.0 0.0 0.0 0.0 0.0453810603535 54 0 0.992647058824 0.42648553616 -1.46910261219
-0.12623 0.35028 3.35743 -0.12979 0.55971 4.02458471916 0.78258 0.98072 0.30541 0.41196 152.77952 195.62801 147.22542 138.42519 0.3 0.3 0.0 0.0 0.0 0.0 0.0 0.0 0.72115 0.0 0.0 45.47487 -0.49999 0.07399 0.0 0.0 0.0 0.0 0.0 0.0 0.0464724552554 55 1 1.0 0.410656233934 -1.51632928972
-0.12623 0.35028 3.35743 -0.12979 0.55971 4.01658407752 0.78258 0.98072 0.30541 0.41196 152.77952 195.62801 147.22542 138.42519 0.3 0.3 0.0 0.0 0.0 0.0 0.0 0.0 0.72115 0.0 0.0 45.47487 -0.49999 0.07399 0.0 0.0 0.0 0.0 0.0 0.0 0.0469815473241 56 1 0.985294117647 0.132187906879 -1.74210734736
-0.12623 0.35028 3.35743 -0.12979 0.55971 4.00437263233 0.78258 0.98072 0.30541 0.41196 152.77952 195.62801 147.22542 138.42519 0.3 0.3 0.0 0.0 0.0 0.0 0.0 0.0 0.72115 0.0 0.0 45.47487 -0.49999 0.07399 0.0 0.0 0.0 0.0 0.0 0.0 0.0467413066813 57 0 0.977941176471 0.379124804666 -1.74210734736
-0.12623 0.35028 3.35743 -0.12979 0.55971 3.97082088441 0.78258 0.98072 0.30541 0.41196 152.77952 195.62801 147.22542 138.42519 0.3 0.3 0.0 0.0 0.0 0.0 0.0 0.0 0.72115 0.0 0.0 45.47487 -0.49999 0.07399 0.0 0.0 0.0 0.0 0.0 0.0 0.046815753068 58 1 0.985294117647 0.165537201484 -1.84284945598
-0.12623 0.35028 3.35743 -0.12979 0.55971 3.96529096174 0.78258 0.98072 0.30541 0.41196 152.77952 195.62801 147.22542 138.42519 0.3 0.3 0.0 0.0 0.0 0.0 0.0 0.0 0.72115 0.0 0.0 45.47487 -0.49999 0.07399 0.0 0.0 0.0 0.0 0.0 0.0 0.0471437054902 59 1 0.985294117647 0.188874091272 -1.95065485505
-0.12623 0.35028 3.35743 -0.12979 0.55971 3.98958564044 0.78258 0.98072 0.30541 0.41196 152.77952 195.62801 147.22542 138.42519 0.3 0.3 0.0 0.0 0.0 0.0 0.0 0.0 0.72115 0.0 0.0 45.47487 -0.49999 0.07399 0.0 0.0 0.0 0.0 0.0 0.0 0.0470282549098 60 1 0.992647058824 0.405983615349 -2.00585319534
-0.12623 0.35028 3.35743 -0.12979 0.55971 3.99479631078 0.78258 0.98072 0.30541 0.41196 152.77952 195.62801 147.22542 138.42519 0.3 0.3 0.0 0.0 0.0 0.0 0.0 0.0 0.72115 0.0 0.0 45.47487 -0.49999 0.07399 0.0 0.0 0.0 0.0 0.0 0.0 0.0468396860278 61 0 0.985294117647 0.401041175642 -2.00585319534
-0.12623 0.35028 3.35743 -0.12979 0.55971 3.98017643276 0.78258 0.98072 0.30541 0.41196 152.77952 195.62801 147.22542 138.42519 0.3 0.3 0.0 0.0 0.0 0.0 0.0 0.0 0.72115 0.0 0.0 45.47487 -0.49999 0.07399 0.0 0.0 0.0 0.0 0.0 0.0 0.0467561996512 62 1 0.992647058824 0.186019480101 -1.63105095605
-0.12623 0.35028 3.35743 -0.12979 0.55971 3.94985617565 0.78258 0.98072 0.30541 0.41196 152.77952 195.62801 147.22542 138.42519 0.3 0.3 0.0 0.0 0.0 0.0 0.0 0.0 0.72115 0.0 0.0 45.47487 -0.49999 0.07399 0.0 0.0 0.0 0.0 0.0 0.0 0.0467157559905 63 0 0.992647058824 0.495759511743 -1.63105095605
-0.12623 0.35028 3.35743 -0.12979 0.55971 4.02966451904 0.78258 0.98072 0.30541 0.41196 152.77952 195.62801 147.22542 138.42519 0.3 0.3 0.0 0.0 0.0 0.0 0.0 0.0 0.72115 0.0 0.0 45.47487 -0.49999 0.07399 0.0 0.0 0.0 0.0 0.0 0.0 0.0467287616928 64 1 1.0 0.407572846455 -1.53298747558
-0.12623 0.35028 3.35743 -0.12979 0.55971 4.00989575816 0.78258 0.98072 0.30541 0.41196 152.77952 195.62801 147.22542 138.42519 0.3 0.3 0.0 0.0 0.0 0.0 0.0 0.0 0.72115 0.0 0.0 45.47487 -0.49999 0.07399 0.0 0.0 0.0 0.0 0.0 0.0 0.047145879827 65 0 0.977941176471 0.371509300031 -1.53298747558
-0.12623 0.35028 3.35743 -0.12979 0.55971 4.00261053374 0.78258 0.98072 0.30541 0.41196 152.77952 195.62801 147.22542 138.42519 0.3 0.3 0.0 0.0 0.0 0.0 0.0 0.0 0.72115 0.0 0.0 45.47487 -0.49999 0.07399 0.0 0.0 0.0 0.0 0.0 0.0 0.045444745356 66 0 0.977941176471 0.378985716438 -1.53298747558
-0.12623 0.35028 3.35743 -0.12979 0.55971 4.03147029377 0.78258 0.98072 0.30541 0.41196 152.77952 195.62801 147.22542 138.42519 0.3 0.3 0.0 0.0 0.0 0.0 0.0 0.0 0.72115 0.0 0.0 45.47487 -0.49999 0.07399 0.0 0.0 0.0 0.0 0.0 0.0 0.0475507660553 67 1 1.0 0.407952485844 -1.58701333561
-0.12623 0.35028 3.35743 -0.12979 0.55971 4.03870470731 0.78258 0.98072 0.30541 0.41196 152.77952 195.62801 147.22542 138.42519 0.3 0.3 0.0 0.0 0.0 0.0 0.0 0.0 0.72115 0.0 0.0 45.47487 -0.49999 0.07399 0.0 0.0 0.0 0.0 0.0 0.0 0.0475325416105 68 1 1.0 0.454826659617 -1.58580561408
-0.12623 0.35028 3.35743 -0.12979 0.55971 4.03700369272 0.78258 0.98072 0.30541 0.41196 152.77952 195.62801 147.22542 138.42519 0.3 0.3 0.0 0.0 0.0 0.0 0.0 0.0 0.72115 0.0 0.0 45.47487 -0.49999 0.07399 0.0 0.0 0.0 0.0 0.0 0.0 0.0476574074541 69 1 1.0 0.454801768362 -1.59408940854
-0.12623 0.35028 3.35743 -0.12979 0.55971 4.02858213641 0.78258 0.98072 0.30541 0.41196 152.77952 195.62801 147.22542 138.42519 0.3 0.3 0.0 0.0 0.0 0.0 0.0 0.0 0.72115 0.0 0.0 45.47487 -0.49999 0.07399 0.0 0.0 0.0 0.0 0.0 0.0 0.0476283241824 70 1 1.0 0.418794566327 -1.59215809211
-0.12623 0.35028 3.35743 -0.12979 0.55971 4.02726483439 0.78258 0.98072 0.30541 0.41196 152.77952 195.62801 147.22542 138.42519 0.3 0.3 0.0 0.0 0.0 0.0 0.0 0.0 0.72115 0.0 0.0 45.47487 -0.49999 0.07399 0.0 0.0 0.0 0.0 0.0 0.0 0.0477524584309 71 1 1.0 0.118386183194 -1.60040939643
-0.12623 0.35028 3.35743 -0.12979 0.55971 4.01947942738 0.78258 0.98072 0.30541 0.41196 152.77952 195.62801 147.22542 138.42519 0.3 0.3 0.0 0.0 0.0 0.0 0.0 0.0 0.72115 0.0 0.0 45.47487 -0.49999 0.07399 0.0 0.0 0.0 0.0 0.0 0.0 0.0470774139892 72 1 1.0 0.422723244629 -1.55579060219
-0.12623 0.35028 3.35743 -0.12979 0.55971 3.98120396391 0.78258 0.98072 0.30541 0.41196 152.77952 195.62801 147.22542 138.42519 0.3 0.3 0.0 0.0 0.0 0.0 0.0 0.0 0.72115 0.0 0.0 45.47487 -0.49999 0.07399 0.0 0.0 0.0 0.0 0.0 0.0 0.0482145826318 73 1 0.992647058824 0.186530806864 -1.72234782354
-0.12623 0.35028 3.35743 -0.12979 0.55971 3.96789660597 0.78258 0.98072 0.30541 0.41196 152.77952 195.62801 147.22542 138.42519 0.3 0.3 0.0 0.0 0.0 0.0 0.0 0.0 0.72115 0.0 0.0 45.47487 -0.49999 0.07399 0.0 0.0 0.0 0.0 0.0 0.0 0.0488827329185 74 0 0.985294117647 0.167683865048 -1.72234782354
-0.12623 0.35028 3.35743 -0.12979 0.55971 3.94050736377 0.78258 0.98072 0.30541 0.41196 152.77952 195.62801 147.22542 138.42519 0.3 0.3 0.0 0.0 0.0 0.0 0.0 0.0 0.72115 0.0 0.0 45.47487 -0.49999 0.07399 0.0 0.0 0.0 0.0 0.0 0.0 0.0487654025303 75 0 0.992647058824 0.544163497183 -1.72234782354
-0.12623 0.35028 3.35743 -0.12979 0.55971 3.99151526911 0.78258 0.98072 0.30541 0.41196 152.77952 195.62801 147.22542 138.42519 0.3 0.3 0.0 0.0 0.0 0.0 0.0 0.0 0.72115 0.0 0.0 45.47487 -0.49999 0.07399 0.0 0.0 0.0 0.0 0.0 0.0 0.0479773497596 76 1 0.992647058824 0.399557854906 -2.03726464663
-0.12623 0.35028 3.35743 -0.12979 0.55971 3.98574430202 0.78258 0.98072 0.30541 0.41196 152.77952 195.62801 147.22542 138.42519 0.3 0.3 0.0 0.0 0.0 0.0 0.0 0.0 0.72115 0.0 0.0 45.47487 -0.49999 0.07399 0.0 0.0 0.0 0.0 0.0 0.0 0.0479557722816 77 1 0.992647058824 0.405565554199 -2.04899475163
-0.12623 0.35028 3.35743 -0.12979 0.55971 3.98282168539 0.78258 0.98072 0.30541 0.41196 152.77952 195.62801 147.22542 138.42519 0.3 0.3 0.0 0.0 0.0 0.0 0.0 0.0 0.72115 0.0 0.0 45.47487 -0.49999 0.07399 0.0 0.0 0.0 0.0 0.0 0.0 0.0476187301387 78 1 0.992647058824 0.186755225615 -1.685075722
-0.12623 0.35028 3.35743 -0.12979 0.55971 3.99328634111 0.78258 0.98072 0.30541 0.41196 152.77952 195.62801 147.22542 138.42519 0.3 0.3 0.0 0.0 0.0 0.0 0.0 0.0 0.72115 0.0 0.0 45.47487 -0.49999 0.07399 0.0 0.0 0.0 0.0 0.0 0.0 0.0475795867808 79 0 0.985294117647 0.401811080058 -1.685075722
-0.12623 0.35028 3.35743 -0.12979 0.55971 3.98127376906 0.78258 0.98072 0.30541 0.41196 152.77952 195.62801 147.22542 138.42519 0.3 0.3 0.0 0.0 0.0 0.0 0.0 0.0 0.72115 0.0 0.0 45.47487 -0.49999 0.07399 0.0 0.0 0.0 0.0 0.0 0.0 0.0468892905218 80 1 0.992647058824 0.186550871329 -1.6397430289
-0.12623 0.35028 3.35743 -0.12979 0.55971 4.0130708073 0.78258 0.98072 0.30541 0.41196 152.77952 195.62801 147.22542 138.42519 0.3 0.3 0.0 0.0 0.0 0.0 0.0 0.0 0.72115 0.0 0.0 45.47487 -0.49999 0.07399 0.0 0.0 0.0 0.0 0.0 0.0 0.0467869522446 81 1 0.985294117647 0.0465929531868 -1.56091012606
-0.12623 0.35028 3.35743 -0.12979 0.55971 4.01391474696 0.78258 0.98072 0.30541 0.41196 152.77952 195.62801 147.22542 138.42519 0.3 0.3 0.0 0.0 0.0 0.0 0.0 0.0 0.72115 0.0 0.0 45.47487 -0.49999 0.07399 0.0 0.0 0.0 0.0 0.0 0.0 0.0458621137519 82 1 0.985294117647 0.0417918150495 -1.49722298392
-0.12623 0.35028 3.35743 -0.12979 0.55971 4.00746157824 0.78258 0.98072 0.30541 0.41196 152.77952 195.62801 147.22542 138.42519 0.3 0.3 0.0 0.0 0.0 0.0 0.0 0.0 0.72115 0.0 0.0 45.47487 -0.49999 0.07399 0.0 0.0 0.0 0.0 0.0 0.0 0.0454641745702 83 0 0.977941176471 0.371388925819 -1.49722298392
-0.12623 0.35028 3.35743 -0.12979 0.55971 4.00178123955 0.78258 0.98072 0.30541 0.41196 152.77952 195.62801 147.22542 138.42519 0.3 0.3 0.0 0.0 0.0 0.0 0.0 0.0 0.72115 0.0 0.0 45.47487 -0.49999 0.07399 0.0 0.0 0.0 0.0 0.0 0.0 0.0459017786835 84 0 0.985294117647 0.379309810256 -1.49722298392
-0.12623 0.35028 3.35743 -0.12979 0.55971 4.01314165102 0.78258 0.98072 0.30541 0.41196 152.77952 195.62801 147.22542 138.42519 0.3 0.3 0.0 0.0 0.0 0.0 0.0 0.0 0.72115 0.0 0.0 45.47487 -0.49999 0.07399 0.0 0.0 0.0 0.0 0.0 0.0 0.0467645211678 85 1 0.985294117647 0.0465790080334 -1.55945562463
-0.12623 0.35028 3.35743 -0.12979 0.55971 4.02358881747 0.78258 0.98072 0.30541 0.41196 152.77952 195.62801 147.22542 138.42519 0.3 0.3 0.0 0.0 0.0 0.0 0.0 0.0 0.72115 0.0 0.0 45.47487 -0.49999 0.07399 0.0 0.0 0.0 0.0 0.0 0.0 0.0472898485414 86 1 0.992592592593 0.117916727721 -1.60814497249
-0.12623 0.35028 3.35743 -0.12979 0.55971 4.02072600765 0.78258 0.98072 0.30541 0.41196 152.77952 195.62801 147.22542 138.42519 0.3 0.3 0.0 0.0 0.0 0.0 0.0 0.0 0.72115 0.0 0.0 45.47487 -0.49999 0.07399 0.0 0.0 0.0 0.0 0.0 0.0 0.0481470787374 87 1 1.0 1.53901144684e-05 -1.62677873397
-0.12623 0.35028 3.35743 -0.12979 0.55971 4.04833798725 0.78258 0.98072 0.30541 0.41196 152.77952 195.62801 147.22542 138.42519 0.3 0.3 0.0 0.0 0.0 0.0 0.0 0.0 0.72115 0.0 0.0 45.47487 -0.49999 0.07399 0.0 0.0 0.0 0.0 0.0 0.0 0.0480628802103 88 1 1.0 0.279592729706 -1.62113472365
-0.12623 0.35028 3.35743 -0.12979 0.55971 4.01477211891 0.78258 0.98072 0.30541 0.41196 152.77952 195.62801 147.22542 138.42519 0.3 0.3 0.0 0.0 0.0 0.0 0.0 0.0 0.72115 0.0 0.0 45.47487 -0.49999 0.07399 0.0 0.0 0.0 0.0 0.0 0.0 0.047409780973 89 1 0.985294117647 0.0410301340296 -1.59590443801
-0.12623 0.35028 3.35743 -0.12979 0.55971 4.05113136251 0.78258 0.98072 0.30541 0.41196 152.77952 195.62801 147.22542 138.42519 0.3 0.3 0.0 0.0 0.0 0.0 0.0 0.0 0.72115 0.0 0.0 45.47487 -0.49999 0.07399 0.0 0.0 0.0 0.0 0.0 0.0 0.0470117698905 90 1 1.0 0.280572776684 -1.55148464085
-0.12623 0.35028 3.35743 -0.12979 0.55971 4.05456430053 0.78258 0.98072 0.30541 0.41196 152.77952 195.62801 147.22542 138.42519 0.3 0.3 0.0 0.0 0.0 0.0 0.0 0.0 0.72115 0.0 0.0 45.47487 -0.49999 0.07399 0.0 0.0 0.0 0.0 0.0 0.0 0.0469746590749 91 0 0.992647058824 0.372731039297 -1.55148464085
-0.12623 0.35028 3.35743 -0.12979 0.55971 4.0538529652 0.78258 0.98072 0.30541 0.41196 152.77952 195.62801 147.22542 138.42519 0.3 0.3 0.0 0.0 0.0 0.0 0.0 0.0 0.72115 0.0 0.0 45.47487 -0.49999 0.07399 0.0 0.0 0.0 0.0 0.0 0.0 0.0476846363666 92 1 1.0 0.352759383707 -1.59589862211
-0.12623 0.35028 3.35743 -0.12979 0.55971 4.05206702376 0.78258 0.98072 0.30541 0.41196 152.77952 195.62801 147.22542 138.42519 0.3 0.3 0.0 0.0 0.0 0.0 0.0 0.0 0.72115 0.0 0.0 45.47487 -0.49999 0.07399 0.0 0.0 0.0 0.0 0.0 0.0 0.0466442980188 93 1 1.0 0.347315725859 -1.5274880589
-0.12623 0.35028 3.35743 -0.12979 0.55971 4.06363121218 0.78258 0.98072 0.30541 0.41196 152.77952 195.62801 147.22542 138.42519 0.3 0.3 0.0 0.0 0.0 0.0 0.0 0.0 0.72115 0.0 0.0 45.47487 -0.49999 0.07399 0.0 0.0 0.0 0.0 0.0 0.0 0.0465335734587 94 1 0.992647058824 0.415279242216 -2.00471377437
-0.12623 0.35028 3.35743 -0.12979 0.55971 4.0627043223 0.78258 0.98072 0.30541 0.41196 152.77952 195.62801 147.22542 138.42519 0.3 0.3 0.0 0.0 0.0 0.0 0.0 0.0 0.72115 0.0 0.0 45.47487 -0.49999 0.07399 0.0 0.0 0.0 0.0 0.0 0.0 0.0463480299195 95 1 0.992647058824 0.40338251608 -1.96900441967
-0.12623 0.35028 3.35743 -0.12979 0.55971 4.06317780155 0.78258 0.98072 0.30541 0.41196 152.77952 195.62801 147.22542 138.42519 0.3 0.3 0.0 0.0 0.0 0.0 0.0 0.0 0.72115 0.0 0.0 45.47487 -0.49999 0.07399 0.0 0.0 0.0 0.0 0.0 0.0 0.0463498876189 96 1 0.992647058824 0.403545992036 -1.9694610708
-0.12623 0.35028 3.35743 -0.12979 0.55971 4.07498261811 0.78258 0.98072 0.30541 0.41196 152.77952 195.62801 147.22542 138.42519 0.3 0.3 0.0 0.0 0.0 0.0 0.0 0.0 0.72115 0.0 0.0 45.47487 -0.49999 0.07399 0.0 0.0 0.0 0.0 0.0 0.0 0.0463169373845 97 1 0.992647058824 0.427865595779 -2.02531583245
-0.12623 0.35028 3.35743 -0.12979 0.55971 4.06729059423 0.78258 0.98072 0.30541 0.41196 152.77952 195.62801 147.22542 138.42519 0.3 0.3 0.0 0.0 0.0 0.0 0.0 0.0 0.72115 0.0 0.0 45.47487 -0.49999 0.07399 0.0 0.0 0.0 0.0 0.0 0.0 0.0468975568817 98 1 0.992647058824 0.41675811918 -2.02433968448
-0.12623 0.35028 3.35743 -0.12979 0.55971 4.07428093003 0.78258 0.98072 0.30541 0.41196 152.77952 195.62801 147.22542 138.42519 0.3 0.3 0.0 0.0 0.0 0.0 0.0 0.0 0.72115 0.0 0.0 45.47487 -0.49999 0.07399 0.0 0.0 0.0 0.0 0.0 0.0 0.0462502471143 99 1 0.992647058824 0.426809403921 -2.01994128867
-0.12623 0.35028 3.35743 -0.12979 0.55971 4.05263952972 0.78258 0.98072 0.30541 0.41196 152.77952 195.62801 147.22542 138.42519 0.3 0.3 0.0 0.0 0.0 0.0 0.0 0.0 0.72115 0.0 0.0 45.47487 -0.49999 0.07399 0.0 0.0 0.0 0.0 0.0 0.0 0.0471649205267 100 1 1.0 0.344510692289 -1.56153972866
