-0.12623 0.35028 3.35743 -0.12979 0.55971 4.48738666667 0.78258 0.98072 0.30541 0.41196 152.77952 195.62801 147.22542 138.42519 0.3 0.3 0.0 0.0 0.0 0.0 0.0 0.0 0.72115 0.0 0.0 45.47487 -0.49999 0.07399 0.0 0.0 0.0 0.0 0.0 0.0 0.05 0 1 0.915492957746 1.13120434886 -412.979300443
-0.12623 0.35028 3.35743 -0.12979 0.55971 4.45328184071 0.78258 0.98072 0.30541 0.41196 152.77952 195.62801 147.22542 138.42519 0.3 0.3 0.0 0.0 0.0 0.0 0.0 0.0 0.72115 0.0 0.0 45.47487 -0.49999 0.07399 0.0 0.0 0.0 0.0 0.0 0.0 0.0496727769841 1 1 0.922535211268 1.07715604044 -319.185267623
-0.12623 0.35028 3.35743 -0.12979 0.55971 4.44245607036 0.78258 0.98072 0.30541 0.41196 152.77952 195.62801 147.22542 138.42519 0.3 0.3 0.0 0.0 0.0 0.0 0.0 0.0 0.72115 0.0 0.0 45.47487 -0.49999 0.07399 0.0 0.0 0.0 0.0 0.0 0.0 0.0485284234733 2 1 0.929577464789 1.14471735492 -312.094125092
-0.12623 0.35028 3.35743 -0.12979 0.55971 4.44544960338 0.78258 0.98072 0.30541 0.41196 152.77952 195.62801 147.22542 138.42519 0.3 0.3 0.0 0.0 0.0 0.0 0.0 0.0 0.72115 0.0 0.0 45.47487 -0.49999 0.07399 0.0 0.0 0.0 0.0 0.0 0.0 0.047564638777 3 0 0.929577464789 1.14382804373 -312.094125092
-0.12623 0.35028 3.35743 -0.12979 0.55971 4.45258478159 0.78258 0.98072 0.30541 0.41196 152.77952 195.62801 147.22542 138.42519 0.3 0.3 0.0 0.0 0.0 0.0 0.0 0.0 0.72115 0.0 0.0 45.47487 -0.49999 0.07399 0.0 0.0 0.0 0.0 0.0 0.0 0.0487417251987 4 0 0.922535211268 1.07685017092 -312.094125092
-0.12623 0.35028 3.35743 -0.12979 0.55971 4.45882611491 0.78258 0.98072 0.30541 0.41196 152.77952 195.62801 147.22542 138.42519 0.3 0.3 0.0 0.0 0.0 0.0 0.0 0.0 0.72115 0.0 0.0 45.47487 -0.49999 0.07399 0.0 0.0 0.0 0.0 0.0 0.0 0.048581276674 5 0 0.922535211268 1.1857330229 -312.094125092
-0.12623 0.35028 3.35743 -0.12979 0.55971 4.40273289012 0.78258 0.98072 0.30541 0.41196 152.77952 195.62801 147.22542 138.42519 0.3 0.3 0.0 0.0 0.0 0.0 0.0 0.0 0.72115 0.0 0.0 45.47487 -0.49999 0.07399 0.0 0.0 0.0 0.0 0.0 0.0 0.0476671997716 6 1 0.929078014184 0.991782292379 -246.561815371
-0.12623 0.35028 3.35743 -0.12979 0.55971 4.38510713164 0.78258 0.98072 0.30541 0.41196 152.77952 195.62801 147.22542 138.42519 0.3 0.3 0.0 0.0 0.0 0.0 0.0 0.0 0.72115 0.0 0.0 45.47487 -0.49999 0.07399 0.0 0.0 0.0 0.0 0.0 0.0 0.0469998864349 7 1 0.942446043165 0.974741093636 -161.83384145
-0.12623 0.35028 3.35743 -0.12979 0.55971 4.38379551363 0.78258 0.98072 0.30541 0.41196 152.77952 195.62801 147.22542 138.42519 0.3 0.3 0.0 0.0 0.0 0.0 0.0 0.0 0.72115 0.0 0.0 45.47487 -0.49999 0.07399 0.0 0.0 0.0 0.0 0.0 0.0 0.0467714180059 8 1 0.942857142857 0.969762628387 -159.459078732
-0.12623 0.35028 3.35743 -0.12979 0.55971 4.30911024648 0.78258 0.98072 0.30541 0.41196 152.77952 195.62801 147.22542 138.42519 0.3 0.3 0.0 0.0 0.0 0.0 0.0 0.0 0.72115 0.0 0.0 45.47487 -0.49999 0.07399 0.0 0.0 0.0 0.0 0.0 0.0 0.0461027867051 9 1 0.94964028777 0.837302335266 -95.6010473035
-0.12623 0.35028 3.35743 -0.12979 0.55971 4.31404780559 0.78258 0.98072 0.30541 0.41196 152.77952 195.62801 147.22542 138.42519 0.3 0.3 0.0 0.0 0.0 0.0 0.0 0.0 0.72115 0.0 0.0 45.47487 -0.49999 0.07399 0.0 0.0 0.0 0.0 0.0 0.0 0.044862972516 10 0 0.94964028777 0.838866498618 -95.6010473035
-0.12623 0.35028 3.35743 -0.12979 0.55971 4.30491611285 0.78258 0.98072 0.30541 0.41196 152.77952 195.62801 147.22542 138.42519 0.3 0.3 0.0 0.0 0.0 0.0 0.0 0.0 0.72115 0.0 0.0 45.47487 -0.49999 0.07399 0.0 0.0 0.0 0.0 0.0 0.0 0.0454546617471 11 0 0.94964028777 0.834136479749 -95.6010473035
-0.12623 0.35028 3.35743 -0.12979 0.55971 4.34086898029 0.78258 0.98072 0.30541 0.41196 152.77952 195.62801 147.22542 138.42519 0.3 0.3 0.0 0.0 0.0 0.0 0.0 0.0 0.72115 0.0 0.0 45.47487 -0.49999 0.07399 0.0 0.0 0.0 0.0 0.0 0.0 0.0461594522554 12 1 0.95652173913 0.848813794574 -73.4079494378
-0.12623 0.35028 3.35743 -0.12979 0.55971 4.33669475102 0.78258 0.98072 0.30541 0.41196 152.77952 195.62801 147.22542 138.42519 0.3 0.3 0.0 0.0 0.0 0.0 0.0 0.0 0.72115 0.0 0.0 45.47487 -0.49999 0.07399 0.0 0.0 0.0 0.0 0.0 0.0 0.0452361520481 13 0 0.95652173913 0.846777728307 -73.4079494378
-0.12623 0.35028 3.35743 -0.12979 0.55971 4.35328051186 0.78258 0.98072 0.30541 0.41196 152.77952 195.62801 147.22542 138.42519 0.3 0.3 0.0 0.0 0.0 0.0 0.0 0.0 0.72115 0.0 0.0 45.47487 -0.49999 0.07399 0.0 0.0 0.0 0.0 0.0 0.0 0.0469419169019 14 0 0.949275362319 0.856962292749 -73.4079494378
-0.12623 0.35028 3.35743 -0.12979 0.55971 4.34945301486 0.78258 0.98072 0.30541 0.41196 152.77952 195.62801 147.22542 138.42519 0.3 0.3 0.0 0.0 0.0 0.0 0.0 0.0 0.72115 0.0 0.0 45.47487 -0.49999 0.07399 0.0 0.0 0.0 0.0 0.0 0.0 0.0461322690012 15 0 0.949275362319 0.851032666639 -73.4079494378
-0.12623 0.35028 3.35743 -0.12979 0.55971 4.32951737076 0.78258 0.98072 0.30541 0.41196 152.77952 195.62801 147.22542 138.42519 0.3 0.3 0.0 0.0 0.0 0.0 0.0 0.0 0.72115 0.0 0.0 45.47487 -0.49999 0.07399 0.0 0.0 0.0 0.0 0.0 0.0 0.0468765760274 16 0 0.94964028777 0.842407228895 -73.4079494378
-0.12623 0.35028 3.35743 -0.12979 0.55971 4.31613738259 0.78258 0.98072 0.30541 0.41196 152.77952 195.62801 147.22542 138.42519 0.3 0.3 0.0 0.0 0.0 0.0 0.0 0.0 0.72115 0.0 0.0 45.47487 -0.49999 0.07399 0.0 0.0 0.0 0.0 0.0 0.0 0.0471111148301 17 0 0.94964028777 0.839368096582 -73.4079494378
-0.12623 0.35028 3.35743 -0.12979 0.55971 4.35032361361 0.78258 0.98072 0.30541 0.41196 152.77952 195.62801 147.22542 138.42519 0.3 0.3 0.0 0.0 0.0 0.0 0.0 0.0 0.72115 0.0 0.0 45.47487 -0.49999 0.07399 0.0 0.0 0.0 0.0 0.0 0.0 0.0462409942411 18 0 0.949275362319 0.851491483626 -73.4079494378
-0.12623 0.35028 3.35743 -0.12979 0.55971 4.35414165887 0.78258 0.98072 0.30541 0.41196 152.77952 195.62801 147.22542 138.42519 0.3 0.3 0.0 0.0 0.0 0.0 0.0 0.0 0.72115 0.0 0.0 45.47487 -0.49999 0.07399 0.0 0.0 0.0 0.0 0.0 0.0 0.0464894393997 19 0 0.949275362319 0.857214928099 -73.4079494378
-0.12623 0.35028 3.35743 -0.12979 0.55971 4.36718699232 0.78258 0.98072 0.30541 0.41196 152.77952 195.62801 147.22542 138.42519 0.3 0.3 0.0 0.0 0.0 0.0 0.0 0.0 0.72115 0.0 0.0 45.47487 -0.49999 0.07399 0.0 0.0 0.0 0.0 0.0 0.0 0.0461857294173 20 0 0.94964028777 0.859008051172 -73.4079494378
-0.12623 0.35028 3.35743 -0.12979 0.55971 4.36271361918 0.78258 0.98072 0.30541 0.41196 152.77952 195.62801 147.22542 138.42519 0.3 0.3 0.0 0.0 0.0 0.0 0.0 0.0 0.72115 0.0 0.0 45.47487 -0.49999 0.07399 0.0 0.0 0.0 0.0 0.0 0.0 0.0454894892331 21 0 0.942446043165 0.860388477449 -73.4079494378
-0.12623 0.35028 3.35743 -0.12979 0.55971 4.32978110422 0.78258 0.98072 0.30541 0.41196 152.77952 195.62801 147.22542 138.42519 0.3 0.3 0.0 0.0 0.0 0.0 0.0 0.0 0.72115 0.0 0.0 45.47487 -0.49999 0.07399 0.0 0.0 0.0 0.0 0.0 0.0 0.0466688337209 22 0 0.94964028777 0.842573353355 -73.4079494378
-0.12623 0.35028 3.35743 -0.12979 0.55971 4.33965586698 0.78258 0.98072 0.30541 0.41196 152.77952 195.62801 147.22542 138.42519 0.3 0.3 0.0 0.0 0.0 0.0 0.0 0.0 0.72115 0.0 0.0 45.47487 -0.49999 0.07399 0.0 0.0 0.0 0.0 0.0 0.0 0.0463260341475 23 1 0.95652173913 0.848455286178 -72.8421582044
-0.12623 0.35028 3.35743 -0.12979 0.55971 4.3055642808 0.78258 0.98072 0.30541 0.41196 152.77952 195.62801 147.22542 138.42519 0.3 0.3 0.0 0.0 0.0 0.0 0.0 0.0 0.72115 0.0 0.0 45.47487 -0.49999 0.07399 0.0 0.0 0.0 0.0 0.0 0.0 0.0463171047755 24 0 0.94964028777 0.835414535094 -72.8421582044
-0.12623 0.35028 3.35743 -0.12979 0.55971 4.29916429478 0.78258 0.98072 0.30541 0.41196 152.77952 195.62801 147.22542 138.42519 0.3 0.3 0.0 0.0 0.0 0.0 0.0 0.0 0.72115 0.0 0.0 45.47487 -0.49999 0.07399 0.0 0.0 0.0 0.0 0.0 0.0 0.0455743215048 25 0 0.94964028777 0.835017951373 -72.8421582044
-0.12623 0.35028 3.35743 -0.12979 0.55971 4.339080897 0.78258 0.98072 0.30541 0.41196 152.77952 195.62801 147.22542 138.42519 0.3 0.3 0.0 0.0 0.0 0.0 0.0 0.0 0.72115 0.0 0.0 45.47487 -0.49999 0.07399 0.0 0.0 0.0 0.0 0.0 0.0 0.0457908316468 26 1 0.95652173913 0.848319815519 -74.4617308989
-0.12623 0.35028 3.35743 -0.12979 0.55971 4.35964220254 0.78258 0.98072 0.30541 0.41196 152.77952 195.62801 147.22542 138.42519 0.3 0.3 0.0 0.0 0.0 0.0 0.0 0.0 0.72115 0.0 0.0 45.47487 -0.49999 0.07399 0.0 0.0 0.0 0.0 0.0 0.0 0.0457764606026 27 0 0.942028985507 0.862516791645 -74.4617308989
-0.12623 0.35028 3.35743 -0.12979 0.55971 4.32801428402 0.78258 0.98072 0.30541 0.41196 152.77952 195.62801 147.22542 138.42519 0.3 0.3 0.0 0.0 0.0 0.0 0.0 0.0 0.72115 0.0 0.0 45.47487 -0.49999 0.07399 0.0 0.0 0.0 0.0 0.0 0.0 0.0449067292964 28 0 0.94964028777 0.842018053969 -74.4617308989
-0.12623 0.35028 3.35743 -0.12979 0.55971 4.28505549382 0.78258 0.98072 0.30541 0.41196 152.77952 195.62801 147.22542 138.42519 0.3 0.3 0.0 0.0 0.0 0.0 0.0 0.0 0.72115 0.0 0.0 45.47487 -0.49999 0.07399 0.0 0.0 0.0 0.0 0.0 0.0 0.0460742415253 29 1 0.963768115942 0.829615793702 -49.3725929649
-0.12623 0.35028 3.35743 -0.12979 0.55971 4.2991860178 0.78258 0.98072 0.30541 0.41196 152.77952 195.62801 147.22542 138.42519 0.3 0.3 0.0 0.0 0.0 0.0 0.0 0.0 0.72115 0.0 0.0 45.47487 -0.49999 0.07399 0.0 0.0 0.0 0.0 0.0 0.0 0.0460851170932 30 0 0.94964028777 0.835015775063 -49.3725929649
-0.12623 0.35028 3.35743 -0.12979 0.55971 4.29156866392 0.78258 0.98072 0.30541 0.41196 152.77952 195.62801 147.22542 138.42519 0.3 0.3 0.0 0.0 0.0 0.0 0.0 0.0 0.72115 0.0 0.0 45.47487 -0.49999 0.07399 0.0 0.0 0.0 0.0 0.0 0.0 0.0461042203765 31 0 0.94964028777 0.832446681826 -49.3725929649
-0.12623 0.35028 3.35743 -0.12979 0.55971 4.23465829067 0.78258 0.98072 0.30541 0.41196 152.77952 195.62801 147.22542 138.42519 0.3 0.3 0.0 0.0 0.0 0.0 0.0 0.0 0.72115 0.0 0.0 45.47487 -0.49999 0.07399 0.0 0.0 0.0 0.0 0.0 0.0 0.0470755279815 32 1 0.970802919708 0.786674767327 -28.336951876
-0.12623 0.35028 3.35743 -0.12979 0.55971 4.20482902216 0.78258 0.98072 0.30541 0.41196 152.77952 195.62801 147.22542 138.42519 0.3 0.3 0.0 0.0 0.0 0.0 0.0 0.0 0.72115 0.0 0.0 45.47487 -0.49999 0.07399 0.0 0.0 0.0 0.0 0.0 0.0 0.0465818243272 33 1 0.970802919708 0.747899660531 -26.2455094308
-0.12623 0.35028 3.35743 -0.12979 0.55971 4.21261478659 0.78258 0.98072 0.30541 0.41196 152.77952 195.62801 147.22542 138.42519 0.3 0.3 0.0 0.0 0.0 0.0 0.0 0.0 0.72115 0.0 0.0 45.47487 -0.49999 0.07399 0.0 0.0 0.0 0.0 0.0 0.0 0.0469808232613 34 0 0.949275362319 0.765488781938 -26.2455094308
-0.12623 0.35028 3.35743 -0.12979 0.55971 4.17911241322 0.78258 0.98072 0.30541 0.41196 152.77952 195.62801 147.22542 138.42519 0.3 0.3 0.0 0.0 0.0 0.0 0.0 0.0 0.72115 0.0 0.0 45.47487 -0.49999 0.07399 0.0 0.0 0.0 0.0 0.0 0.0 0.0460886527211 35 0 0.956204379562 0.680085978348 -26.2455094308
-0.12623 0.35028 3.35743 -0.12979 0.55971 4.1921849209 0.78258 0.98072 0.30541 0.41196 152.77952 195.62801 147.22542 138.42519 0.3 0.3 0.0 0.0 0.0 0.0 0.0 0.0 0.72115 0.0 0.0 45.47487 -0.49999 0.07399 0.0 0.0 0.0 0.0 0.0 0.0 0.0461907295527 36 0 0.963503649635 0.749437249023 -26.2455094308
-0.12623 0.35028 3.35743 -0.12979 0.55971 4.25054234607 0.78258 0.98072 0.30541 0.41196 152.77952 195.62801 147.22542 138.42519 0.3 0.3 0.0 0.0 0.0 0.0 0.0 0.0 0.72115 0.0 0.0 45.47487 -0.49999 0.07399 0.0 0.0 0.0 0.0 0.0 0.0 0.0470538583817 37 1 0.970802919708 0.808548476873 -29.8716213034
-0.12623 0.35028 3.35743 -0.12979 0.55971 4.25901572411 0.78258 0.98072 0.30541 0.41196 152.77952 195.62801 147.22542 138.42519 0.3 0.3 0.0 0.0 0.0 0.0 0.0 0.0 0.72115 0.0 0.0 45.47487 -0.49999 0.07399 0.0 0.0 0.0 0.0 0.0 0.0 0.0471428386298 38 1 0.970802919708 0.813499252549 -30.1171962869
-0.12623 0.35028 3.35743 -0.12979 0.55971 4.23037904907 0.78258 0.98072 0.30541 0.41196 152.77952 195.62801 147.22542 138.42519 0.3 0.3 0.0 0.0 0.0 0.0 0.0 0.0 0.72115 0.0 0.0 45.47487 -0.49999 0.07399 0.0 0.0 0.0 0.0 0.0 0.0 0.0479044992428 39 0 0.95652173913 0.788981099893 -30.1171962869
-0.12623 0.35028 3.35743 -0.12979 0.55971 4.28915089357 0.78258 0.98072 0.30541 0.41196 152.77952 195.62801 147.22542 138.42519 0.3 0.3 0.0 0.0 0.0 0.0 0.0 0.0 0.72115 0.0 0.0 45.47487 -0.49999 0.07399 0.0 0.0 0.0 0.0 0.0 0.0 0.0461243696501 40 0 0.95652173913 0.832004266526 -30.1171962869
-0.12623 0.35028 3.35743 -0.12979 0.55971 4.25250003369 0.78258 0.98072 0.30541 0.41196 152.77952 195.62801 147.22542 138.42519 0.3 0.3 0.0 0.0 0.0 0.0 0.0 0.0 0.72115 0.0 0.0 45.47487 -0.49999 0.07399 0.0 0.0 0.0 0.0 0.0 0.0 0.0472061703547 41 1 0.970802919708 0.81117350249 -29.8821729667
-0.12623 0.35028 3.35743 -0.12979 0.55971 4.27419867986 0.78258 0.98072 0.30541 0.41196 152.77952 195.62801 147.22542 138.42519 0.3 0.3 0.0 0.0 0.0 0.0 0.0 0.0 0.72115 0.0 0.0 45.47487 -0.49999 0.07399 0.0 0.0 0.0 0.0 0.0 0.0 0.047530234276 42 0 0.963768115942 0.811725178494 -29.8821729667
-0.12623 0.35028 3.35743 -0.12979 0.55971 4.25802452448 0.78258 0.98072 0.30541 0.41196 152.77952 195.62801 147.22542 138.42519 0.3 0.3 0.0 0.0 0.0 0.0 0.0 0.0 0.72115 0.0 0.0 45.47487 -0.49999 0.07399 0.0 0.0 0.0 0.0 0.0 0.0 0.0482154215284 43 1 0.970802919708 0.813236106484 -28.9144056949
-0.12623 0.35028 3.35743 -0.12979 0.55971 4.27742614855 0.78258 0.98072 0.30541 0.41196 152.77952 195.62801 147.22542 138.42519 0.3 0.3 0.0 0.0 0.0 0.0 0.0 0.0 0.72115 0.0 0.0 45.47487 -0.49999 0.07399 0.0 0.0 0.0 0.0 0.0 0.0 0.0477624469776 44 0 0.963768115942 0.812256239211 -28.9144056949
-0.12623 0.35028 3.35743 -0.12979 0.55971 4.23367797847 0.78258 0.98072 0.30541 0.41196 152.77952 195.62801 147.22542 138.42519 0.3 0.3 0.0 0.0 0.0 0.0 0.0 0.0 0.72115 0.0 0.0 45.47487 -0.49999 0.07399 0.0 0.0 0.0 0.0 0.0 0.0 0.0479412317626 45 0 0.95652173913 0.793304866618 -28.9144056949
-0.12623 0.35028 3.35743 -0.12979 0.55971 4.2589447767 0.78258 0.98072 0.30541 0.41196 152.77952 195.62801 147.22542 138.42519 0.3 0.3 0.0 0.0 0.0 0.0 0.0 0.0 0.72115 0.0 0.0 45.47487 -0.49999 0.07399 0.0 0.0 0.0 0.0 0.0 0.0 0.048163821295 46 1 0.970802919708 0.813477857409 -28.9856895678
-0.12623 0.35028 3.35743 -0.12979 0.55971 4.2428317349 0.78258 0.98072 0.30541 0.41196 152.77952 195.62801 147.22542 138.42519 0.3 0.3 0.0 0.0 0.0 0.0 0.0 0.0 0.72115 0.0 0.0 45.47487 -0.49999 0.07399 0.0 0.0 0.0 0.0 0.0 0.0 0.0480271313102 47 1 0.970802919708 0.792451964734 -27.7285668589
-0.12623 0.35028 3.35743 -0.12979 0.55971 4.24955044504 0.78258 0.98072 0.30541 0.41196 152.77952 195.62801 147.22542 138.42519 0.3 0.3 0.0 0.0 0.0 0.0 0.0 0.0 0.72115 0.0 0.0 45.47487 -0.49999 0.07399 0.0 0.0 0.0 0.0 0.0 0.0 0.0477305406886 48 1 0.970802919708 0.808275464397 -29.1005188891
-0.12623 0.35028 3.35743 -0.12979 0.55971 4.23510443062 0.78258 0.98072 0.30541 0.41196 152.77952 195.62801 147.22542 138.42519 0.3 0.3 0.0 0.0 0.0 0.0 0.0 0.0 0.72115 0.0 0.0 45.47487 -0.49999 0.07399 0.0 0.0 0.0 0.0 0.0 0.0 0.0485234645056 49 1 0.970802919708 0.786206506793 -26.8289553056
-0.12623 0.35028 3.35743 -0.12979 0.55971 4.26944757381 0.78258 0.98072 0.30541 0.41196 152.77952 195.62801 147.22542 138.42519 0.3 0.3 0.0 0.0 0.0 0.0 0.0 0.0 0.72115 0.0 0.0 45.47487 -0.49999 0.07399 0.0 0.0 0.0 0.0 0.0 0.0 0.0487334749857 50 0 0.963768115942 0.810432628242 -26.8289553056
-0.12623 0.35028 3.35743 -0.12979 0.55971 4.27224984504 0.78258 0.98072 0.30541 0.41196 152.77952 195.62801 147.22542 138.42519 0.3 0.3 0.0 0.0 0.0 0.0 0.0 0.0 0.72115 0.0 0.0 45.47487 -0.49999 0.07399 0.0 0.0 0.0 0.0 0.0 0.0 0.0484087760606 51 0 0.963768115942 0.811200257757 -26.8289553056
-0.12623 0.35028 3.35743 -0.12979 0.55971 4.24905049822 0.78258 0.98072 0.30541 0.41196 152.77952 195.62801 147.22542 138.42519 0.3 0.3 0.0 0.0 0.0 0.0 0.0 0.0 0.72115 0.0 0.0 45.47487 -0.49999 0.07399 0.0 0.0 0.0 0.0 0.0 0.0 0.0489190824491 52 0 0.970802919708 0.808148320415 -26.8289553056
-0.12623 0.35028 3.35743 -0.12979 0.55971 4.24785930961 0.78258 0.98072 0.30541 0.41196 152.77952 195.62801 147.22542 138.42519 0.3 0.3 0.0 0.0 0.0 0.0 0.0 0.0 0.72115 0.0 0.0 45.47487 -0.49999 0.07399 0.0 0.0 0.0 0.0 0.0 0.0 0.0485129959189 53 0 0.970802919708 0.805926424256 -26.8289553056
-0.12623 0.35028 3.35743 -0.12979 0.55971 4.22746680253 0.78258 0.98072 0.30541 0.41196 152.77952 195.62801 147.22542 138.42519 0.3 0.3 0.0 0.0 0.0 0.0 0.0 0.0 0.72115 0.0 0.0 45.47487 -0.49999 0.07399 0.0 0.0 0.0 0.0 0.0 0.0 0.0485506956688 54 0 0.95652173913 0.791428426368 -26.8289553056
-0.12623 0.35028 3.35743 -0.12979 0.55971 4.25222866382 0.78258 0.98072 0.30541 0.41196 152.77952 195.62801 147.22542 138.42519 0.3 0.3 0.0 0.0 0.0 0.0 0.0 0.0 0.72115 0.0 0.0 45.47487 -0.49999 0.07399 0.0 0.0 0.0 0.0 0.0 0.0 0.0481931256999 55 0 0.970802919708 0.808987918447 -26.8289553056
-0.12623 0.35028 3.35743 -0.12979 0.55971 4.25160184419 0.78258 0.98072 0.30541 0.41196 152.77952 195.62801 147.22542 138.42519 0.3 0.3 0.0 0.0 0.0 0.0 0.0 0.0 0.72115 0.0 0.0 45.47487 -0.49999 0.07399 0.0 0.0 0.0 0.0 0.0 0.0 0.0489481451397 56 1 0.970802919708 0.808828950636 -27.8671428187
-0.12623 0.35028 3.35743 -0.12979 0.55971 4.25369533401 0.78258 0.98072 0.30541 0.41196 152.77952 195.62801 147.22542 138.42519 0.3 0.3 0.0 0.0 0.0 0.0 0.0 0.0 0.72115 0.0 0.0 45.47487 -0.49999 0.07399 0.0 0.0 0.0 0.0 0.0 0.0 0.0483935910385 57 1 0.970802919708 0.809312330067 -28.4651621607
-0.12623 0.35028 3.35743 -0.12979 0.55971 4.267996634 0.78258 0.98072 0.30541 0.41196 152.77952 195.62801 147.22542 138.42519 0.3 0.3 0.0 0.0 0.0 0.0 0.0 0.0 0.72115 0.0 0.0 45.47487 -0.49999 0.07399 0.0 0.0 0.0 0.0 0.0 0.0 0.0487659420678 58 0 0.963768115942 0.810066391352 -28.4651621607
-0.12623 0.35028 3.35743 -0.12979 0.55971 4.25968057889 0.78258 0.98072 0.30541 0.41196 152.77952 195.62801 147.22542 138.42519 0.3 0.3 0.0 0.0 0.0 0.0 0.0 0.0 0.72115 0.0 0.0 45.47487 -0.49999 0.07399 0.0 0.0 0.0 0.0 0.0 0.0 0.0480111453872 59 1 0.970802919708 0.813677580007 -29.1632525328
-0.12623 0.35028 3.35743 -0.12979 0.55971 4.2433077933 0.78258 0.98072 0.30541 0.41196 152.77952 195.62801 147.22542 138.42519 0.3 0.3 0.0 0.0 0.0 0.0 0.0 0.0 0.72115 0.0 0.0 45.47487 -0.49999 0.07399 0.0 0.0 0.0 0.0 0.0 0.0 0.0485230829175 60 1 0.970802919708 0.793442100691 -27.2948786486
-0.12623 0.35028 3.35743 -0.12979 0.55971 4.22791881606 0.78258 0.98072 0.30541 0.41196 152.77952 195.62801 147.22542 138.42519 0.3 0.3 0.0 0.0 0.0 0.0 0.0 0.0 0.72115 0.0 0.0 45.47487 -0.49999 0.07399 0.0 0.0 0.0 0.0 0.0 0.0 0.0479573236725 61 0 0.95652173913 0.791101056291 -27.2948786486
-0.12623 0.35028 3.35743 -0.12979 0.55971 4.23278739942 0.78258 0.98072 0.30541 0.41196 152.77952 195.62801 147.22542 138.42519 0.3 0.3 0.0 0.0 0.0 0.0 0.0 0.0 0.72115 0.0 0.0 45.47487 -0.49999 0.07399 0.0 0.0 0.0 0.0 0.0 0.0 0.0488915656289 62 0 0.95652173913 0.790048000106 -27.2948786486
-0.12623 0.35028 3.35743 -0.12979 0.55971 4.22952943504 0.78258 0.98072 0.30541 0.41196 152.77952 195.62801 147.22542 138.42519 0.3 0.3 0.0 0.0 0.0 0.0 0.0 0.0 0.72115 0.0 0.0 45.47487 -0.49999 0.07399 0.0 0.0 0.0 0.0 0.0 0.0 0.0489842069867 63 0 0.95652173913 0.791083745545 -27.2948786486
-0.12623 0.35028 3.35743 -0.12979 0.55971 4.24133872806 0.78258 0.98072 0.30541 0.41196 152.77952 195.62801 147.22542 138.42519 0.3 0.3 0.0 0.0 0.0 0.0 0.0 0.0 0.72115 0.0 0.0 45.47487 -0.49999 0.07399 0.0 0.0 0.0 0.0 0.0 0.0 0.0481636492672 64 0 0.963503649635 0.803989232717 -27.2948786486
-0.12623 0.35028 3.35743 -0.12979 0.55971 4.22259960442 0.78258 0.98072 0.30541 0.41196 152.77952 195.62801 147.22542 138.42519 0.3 0.3 0.0 0.0 0.0 0.0 0.0 0.0 0.72115 0.0 0.0 45.47487 -0.49999 0.07399 0.0 0.0 0.0 0.0 0.0 0.0 0.0483674166034 65 0 0.95652173913 0.771273745999 -27.2948786486
-0.12623 0.35028 3.35743 -0.12979 0.55971 4.25350329249 0.78258 0.98072 0.30541 0.41196 152.77952 195.62801 147.22542 138.42519 0.3 0.3 0.0 0.0 0.0 0.0 0.0 0.0 0.72115 0.0 0.0 45.47487 -0.49999 0.07399 0.0 0.0 0.0 0.0 0.0 0.0 0.0476948828115 66 0 0.970802919708 0.809258914103 -27.2948786486
-0.12623 0.35028 3.35743 -0.12979 0.55971 4.269406944 0.78258 0.98072 0.30541 0.41196 152.77952 195.62801 147.22542 138.42519 0.3 0.3 0.0 0.0 0.0 0.0 0.0 0.0 0.72115 0.0 0.0 45.47487 -0.49999 0.07399 0.0 0.0 0.0 0.0 0.0 0.0 0.0491957860242 67 0 0.963768115942 0.810423716195 -27.2948786486
-0.12623 0.35028 3.35743 -0.12979 0.55971 4.27377425425 0.78258 0.98072 0.30541 0.41196 152.77952 195.62801 147.22542 138.42519 0.3 0.3 0.0 0.0 0.0 0.0 0.0 0.0 0.72115 0.0 0.0 45.47487 -0.49999 0.07399 0.0 0.0 0.0 0.0 0.0 0.0 0.0493734429847 68 0 0.956834532374 0.811648800509 -27.2948786486
-0.12623 0.35028 3.35743 -0.12979 0.55971 4.26506065119 0.78258 0.98072 0.30541 0.41196 152.77952 195.62801 147.22542 138.42519 0.3 0.3 0.0 0.0 0.0 0.0 0.0 0.0 0.72115 0.0 0.0 45.47487 -0.49999 0.07399 0.0 0.0 0.0 0.0 0.0 0.0 0.0484743348272 69 0 0.963768115942 0.8115992427 -27.2948786486
-0.12623 0.35028 3.35743 -0.12979 0.55971 4.31561897452 0.78258 0.98072 0.30541 0.41196 152.77952 195.62801 147.22542 138.42519 0.3 0.3 0.0 0.0 0.0 0.0 0.0 0.0 0.72115 0.0 0.0 45.47487 -0.49999 0.07399 0.0 0.0 0.0 0.0 0.0 0.0 0.0480659998571 70 0 0.94964028777 0.839259552484 -27.2948786486
-0.12623 0.35028 3.35743 -0.12979 0.55971 4.24087998692 0.78258 0.98072 0.30541 0.41196 152.77952 195.62801 147.22542 138.42519 0.3 0.3 0.0 0.0 0.0 0.0 0.0 0.0 0.72115 0.0 0.0 45.47487 -0.49999 0.07399 0.0 0.0 0.0 0.0 0.0 0.0 0.048010791851 71 0 0.963503649635 0.803874359094 -27.2948786486
-0.12623 0.35028 3.35743 -0.12979 0.55971 4.23619927182 0.78258 0.98072 0.30541 0.41196 152.77952 195.62801 147.22542 138.42519 0.3 0.3 0.0 0.0 0.0 0.0 0.0 0.0 0.72115 0.0 0.0 45.47487 -0.49999 0.07399 0.0 0.0 0.0 0.0 0.0 0.0 0.0475664463994 72 0 0.963503649635 0.79054619162 -27.2948786486
-0.12623 0.35028 3.35743 -0.12979 0.55971 4.27186984096 0.78258 0.98072 0.30541 0.41196 152.77952 195.62801 147.22542 138.42519 0.3 0.3 0.0 0.0 0.0 0.0 0.0 0.0 0.72115 0.0 0.0 45.47487 -0.49999 0.07399 0.0 0.0 0.0 0.0 0.0 0.0 0.0487998842944 73 0 0.963768115942 0.81118483156 -27.2948786486
-0.12623 0.35028 3.35743 -0.12979 0.55971 4.17329297912 0.78258 0.98072 0.30541 0.41196 152.77952 195.62801 147.22542 138.42519 0.3 0.3 0.0 0.0 0.0 0.0 0.0 0.0 0.72115 0.0 0.0 45.47487 -0.49999 0.07399 0.0 0.0 0.0 0.0 0.0 0.0 0.0485364171555 74 0 0.963503649635 0.681792369438 -27.2948786486
-0.12623 0.35028 3.35743 -0.12979 0.55971 4.24124506001 0.78258 0.98072 0.30541 0.41196 152.77952 195.62801 147.22542 138.42519 0.3 0.3 0.0 0.0 0.0 0.0 0.0 0.0 0.72115 0.0 0.0 45.47487 -0.49999 0.07399 0.0 0.0 0.0 0.0 0.0 0.0 0.0500508245441 75 0 0.963503649635 0.803965424339 -27.2948786486
-0.12623 0.35028 3.35743 -0.12979 0.55971 4.18237401045 0.78258 0.98072 0.30541 0.41196 152.77952 195.62801 147.22542 138.42519 0.3 0.3 0.0 0.0 0.0 0.0 0.0 0.0 0.72115 0.0 0.0 45.47487 -0.49999 0.07399 0.0 0.0 0.0 0.0 0.0 0.0 0.0494203338593 76 0 0.963503649635 0.729108249686 -27.2948786486
-0.12623 0.35028 3.35743 -0.12979 0.55971 4.2338096004 0.78258 0.98072 0.30541 0.41196 152.77952 195.62801 147.22542 138.42519 0.3 0.3 0.0 0.0 0.0 0.0 0.0 0.0 0.72115 0.0 0.0 45.47487 -0.49999 0.07399 0.0 0.0 0.0 0.0 0.0 0.0 0.0484663468745 77 0 0.95652173913 0.793342387681 -27.2948786486
-0.12623 0.35028 3.35743 -0.12979 0.55971 4.22172085894 0.78258 0.98072 0.30541 0.41196 152.77952 195.62801 147.22542 138.42519 0.3 0.3 0.0 0.0 0.0 0.0 0.0 0.0 0.72115 0.0 0.0 45.47487 -0.49999 0.07399 0.0 0.0 0.0 0.0 0.0 0.0 0.0479187840271 78 0 0.95652173913 0.771158945034 -27.2948786486
-0.12623 0.35028 3.35743 -0.12979 0.55971 4.21470052436 0.78258 0.98072 0.30541 0.41196 152.77952 195.62801 147.22542 138.42519 0.3 0.3 0.0 0.0 0.0 0.0 0.0 0.0 0.72115 0.0 0.0 45.47487 -0.49999 0.07399 0.0 0.0 0.0 0.0 0.0 0.0 0.0483533390808 79 0 0.949275362319 0.765275126863 -27.2948786486
-0.12623 0.35028 3.35743 -0.12979 0.55971 4.21580454331 0.78258 0.98072 0.30541 0.41196 152.77952 195.62801 147.22542 138.42519 0.3 0.3 0.0 0.0 0.0 0.0 0.0 0.0 0.72115 0.0 0.0 45.47487 -0.49999 0.07399 0.0 0.0 0.0 0.0 0.0 0.0 0.0479837029518 80 0 0.949275362319 0.765525760764 -27.2948786486
-0.12623 0.35028 3.35743 -0.12979 0.55971 4.26447742069 0.78258 0.98072 0.30541 0.41196 152.77952 195.62801 147.22542 138.42519 0.3 0.3 0.0 0.0 0.0 0.0 0.0 0.0 0.72115 0.0 0.0 45.47487 -0.49999 0.07399 0.0 0.0 0.0 0.0 0.0 0.0 0.0492871818895 81 0 0.963768115942 0.814459706237 -27.2948786486
-0.12623 0.35028 3.35743 -0.12979 0.55971 4.2450832875 0.78258 0.98072 0.30541 0.41196 152.77952 195.62801 147.22542 138.42519 0.3 0.3 0.0 0.0 0.0 0.0 0.0 0.0 0.72115 0.0 0.0 45.47487 -0.49999 0.07399 0.0 0.0 0.0 0.0 0.0 0.0 0.0482820061167 82 1 0.970802919708 0.792951080198 -27.5032889974
-0.12623 0.35028 3.35743 -0.12979 0.55971 4.28446583092 0.78258 0.98072 0.30541 0.41196 152.77952 195.62801 147.22542 138.42519 0.3 0.3 0.0 0.0 0.0 0.0 0.0 0.0 0.72115 0.0 0.0 45.47487 -0.49999 0.07399 0.0 0.0 0.0 0.0 0.0 0.0 0.0478223527054 83 0 0.963768115942 0.829451130067 -27.5032889974
-0.12623 0.35028 3.35743 -0.12979 0.55971 4.25295693446 0.78258 0.98072 0.30541 0.41196 152.77952 195.62801 147.22542 138.42519 0.3 0.3 0.0 0.0 0.0 0.0 0.0 0.0 0.72115 0.0 0.0 45.47487 -0.49999 0.07399 0.0 0.0 0.0 0.0 0.0 0.0 0.0482235643888 84 1 0.970802919708 0.809038216345 -28.6248938141
-0.12623 0.35028 3.35743 -0.12979 0.55971 4.27864391817 0.78258 0.98072 0.30541 0.41196 152.77952 195.62801 147.22542 138.42519 0.3 0.3 0.0 0.0 0.0 0.0 0.0 0.0 0.72115 0.0 0.0 45.47487 -0.49999 0.07399 0.0 0.0 0.0 0.0 0.0 0.0 0.048391479529 85 0 0.963768115942 0.812624649267 -28.6248938141
-0.12623 0.35028 3.35743 -0.12979 0.55971 4.25957622302 0.78258 0.98072 0.30541 0.41196 152.77952 195.62801 147.22542 138.42519 0.3 0.3 0.0 0.0 0.0 0.0 0.0 0.0 0.72115 0.0 0.0 45.47487 -0.49999 0.07399 0.0 0.0 0.0 0.0 0.0 0.0 0.0493323714292 86 1 0.970802919708 0.813640530296 -27.7947533609
-0.12623 0.35028 3.35743 -0.12979 0.55971 4.29492024781 0.78258 0.98072 0.30541 0.41196 152.77952 195.62801 147.22542 138.42519 0.3 0.3 0.0 0.0 0.0 0.0 0.0 0.0 0.72115 0.0 0.0 45.47487 -0.49999 0.07399 0.0 0.0 0.0 0.0 0.0 0.0 0.0489907685461 87 0 0.94964028777 0.833413042244 -27.7947533609
-0.12623 0.35028 3.35743 -0.12979 0.55971 4.21281773001 0.78258 0.98072 0.30541 0.41196 152.77952 195.62801 147.22542 138.42519 0.3 0.3 0.0 0.0 0.0 0.0 0.0 0.0 0.72115 0.0 0.0 45.47487 -0.49999 0.07399 0.0 0.0 0.0 0.0 0.0 0.0 0.0492276182753 88 0 0.949275362319 0.765494525788 -27.7947533609
-0.12623 0.35028 3.35743 -0.12979 0.55971 4.28095396869 0.78258 0.98072 0.30541 0.41196 152.77952 195.62801 147.22542 138.42519 0.3 0.3 0.0 0.0 0.0 0.0 0.0 0.0 0.72115 0.0 0.0 45.47487 -0.49999 0.07399 0.0 0.0 0.0 0.0 0.0 0.0 0.0486505240832 89 0 0.95652173913 0.831038899886 -27.7947533609
-0.12623 0.35028 3.35743 -0.12979 0.55971 4.28600858988 0.78258 0.98072 0.30541 0.41196 152.77952 195.62801 147.22542 138.42519 0.3 0.3 0.0 0.0 0.0 0.0 0.0 0.0 0.72115 0.0 0.0 45.47487 -0.49999 0.07399 0.0 0.0 0.0 0.0 0.0 0.0 0.0494359554669 90 0 0.963768115942 0.829758760957 -27.7947533609
-0.12623 0.35028 3.35743 -0.12979 0.55971 4.26411531901 0.78258 0.98072 0.30541 0.41196 152.77952 195.62801 147.22542 138.42519 0.3 0.3 0.0 0.0 0.0 0.0 0.0 0.0 0.72115 0.0 0.0 45.47487 -0.49999 0.07399 0.0 0.0 0.0 0.0 0.0 0.0 0.0495621782045 91 0 0.963768115942 0.814154727301 -27.7947533609
-0.12623 0.35028 3.35743 -0.12979 0.55971 4.26346683884 0.78258 0.98072 0.30541 0.41196 152.77952 195.62801 147.22542 138.42519 0.3 0.3 0.0 0.0 0.0 0.0 0.0 0.0 0.72115 0.0 0.0 45.47487 -0.49999 0.07399 0.0 0.0 0.0 0.0 0.0 0.0 0.0478554593301 92 0 0.963768115942 0.813982734977 -27.7947533609
-0.12623 0.35028 3.35743 -0.12979 0.55971 4.22809902717 0.78258 0.98072 0.30541 0.41196 152.77952 195.62801 147.22542 138.42519 0.3 0.3 0.0 0.0 0.0 0.0 0.0 0.0 0.72115 0.0 0.0 45.47487 -0.49999 0.07399 0.0 0.0 0.0 0.0 0.0 0.0 0.0491640487249 93 0 0.95652173913 0.79114932344 -27.7947533609
-0.12623 0.35028 3.35743 -0.12979 0.55971 4.23121269502 0.78258 0.98072 0.30541 0.41196 152.77952 195.62801 147.22542 138.42519 0.3 0.3 0.0 0.0 0.0 0.0 0.0 0.0 0.72115 0.0 0.0 45.47487 -0.49999 0.07399 0.0 0.0 0.0 0.0 0.0 0.0 0.0487527323319 94 0 0.963503649635 0.788834573317 -27.7947533609
-0.12623 0.35028 3.35743 -0.12979 0.55971 4.27337511809 0.78258 0.98072 0.30541 0.41196 152.77952 195.62801 147.22542 138.42519 0.3 0.3 0.0 0.0 0.0 0.0 0.0 0.0 0.72115 0.0 0.0 45.47487 -0.49999 0.07399 0.0 0.0 0.0 0.0 0.0 0.0 0.0501387512314 95 0 0.956834532374 0.81157214653 -27.7947533609
-0.12623 0.35028 3.35743 -0.12979 0.55971 4.21661322369 0.78258 0.98072 0.30541 0.41196 152.77952 195.62801 147.22542 138.42519 0.3 0.3 0.0 0.0 0.0 0.0 0.0 0.0 0.72115 0.0 0.0 45.47487 -0.49999 0.07399 0.0 0.0 0.0 0.0 0.0 0.0 0.0500641230393 96 0 0.949275362319 0.764114925025 -27.7947533609
-0.12623 0.35028 3.35743 -0.12979 0.55971 4.28177825874 0.78258 0.98072 0.30541 0.41196 152.77952 195.62801 147.22542 138.42519 0.3 0.3 0.0 0.0 0.0 0.0 0.0 0.0 0.72115 0.0 0.0 45.47487 -0.49999 0.07399 0.0 0.0 0.0 0.0 0.0 0.0 0.0486940943986 97 0 0.95652173913 0.831213308678 -27.7947533609
-0.12623 0.35028 3.35743 -0.12979 0.55971 4.24411762968 0.78258 0.98072 0.30541 0.41196 152.77952 195.62801 147.22542 138.42519 0.3 0.3 0.0 0.0 0.0 0.0 0.0 0.0 0.72115 0.0 0.0 45.47487 -0.49999 0.07399 0.0 0.0 0.0 0.0 0.0 0.0 0.0492726744212 98 1 0.970802919708 0.792716360216 -26.5261779308
-0.12623 0.35028 3.35743 -0.12979 0.55971 4.25775696101 0.78258 0.98072 0.30541 0.41196 152.77952 195.62801 147.22542 138.42519 0.3 0.3 0.0 0.0 0.0 0.0 0.0 0.0 0.72115 0.0 0.0 45.47487 -0.49999 0.07399 0.0 0.0 0.0 0.0 0.0 0.0 0.0488734059977 99 0 0.970802919708 0.813144035646 -26.5261779308
-0.12623 0.35028 3.35743 -0.12979 0.55971 4.23144703082 0.78258 0.98072 0.30541 0.41196 152.77952 195.62801 147.22542 138.42519 0.3 0.3 0.0 0.0 0.0 0.0 0.0 0.0 0.72115 0.0 0.0 45.47487 -0.49999 0.07399 0.0 0.0 0.0 0.0 0.0 0.0 0.0489255053333 100 0 0.963503649635 0.789262757922 -26.5261779308
