-0.12623 0.35028 3.35743 -0.12979 0.55971 4.28738666667 0.78258 0.98072 0.30541 0.41196 152.77952 195.62801 147.22542 138.42519 0.3 0.3 0.0 0.0 0.0 0.0 0.0 0.0 0.72115 0.0 0.0 45.47487 -0.49999 0.07399 0.0 0.0 0.0 0.0 0.0 0.0 0.05 0 1 0.95652173913 0.831475762645 -60.5640672379
-0.12623 0.35028 3.35743 -0.12979 0.55971 4.27860038092 0.78258 0.98072 0.30541 0.41196 152.77952 195.62801 147.22542 138.42519 0.3 0.3 0.0 0.0 0.0 0.0 0.0 0.0 0.72115 0.0 0.0 45.47487 -0.49999 0.07399 0.0 0.0 0.0 0.0 0.0 0.0 0.0503802825891 1 1 0.963768115942 0.812614573082 -40.2021855742
-0.12623 0.35028 3.35743 -0.12979 0.55971 4.28049922006 0.78258 0.98072 0.30541 0.41196 152.77952 195.62801 147.22542 138.42519 0.3 0.3 0.0 0.0 0.0 0.0 0.0 0.0 0.72115 0.0 0.0 45.47487 -0.49999 0.07399 0.0 0.0 0.0 0.0 0.0 0.0 0.0502136161456 2 0 0.95652173913 0.83094464299 -40.2021855742
-0.12623 0.35028 3.35743 -0.12979 0.55971 4.32365600264 0.78258 0.98072 0.30541 0.41196 152.77952 195.62801 147.22542 138.42519 0.3 0.3 0.0 0.0 0.0 0.0 0.0 0.0 0.72115 0.0 0.0 45.47487 -0.49999 0.07399 0.0 0.0 0.0 0.0 0.0 0.0 0.0489595420461 3 0 0.94964028777 0.841120199534 -40.2021855742
-0.12623 0.35028 3.35743 -0.12979 0.55971 4.26710999979 0.78258 0.98072 0.30541 0.41196 152.77952 195.62801 147.22542 138.42519 0.3 0.3 0.0 0.0 0.0 0.0 0.0 0.0 0.72115 0.0 0.0 45.47487 -0.49999 0.07399 0.0 0.0 0.0 0.0 0.0 0.0 0.0496403824059 4 1 0.963768115942 0.815197766618 -41.5566162597
-0.12623 0.35028 3.35743 -0.12979 0.55971 4.29071348258 0.78258 0.98072 0.30541 0.41196 152.77952 195.62801 147.22542 138.42519 0.3 0.3 0.0 0.0 0.0 0.0 0.0 0.0 0.72115 0.0 0.0 45.47487 -0.49999 0.07399 0.0 0.0 0.0 0.0 0.0 0.0 0.0500196001413 5 0 0.94964028777 0.832010470527 -41.5566162597
-0.12623 0.35028 3.35743 -0.12979 0.55971 4.26877597521 0.78258 0.98072 0.30541 0.41196 152.77952 195.62801 147.22542 138.42519 0.3 0.3 0.0 0.0 0.0 0.0 0.0 0.0 0.72115 0.0 0.0 45.47487 -0.49999 0.07399 0.0 0.0 0.0 0.0 0.0 0.0 0.0516508032299 6 1 0.963768115942 0.810249320446 -38.212860325
-0.12623 0.35028 3.35743 -0.12979 0.55971 4.2962827631 0.78258 0.98072 0.30541 0.41196 152.77952 195.62801 147.22542 138.42519 0.3 0.3 0.0 0.0 0.0 0.0 0.0 0.0 0.72115 0.0 0.0 45.47487 -0.49999 0.07399 0.0 0.0 0.0 0.0 0.0 0.0 0.0512590745288 7 0 0.94964028777 0.832677170168 -38.212860325
-0.12623 0.35028 3.35743 -0.12979 0.55971 4.2640660312 0.78258 0.98072 0.30541 0.41196 152.77952 195.62801 147.22542 138.42519 0.3 0.3 0.0 0.0 0.0 0.0 0.0 0.0 0.72115 0.0 0.0 45.47487 -0.49999 0.07399 0.0 0.0 0.0 0.0 0.0 0.0 0.0512256741354 8 1 0.963768115942 0.814137389668 -39.1436340796
-0.12623 0.35028 3.35743 -0.12979 0.55971 4.28560655614 0.78258 0.98072 0.30541 0.41196 152.77952 195.62801 147.22542 138.42519 0.3 0.3 0.0 0.0 0.0 0.0 0.0 0.0 0.72115 0.0 0.0 45.47487 -0.49999 0.07399 0.0 0.0 0.0 0.0 0.0 0.0 0.0511690953213 9 0 0.963768115942 0.829702316562 -39.1436340796
-0.12623 0.35028 3.35743 -0.12979 0.55971 4.25921731895 0.78258 0.98072 0.30541 0.41196 152.77952 195.62801 147.22542 138.42519 0.3 0.3 0.0 0.0 0.0 0.0 0.0 0.0 0.72115 0.0 0.0 45.47487 -0.49999 0.07399 0.0 0.0 0.0 0.0 0.0 0.0 0.0512722978035 10 1 0.970802919708 0.813552157919 -25.9885665017
-0.12623 0.35028 3.35743 -0.12979 0.55971 4.24284773381 0.78258 0.98072 0.30541 0.41196 152.77952 195.62801 147.22542 138.42519 0.3 0.3 0.0 0.0 0.0 0.0 0.0 0.0 0.72115 0.0 0.0 45.47487 -0.49999 0.07399 0.0 0.0 0.0 0.0 0.0 0.0 0.0508255101719 11 1 0.970802919708 0.792453084131 -25.1252228485
-0.12623 0.35028 3.35743 -0.12979 0.55971 4.19599467244 0.78258 0.98072 0.30541 0.41196 152.77952 195.62801 147.22542 138.42519 0.3 0.3 0.0 0.0 0.0 0.0 0.0 0.0 0.72115 0.0 0.0 45.47487 -0.49999 0.07399 0.0 0.0 0.0 0.0 0.0 0.0 0.0502643125853 12 1 0.970802919708 0.749640356471 -23.1031747584
-0.12623 0.35028 3.35743 -0.12979 0.55971 4.2120111087 0.78258 0.98072 0.30541 0.41196 152.77952 195.62801 147.22542 138.42519 0.3 0.3 0.0 0.0 0.0 0.0 0.0 0.0 0.72115 0.0 0.0 45.47487 -0.49999 0.07399 0.0 0.0 0.0 0.0 0.0 0.0 0.0499876795441 13 0 0.949275362319 0.765429778261 -23.1031747584
-0.12623 0.35028 3.35743 -0.12979 0.55971 4.22654494818 0.78258 0.98072 0.30541 0.41196 152.77952 195.62801 147.22542 138.42519 0.3 0.3 0.0 0.0 0.0 0.0 0.0 0.0 0.72115 0.0 0.0 45.47487 -0.49999 0.07399 0.0 0.0 0.0 0.0 0.0 0.0 0.0510471947049 14 0 0.95652173913 0.790756838834 -23.1031747584
-0.12623 0.35028 3.35743 -0.12979 0.55971 4.20431725773 0.78258 0.98072 0.30541 0.41196 152.77952 195.62801 147.22542 138.42519 0.3 0.3 0.0 0.0 0.0 0.0 0.0 0.0 0.72115 0.0 0.0 45.47487 -0.49999 0.07399 0.0 0.0 0.0 0.0 0.0 0.0 0.0509447784867 15 1 0.970802919708 0.747829970375 -22.4848728712
-0.12623 0.35028 3.35743 -0.12979 0.55971 4.20506286197 0.78258 0.98072 0.30541 0.41196 152.77952 195.62801 147.22542 138.42519 0.3 0.3 0.0 0.0 0.0 0.0 0.0 0.0 0.72115 0.0 0.0 45.47487 -0.49999 0.07399 0.0 0.0 0.0 0.0 0.0 0.0 0.0510689429074 16 1 0.970802919708 0.747930351753 -22.3988390415
-0.12623 0.35028 3.35743 -0.12979 0.55971 4.16699058491 0.78258 0.98072 0.30541 0.41196 152.77952 195.62801 147.22542 138.42519 0.3 0.3 0.0 0.0 0.0 0.0 0.0 0.0 0.72115 0.0 0.0 45.47487 -0.49999 0.07399 0.0 0.0 0.0 0.0 0.0 0.0 0.0515201245998 17 1 0.970588235294 0.620513317313 -15.9777788536
-0.12623 0.35028 3.35743 -0.12979 0.55971 4.15322938562 0.78258 0.98072 0.30541 0.41196 152.77952 195.62801 147.22542 138.42519 0.3 0.3 0.0 0.0 0.0 0.0 0.0 0.0 0.72115 0.0 0.0 45.47487 -0.49999 0.07399 0.0 0.0 0.0 0.0 0.0 0.0 0.0514958450991 18 1 0.970588235294 0.596731445165 -14.926988676
-0.12623 0.35028 3.35743 -0.12979 0.55971 4.16531893535 0.78258 0.98072 0.30541 0.41196 152.77952 195.62801 147.22542 138.42519 0.3 0.3 0.0 0.0 0.0 0.0 0.0 0.0 0.72115 0.0 0.0 45.47487 -0.49999 0.07399 0.0 0.0 0.0 0.0 0.0 0.0 0.049821734957 19 0 0.970588235294 0.602278365204 -14.926988676
-0.12623 0.35028 3.35743 -0.12979 0.55971 4.19829786395 0.78258 0.98072 0.30541 0.41196 152.77952 195.62801 147.22542 138.42519 0.3 0.3 0.0 0.0 0.0 0.0 0.0 0.0 0.72115 0.0 0.0 45.47487 -0.49999 0.07399 0.0 0.0 0.0 0.0 0.0 0.0 0.0520462482726 20 0 0.970802919708 0.737433043756 -14.926988676
-0.12623 0.35028 3.35743 -0.12979 0.55971 4.1817060555 0.78258 0.98072 0.30541 0.41196 152.77952 195.62801 147.22542 138.42519 0.3 0.3 0.0 0.0 0.0 0.0 0.0 0.0 0.72115 0.0 0.0 45.47487 -0.49999 0.07399 0.0 0.0 0.0 0.0 0.0 0.0 0.0512129876389 21 0 0.963503649635 0.728899483334 -14.926988676
-0.12623 0.35028 3.35743 -0.12979 0.55971 4.15521159788 0.78258 0.98072 0.30541 0.41196 152.77952 195.62801 147.22542 138.42519 0.3 0.3 0.0 0.0 0.0 0.0 0.0 0.0 0.72115 0.0 0.0 45.47487 -0.49999 0.07399 0.0 0.0 0.0 0.0 0.0 0.0 0.0524445487775 22 1 0.970588235294 0.598068251025 -14.5835281639
-0.12623 0.35028 3.35743 -0.12979 0.55971 4.1396511311 0.78258 0.98072 0.30541 0.41196 152.77952 195.62801 147.22542 138.42519 0.3 0.3 0.0 0.0 0.0 0.0 0.0 0.0 0.72115 0.0 0.0 45.47487 -0.49999 0.07399 0.0 0.0 0.0 0.0 0.0 0.0 0.0519356440817 23 1 0.977941176471 0.607319819745 -9.37614532349
-0.12623 0.35028 3.35743 -0.12979 0.55971 4.14463916268 0.78258 0.98072 0.30541 0.41196 152.77952 195.62801 147.22542 138.42519 0.3 0.3 0.0 0.0 0.0 0.0 0.0 0.0 0.72115 0.0 0.0 45.47487 -0.49999 0.07399 0.0 0.0 0.0 0.0 0.0 0.0 0.0513784089382 24 0 0.977941176471 0.636811531407 -9.37614532349
-0.12623 0.35028 3.35743 -0.12979 0.55971 4.16299486513 0.78258 0.98072 0.30541 0.41196 152.77952 195.62801 147.22542 138.42519 0.3 0.3 0.0 0.0 0.0 0.0 0.0 0.0 0.72115 0.0 0.0 45.47487 -0.49999 0.07399 0.0 0.0 0.0 0.0 0.0 0.0 0.0518954024933 25 0 0.970588235294 0.604674658909 -9.37614532349
-0.12623 0.35028 3.35743 -0.12979 0.55971 4.12958771521 0.78258 0.98072 0.30541 0.41196 152.77952 195.62801 147.22542 138.42519 0.3 0.3 0.0 0.0 0.0 0.0 0.0 0.0 0.72115 0.0 0.0 45.47487 -0.49999 0.07399 0.0 0.0 0.0 0.0 0.0 0.0 0.0523304718298 26 1 0.977941176471 0.502383756639 -6.96445970046
-0.12623 0.35028 3.35743 -0.12979 0.55971 4.12472597674 0.78258 0.98072 0.30541 0.41196 152.77952 195.62801 147.22542 138.42519 0.3 0.3 0.0 0.0 0.0 0.0 0.0 0.0 0.72115 0.0 0.0 45.47487 -0.49999 0.07399 0.0 0.0 0.0 0.0 0.0 0.0 0.0523836515431 27 0 0.970802919708 0.502527350097 -6.96445970046
-0.12623 0.35028 3.35743 -0.12979 0.55971 4.13374619629 0.78258 0.98072 0.30541 0.41196 152.77952 195.62801 147.22542 138.42519 0.3 0.3 0.0 0.0 0.0 0.0 0.0 0.0 0.72115 0.0 0.0 45.47487 -0.49999 0.07399 0.0 0.0 0.0 0.0 0.0 0.0 0.0526310824242 28 0 0.977941176471 0.592883623965 -6.96445970046
-0.12623 0.35028 3.35743 -0.12979 0.55971 4.15455800393 0.78258 0.98072 0.30541 0.41196 152.77952 195.62801 147.22542 138.42519 0.3 0.3 0.0 0.0 0.0 0.0 0.0 0.0 0.72115 0.0 0.0 45.47487 -0.49999 0.07399 0.0 0.0 0.0 0.0 0.0 0.0 0.0524004987874 29 0 0.970588235294 0.59800768427 -6.96445970046
-0.12623 0.35028 3.35743 -0.12979 0.55971 4.10564067576 0.78258 0.98072 0.30541 0.41196 152.77952 195.62801 147.22542 138.42519 0.3 0.3 0.0 0.0 0.0 0.0 0.0 0.0 0.72115 0.0 0.0 45.47487 -0.49999 0.07399 0.0 0.0 0.0 0.0 0.0 0.0 0.0524196713946 30 1 0.985401459854 0.472680300147 -3.87521981621
-0.12623 0.35028 3.35743 -0.12979 0.55971 4.11651286389 0.78258 0.98072 0.30541 0.41196 152.77952 195.62801 147.22542 138.42519 0.3 0.3 0.0 0.0 0.0 0.0 0.0 0.0 0.72115 0.0 0.0 45.47487 -0.49999 0.07399 0.0 0.0 0.0 0.0 0.0 0.0 0.0523886052065 31 1 0.985401459854 0.470717992236 -3.85909821431
-0.12623 0.35028 3.35743 -0.12979 0.55971 4.12758265435 0.78258 0.98072 0.30541 0.41196 152.77952 195.62801 147.22542 138.42519 0.3 0.3 0.0 0.0 0.0 0.0 0.0 0.0 0.72115 0.0 0.0 45.47487 -0.49999 0.07399 0.0 0.0 0.0 0.0 0.0 0.0 0.0525711098223 32 0 0.977941176471 0.501027363432 -3.85909821431
-0.12623 0.35028 3.35743 -0.12979 0.55971 4.08533585233 0.78258 0.98072 0.30541 0.41196 152.77952 195.62801 147.22542 138.42519 0.3 0.3 0.0 0.0 0.0 0.0 0.0 0.0 0.72115 0.0 0.0 45.47487 -0.49999 0.07399 0.0 0.0 0.0 0.0 0.0 0.0 0.0529549245997 33 1 0.985401459854 0.447682712764 -3.67848908425
-0.12623 0.35028 3.35743 -0.12979 0.55971 4.14402471354 0.78258 0.98072 0.30541 0.41196 152.77952 195.62801 147.22542 138.42519 0.3 0.3 0.0 0.0 0.0 0.0 0.0 0.0 0.72115 0.0 0.0 45.47487 -0.49999 0.07399 0.0 0.0 0.0 0.0 0.0 0.0 0.0525039726157 34 0 0.977941176471 0.636661979338 -3.67848908425
-0.12623 0.35028 3.35743 -0.12979 0.55971 4.06132532904 0.78258 0.98072 0.30541 0.41196 152.77952 195.62801 147.22542 138.42519 0.3 0.3 0.0 0.0 0.0 0.0 0.0 0.0 0.72115 0.0 0.0 45.47487 -0.49999 0.07399 0.0 0.0 0.0 0.0 0.0 0.0 0.052733931934 35 1 0.992647058824 0.40330211952 -2.30446264029
-0.12623 0.35028 3.35743 -0.12979 0.55971 4.03945541789 0.78258 0.98072 0.30541 0.41196 152.77952 195.62801 147.22542 138.42519 0.3 0.3 0.0 0.0 0.0 0.0 0.0 0.0 0.72115 0.0 0.0 45.47487 -0.49999 0.07399 0.0 0.0 0.0 0.0 0.0 0.0 0.0520191753185 36 1 1.0 0.455442102975 -1.89667628
-0.12623 0.35028 3.35743 -0.12979 0.55971 4.0772756482 0.78258 0.98072 0.30541 0.41196 152.77952 195.62801 147.22542 138.42519 0.3 0.3 0.0 0.0 0.0 0.0 0.0 0.0 0.72115 0.0 0.0 45.47487 -0.49999 0.07399 0.0 0.0 0.0 0.0 0.0 0.0 0.0526290204248 37 1 0.992647058824 0.420416851377 -2.32916088685
-0.12623 0.35028 3.35743 -0.12979 0.55971 4.10211128647 0.78258 0.98072 0.30541 0.41196 152.77952 195.62801 147.22542 138.42519 0.3 0.3 0.0 0.0 0.0 0.0 0.0 0.0 0.72115 0.0 0.0 45.47487 -0.49999 0.07399 0.0 0.0 0.0 0.0 0.0 0.0 0.0517154265607 38 1 0.985401459854 0.479614790547 -3.93690511616
-0.12623 0.35028 3.35743 -0.12979 0.55971 4.08275816554 0.78258 0.98072 0.30541 0.41196 152.77952 195.62801 147.22542 138.42519 0.3 0.3 0.0 0.0 0.0 0.0 0.0 0.0 0.72115 0.0 0.0 45.47487 -0.49999 0.07399 0.0 0.0 0.0 0.0 0.0 0.0 0.0514440551164 39 1 0.985401459854 0.447144556632 -3.66663820065
-0.12623 0.35028 3.35743 -0.12979 0.55971 4.08700021411 0.78258 0.98072 0.30541 0.41196 152.77952 195.62801 147.22542 138.42519 0.3 0.3 0.0 0.0 0.0 0.0 0.0 0.0 0.72115 0.0 0.0 45.47487 -0.49999 0.07399 0.0 0.0 0.0 0.0 0.0 0.0 0.0507420900351 40 1 0.985401459854 0.474978674132 -3.90621687799
-0.12623 0.35028 3.35743 -0.12979 0.55971 4.06863290518 0.78258 0.98072 0.30541 0.41196 152.77952 195.62801 147.22542 138.42519 0.3 0.3 0.0 0.0 0.0 0.0 0.0 0.0 0.72115 0.0 0.0 45.47487 -0.49999 0.07399 0.0 0.0 0.0 0.0 0.0 0.0 0.0501817988362 41 1 0.992647058824 0.415062529106 -2.18219565181
-0.12623 0.35028 3.35743 -0.12979 0.55971 4.04829144182 0.78258 0.98072 0.30541 0.41196 152.77952 195.62801 147.22542 138.42519 0.3 0.3 0.0 0.0 0.0 0.0 0.0 0.0 0.72115 0.0 0.0 45.47487 -0.49999 0.07399 0.0 0.0 0.0 0.0 0.0 0.0 0.0505191805271 42 1 1.0 0.279619792314 -1.78972327407
-0.12623 0.35028 3.35743 -0.12979 0.55971 4.04657993815 0.78258 0.98072 0.30541 0.41196 152.77952 195.62801 147.22542 138.42519 0.3 0.3 0.0 0.0 0.0 0.0 0.0 0.0 0.72115 0.0 0.0 45.47487 -0.49999 0.07399 0.0 0.0 0.0 0.0 0.0 0.0 0.0506307591097 43 1 1.0 0.269208777013 -1.79757481076
-0.12623 0.35028 3.35743 -0.12979 0.55971 4.06058008397 0.78258 0.98072 0.30541 0.41196 152.77952 195.62801 147.22542 138.42519 0.3 0.3 0.0 0.0 0.0 0.0 0.0 0.0 0.72115 0.0 0.0 45.47487 -0.49999 0.07399 0.0 0.0 0.0 0.0 0.0 0.0 0.0498463470464 44 1 0.992647058824 0.401068743565 -2.13650594839
-0.12623 0.35028 3.35743 -0.12979 0.55971 4.08057302374 0.78258 0.98072 0.30541 0.41196 152.77952 195.62801 147.22542 138.42519 0.3 0.3 0.0 0.0 0.0 0.0 0.0 0.0 0.72115 0.0 0.0 45.47487 -0.49999 0.07399 0.0 0.0 0.0 0.0 0.0 0.0 0.0501004491001 45 1 0.992647058824 0.443239643357 -2.23647535271
-0.12623 0.35028 3.35743 -0.12979 0.55971 4.08646830784 0.78258 0.98072 0.30541 0.41196 152.77952 195.62801 147.22542 138.42519 0.3 0.3 0.0 0.0 0.0 0.0 0.0 0.0 0.72115 0.0 0.0 45.47487 -0.49999 0.07399 0.0 0.0 0.0 0.0 0.0 0.0 0.0501086999191 46 0 0.985401459854 0.447473767825 -2.23647535271
-0.12623 0.35028 3.35743 -0.12979 0.55971 4.09987763331 0.78258 0.98072 0.30541 0.41196 152.77952 195.62801 147.22542 138.42519 0.3 0.3 0.0 0.0 0.0 0.0 0.0 0.0 0.72115 0.0 0.0 45.47487 -0.49999 0.07399 0.0 0.0 0.0 0.0 0.0 0.0 0.0504553125785 47 0 0.985401459854 0.475866757747 -2.23647535271
-0.12623 0.35028 3.35743 -0.12979 0.55971 4.0755639715 0.78258 0.98072 0.30541 0.41196 152.77952 195.62801 147.22542 138.42519 0.3 0.3 0.0 0.0 0.0 0.0 0.0 0.0 0.72115 0.0 0.0 45.47487 -0.49999 0.07399 0.0 0.0 0.0 0.0 0.0 0.0 0.05024069532 48 1 0.992647058824 0.420465885568 -2.19621514502
-0.12623 0.35028 3.35743 -0.12979 0.55971 4.09585858247 0.78258 0.98072 0.30541 0.41196 152.77952 195.62801 147.22542 138.42519 0.3 0.3 0.0 0.0 0.0 0.0 0.0 0.0 0.72115 0.0 0.0 45.47487 -0.49999 0.07399 0.0 0.0 0.0 0.0 0.0 0.0 0.0505463109766 49 0 0.985401459854 0.482149907007 -2.19621514502
-0.12623 0.35028 3.35743 -0.12979 0.55971 4.03834350101 0.78258 0.98072 0.30541 0.41196 152.77952 195.62801 147.22542 138.42519 0.3 0.3 0.0 0.0 0.0 0.0 0.0 0.0 0.72115 0.0 0.0 45.47487 -0.49999 0.07399 0.0 0.0 0.0 0.0 0.0 0.0 0.0515814499918 50 1 1.0 0.454787031904 -1.86515271195
-0.12623 0.35028 3.35743 -0.12979 0.55971 4.03351049422 0.78258 0.98072 0.30541 0.41196 152.77952 195.62801 147.22542 138.42519 0.3 0.3 0.0 0.0 0.0 0.0 0.0 0.0 0.72115 0.0 0.0 45.47487 -0.49999 0.07399 0.0 0.0 0.0 0.0 0.0 0.0 0.0517115956916 51 1 1.0 0.408701028155 -1.8744984807
-0.12623 0.35028 3.35743 -0.12979 0.55971 4.02153599407 0.78258 0.98072 0.30541 0.41196 152.77952 195.62801 147.22542 138.42519 0.3 0.3 0.0 0.0 0.0 0.0 0.0 0.0 0.72115 0.0 0.0 45.47487 -0.49999 0.07399 0.0 0.0 0.0 0.0 0.0 0.0 0.0527347218621 52 1 0.992592592593 0.113533317568 -1.97737326863
-0.12623 0.35028 3.35743 -0.12979 0.55971 4.02390265742 0.78258 0.98072 0.30541 0.41196 152.77952 195.62801 147.22542 138.42519 0.3 0.3 0.0 0.0 0.0 0.0 0.0 0.0 0.72115 0.0 0.0 45.47487 -0.49999 0.07399 0.0 0.0 0.0 0.0 0.0 0.0 0.0529854036753 53 1 1.0 0.41061655045 -1.96717194468
-0.12623 0.35028 3.35743 -0.12979 0.55971 4.01086659492 0.78258 0.98072 0.30541 0.41196 152.77952 195.62801 147.22542 138.42519 0.3 0.3 0.0 0.0 0.0 0.0 0.0 0.0 0.72115 0.0 0.0 45.47487 -0.49999 0.07399 0.0 0.0 0.0 0.0 0.0 0.0 0.053263306217 54 1 0.985294117647 0.0525669519038 -2.01137713158
-0.12623 0.35028 3.35743 -0.12979 0.55971 4.04249201116 0.78258 0.98072 0.30541 0.41196 152.77952 195.62801 147.22542 138.42519 0.3 0.3 0.0 0.0 0.0 0.0 0.0 0.0 0.72115 0.0 0.0 45.47487 -0.49999 0.07399 0.0 0.0 0.0 0.0 0.0 0.0 0.0542349435934 55 1 1.0 0.271988853348 -2.06019403837
-0.12623 0.35028 3.35743 -0.12979 0.55971 4.05814518962 0.78258 0.98072 0.30541 0.41196 152.77952 195.62801 147.22542 138.42519 0.3 0.3 0.0 0.0 0.0 0.0 0.0 0.0 0.72115 0.0 0.0 45.47487 -0.49999 0.07399 0.0 0.0 0.0 0.0 0.0 0.0 0.0547111779717 56 0 0.992647058824 0.369709221532 -2.06019403837
-0.12623 0.35028 3.35743 -0.12979 0.55971 4.05023318469 0.78258 0.98072 0.30541 0.41196 152.77952 195.62801 147.22542 138.42519 0.3 0.3 0.0 0.0 0.0 0.0 0.0 0.0 0.72115 0.0 0.0 45.47487 -0.49999 0.07399 0.0 0.0 0.0 0.0 0.0 0.0 0.0533150762585 57 1 1.0 0.279718249642 -1.99151131874
-0.12623 0.35028 3.35743 -0.12979 0.55971 4.05495620801 0.78258 0.98072 0.30541 0.41196 152.77952 195.62801 147.22542 138.42519 0.3 0.3 0.0 0.0 0.0 0.0 0.0 0.0 0.72115 0.0 0.0 45.47487 -0.49999 0.07399 0.0 0.0 0.0 0.0 0.0 0.0 0.0534185440807 58 0 0.992647058824 0.368780683423 -1.99151131874
-0.12623 0.35028 3.35743 -0.12979 0.55971 4.06967142724 0.78258 0.98072 0.30541 0.41196 152.77952 195.62801 147.22542 138.42519 0.3 0.3 0.0 0.0 0.0 0.0 0.0 0.0 0.72115 0.0 0.0 45.47487 -0.49999 0.07399 0.0 0.0 0.0 0.0 0.0 0.0 0.0547034789281 59 0 0.992647058824 0.42653882126 -1.99151131874
-0.12623 0.35028 3.35743 -0.12979 0.55971 4.05424776836 0.78258 0.98072 0.30541 0.41196 152.77952 195.62801 147.22542 138.42519 0.3 0.3 0.0 0.0 0.0 0.0 0.0 0.0 0.72115 0.0 0.0 45.47487 -0.49999 0.07399 0.0 0.0 0.0 0.0 0.0 0.0 0.0541176631763 60 1 0.992647058824 0.372718641062 -2.3398828563
-0.12623 0.35028 3.35743 -0.12979 0.55971 4.06382574265 0.78258 0.98072 0.30541 0.41196 152.77952 195.62801 147.22542 138.42519 0.3 0.3 0.0 0.0 0.0 0.0 0.0 0.0 0.72115 0.0 0.0 45.47487 -0.49999 0.07399 0.0 0.0 0.0 0.0 0.0 0.0 0.0546347123102 61 1 0.992647058824 0.415276986742 -2.44180528894
-0.12623 0.35028 3.35743 -0.12979 0.55971 4.06517223722 0.78258 0.98072 0.30541 0.41196 152.77952 195.62801 147.22542 138.42519 0.3 0.3 0.0 0.0 0.0 0.0 0.0 0.0 0.72115 0.0 0.0 45.47487 -0.49999 0.07399 0.0 0.0 0.0 0.0 0.0 0.0 0.0552820253328 62 1 0.992647058824 0.416058590107 -2.48427381467
-0.12623 0.35028 3.35743 -0.12979 0.55971 4.04202334106 0.78258 0.98072 0.30541 0.41196 152.77952 195.62801 147.22542 138.42519 0.3 0.3 0.0 0.0 0.0 0.0 0.0 0.0 0.72115 0.0 0.0 45.47487 -0.49999 0.07399 0.0 0.0 0.0 0.0 0.0 0.0 0.0554424177287 63 1 1.0 0.271997902327 -2.15206890225
-0.12623 0.35028 3.35743 -0.12979 0.55971 4.05185147096 0.78258 0.98072 0.30541 0.41196 152.77952 195.62801 147.22542 138.42519 0.3 0.3 0.0 0.0 0.0 0.0 0.0 0.0 0.72115 0.0 0.0 45.47487 -0.49999 0.07399 0.0 0.0 0.0 0.0 0.0 0.0 0.0551572181323 64 1 1.0 0.280516543383 -2.13019282834
-0.12623 0.35028 3.35743 -0.12979 0.55971 4.01504860888 0.78258 0.98072 0.30541 0.41196 152.77952 195.62801 147.22542 138.42519 0.3 0.3 0.0 0.0 0.0 0.0 0.0 0.0 0.72115 0.0 0.0 45.47487 -0.49999 0.07399 0.0 0.0 0.0 0.0 0.0 0.0 0.0546023933088 65 1 0.985294117647 0.0410350500434 -2.1016875909
-0.12623 0.35028 3.35743 -0.12979 0.55971 4.01959832907 0.78258 0.98072 0.30541 0.41196 152.77952 195.62801 147.22542 138.42519 0.3 0.3 0.0 0.0 0.0 0.0 0.0 0.0 0.72115 0.0 0.0 45.47487 -0.49999 0.07399 0.0 0.0 0.0 0.0 0.0 0.0 0.0548288164236 66 1 1.0 0.422740978957 -2.10513748736
-0.12623 0.35028 3.35743 -0.12979 0.55971 4.02051191178 0.78258 0.98072 0.30541 0.41196 152.77952 195.62801 147.22542 138.42519 0.3 0.3 0.0 0.0 0.0 0.0 0.0 0.0 0.72115 0.0 0.0 45.47487 -0.49999 0.07399 0.0 0.0 0.0 0.0 0.0 0.0 0.0548261751301 67 1 1.0 0.00142677332942 -2.1049365544
-0.12623 0.35028 3.35743 -0.12979 0.55971 4.01862162037 0.78258 0.98072 0.30541 0.41196 152.77952 195.62801 147.22542 138.42519 0.3 0.3 0.0 0.0 0.0 0.0 0.0 0.0 0.72115 0.0 0.0 45.47487 -0.49999 0.07399 0.0 0.0 0.0 0.0 0.0 0.0 0.0544281440709 68 1 0.992592592593 0.118463250327 -2.10400530291
-0.12623 0.35028 3.35743 -0.12979 0.55971 4.01019730839 0.78258 0.98072 0.30541 0.41196 152.77952 195.62801 147.22542 138.42519 0.3 0.3 0.0 0.0 0.0 0.0 0.0 0.0 0.72115 0.0 0.0 45.47487 -0.49999 0.07399 0.0 0.0 0.0 0.0 0.0 0.0 0.0541544444937 69 1 0.977941176471 0.371515041109 -4.63047015461
-0.12623 0.35028 3.35743 -0.12979 0.55971 4.01804047479 0.78258 0.98072 0.30541 0.41196 152.77952 195.62801 147.22542 138.42519 0.3 0.3 0.0 0.0 0.0 0.0 0.0 0.0 0.72115 0.0 0.0 45.47487 -0.49999 0.07399 0.0 0.0 0.0 0.0 0.0 0.0 0.0537938720842 70 1 0.985294117647 0.13330916124 -2.1765328981
-0.12623 0.35028 3.35743 -0.12979 0.55971 4.01690865675 0.78258 0.98072 0.30541 0.41196 152.77952 195.62801 147.22542 138.42519 0.3 0.3 0.0 0.0 0.0 0.0 0.0 0.0 0.72115 0.0 0.0 45.47487 -0.49999 0.07399 0.0 0.0 0.0 0.0 0.0 0.0 0.0535686500665 71 1 0.985294117647 0.132219388478 -2.15855040782
-0.12623 0.35028 3.35743 -0.12979 0.55971 4.0164513055 0.78258 0.98072 0.30541 0.41196 152.77952 195.62801 147.22542 138.42519 0.3 0.3 0.0 0.0 0.0 0.0 0.0 0.0 0.72115 0.0 0.0 45.47487 -0.49999 0.07399 0.0 0.0 0.0 0.0 0.0 0.0 0.0537873907693 72 1 0.985294117647 0.13378977016 -2.17716437659
-0.12623 0.35028 3.35743 -0.12979 0.55971 3.99311174498 0.78258 0.98072 0.30541 0.41196 152.77952 195.62801 147.22542 138.42519 0.3 0.3 0.0 0.0 0.0 0.0 0.0 0.0 0.72115 0.0 0.0 45.47487 -0.49999 0.07399 0.0 0.0 0.0 0.0 0.0 0.0 0.0539039320248 73 1 0.992647058824 0.399347228691 -2.36918581697
-0.12623 0.35028 3.35743 -0.12979 0.55971 4.01348998622 0.78258 0.98072 0.30541 0.41196 152.77952 195.62801 147.22542 138.42519 0.3 0.3 0.0 0.0 0.0 0.0 0.0 0.0 0.72115 0.0 0.0 45.47487 -0.49999 0.07399 0.0 0.0 0.0 0.0 0.0 0.0 0.054204585261 74 1 0.985294117647 0.0466409049493 -2.07592267008
-0.12623 0.35028 3.35743 -0.12979 0.55971 3.99006549253 0.78258 0.98072 0.30541 0.41196 152.77952 195.62801 147.22542 138.42519 0.3 0.3 0.0 0.0 0.0 0.0 0.0 0.0 0.72115 0.0 0.0 45.47487 -0.49999 0.07399 0.0 0.0 0.0 0.0 0.0 0.0 0.0548007871951 75 0 0.992647058824 0.405997852174 -2.07592267008
-0.12623 0.35028 3.35743 -0.12979 0.55971 3.96278067051 0.78258 0.98072 0.30541 0.41196 152.77952 195.62801 147.22542 138.42519 0.3 0.3 0.0 0.0 0.0 0.0 0.0 0.0 0.72115 0.0 0.0 45.47487 -0.49999 0.07399 0.0 0.0 0.0 0.0 0.0 0.0 0.0546617186155 76 0 0.985294117647 0.171723052534 -2.07592267008
-0.12623 0.35028 3.35743 -0.12979 0.55971 4.01269403815 0.78258 0.98072 0.30541 0.41196 152.77952 195.62801 147.22542 138.42519 0.3 0.3 0.0 0.0 0.0 0.0 0.0 0.0 0.72115 0.0 0.0 45.47487 -0.49999 0.07399 0.0 0.0 0.0 0.0 0.0 0.0 0.0548568621176 77 1 0.985294117647 0.0419685068313 -2.1215119239
-0.12623 0.35028 3.35743 -0.12979 0.55971 4.0399306529 0.78258 0.98072 0.30541 0.41196 152.77952 195.62801 147.22542 138.42519 0.3 0.3 0.0 0.0 0.0 0.0 0.0 0.0 0.72115 0.0 0.0 45.47487 -0.49999 0.07399 0.0 0.0 0.0 0.0 0.0 0.0 0.0545559961089 78 1 1.0 0.455452470877 -2.0844322876
-0.12623 0.35028 3.35743 -0.12979 0.55971 4.04128177896 0.78258 0.98072 0.30541 0.41196 152.77952 195.62801 147.22542 138.42519 0.3 0.3 0.0 0.0 0.0 0.0 0.0 0.0 0.72115 0.0 0.0 45.47487 -0.49999 0.07399 0.0 0.0 0.0 0.0 0.0 0.0 0.054783400882 79 1 1.0 0.271857168665 -2.10168385699
-0.12623 0.35028 3.35743 -0.12979 0.55971 4.02220182363 0.78258 0.98072 0.30541 0.41196 152.77952 195.62801 147.22542 138.42519 0.3 0.3 0.0 0.0 0.0 0.0 0.0 0.0 0.72115 0.0 0.0 45.47487 -0.49999 0.07399 0.0 0.0 0.0 0.0 0.0 0.0 0.0546975880192 80 1 0.992592592593 0.114062166916 -2.12200878168
-0.12623 0.35028 3.35743 -0.12979 0.55971 4.01258262251 0.78258 0.98072 0.30541 0.41196 152.77952 195.62801 147.22542 138.42519 0.3 0.3 0.0 0.0 0.0 0.0 0.0 0.0 0.72115 0.0 0.0 45.47487 -0.49999 0.07399 0.0 0.0 0.0 0.0 0.0 0.0 0.0547975435182 81 1 0.985294117647 0.0420084907927 -2.11705741474
-0.12623 0.35028 3.35743 -0.12979 0.55971 4.04053796704 0.78258 0.98072 0.30541 0.41196 152.77952 195.62801 147.22542 138.42519 0.3 0.3 0.0 0.0 0.0 0.0 0.0 0.0 0.72115 0.0 0.0 45.47487 -0.49999 0.07399 0.0 0.0 0.0 0.0 0.0 0.0 0.0546861947722 82 1 1.0 0.455537998755 -2.09430106917
-0.12623 0.35028 3.35743 -0.12979 0.55971 4.03925812768 0.78258 0.98072 0.30541 0.41196 152.77952 195.62801 147.22542 138.42519 0.3 0.3 0.0 0.0 0.0 0.0 0.0 0.0 0.72115 0.0 0.0 45.47487 -0.49999 0.07399 0.0 0.0 0.0 0.0 0.0 0.0 0.0553036532481 83 1 1.0 0.455415398156 -2.14141148997
-0.12623 0.35028 3.35743 -0.12979 0.55971 4.0346604627 0.78258 0.98072 0.30541 0.41196 152.77952 195.62801 147.22542 138.42519 0.3 0.3 0.0 0.0 0.0 0.0 0.0 0.0 0.72115 0.0 0.0 45.47487 -0.49999 0.07399 0.0 0.0 0.0 0.0 0.0 0.0 0.0558772213925 84 1 1.0 0.408797850204 -2.18562911916
-0.12623 0.35028 3.35743 -0.12979 0.55971 4.07868209668 0.78258 0.98072 0.30541 0.41196 152.77952 195.62801 147.22542 138.42519 0.3 0.3 0.0 0.0 0.0 0.0 0.0 0.0 0.72115 0.0 0.0 45.47487 -0.49999 0.07399 0.0 0.0 0.0 0.0 0.0 0.0 0.05571494144 85 0 0.992647058824 0.419649998324 -2.18562911916
-0.12623 0.35028 3.35743 -0.12979 0.55971 4.02058627892 0.78258 0.98072 0.30541 0.41196 152.77952 195.62801 147.22542 138.42519 0.3 0.3 0.0 0.0 0.0 0.0 0.0 0.0 0.72115 0.0 0.0 45.47487 -0.49999 0.07399 0.0 0.0 0.0 0.0 0.0 0.0 0.0554176305534 86 1 1.0 0.000530953488195 -2.15016330844
-0.12623 0.35028 3.35743 -0.12979 0.55971 4.03392605523 0.78258 0.98072 0.30541 0.41196 152.77952 195.62801 147.22542 138.42519 0.3 0.3 0.0 0.0 0.0 0.0 0.0 0.0 0.72115 0.0 0.0 45.47487 -0.49999 0.07399 0.0 0.0 0.0 0.0 0.0 0.0 0.0549626126739 87 1 1.0 0.408769137863 -2.11532805646
-0.12623 0.35028 3.35743 -0.12979 0.55971 4.02183713234 0.78258 0.98072 0.30541 0.41196 152.77952 195.62801 147.22542 138.42519 0.3 0.3 0.0 0.0 0.0 0.0 0.0 0.0 0.72115 0.0 0.0 45.47487 -0.49999 0.07399 0.0 0.0 0.0 0.0 0.0 0.0 0.0546424696735 88 1 0.992592592593 0.114069646497 -2.11788503204
-0.12623 0.35028 3.35743 -0.12979 0.55971 4.01064149407 0.78258 0.98072 0.30541 0.41196 152.77952 195.62801 147.22542 138.42519 0.3 0.3 0.0 0.0 0.0 0.0 0.0 0.0 0.72115 0.0 0.0 45.47487 -0.49999 0.07399 0.0 0.0 0.0 0.0 0.0 0.0 0.0554542931475 89 1 0.985294117647 0.0521605969285 -2.17450746574
-0.12623 0.35028 3.35743 -0.12979 0.55971 3.99938538987 0.78258 0.98072 0.30541 0.41196 152.77952 195.62801 147.22542 138.42519 0.3 0.3 0.0 0.0 0.0 0.0 0.0 0.0 0.72115 0.0 0.0 45.47487 -0.49999 0.07399 0.0 0.0 0.0 0.0 0.0 0.0 0.0554788814195 90 0 0.985294117647 0.396553287435 -2.17450746574
-0.12623 0.35028 3.35743 -0.12979 0.55971 3.97551101917 0.78258 0.98072 0.30541 0.41196 152.77952 195.62801 147.22542 138.42519 0.3 0.3 0.0 0.0 0.0 0.0 0.0 0.0 0.72115 0.0 0.0 45.47487 -0.49999 0.07399 0.0 0.0 0.0 0.0 0.0 0.0 0.056208512845 91 0 0.985294117647 0.373945916845 -2.17450746574
-0.12623 0.35028 3.35743 -0.12979 0.55971 4.0266010718 0.78258 0.98072 0.30541 0.41196 152.77952 195.62801 147.22542 138.42519 0.3 0.3 0.0 0.0 0.0 0.0 0.0 0.0 0.72115 0.0 0.0 45.47487 -0.49999 0.07399 0.0 0.0 0.0 0.0 0.0 0.0 0.0555122742697 92 1 1.0 0.410838920555 -2.15744375943
-0.12623 0.35028 3.35743 -0.12979 0.55971 4.02869030945 0.78258 0.98072 0.30541 0.41196 152.77952 195.62801 147.22542 138.42519 0.3 0.3 0.0 0.0 0.0 0.0 0.0 0.0 0.72115 0.0 0.0 45.47487 -0.49999 0.07399 0.0 0.0 0.0 0.0 0.0 0.0 0.055285082877 93 1 1.0 0.418801045963 -2.13998719507
-0.12623 0.35028 3.35743 -0.12979 0.55971 4.05857906118 0.78258 0.98072 0.30541 0.41196 152.77952 195.62801 147.22542 138.42519 0.3 0.3 0.0 0.0 0.0 0.0 0.0 0.0 0.72115 0.0 0.0 45.47487 -0.49999 0.07399 0.0 0.0 0.0 0.0 0.0 0.0 0.0561803758989 94 1 0.992647058824 0.369726469975 -2.47260794242
-0.12623 0.35028 3.35743 -0.12979 0.55971 4.06104114728 0.78258 0.98072 0.30541 0.41196 152.77952 195.62801 147.22542 138.42519 0.3 0.3 0.0 0.0 0.0 0.0 0.0 0.0 0.72115 0.0 0.0 45.47487 -0.49999 0.07399 0.0 0.0 0.0 0.0 0.0 0.0 0.0565729631844 95 1 0.992647058824 0.401126247713 -2.5456409954
-0.12623 0.35028 3.35743 -0.12979 0.55971 4.01720315407 0.78258 0.98072 0.30541 0.41196 152.77952 195.62801 147.22542 138.42519 0.3 0.3 0.0 0.0 0.0 0.0 0.0 0.0 0.72115 0.0 0.0 45.47487 -0.49999 0.07399 0.0 0.0 0.0 0.0 0.0 0.0 0.0570282953079 96 1 0.985294117647 0.132220548467 -2.40647385137
-0.12623 0.35028 3.35743 -0.12979 0.55971 4.00080807252 0.78258 0.98072 0.30541 0.41196 152.77952 195.62801 147.22542 138.42519 0.3 0.3 0.0 0.0 0.0 0.0 0.0 0.0 0.72115 0.0 0.0 45.47487 -0.49999 0.07399 0.0 0.0 0.0 0.0 0.0 0.0 0.056780630458 97 0 0.985294117647 0.399797059868 -2.40647385137
-0.12623 0.35028 3.35743 -0.12979 0.55971 4.02542680225 0.78258 0.98072 0.30541 0.41196 152.77952 195.62801 147.22542 138.42519 0.3 0.3 0.0 0.0 0.0 0.0 0.0 0.0 0.72115 0.0 0.0 45.47487 -0.49999 0.07399 0.0 0.0 0.0 0.0 0.0 0.0 0.0572079567065 98 1 1.0 0.410723753417 -2.28990673057
-0.12623 0.35028 3.35743 -0.12979 0.55971 4.0391213373 0.78258 0.98072 0.30541 0.41196 152.77952 195.62801 147.22542 138.42519 0.3 0.3 0.0 0.0 0.0 0.0 0.0 0.0 0.72115 0.0 0.0 45.47487 -0.49999 0.07399 0.0 0.0 0.0 0.0 0.0 0.0 0.0571718958367 99 1 1.0 0.45541016223 -2.28704990522
-0.12623 0.35028 3.35743 -0.12979 0.55971 3.98978452056 0.78258 0.98072 0.30541 0.41196 152.77952 195.62801 147.22542 138.42519 0.3 0.3 0.0 0.0 0.0 0.0 0.0 0.0 0.72115 0.0 0.0 45.47487 -0.49999 0.07399 0.0 0.0 0.0 0.0 0.0 0.0 0.057731397185 100 1 0.992647058824 0.405980891465 -2.63235835992
