-0.12623 0.35028 3.35743 -0.12979 0.55971 4.32072 0.78258 0.98072 0.30541 0.41196 152.77952 195.62801 147.22542 138.42519 0.3 0.3 0.0 0.0 0.0 0.0 0.0 0.0 0.72115 0.0 0.0 45.47487 -0.49999 0.07399 0.0 0.0 0.0 0.0 0.0 0.0 0.05 0 1 0.94964028777 0.840329589808 -82.3428815334
-0.12623 0.35028 3.35743 -0.12979 0.55971 4.27672563598 0.78258 0.98072 0.30541 0.41196 152.77952 195.62801 147.22542 138.42519 0.3 0.3 0.0 0.0 0.0 0.0 0.0 0.0 0.72115 0.0 0.0 45.47487 -0.49999 0.07399 0.0 0.0 0.0 0.0 0.0 0.0 0.0502697001578 1 1 0.963768115942 0.811666939332 -40.273713731
-0.12623 0.35028 3.35743 -0.12979 0.55971 4.28473843016 0.78258 0.98072 0.30541 0.41196 152.77952 195.62801 147.22542 138.42519 0.3 0.3 0.0 0.0 0.0 0.0 0.0 0.0 0.72115 0.0 0.0 45.47487 -0.49999 0.07399 0.0 0.0 0.0 0.0 0.0 0.0 0.0498441436622 2 0 0.963768115942 0.82953881904 -40.273713731
-0.12623 0.35028 3.35743 -0.12979 0.55971 4.31050023864 0.78258 0.98072 0.30541 0.41196 152.77952 195.62801 147.22542 138.42519 0.3 0.3 0.0 0.0 0.0 0.0 0.0 0.0 0.72115 0.0 0.0 45.47487 -0.49999 0.07399 0.0 0.0 0.0 0.0 0.0 0.0 0.0510610319756 3 0 0.94964028777 0.838189850124 -40.273713731
-0.12623 0.35028 3.35743 -0.12979 0.55971 4.28016408127 0.78258 0.98072 0.30541 0.41196 152.77952 195.62801 147.22542 138.42519 0.3 0.3 0.0 0.0 0.0 0.0 0.0 0.0 0.72115 0.0 0.0 45.47487 -0.49999 0.07399 0.0 0.0 0.0 0.0 0.0 0.0 0.0503083544855 4 0 0.963768115942 0.828605604225 -40.273713731
-0.12623 0.35028 3.35743 -0.12979 0.55971 4.24822123763 0.78258 0.98072 0.30541 0.41196 152.77952 195.62801 147.22542 138.42519 0.3 0.3 0.0 0.0 0.0 0.0 0.0 0.0 0.72115 0.0 0.0 45.47487 -0.49999 0.07399 0.0 0.0 0.0 0.0 0.0 0.0 0.0507209228212 5 1 0.970802919708 0.80603291031 -26.0232896675
-0.12623 0.35028 3.35743 -0.12979 0.55971 4.26163003223 0.78258 0.98072 0.30541 0.41196 152.77952 195.62801 147.22542 138.42519 0.3 0.3 0.0 0.0 0.0 0.0 0.0 0.0 0.72115 0.0 0.0 45.47487 -0.49999 0.07399 0.0 0.0 0.0 0.0 0.0 0.0 0.0504670922221 6 0 0.963768115942 0.813729524973 -26.0232896675
-0.12623 0.35028 3.35743 -0.12979 0.55971 4.26941402054 0.78258 0.98072 0.30541 0.41196 152.77952 195.62801 147.22542 138.42519 0.3 0.3 0.0 0.0 0.0 0.0 0.0 0.0 0.72115 0.0 0.0 45.47487 -0.49999 0.07399 0.0 0.0 0.0 0.0 0.0 0.0 0.0513625736316 7 0 0.963768115942 0.810419278721 -26.0232896675
-0.12623 0.35028 3.35743 -0.12979 0.55971 4.26860465284 0.78258 0.98072 0.30541 0.41196 152.77952 195.62801 147.22542 138.42519 0.3 0.3 0.0 0.0 0.0 0.0 0.0 0.0 0.72115 0.0 0.0 45.47487 -0.49999 0.07399 0.0 0.0 0.0 0.0 0.0 0.0 0.0509635863206 8 0 0.963768115942 0.810215991876 -26.0232896675
-0.12623 0.35028 3.35743 -0.12979 0.55971 4.22264658651 0.78258 0.98072 0.30541 0.41196 152.77952 195.62801 147.22542 138.42519 0.3 0.3 0.0 0.0 0.0 0.0 0.0 0.0 0.72115 0.0 0.0 45.47487 -0.49999 0.07399 0.0 0.0 0.0 0.0 0.0 0.0 0.049898445625 9 0 0.95652173913 0.771295412582 -26.0232896675
-0.12623 0.35028 3.35743 -0.12979 0.55971 4.25766523089 0.78258 0.98072 0.30541 0.41196 152.77952 195.62801 147.22542 138.42519 0.3 0.3 0.0 0.0 0.0 0.0 0.0 0.0 0.72115 0.0 0.0 45.47487 -0.49999 0.07399 0.0 0.0 0.0 0.0 0.0 0.0 0.0509347884869 10 1 0.970802919708 0.813123083497 -26.2598267783
-0.12623 0.35028 3.35743 -0.12979 0.55971 4.2374169417 0.78258 0.98072 0.30541 0.41196 152.77952 195.62801 147.22542 138.42519 0.3 0.3 0.0 0.0 0.0 0.0 0.0 0.0 0.72115 0.0 0.0 45.47487 -0.49999 0.07399 0.0 0.0 0.0 0.0 0.0 0.0 0.0498744647334 11 1 0.970802919708 0.788549596662 -25.7182652679
-0.12623 0.35028 3.35743 -0.12979 0.55971 4.24109156564 0.78258 0.98072 0.30541 0.41196 152.77952 195.62801 147.22542 138.42519 0.3 0.3 0.0 0.0 0.0 0.0 0.0 0.0 0.72115 0.0 0.0 45.47487 -0.49999 0.07399 0.0 0.0 0.0 0.0 0.0 0.0 0.049690939146 12 0 0.963503649635 0.803919876127 -25.7182652679
-0.12623 0.35028 3.35743 -0.12979 0.55971 4.2551662654 0.78258 0.98072 0.30541 0.41196 152.77952 195.62801 147.22542 138.42519 0.3 0.3 0.0 0.0 0.0 0.0 0.0 0.0 0.72115 0.0 0.0 45.47487 -0.49999 0.07399 0.0 0.0 0.0 0.0 0.0 0.0 0.0497081302759 13 0 0.970802919708 0.812508439797 -25.7182652679
-0.12623 0.35028 3.35743 -0.12979 0.55971 4.25627146763 0.78258 0.98072 0.30541 0.41196 152.77952 195.62801 147.22542 138.42519 0.3 0.3 0.0 0.0 0.0 0.0 0.0 0.0 0.72115 0.0 0.0 45.47487 -0.49999 0.07399 0.0 0.0 0.0 0.0 0.0 0.0 0.0506618576841 14 1 0.970802919708 0.812618199369 -26.473918303
-0.12623 0.35028 3.35743 -0.12979 0.55971 4.22283229167 0.78258 0.98072 0.30541 0.41196 152.77952 195.62801 147.22542 138.42519 0.3 0.3 0.0 0.0 0.0 0.0 0.0 0.0 0.72115 0.0 0.0 45.47487 -0.49999 0.07399 0.0 0.0 0.0 0.0 0.0 0.0 0.0501832813135 15 0 0.95652173913 0.771421162693 -26.473918303
-0.12623 0.35028 3.35743 -0.12979 0.55971 4.25641265472 0.78258 0.98072 0.30541 0.41196 152.77952 195.62801 147.22542 138.42519 0.3 0.3 0.0 0.0 0.0 0.0 0.0 0.0 0.72115 0.0 0.0 45.47487 -0.49999 0.07399 0.0 0.0 0.0 0.0 0.0 0.0 0.0493372139304 16 1 0.970802919708 0.812661252105 -27.7272187562
-0.12623 0.35028 3.35743 -0.12979 0.55971 4.23879432301 0.78258 0.98072 0.30541 0.41196 152.77952 195.62801 147.22542 138.42519 0.3 0.3 0.0 0.0 0.0 0.0 0.0 0.0 0.72115 0.0 0.0 45.47487 -0.49999 0.07399 0.0 0.0 0.0 0.0 0.0 0.0 0.0488102924885 17 1 0.970802919708 0.789813805239 -26.7822228493
-0.12623 0.35028 3.35743 -0.12979 0.55971 4.26006531775 0.78258 0.98072 0.30541 0.41196 152.77952 195.62801 147.22542 138.42519 0.3 0.3 0.0 0.0 0.0 0.0 0.0 0.0 0.72115 0.0 0.0 45.47487 -0.49999 0.07399 0.0 0.0 0.0 0.0 0.0 0.0 0.0492271801459 18 1 0.970802919708 0.81376559054 -27.9071990193
-0.12623 0.35028 3.35743 -0.12979 0.55971 4.26453680487 0.78258 0.98072 0.30541 0.41196 152.77952 195.62801 147.22542 138.42519 0.3 0.3 0.0 0.0 0.0 0.0 0.0 0.0 0.72115 0.0 0.0 45.47487 -0.49999 0.07399 0.0 0.0 0.0 0.0 0.0 0.0 0.0497511319376 19 0 0.963768115942 0.814469216139 -27.9071990193
-0.12623 0.35028 3.35743 -0.12979 0.55971 4.25564786765 0.78258 0.98072 0.30541 0.41196 152.77952 195.62801 147.22542 138.42519 0.3 0.3 0.0 0.0 0.0 0.0 0.0 0.0 0.72115 0.0 0.0 45.47487 -0.49999 0.07399 0.0 0.0 0.0 0.0 0.0 0.0 0.04954990684 20 1 0.970802919708 0.811563971838 -27.449345749
-0.12623 0.35028 3.35743 -0.12979 0.55971 4.24807649132 0.78258 0.98072 0.30541 0.41196 152.77952 195.62801 147.22542 138.42519 0.3 0.3 0.0 0.0 0.0 0.0 0.0 0.0 0.72115 0.0 0.0 45.47487 -0.49999 0.07399 0.0 0.0 0.0 0.0 0.0 0.0 0.0492404365924 21 1 0.970802919708 0.805996735561 -27.3962664677
-0.12623 0.35028 3.35743 -0.12979 0.55971 4.24948955727 0.78258 0.98072 0.30541 0.41196 152.77952 195.62801 147.22542 138.42519 0.3 0.3 0.0 0.0 0.0 0.0 0.0 0.0 0.72115 0.0 0.0 45.47487 -0.49999 0.07399 0.0 0.0 0.0 0.0 0.0 0.0 0.0495795934005 22 1 0.970802919708 0.808259129006 -27.2117399626
-0.12623 0.35028 3.35743 -0.12979 0.55971 4.27091134623 0.78258 0.98072 0.30541 0.41196 152.77952 195.62801 147.22542 138.42519 0.3 0.3 0.0 0.0 0.0 0.0 0.0 0.0 0.72115 0.0 0.0 45.47487 -0.49999 0.07399 0.0 0.0 0.0 0.0 0.0 0.0 0.0492279518682 23 0 0.963768115942 0.810913209853 -27.2117399626
-0.12623 0.35028 3.35743 -0.12979 0.55971 4.20573085058 0.78258 0.98072 0.30541 0.41196 152.77952 195.62801 147.22542 138.42519 0.3 0.3 0.0 0.0 0.0 0.0 0.0 0.0 0.72115 0.0 0.0 45.47487 -0.49999 0.07399 0.0 0.0 0.0 0.0 0.0 0.0 0.0492621557768 24 0 0.963503649635 0.751787217355 -27.2117399626
-0.12623 0.35028 3.35743 -0.12979 0.55971 4.21674703554 0.78258 0.98072 0.30541 0.41196 152.77952 195.62801 147.22542 138.42519 0.3 0.3 0.0 0.0 0.0 0.0 0.0 0.0 0.72115 0.0 0.0 45.47487 -0.49999 0.07399 0.0 0.0 0.0 0.0 0.0 0.0 0.0492073821682 25 0 0.949275362319 0.764139775851 -27.2117399626
-0.12623 0.35028 3.35743 -0.12979 0.55971 4.22041186276 0.78258 0.98072 0.30541 0.41196 152.77952 195.62801 147.22542 138.42519 0.3 0.3 0.0 0.0 0.0 0.0 0.0 0.0 0.72115 0.0 0.0 45.47487 -0.49999 0.07399 0.0 0.0 0.0 0.0 0.0 0.0 0.0492515266748 26 0 0.95652173913 0.767866032082 -27.2117399626
-0.12623 0.35028 3.35743 -0.12979 0.55971 4.23454462168 0.78258 0.98072 0.30541 0.41196 152.77952 195.62801 147.22542 138.42519 0.3 0.3 0.0 0.0 0.0 0.0 0.0 0.0 0.72115 0.0 0.0 45.47487 -0.49999 0.07399 0.0 0.0 0.0 0.0 0.0 0.0 0.0500165084735 27 1 0.970802919708 0.786101629838 -25.4443936458
-0.12623 0.35028 3.35743 -0.12979 0.55971 4.20953072146 0.78258 0.98072 0.30541 0.41196 152.77952 195.62801 147.22542 138.42519 0.3 0.3 0.0 0.0 0.0 0.0 0.0 0.0 0.72115 0.0 0.0 45.47487 -0.49999 0.07399 0.0 0.0 0.0 0.0 0.0 0.0 0.0497754432227 28 0 0.956204379562 0.763511942335 -25.4443936458
-0.12623 0.35028 3.35743 -0.12979 0.55971 4.28072411946 0.78258 0.98072 0.30541 0.41196 152.77952 195.62801 147.22542 138.42519 0.3 0.3 0.0 0.0 0.0 0.0 0.0 0.0 0.72115 0.0 0.0 45.47487 -0.49999 0.07399 0.0 0.0 0.0 0.0 0.0 0.0 0.0490947717101 29 0 0.95652173913 0.830941257809 -25.4443936458
-0.12623 0.35028 3.35743 -0.12979 0.55971 4.21832562093 0.78258 0.98072 0.30541 0.41196 152.77952 195.62801 147.22542 138.42519 0.3 0.3 0.0 0.0 0.0 0.0 0.0 0.0 0.72115 0.0 0.0 45.47487 -0.49999 0.07399 0.0 0.0 0.0 0.0 0.0 0.0 0.0500004844724 30 0 0.95652173913 0.763607634114 -25.4443936458
-0.12623 0.35028 3.35743 -0.12979 0.55971 4.27242500037 0.78258 0.98072 0.30541 0.41196 152.77952 195.62801 147.22542 138.42519 0.3 0.3 0.0 0.0 0.0 0.0 0.0 0.0 0.72115 0.0 0.0 45.47487 -0.49999 0.07399 0.0 0.0 0.0 0.0 0.0 0.0 0.0503672240884 31 0 0.963768115942 0.81128430763 -25.4443936458
-0.12623 0.35028 3.35743 -0.12979 0.55971 4.22392453314 0.78258 0.98072 0.30541 0.41196 152.77952 195.62801 147.22542 138.42519 0.3 0.3 0.0 0.0 0.0 0.0 0.0 0.0 0.72115 0.0 0.0 45.47487 -0.49999 0.07399 0.0 0.0 0.0 0.0 0.0 0.0 0.050027070842 32 0 0.95652173913 0.771633315478 -25.4443936458
-0.12623 0.35028 3.35743 -0.12979 0.55971 4.19248369758 0.78258 0.98072 0.30541 0.41196 152.77952 195.62801 147.22542 138.42519 0.3 0.3 0.0 0.0 0.0 0.0 0.0 0.0 0.72115 0.0 0.0 45.47487 -0.49999 0.07399 0.0 0.0 0.0 0.0 0.0 0.0 0.0507992606983 33 0 0.963503649635 0.749500823334 -25.4443936458
-0.12623 0.35028 3.35743 -0.12979 0.55971 4.21900202678 0.78258 0.98072 0.30541 0.41196 152.77952 195.62801 147.22542 138.42519 0.3 0.3 0.0 0.0 0.0 0.0 0.0 0.0 0.72115 0.0 0.0 45.47487 -0.49999 0.07399 0.0 0.0 0.0 0.0 0.0 0.0 0.0498388503651 34 0 0.95652173913 0.763789900326 -25.4443936458
-0.12623 0.35028 3.35743 -0.12979 0.55971 4.19815437757 0.78258 0.98072 0.30541 0.41196 152.77952 195.62801 147.22542 138.42519 0.3 0.3 0.0 0.0 0.0 0.0 0.0 0.0 0.72115 0.0 0.0 45.47487 -0.49999 0.07399 0.0 0.0 0.0 0.0 0.0 0.0 0.0503746918453 35 1 0.970802919708 0.737393533483 -22.3292680463
-0.12623 0.35028 3.35743 -0.12979 0.55971 4.20877760298 0.78258 0.98072 0.30541 0.41196 152.77952 195.62801 147.22542 138.42519 0.3 0.3 0.0 0.0 0.0 0.0 0.0 0.0 0.72115 0.0 0.0 45.47487 -0.49999 0.07399 0.0 0.0 0.0 0.0 0.0 0.0 0.050923898513 36 0 0.956204379562 0.762152762533 -22.3292680463
-0.12623 0.35028 3.35743 -0.12979 0.55971 4.18386477895 0.78258 0.98072 0.30541 0.41196 152.77952 195.62801 147.22542 138.42519 0.3 0.3 0.0 0.0 0.0 0.0 0.0 0.0 0.72115 0.0 0.0 45.47487 -0.49999 0.07399 0.0 0.0 0.0 0.0 0.0 0.0 0.0500196932761 37 0 0.963503649635 0.729420439529 -22.3292680463
-0.12623 0.35028 3.35743 -0.12979 0.55971 4.21157388594 0.78258 0.98072 0.30541 0.41196 152.77952 195.62801 147.22542 138.42519 0.3 0.3 0.0 0.0 0.0 0.0 0.0 0.0 0.72115 0.0 0.0 45.47487 -0.49999 0.07399 0.0 0.0 0.0 0.0 0.0 0.0 0.0503728380464 38 0 0.956204379562 0.763296717945 -22.3292680463
-0.12623 0.35028 3.35743 -0.12979 0.55971 4.14997187936 0.78258 0.98072 0.30541 0.41196 152.77952 195.62801 147.22542 138.42519 0.3 0.3 0.0 0.0 0.0 0.0 0.0 0.0 0.72115 0.0 0.0 45.47487 -0.49999 0.07399 0.0 0.0 0.0 0.0 0.0 0.0 0.0504487984779 39 1 0.970588235294 0.61591596181 -16.2903877887
-0.12623 0.35028 3.35743 -0.12979 0.55971 4.11753098234 0.78258 0.98072 0.30541 0.41196 152.77952 195.62801 147.22542 138.42519 0.3 0.3 0.0 0.0 0.0 0.0 0.0 0.0 0.72115 0.0 0.0 45.47487 -0.49999 0.07399 0.0 0.0 0.0 0.0 0.0 0.0 0.050527415076 40 1 0.978102189781 0.472549041829 -6.50868861653
-0.12623 0.35028 3.35743 -0.12979 0.55971 4.16702603304 0.78258 0.98072 0.30541 0.41196 152.77952 195.62801 147.22542 138.42519 0.3 0.3 0.0 0.0 0.0 0.0 0.0 0.0 0.72115 0.0 0.0 45.47487 -0.49999 0.07399 0.0 0.0 0.0 0.0 0.0 0.0 0.0503569657454 41 0 0.970588235294 0.620508890374 -6.50868861653
-0.12623 0.35028 3.35743 -0.12979 0.55971 4.13780260608 0.78258 0.98072 0.30541 0.41196 152.77952 195.62801 147.22542 138.42519 0.3 0.3 0.0 0.0 0.0 0.0 0.0 0.0 0.72115 0.0 0.0 45.47487 -0.49999 0.07399 0.0 0.0 0.0 0.0 0.0 0.0 0.0499661344878 42 0 0.977941176471 0.589130566025 -6.50868861653
-0.12623 0.35028 3.35743 -0.12979 0.55971 4.12728146234 0.78258 0.98072 0.30541 0.41196 152.77952 195.62801 147.22542 138.42519 0.3 0.3 0.0 0.0 0.0 0.0 0.0 0.0 0.72115 0.0 0.0 45.47487 -0.49999 0.07399 0.0 0.0 0.0 0.0 0.0 0.0 0.0495761935885 43 0 0.970802919708 0.500947619063 -6.50868861653
-0.12623 0.35028 3.35743 -0.12979 0.55971 4.1021933863 0.78258 0.98072 0.30541 0.41196 152.77952 195.62801 147.22542 138.42519 0.3 0.3 0.0 0.0 0.0 0.0 0.0 0.0 0.72115 0.0 0.0 45.47487 -0.49999 0.07399 0.0 0.0 0.0 0.0 0.0 0.0 0.0493108705352 44 1 0.985401459854 0.476568177174 -3.94519535117
-0.12623 0.35028 3.35743 -0.12979 0.55971 4.10517622332 0.78258 0.98072 0.30541 0.41196 152.77952 195.62801 147.22542 138.42519 0.3 0.3 0.0 0.0 0.0 0.0 0.0 0.0 0.72115 0.0 0.0 45.47487 -0.49999 0.07399 0.0 0.0 0.0 0.0 0.0 0.0 0.0493865980192 45 1 0.985401459854 0.472623410356 -3.90672961883
-0.12623 0.35028 3.35743 -0.12979 0.55971 4.11218662354 0.78258 0.98072 0.30541 0.41196 152.77952 195.62801 147.22542 138.42519 0.3 0.3 0.0 0.0 0.0 0.0 0.0 0.0 0.72115 0.0 0.0 45.47487 -0.49999 0.07399 0.0 0.0 0.0 0.0 0.0 0.0 0.0502498440852 46 1 0.985401459854 0.477918556063 -3.93959097739
-0.12623 0.35028 3.35743 -0.12979 0.55971 4.1273044202 0.78258 0.98072 0.30541 0.41196 152.77952 195.62801 147.22542 138.42519 0.3 0.3 0.0 0.0 0.0 0.0 0.0 0.0 0.72115 0.0 0.0 45.47487 -0.49999 0.07399 0.0 0.0 0.0 0.0 0.0 0.0 0.0511355800002 47 0 0.977941176471 0.500947310386 -3.93959097739
-0.12623 0.35028 3.35743 -0.12979 0.55971 4.10890431565 0.78258 0.98072 0.30541 0.41196 152.77952 195.62801 147.22542 138.42519 0.3 0.3 0.0 0.0 0.0 0.0 0.0 0.0 0.72115 0.0 0.0 45.47487 -0.49999 0.07399 0.0 0.0 0.0 0.0 0.0 0.0 0.0501581521322 48 1 0.985401459854 0.466084247846 -3.83465669531
-0.12623 0.35028 3.35743 -0.12979 0.55971 4.08983806241 0.78258 0.98072 0.30541 0.41196 152.77952 195.62801 147.22542 138.42519 0.3 0.3 0.0 0.0 0.0 0.0 0.0 0.0 0.72115 0.0 0.0 45.47487 -0.49999 0.07399 0.0 0.0 0.0 0.0 0.0 0.0 0.050397182777 49 0 0.985401459854 0.486613239796 -3.83465669531
-0.12623 0.35028 3.35743 -0.12979 0.55971 4.16188021422 0.78258 0.98072 0.30541 0.41196 152.77952 195.62801 147.22542 138.42519 0.3 0.3 0.0 0.0 0.0 0.0 0.0 0.0 0.72115 0.0 0.0 45.47487 -0.49999 0.07399 0.0 0.0 0.0 0.0 0.0 0.0 0.0510213596005 50 0 0.970588235294 0.602670609185 -3.83465669531
-0.12623 0.35028 3.35743 -0.12979 0.55971 4.11082526994 0.78258 0.98072 0.30541 0.41196 152.77952 195.62801 147.22542 138.42519 0.3 0.3 0.0 0.0 0.0 0.0 0.0 0.0 0.72115 0.0 0.0 45.47487 -0.49999 0.07399 0.0 0.0 0.0 0.0 0.0 0.0 0.050896606577 51 1 0.985401459854 0.476893656399 -3.92127540264
-0.12623 0.35028 3.35743 -0.12979 0.55971 4.1203976172 0.78258 0.98072 0.30541 0.41196 152.77952 195.62801 147.22542 138.42519 0.3 0.3 0.0 0.0 0.0 0.0 0.0 0.0 0.72115 0.0 0.0 45.47487 -0.49999 0.07399 0.0 0.0 0.0 0.0 0.0 0.0 0.0513836089246 52 0 0.978102189781 0.47223795908 -3.92127540264
-0.12623 0.35028 3.35743 -0.12979 0.55971 4.11528242731 0.78258 0.98072 0.30541 0.41196 152.77952 195.62801 147.22542 138.42519 0.3 0.3 0.0 0.0 0.0 0.0 0.0 0.0 0.72115 0.0 0.0 45.47487 -0.49999 0.07399 0.0 0.0 0.0 0.0 0.0 0.0 0.0524870466072 53 1 0.985401459854 0.477921959426 -3.91849391525
-0.12623 0.35028 3.35743 -0.12979 0.55971 4.12291239457 0.78258 0.98072 0.30541 0.41196 152.77952 195.62801 147.22542 138.42519 0.3 0.3 0.0 0.0 0.0 0.0 0.0 0.0 0.72115 0.0 0.0 45.47487 -0.49999 0.07399 0.0 0.0 0.0 0.0 0.0 0.0 0.0518023296052 54 0 0.970802919708 0.507999933494 -3.91849391525
-0.12623 0.35028 3.35743 -0.12979 0.55971 4.07571962858 0.78258 0.98072 0.30541 0.41196 152.77952 195.62801 147.22542 138.42519 0.3 0.3 0.0 0.0 0.0 0.0 0.0 0.0 0.72115 0.0 0.0 45.47487 -0.49999 0.07399 0.0 0.0 0.0 0.0 0.0 0.0 0.0518064676913 55 1 0.992647058824 0.420479815531 -2.28200502447
-0.12623 0.35028 3.35743 -0.12979 0.55971 4.04949311852 0.78258 0.98072 0.30541 0.41196 152.77952 195.62801 147.22542 138.42519 0.3 0.3 0.0 0.0 0.0 0.0 0.0 0.0 0.72115 0.0 0.0 45.47487 -0.49999 0.07399 0.0 0.0 0.0 0.0 0.0 0.0 0.0518733377238 56 1 1.0 0.279691562495 -1.88614491797
-0.12623 0.35028 3.35743 -0.12979 0.55971 4.03078323498 0.78258 0.98072 0.30541 0.41196 152.77952 195.62801 147.22542 138.42519 0.3 0.3 0.0 0.0 0.0 0.0 0.0 0.0 0.72115 0.0 0.0 45.47487 -0.49999 0.07399 0.0 0.0 0.0 0.0 0.0 0.0 0.0522469911749 57 1 1.0 0.407873784659 -1.91318471713
-0.12623 0.35028 3.35743 -0.12979 0.55971 4.04458720658 0.78258 0.98072 0.30541 0.41196 152.77952 195.62801 147.22542 138.42519 0.3 0.3 0.0 0.0 0.0 0.0 0.0 0.0 0.72115 0.0 0.0 45.47487 -0.49999 0.07399 0.0 0.0 0.0 0.0 0.0 0.0 0.0524171918783 58 1 1.0 0.273455865166 -1.92556362373
-0.12623 0.35028 3.35743 -0.12979 0.55971 4.03319253963 0.78258 0.98072 0.30541 0.41196 152.77952 195.62801 147.22542 138.42519 0.3 0.3 0.0 0.0 0.0 0.0 0.0 0.0 0.72115 0.0 0.0 45.47487 -0.49999 0.07399 0.0 0.0 0.0 0.0 0.0 0.0 0.0531165762318 59 1 1.0 0.408676073712 -1.97683882054
-0.12623 0.35028 3.35743 -0.12979 0.55971 4.03096718342 0.78258 0.98072 0.30541 0.41196 152.77952 195.62801 147.22542 138.42519 0.3 0.3 0.0 0.0 0.0 0.0 0.0 0.0 0.72115 0.0 0.0 45.47487 -0.49999 0.07399 0.0 0.0 0.0 0.0 0.0 0.0 0.0526905560677 60 1 1.0 0.407891737281 -1.94552712778
-0.12623 0.35028 3.35743 -0.12979 0.55971 4.02834343935 0.78258 0.98072 0.30541 0.41196 152.77952 195.62801 147.22542 138.42519 0.3 0.3 0.0 0.0 0.0 0.0 0.0 0.0 0.72115 0.0 0.0 45.47487 -0.49999 0.07399 0.0 0.0 0.0 0.0 0.0 0.0 0.0532792486246 61 0 1.0 0.418778937449 -1.94552712778
-0.12623 0.35028 3.35743 -0.12979 0.55971 3.93958297725 0.78258 0.98072 0.30541 0.41196 152.77952 195.62801 147.22542 138.42519 0.3 0.3 0.0 0.0 0.0 0.0 0.0 0.0 0.72115 0.0 0.0 45.47487 -0.49999 0.07399 0.0 0.0 0.0 0.0 0.0 0.0 0.0523318782519 62 1 0.992647058824 0.544158291474 -2.57700037201
-0.12623 0.35028 3.35743 -0.12979 0.55971 3.97007915551 0.78258 0.98072 0.30541 0.41196 152.77952 195.62801 147.22542 138.42519 0.3 0.3 0.0 0.0 0.0 0.0 0.0 0.0 0.72115 0.0 0.0 45.47487 -0.49999 0.07399 0.0 0.0 0.0 0.0 0.0 0.0 0.0520276362137 63 1 0.985294117647 0.165519321162 -2.14353114703
-0.12623 0.35028 3.35743 -0.12979 0.55971 3.97023018822 0.78258 0.98072 0.30541 0.41196 152.77952 195.62801 147.22542 138.42519 0.3 0.3 0.0 0.0 0.0 0.0 0.0 0.0 0.72115 0.0 0.0 45.47487 -0.49999 0.07399 0.0 0.0 0.0 0.0 0.0 0.0 0.0515035167065 64 1 0.985294117647 0.16548988832 -2.11075809476
-0.12623 0.35028 3.35743 -0.12979 0.55971 3.99245949905 0.78258 0.98072 0.30541 0.41196 152.77952 195.62801 147.22542 138.42519 0.3 0.3 0.0 0.0 0.0 0.0 0.0 0.0 0.72115 0.0 0.0 45.47487 -0.49999 0.07399 0.0 0.0 0.0 0.0 0.0 0.0 0.050542178761 65 1 0.992647058824 0.399254302926 -2.17088761599
-0.12623 0.35028 3.35743 -0.12979 0.55971 3.96693847122 0.78258 0.98072 0.30541 0.41196 152.77952 195.62801 147.22542 138.42519 0.3 0.3 0.0 0.0 0.0 0.0 0.0 0.0 0.72115 0.0 0.0 45.47487 -0.49999 0.07399 0.0 0.0 0.0 0.0 0.0 0.0 0.0505710290316 66 1 0.985294117647 0.18885066845 -2.13265739263
-0.12623 0.35028 3.35743 -0.12979 0.55971 3.9738485808 0.78258 0.98072 0.30541 0.41196 152.77952 195.62801 147.22542 138.42519 0.3 0.3 0.0 0.0 0.0 0.0 0.0 0.0 0.72115 0.0 0.0 45.47487 -0.49999 0.07399 0.0 0.0 0.0 0.0 0.0 0.0 0.0506822540095 67 0 0.985294117647 0.373962578871 -2.13265739263
-0.12623 0.35028 3.35743 -0.12979 0.55971 3.94882501268 0.78258 0.98072 0.30541 0.41196 152.77952 195.62801 147.22542 138.42519 0.3 0.3 0.0 0.0 0.0 0.0 0.0 0.0 0.72115 0.0 0.0 45.47487 -0.49999 0.07399 0.0 0.0 0.0 0.0 0.0 0.0 0.0503573818343 68 1 0.992647058824 0.495642813181 -2.36759928632
-0.12623 0.35028 3.35743 -0.12979 0.55971 3.94351310397 0.78258 0.98072 0.30541 0.41196 152.77952 195.62801 147.22542 138.42519 0.3 0.3 0.0 0.0 0.0 0.0 0.0 0.0 0.72115 0.0 0.0 45.47487 -0.49999 0.07399 0.0 0.0 0.0 0.0 0.0 0.0 0.0504647794587 69 1 0.992647058824 0.519622002563 -2.43077251867
-0.12623 0.35028 3.35743 -0.12979 0.55971 3.96047747714 0.78258 0.98072 0.30541 0.41196 152.77952 195.62801 147.22542 138.42519 0.3 0.3 0.0 0.0 0.0 0.0 0.0 0.0 0.72115 0.0 0.0 45.47487 -0.49999 0.07399 0.0 0.0 0.0 0.0 0.0 0.0 0.0491983608304 70 1 0.985294117647 0.200973083229 -2.10404005974
-0.12623 0.35028 3.35743 -0.12979 0.55971 3.92351055135 0.78258 0.98072 0.30541 0.41196 152.77952 195.62801 147.22542 138.42519 0.3 0.3 0.0 0.0 0.0 0.0 0.0 0.0 0.72115 0.0 0.0 45.47487 -0.49999 0.07399 0.0 0.0 0.0 0.0 0.0 0.0 0.0486156575979 71 1 0.992647058824 0.527203510951 -2.37364858046
-0.12623 0.35028 3.35743 -0.12979 0.55971 3.9169043079 0.78258 0.98072 0.30541 0.41196 152.77952 195.62801 147.22542 138.42519 0.3 0.3 0.0 0.0 0.0 0.0 0.0 0.0 0.72115 0.0 0.0 45.47487 -0.49999 0.07399 0.0 0.0 0.0 0.0 0.0 0.0 0.0484556131442 72 1 0.992647058824 0.52689920829 -2.36672909228
-0.12623 0.35028 3.35743 -0.12979 0.55971 3.91335163079 0.78258 0.98072 0.30541 0.41196 152.77952 195.62801 147.22542 138.42519 0.3 0.3 0.0 0.0 0.0 0.0 0.0 0.0 0.72115 0.0 0.0 45.47487 -0.49999 0.07399 0.0 0.0 0.0 0.0 0.0 0.0 0.0485164747878 73 0 0.971223021583 0.59768757337 -2.36672909228
-0.12623 0.35028 3.35743 -0.12979 0.55971 3.93219314251 0.78258 0.98072 0.30541 0.41196 152.77952 195.62801 147.22542 138.42519 0.3 0.3 0.0 0.0 0.0 0.0 0.0 0.0 0.72115 0.0 0.0 45.47487 -0.49999 0.07399 0.0 0.0 0.0 0.0 0.0 0.0 0.0485330714397 74 1 0.992647058824 0.534220052444 -2.3897280032
-0.12623 0.35028 3.35743 -0.12979 0.55971 3.93004604286 0.78258 0.98072 0.30541 0.41196 152.77952 195.62801 147.22542 138.42519 0.3 0.3 0.0 0.0 0.0 0.0 0.0 0.0 0.72115 0.0 0.0 45.47487 -0.49999 0.07399 0.0 0.0 0.0 0.0 0.0 0.0 0.0490567351973 75 0 0.992647058824 0.560754664453 -2.3897280032
-0.12623 0.35028 3.35743 -0.12979 0.55971 3.92314132607 0.78258 0.98072 0.30541 0.41196 152.77952 195.62801 147.22542 138.42519 0.3 0.3 0.0 0.0 0.0 0.0 0.0 0.0 0.72115 0.0 0.0 45.47487 -0.49999 0.07399 0.0 0.0 0.0 0.0 0.0 0.0 0.0488157245095 76 1 0.992647058824 0.52677269245 -2.38021474589
-0.12623 0.35028 3.35743 -0.12979 0.55971 3.90179837541 0.78258 0.98072 0.30541 0.41196 152.77952 195.62801 147.22542 138.42519 0.3 0.3 0.0 0.0 0.0 0.0 0.0 0.0 0.72115 0.0 0.0 45.47487 -0.49999 0.07399 0.0 0.0 0.0 0.0 0.0 0.0 0.0492926381483 77 0 0.971223021583 0.651520092787 -2.38021474589
-0.12623 0.35028 3.35743 -0.12979 0.55971 3.9422659878 0.78258 0.98072 0.30541 0.41196 152.77952 195.62801 147.22542 138.42519 0.3 0.3 0.0 0.0 0.0 0.0 0.0 0.0 0.72115 0.0 0.0 45.47487 -0.49999 0.07399 0.0 0.0 0.0 0.0 0.0 0.0 0.0477281050058 78 1 0.992647058824 0.519362188134 -2.31901194586
-0.12623 0.35028 3.35743 -0.12979 0.55971 3.97666904445 0.78258 0.98072 0.30541 0.41196 152.77952 195.62801 147.22542 138.42519 0.3 0.3 0.0 0.0 0.0 0.0 0.0 0.0 0.72115 0.0 0.0 45.47487 -0.49999 0.07399 0.0 0.0 0.0 0.0 0.0 0.0 0.0486143635031 79 1 0.992647058824 0.376024288743 -2.02217220518
-0.12623 0.35028 3.35743 -0.12979 0.55971 3.94669240799 0.78258 0.98072 0.30541 0.41196 152.77952 195.62801 147.22542 138.42519 0.3 0.3 0.0 0.0 0.0 0.0 0.0 0.0 0.72115 0.0 0.0 45.47487 -0.49999 0.07399 0.0 0.0 0.0 0.0 0.0 0.0 0.0485459591161 80 1 0.992647058824 0.416512512407 -2.10138562854
-0.12623 0.35028 3.35743 -0.12979 0.55971 3.97244386484 0.78258 0.98072 0.30541 0.41196 152.77952 195.62801 147.22542 138.42519 0.3 0.3 0.0 0.0 0.0 0.0 0.0 0.0 0.72115 0.0 0.0 45.47487 -0.49999 0.07399 0.0 0.0 0.0 0.0 0.0 0.0 0.0485082317134 81 1 0.985294117647 0.165518264596 -1.93436321478
-0.12623 0.35028 3.35743 -0.12979 0.55971 3.97022191499 0.78258 0.98072 0.30541 0.41196 152.77952 195.62801 147.22542 138.42519 0.3 0.3 0.0 0.0 0.0 0.0 0.0 0.0 0.72115 0.0 0.0 45.47487 -0.49999 0.07399 0.0 0.0 0.0 0.0 0.0 0.0 0.0491083097233 82 1 0.985294117647 0.165493442429 -1.96819524533
-0.12623 0.35028 3.35743 -0.12979 0.55971 3.96113748795 0.78258 0.98072 0.30541 0.41196 152.77952 195.62801 147.22542 138.42519 0.3 0.3 0.0 0.0 0.0 0.0 0.0 0.0 0.72115 0.0 0.0 45.47487 -0.49999 0.07399 0.0 0.0 0.0 0.0 0.0 0.0 0.0482548186021 83 1 0.985294117647 0.200866980536 -2.05558547069
-0.12623 0.35028 3.35743 -0.12979 0.55971 3.95314477902 0.78258 0.98072 0.30541 0.41196 152.77952 195.62801 147.22542 138.42519 0.3 0.3 0.0 0.0 0.0 0.0 0.0 0.0 0.72115 0.0 0.0 45.47487 -0.49999 0.07399 0.0 0.0 0.0 0.0 0.0 0.0 0.0480497594681 84 1 0.992647058824 0.418034103019 -2.08063527738
-0.12623 0.35028 3.35743 -0.12979 0.55971 3.92431658633 0.78258 0.98072 0.30541 0.41196 152.77952 195.62801 147.22542 138.42519 0.3 0.3 0.0 0.0 0.0 0.0 0.0 0.0 0.72115 0.0 0.0 45.47487 -0.49999 0.07399 0.0 0.0 0.0 0.0 0.0 0.0 0.0484025483242 85 0 0.992647058824 0.528872273312 -2.08063527738
-0.12623 0.35028 3.35743 -0.12979 0.55971 3.92723569777 0.78258 0.98072 0.30541 0.41196 152.77952 195.62801 147.22542 138.42519 0.3 0.3 0.0 0.0 0.0 0.0 0.0 0.0 0.72115 0.0 0.0 45.47487 -0.49999 0.07399 0.0 0.0 0.0 0.0 0.0 0.0 0.0476099220563 86 0 0.992647058824 0.633917002384 -2.08063527738
-0.12623 0.35028 3.35743 -0.12979 0.55971 3.92318800929 0.78258 0.98072 0.30541 0.41196 152.77952 195.62801 147.22542 138.42519 0.3 0.3 0.0 0.0 0.0 0.0 0.0 0.0 0.72115 0.0 0.0 45.47487 -0.49999 0.07399 0.0 0.0 0.0 0.0 0.0 0.0 0.047726736277 87 1 0.992647058824 0.526774588204 -2.33966831878
-0.12623 0.35028 3.35743 -0.12979 0.55971 3.91560859347 0.78258 0.98072 0.30541 0.41196 152.77952 195.62801 147.22542 138.42519 0.3 0.3 0.0 0.0 0.0 0.0 0.0 0.0 0.72115 0.0 0.0 45.47487 -0.49999 0.07399 0.0 0.0 0.0 0.0 0.0 0.0 0.0477832586213 88 0 0.985401459854 0.479559345901 -2.33966831878
-0.12623 0.35028 3.35743 -0.12979 0.55971 3.95957430547 0.78258 0.98072 0.30541 0.41196 152.77952 195.62801 147.22542 138.42519 0.3 0.3 0.0 0.0 0.0 0.0 0.0 0.0 0.72115 0.0 0.0 45.47487 -0.49999 0.07399 0.0 0.0 0.0 0.0 0.0 0.0 0.0467063730581 89 1 0.985294117647 0.201000216469 -1.98211249418
-0.12623 0.35028 3.35743 -0.12979 0.55971 3.92302948017 0.78258 0.98072 0.30541 0.41196 152.77952 195.62801 147.22542 138.42519 0.3 0.3 0.0 0.0 0.0 0.0 0.0 0.0 0.72115 0.0 0.0 45.47487 -0.49999 0.07399 0.0 0.0 0.0 0.0 0.0 0.0 0.0473591887666 90 0 0.992647058824 0.526782061464 -1.98211249418
-0.12623 0.35028 3.35743 -0.12979 0.55971 3.99257738973 0.78258 0.98072 0.30541 0.41196 152.77952 195.62801 147.22542 138.42519 0.3 0.3 0.0 0.0 0.0 0.0 0.0 0.0 0.72115 0.0 0.0 45.47487 -0.49999 0.07399 0.0 0.0 0.0 0.0 0.0 0.0 0.0468366598822 91 1 0.992647058824 0.399304821408 -1.98211810405
-0.12623 0.35028 3.35743 -0.12979 0.55971 3.97774343666 0.78258 0.98072 0.30541 0.41196 152.77952 195.62801 147.22542 138.42519 0.3 0.3 0.0 0.0 0.0 0.0 0.0 0.0 0.72115 0.0 0.0 45.47487 -0.49999 0.07399 0.0 0.0 0.0 0.0 0.0 0.0 0.0468899477335 92 1 0.992647058824 0.376328946072 -1.93529652733
-0.12623 0.35028 3.35743 -0.12979 0.55971 3.97540224611 0.78258 0.98072 0.30541 0.41196 152.77952 195.62801 147.22542 138.42519 0.3 0.3 0.0 0.0 0.0 0.0 0.0 0.0 0.72115 0.0 0.0 45.47487 -0.49999 0.07399 0.0 0.0 0.0 0.0 0.0 0.0 0.047939547062 93 0 0.985294117647 0.373940124723 -1.93529652733
-0.12623 0.35028 3.35743 -0.12979 0.55971 4.02166419112 0.78258 0.98072 0.30541 0.41196 152.77952 195.62801 147.22542 138.42519 0.3 0.3 0.0 0.0 0.0 0.0 0.0 0.0 0.72115 0.0 0.0 45.47487 -0.49999 0.07399 0.0 0.0 0.0 0.0 0.0 0.0 0.0480325358789 94 1 0.992592592593 0.113563298007 -1.65360865833
-0.12623 0.35028 3.35743 -0.12979 0.55971 4.05212839284 0.78258 0.98072 0.30541 0.41196 152.77952 195.62801 147.22542 138.42519 0.3 0.3 0.0 0.0 0.0 0.0 0.0 0.0 0.72115 0.0 0.0 45.47487 -0.49999 0.07399 0.0 0.0 0.0 0.0 0.0 0.0 0.0489638547473 95 1 1.0 0.347832185822 -1.68202676944
-0.12623 0.35028 3.35743 -0.12979 0.55971 4.01353000573 0.78258 0.98072 0.30541 0.41196 152.77952 195.62801 147.22542 138.42519 0.3 0.3 0.0 0.0 0.0 0.0 0.0 0.0 0.72115 0.0 0.0 45.47487 -0.49999 0.07399 0.0 0.0 0.0 0.0 0.0 0.0 0.0492792384513 96 1 0.985294117647 0.0418076317954 -1.72111244848
-0.12623 0.35028 3.35743 -0.12979 0.55971 4.01081116301 0.78258 0.98072 0.30541 0.41196 152.77952 195.62801 147.22542 138.42519 0.3 0.3 0.0 0.0 0.0 0.0 0.0 0.0 0.72115 0.0 0.0 45.47487 -0.49999 0.07399 0.0 0.0 0.0 0.0 0.0 0.0 0.0488395737679 97 1 0.985294117647 0.0525537448948 -1.70173276159
-0.12623 0.35028 3.35743 -0.12979 0.55971 3.99739423256 0.78258 0.98072 0.30541 0.41196 152.77952 195.62801 147.22542 138.42519 0.3 0.3 0.0 0.0 0.0 0.0 0.0 0.0 0.72115 0.0 0.0 45.47487 -0.49999 0.07399 0.0 0.0 0.0 0.0 0.0 0.0 0.0500139274534 98 0 0.985294117647 0.396796350666 -1.70173276159
-0.12623 0.35028 3.35743 -0.12979 0.55971 4.011538553 0.78258 0.98072 0.30541 0.41196 152.77952 195.62801 147.22542 138.42519 0.3 0.3 0.0 0.0 0.0 0.0 0.0 0.0 0.72115 0.0 0.0 45.47487 -0.49999 0.07399 0.0 0.0 0.0 0.0 0.0 0.0 0.0490645115624 99 1 0.985294117647 0.0525683801651 -1.7168263674
-0.12623 0.35028 3.35743 -0.12979 0.55971 4.04007851903 0.78258 0.98072 0.30541 0.41196 152.77952 195.62801 147.22542 138.42519 0.3 0.3 0.0 0.0 0.0 0.0 0.0 0.0 0.72115 0.0 0.0 45.47487 -0.49999 0.07399 0.0 0.0 0.0 0.0 0.0 0.0 0.0485173957996 100 1 1.0 0.455479539958 -1.65171577181
