-0.12623 0.35028 3.35743 -0.12979 0.55971 3.82072 0.78258 0.98072 0.30541 0.41196 152.77952 195.62801 147.22542 138.42519 0.3 0.3 0.0 0.0 0.0 0.0 0.0 0.0 0.72115 0.0 0.0 45.47487 -0.49999 0.07399 0.0 0.0 0.0 0.0 0.0 0.0 0.05 0 1 0.943661971831 0.684538483409 -68.6819788049
-0.12623 0.35028 3.35743 -0.12979 0.55971 3.83475489056 0.78258 0.98072 0.30541 0.41196 152.77952 195.62801 147.22542 138.42519 0.3 0.3 0.0 0.0 0.0 0.0 0.0 0.0 0.72115 0.0 0.0 45.47487 -0.49999 0.07399 0.0 0.0 0.0 0.0 0.0 0.0 0.0504899000683 1 1 0.950354609929 0.576068806318 -37.8829172384
-0.12623 0.35028 3.35743 -0.12979 0.55971 3.81972985324 0.78258 0.98072 0.30541 0.41196 152.77952 195.62801 147.22542 138.42519 0.3 0.3 0.0 0.0 0.0 0.0 0.0 0.0 0.72115 0.0 0.0 45.47487 -0.49999 0.07399 0.0 0.0 0.0 0.0 0.0 0.0 0.0508737152542 2 0 0.943661971831 0.68460410021 -37.8829172384
-0.12623 0.35028 3.35743 -0.12979 0.55971 3.82027837266 0.78258 0.98072 0.30541 0.41196 152.77952 195.62801 147.22542 138.42519 0.3 0.3 0.0 0.0 0.0 0.0 0.0 0.0 0.72115 0.0 0.0 45.47487 -0.49999 0.07399 0.0 0.0 0.0 0.0 0.0 0.0 0.0513826920771 3 0 0.943661971831 0.684418498567 -37.8829172384
-0.12623 0.35028 3.35743 -0.12979 0.55971 3.82636155519 0.78258 0.98072 0.30541 0.41196 152.77952 195.62801 147.22542 138.42519 0.3 0.3 0.0 0.0 0.0 0.0 0.0 0.0 0.72115 0.0 0.0 45.47487 -0.49999 0.07399 0.0 0.0 0.0 0.0 0.0 0.0 0.0501754385091 4 1 0.950354609929 0.581466987051 -39.0029373991
-0.12623 0.35028 3.35743 -0.12979 0.55971 3.8032925825 0.78258 0.98072 0.30541 0.41196 152.77952 195.62801 147.22542 138.42519 0.3 0.3 0.0 0.0 0.0 0.0 0.0 0.0 0.72115 0.0 0.0 45.47487 -0.49999 0.07399 0.0 0.0 0.0 0.0 0.0 0.0 0.0498067398346 5 0 0.944055944056 0.880258602299 -39.0029373991
-0.12623 0.35028 3.35743 -0.12979 0.55971 3.84805665379 0.78258 0.98072 0.30541 0.41196 152.77952 195.62801 147.22542 138.42519 0.3 0.3 0.0 0.0 0.0 0.0 0.0 0.0 0.72115 0.0 0.0 45.47487 -0.49999 0.07399 0.0 0.0 0.0 0.0 0.0 0.0 0.0499515955951 6 0 0.95 0.663499334031 -39.0029373991
-0.12623 0.35028 3.35743 -0.12979 0.55971 3.83634537504 0.78258 0.98072 0.30541 0.41196 152.77952 195.62801 147.22542 138.42519 0.3 0.3 0.0 0.0 0.0 0.0 0.0 0.0 0.72115 0.0 0.0 45.47487 -0.49999 0.07399 0.0 0.0 0.0 0.0 0.0 0.0 0.0497729005984 7 0 0.943262411348 0.634500374508 -39.0029373991
-0.12623 0.35028 3.35743 -0.12979 0.55971 3.81826504132 0.78258 0.98072 0.30541 0.41196 152.77952 195.62801 147.22542 138.42519 0.3 0.3 0.0 0.0 0.0 0.0 0.0 0.0 0.72115 0.0 0.0 45.47487 -0.49999 0.07399 0.0 0.0 0.0 0.0 0.0 0.0 0.0510241942686 8 0 0.943661971831 0.839409792191 -39.0029373991
-0.12623 0.35028 3.35743 -0.12979 0.55971 3.80969980273 0.78258 0.98072 0.30541 0.41196 152.77952 195.62801 147.22542 138.42519 0.3 0.3 0.0 0.0 0.0 0.0 0.0 0.0 0.72115 0.0 0.0 45.47487 -0.49999 0.07399 0.0 0.0 0.0 0.0 0.0 0.0 0.0500983624179 9 0 0.944055944056 0.865691806984 -39.0029373991
-0.12623 0.35028 3.35743 -0.12979 0.55971 3.79542084763 0.78258 0.98072 0.30541 0.41196 152.77952 195.62801 147.22542 138.42519 0.3 0.3 0.0 0.0 0.0 0.0 0.0 0.0 0.72115 0.0 0.0 45.47487 -0.49999 0.07399 0.0 0.0 0.0 0.0 0.0 0.0 0.0502801931464 10 0 0.944055944056 0.964307298106 -39.0029373991
-0.12623 0.35028 3.35743 -0.12979 0.55971 3.84581171591 0.78258 0.98072 0.30541 0.41196 152.77952 195.62801 147.22542 138.42519 0.3 0.3 0.0 0.0 0.0 0.0 0.0 0.0 0.72115 0.0 0.0 45.47487 -0.49999 0.07399 0.0 0.0 0.0 0.0 0.0 0.0 0.0499750697583 11 0 0.95 0.673431603116 -39.0029373991
-0.12623 0.35028 3.35743 -0.12979 0.55971 3.81522866705 0.78258 0.98072 0.30541 0.41196 152.77952 195.62801 147.22542 138.42519 0.3 0.3 0.0 0.0 0.0 0.0 0.0 0.0 0.72115 0.0 0.0 45.47487 -0.49999 0.07399 0.0 0.0 0.0 0.0 0.0 0.0 0.0491975838165 12 0 0.950704225352 0.8590064619 -39.0029373991
-0.12623 0.35028 3.35743 -0.12979 0.55971 3.82700464051 0.78258 0.98072 0.30541 0.41196 152.77952 195.62801 147.22542 138.42519 0.3 0.3 0.0 0.0 0.0 0.0 0.0 0.0 0.72115 0.0 0.0 45.47487 -0.49999 0.07399 0.0 0.0 0.0 0.0 0.0 0.0 0.0501814813521 13 1 0.950354609929 0.581559033708 -39.0061791942
-0.12623 0.35028 3.35743 -0.12979 0.55971 3.8029710223 0.78258 0.98072 0.30541 0.41196 152.77952 195.62801 147.22542 138.42519 0.3 0.3 0.0 0.0 0.0 0.0 0.0 0.0 0.72115 0.0 0.0 45.47487 -0.49999 0.07399 0.0 0.0 0.0 0.0 0.0 0.0 0.0502766938958 14 0 0.944055944056 0.880187609921 -39.0061791942
-0.12623 0.35028 3.35743 -0.12979 0.55971 3.83143755771 0.78258 0.98072 0.30541 0.41196 152.77952 195.62801 147.22542 138.42519 0.3 0.3 0.0 0.0 0.0 0.0 0.0 0.0 0.72115 0.0 0.0 45.47487 -0.49999 0.07399 0.0 0.0 0.0 0.0 0.0 0.0 0.0491840240826 15 1 0.950354609929 0.580496429428 -40.3214398771
-0.12623 0.35028 3.35743 -0.12979 0.55971 3.86564056988 0.78258 0.98072 0.30541 0.41196 152.77952 195.62801 147.22542 138.42519 0.3 0.3 0.0 0.0 0.0 0.0 0.0 0.0 0.72115 0.0 0.0 45.47487 -0.49999 0.07399 0.0 0.0 0.0 0.0 0.0 0.0 0.0488985118098 16 0 0.94964028777 0.684968977928 -40.3214398771
-0.12623 0.35028 3.35743 -0.12979 0.55971 3.80850466389 0.78258 0.98072 0.30541 0.41196 152.77952 195.62801 147.22542 138.42519 0.3 0.3 0.0 0.0 0.0 0.0 0.0 0.0 0.72115 0.0 0.0 45.47487 -0.49999 0.07399 0.0 0.0 0.0 0.0 0.0 0.0 0.0479255625141 17 0 0.944055944056 0.834137749938 -40.3214398771
-0.12623 0.35028 3.35743 -0.12979 0.55971 3.82416875407 0.78258 0.98072 0.30541 0.41196 152.77952 195.62801 147.22542 138.42519 0.3 0.3 0.0 0.0 0.0 0.0 0.0 0.0 0.72115 0.0 0.0 45.47487 -0.49999 0.07399 0.0 0.0 0.0 0.0 0.0 0.0 0.0497631685515 18 0 0.943661971831 0.687740547608 -40.3214398771
-0.12623 0.35028 3.35743 -0.12979 0.55971 3.83541517197 0.78258 0.98072 0.30541 0.41196 152.77952 195.62801 147.22542 138.42519 0.3 0.3 0.0 0.0 0.0 0.0 0.0 0.0 0.72115 0.0 0.0 45.47487 -0.49999 0.07399 0.0 0.0 0.0 0.0 0.0 0.0 0.0499446431846 19 0 0.943262411348 0.540419633202 -40.3214398771
-0.12623 0.35028 3.35743 -0.12979 0.55971 3.80929199926 0.78258 0.98072 0.30541 0.41196 152.77952 195.62801 147.22542 138.42519 0.3 0.3 0.0 0.0 0.0 0.0 0.0 0.0 0.72115 0.0 0.0 45.47487 -0.49999 0.07399 0.0 0.0 0.0 0.0 0.0 0.0 0.0486875828894 20 0 0.944055944056 0.865309369719 -40.3214398771
-0.12623 0.35028 3.35743 -0.12979 0.55971 3.82252151533 0.78258 0.98072 0.30541 0.41196 152.77952 195.62801 147.22542 138.42519 0.3 0.3 0.0 0.0 0.0 0.0 0.0 0.0 0.72115 0.0 0.0 45.47487 -0.49999 0.07399 0.0 0.0 0.0 0.0 0.0 0.0 0.0489365998287 21 0 0.943661971831 0.687939488217 -40.3214398771
-0.12623 0.35028 3.35743 -0.12979 0.55971 3.82892101288 0.78258 0.98072 0.30541 0.41196 152.77952 195.62801 147.22542 138.42519 0.3 0.3 0.0 0.0 0.0 0.0 0.0 0.0 0.72115 0.0 0.0 45.47487 -0.49999 0.07399 0.0 0.0 0.0 0.0 0.0 0.0 0.0487014776169 22 0 0.950354609929 0.58132313398 -40.3214398771
-0.12623 0.35028 3.35743 -0.12979 0.55971 3.86099078045 0.78258 0.98072 0.30541 0.41196 152.77952 195.62801 147.22542 138.42519 0.3 0.3 0.0 0.0 0.0 0.0 0.0 0.0 0.72115 0.0 0.0 45.47487 -0.49999 0.07399 0.0 0.0 0.0 0.0 0.0 0.0 0.0468103170999 23 0 0.956834532374 0.697308475279 -40.3214398771
-0.12623 0.35028 3.35743 -0.12979 0.55971 3.86695896574 0.78258 0.98072 0.30541 0.41196 152.77952 195.62801 147.22542 138.42519 0.3 0.3 0.0 0.0 0.0 0.0 0.0 0.0 0.72115 0.0 0.0 45.47487 -0.49999 0.07399 0.0 0.0 0.0 0.0 0.0 0.0 0.0495336292844 24 1 0.956834532374 0.534717407653 -26.1483056773
-0.12623 0.35028 3.35743 -0.12979 0.55971 3.89695516275 0.78258 0.98072 0.30541 0.41196 152.77952 195.62801 147.22542 138.42519 0.3 0.3 0.0 0.0 0.0 0.0 0.0 0.0 0.72115 0.0 0.0 45.47487 -0.49999 0.07399 0.0 0.0 0.0 0.0 0.0 0.0 0.0500311766856 25 1 0.971223021583 0.563270790865 -13.5641132885
-0.12623 0.35028 3.35743 -0.12979 0.55971 3.90720748206 0.78258 0.98072 0.30541 0.41196 152.77952 195.62801 147.22542 138.42519 0.3 0.3 0.0 0.0 0.0 0.0 0.0 0.0 0.72115 0.0 0.0 45.47487 -0.49999 0.07399 0.0 0.0 0.0 0.0 0.0 0.0 0.0497394057906 26 0 0.964285714286 0.627494241497 -13.5641132885
-0.12623 0.35028 3.35743 -0.12979 0.55971 3.84700646253 0.78258 0.98072 0.30541 0.41196 152.77952 195.62801 147.22542 138.42519 0.3 0.3 0.0 0.0 0.0 0.0 0.0 0.0 0.72115 0.0 0.0 45.47487 -0.49999 0.07399 0.0 0.0 0.0 0.0 0.0 0.0 0.0502211650577 27 0 0.95 0.663778187137 -13.5641132885
-0.12623 0.35028 3.35743 -0.12979 0.55971 3.93569513929 0.78258 0.98072 0.30541 0.41196 152.77952 195.62801 147.22542 138.42519 0.3 0.3 0.0 0.0 0.0 0.0 0.0 0.0 0.72115 0.0 0.0 45.47487 -0.49999 0.07399 0.0 0.0 0.0 0.0 0.0 0.0 0.0502078308995 28 1 0.992647058824 0.543719899934 -2.48121947899
-0.12623 0.35028 3.35743 -0.12979 0.55971 3.9134813409 0.78258 0.98072 0.30541 0.41196 152.77952 195.62801 147.22542 138.42519 0.3 0.3 0.0 0.0 0.0 0.0 0.0 0.0 0.72115 0.0 0.0 45.47487 -0.49999 0.07399 0.0 0.0 0.0 0.0 0.0 0.0 0.0503816019978 29 0 0.971223021583 0.597728535262 -2.48121947899
-0.12623 0.35028 3.35743 -0.12979 0.55971 3.94026987648 0.78258 0.98072 0.30541 0.41196 152.77952 195.62801 147.22542 138.42519 0.3 0.3 0.0 0.0 0.0 0.0 0.0 0.0 0.72115 0.0 0.0 45.47487 -0.49999 0.07399 0.0 0.0 0.0 0.0 0.0 0.0 0.0503365013264 30 1 0.992647058824 0.544156057198 -2.48771813459
-0.12623 0.35028 3.35743 -0.12979 0.55971 3.95221643952 0.78258 0.98072 0.30541 0.41196 152.77952 195.62801 147.22542 138.42519 0.3 0.3 0.0 0.0 0.0 0.0 0.0 0.0 0.72115 0.0 0.0 45.47487 -0.49999 0.07399 0.0 0.0 0.0 0.0 0.0 0.0 0.0510356116863 31 1 0.992647058824 0.417535847585 -2.23331777816
-0.12623 0.35028 3.35743 -0.12979 0.55971 3.93262906104 0.78258 0.98072 0.30541 0.41196 152.77952 195.62801 147.22542 138.42519 0.3 0.3 0.0 0.0 0.0 0.0 0.0 0.0 0.72115 0.0 0.0 45.47487 -0.49999 0.07399 0.0 0.0 0.0 0.0 0.0 0.0 0.0511294928674 32 1 0.992647058824 0.534335772131 -2.49716843309
-0.12623 0.35028 3.35743 -0.12979 0.55971 3.90461482072 0.78258 0.98072 0.30541 0.41196 152.77952 195.62801 147.22542 138.42519 0.3 0.3 0.0 0.0 0.0 0.0 0.0 0.0 0.72115 0.0 0.0 45.47487 -0.49999 0.07399 0.0 0.0 0.0 0.0 0.0 0.0 0.0509298440176 33 0 0.964285714286 0.627406704239 -2.49716843309
-0.12623 0.35028 3.35743 -0.12979 0.55971 3.90232744423 0.78258 0.98072 0.30541 0.41196 152.77952 195.62801 147.22542 138.42519 0.3 0.3 0.0 0.0 0.0 0.0 0.0 0.0 0.72115 0.0 0.0 45.47487 -0.49999 0.07399 0.0 0.0 0.0 0.0 0.0 0.0 0.0503812300087 34 0 0.971223021583 0.65156160791 -2.49716843309
-0.12623 0.35028 3.35743 -0.12979 0.55971 3.93303127234 0.78258 0.98072 0.30541 0.41196 152.77952 195.62801 147.22542 138.42519 0.3 0.3 0.0 0.0 0.0 0.0 0.0 0.0 0.72115 0.0 0.0 45.47487 -0.49999 0.07399 0.0 0.0 0.0 0.0 0.0 0.0 0.0520530787788 35 1 0.992647058824 0.53449184025 -2.54043274971
-0.12623 0.35028 3.35743 -0.12979 0.55971 3.91119323251 0.78258 0.98072 0.30541 0.41196 152.77952 195.62801 147.22542 138.42519 0.3 0.3 0.0 0.0 0.0 0.0 0.0 0.0 0.72115 0.0 0.0 45.47487 -0.49999 0.07399 0.0 0.0 0.0 0.0 0.0 0.0 0.0518453256276 36 0 0.978260869565 0.628140121729 -2.54043274971
-0.12623 0.35028 3.35743 -0.12979 0.55971 3.88326326768 0.78258 0.98072 0.30541 0.41196 152.77952 195.62801 147.22542 138.42519 0.3 0.3 0.0 0.0 0.0 0.0 0.0 0.0 0.72115 0.0 0.0 45.47487 -0.49999 0.07399 0.0 0.0 0.0 0.0 0.0 0.0 0.0513036424062 37 0 0.971223021583 0.598046237285 -2.54043274971
-0.12623 0.35028 3.35743 -0.12979 0.55971 3.95596483042 0.78258 0.98072 0.30541 0.41196 152.77952 195.62801 147.22542 138.42519 0.3 0.3 0.0 0.0 0.0 0.0 0.0 0.0 0.72115 0.0 0.0 45.47487 -0.49999 0.07399 0.0 0.0 0.0 0.0 0.0 0.0 0.0514343620291 38 1 0.992647058824 0.416350734436 -2.25317126763
-0.12623 0.35028 3.35743 -0.12979 0.55971 3.94455058247 0.78258 0.98072 0.30541 0.41196 152.77952 195.62801 147.22542 138.42519 0.3 0.3 0.0 0.0 0.0 0.0 0.0 0.0 0.72115 0.0 0.0 45.47487 -0.49999 0.07399 0.0 0.0 0.0 0.0 0.0 0.0 0.052016104623 39 0 0.992647058824 0.519592803718 -2.25317126763
-0.12623 0.35028 3.35743 -0.12979 0.55971 3.98283130475 0.78258 0.98072 0.30541 0.41196 152.77952 195.62801 147.22542 138.42519 0.3 0.3 0.0 0.0 0.0 0.0 0.0 0.0 0.72115 0.0 0.0 45.47487 -0.49999 0.07399 0.0 0.0 0.0 0.0 0.0 0.0 0.0507107840279 40 1 0.992647058824 0.186745387665 -1.88570109546
-0.12623 0.35028 3.35743 -0.12979 0.55971 4.00017287085 0.78258 0.98072 0.30541 0.41196 152.77952 195.62801 147.22542 138.42519 0.3 0.3 0.0 0.0 0.0 0.0 0.0 0.0 0.72115 0.0 0.0 45.47487 -0.49999 0.07399 0.0 0.0 0.0 0.0 0.0 0.0 0.0503338778553 41 1 0.985294117647 0.400045677608 -3.31357665998
-0.12623 0.35028 3.35743 -0.12979 0.55971 3.98187880319 0.78258 0.98072 0.30541 0.41196 152.77952 195.62801 147.22542 138.42519 0.3 0.3 0.0 0.0 0.0 0.0 0.0 0.0 0.72115 0.0 0.0 45.47487 -0.49999 0.07399 0.0 0.0 0.0 0.0 0.0 0.0 0.0507993637684 42 1 0.992647058824 0.186481879394 -1.89143652995
-0.12623 0.35028 3.35743 -0.12979 0.55971 3.98934217948 0.78258 0.98072 0.30541 0.41196 152.77952 195.62801 147.22542 138.42519 0.3 0.3 0.0 0.0 0.0 0.0 0.0 0.0 0.72115 0.0 0.0 45.47487 -0.49999 0.07399 0.0 0.0 0.0 0.0 0.0 0.0 0.0510373117078 43 1 0.992647058824 0.405512318145 -2.21030366042
-0.12623 0.35028 3.35743 -0.12979 0.55971 4.00998812723 0.78258 0.98072 0.30541 0.41196 152.77952 195.62801 147.22542 138.42519 0.3 0.3 0.0 0.0 0.0 0.0 0.0 0.0 0.72115 0.0 0.0 45.47487 -0.49999 0.07399 0.0 0.0 0.0 0.0 0.0 0.0 0.0514614588743 44 0 0.977941176471 0.371513895706 -2.21030366042
-0.12623 0.35028 3.35743 -0.12979 0.55971 3.99938453697 0.78258 0.98072 0.30541 0.41196 152.77952 195.62801 147.22542 138.42519 0.3 0.3 0.0 0.0 0.0 0.0 0.0 0.0 0.72115 0.0 0.0 45.47487 -0.49999 0.07399 0.0 0.0 0.0 0.0 0.0 0.0 0.0524531875431 45 1 0.985294117647 0.396553225626 -3.31875996086
-0.12623 0.35028 3.35743 -0.12979 0.55971 4.02476405939 0.78258 0.98072 0.30541 0.41196 152.77952 195.62801 147.22542 138.42519 0.3 0.3 0.0 0.0 0.0 0.0 0.0 0.0 0.72115 0.0 0.0 45.47487 -0.49999 0.07399 0.0 0.0 0.0 0.0 0.0 0.0 0.0525162711892 46 1 1.0 0.410668533813 -1.93278769452
-0.12623 0.35028 3.35743 -0.12979 0.55971 4.06083644497 0.78258 0.98072 0.30541 0.41196 152.77952 195.62801 147.22542 138.42519 0.3 0.3 0.0 0.0 0.0 0.0 0.0 0.0 0.72115 0.0 0.0 45.47487 -0.49999 0.07399 0.0 0.0 0.0 0.0 0.0 0.0 0.0526081676183 47 0 0.992647058824 0.401100687747 -1.93278769452
-0.12623 0.35028 3.35743 -0.12979 0.55971 4.02761445751 0.78258 0.98072 0.30541 0.41196 152.77952 195.62801 147.22542 138.42519 0.3 0.3 0.0 0.0 0.0 0.0 0.0 0.0 0.72115 0.0 0.0 45.47487 -0.49999 0.07399 0.0 0.0 0.0 0.0 0.0 0.0 0.05237249454 48 1 1.0 0.119496983299 -1.92230896513
-0.12623 0.35028 3.35743 -0.12979 0.55971 4.02482162257 0.78258 0.98072 0.30541 0.41196 152.77952 195.62801 147.22542 138.42519 0.3 0.3 0.0 0.0 0.0 0.0 0.0 0.0 0.72115 0.0 0.0 45.47487 -0.49999 0.07399 0.0 0.0 0.0 0.0 0.0 0.0 0.0516870788225 49 1 1.0 0.410673052027 -1.87273618222
-0.12623 0.35028 3.35743 -0.12979 0.55971 4.05424253325 0.78258 0.98072 0.30541 0.41196 152.77952 195.62801 147.22542 138.42519 0.3 0.3 0.0 0.0 0.0 0.0 0.0 0.0 0.72115 0.0 0.0 45.47487 -0.49999 0.07399 0.0 0.0 0.0 0.0 0.0 0.0 0.0516231994996 50 0 0.992647058824 0.372719059967 -1.87273618222
-0.12623 0.35028 3.35743 -0.12979 0.55971 3.98946868272 0.78258 0.98072 0.30541 0.41196 152.77952 195.62801 147.22542 138.42519 0.3 0.3 0.0 0.0 0.0 0.0 0.0 0.0 0.72115 0.0 0.0 45.47487 -0.49999 0.07399 0.0 0.0 0.0 0.0 0.0 0.0 0.0510765922049 51 1 0.992647058824 0.405981196457 -2.21338997434
-0.12623 0.35028 3.35743 -0.12979 0.55971 3.99140824121 0.78258 0.98072 0.30541 0.41196 152.77952 195.62801 147.22542 138.42519 0.3 0.3 0.0 0.0 0.0 0.0 0.0 0.0 0.72115 0.0 0.0 45.47487 -0.49999 0.07399 0.0 0.0 0.0 0.0 0.0 0.0 0.0506574153256 52 1 0.992647058824 0.399579466413 -2.17789123895
-0.12623 0.35028 3.35743 -0.12979 0.55971 3.96104242367 0.78258 0.98072 0.30541 0.41196 152.77952 195.62801 147.22542 138.42519 0.3 0.3 0.0 0.0 0.0 0.0 0.0 0.0 0.72115 0.0 0.0 45.47487 -0.49999 0.07399 0.0 0.0 0.0 0.0 0.0 0.0 0.0512840767666 53 1 0.985294117647 0.200897594277 -2.21723633587
-0.12623 0.35028 3.35743 -0.12979 0.55971 3.99630631429 0.78258 0.98072 0.30541 0.41196 152.77952 195.62801 147.22542 138.42519 0.3 0.3 0.0 0.0 0.0 0.0 0.0 0.0 0.72115 0.0 0.0 45.47487 -0.49999 0.07399 0.0 0.0 0.0 0.0 0.0 0.0 0.0510382255453 54 0 0.985294117647 0.396525539685 -2.21723633587
-0.12623 0.35028 3.35743 -0.12979 0.55971 3.97862577317 0.78258 0.98072 0.30541 0.41196 152.77952 195.62801 147.22542 138.42519 0.3 0.3 0.0 0.0 0.0 0.0 0.0 0.0 0.72115 0.0 0.0 45.47487 -0.49999 0.07399 0.0 0.0 0.0 0.0 0.0 0.0 0.0535156778063 55 1 0.992647058824 0.376406995164 -2.30729684041
-0.12623 0.35028 3.35743 -0.12979 0.55971 4.01461628537 0.78258 0.98072 0.30541 0.41196 152.77952 195.62801 147.22542 138.42519 0.3 0.3 0.0 0.0 0.0 0.0 0.0 0.0 0.72115 0.0 0.0 45.47487 -0.49999 0.07399 0.0 0.0 0.0 0.0 0.0 0.0 0.0544195749193 56 1 0.985294117647 0.0459279812218 -2.09144538772
-0.12623 0.35028 3.35743 -0.12979 0.55971 4.03880636267 0.78258 0.98072 0.30541 0.41196 152.77952 195.62801 147.22542 138.42519 0.3 0.3 0.0 0.0 0.0 0.0 0.0 0.0 0.72115 0.0 0.0 45.47487 -0.49999 0.07399 0.0 0.0 0.0 0.0 0.0 0.0 0.0533451649874 57 1 1.0 0.454823358443 -1.99373999234
-0.12623 0.35028 3.35743 -0.12979 0.55971 4.05728218871 0.78258 0.98072 0.30541 0.41196 152.77952 195.62801 147.22542 138.42519 0.3 0.3 0.0 0.0 0.0 0.0 0.0 0.0 0.72115 0.0 0.0 45.47487 -0.49999 0.07399 0.0 0.0 0.0 0.0 0.0 0.0 0.0540958831727 58 0 0.992647058824 0.369415214563 -1.99373999234
-0.12623 0.35028 3.35743 -0.12979 0.55971 4.05131396947 0.78258 0.98072 0.30541 0.41196 152.77952 195.62801 147.22542 138.42519 0.3 0.3 0.0 0.0 0.0 0.0 0.0 0.0 0.72115 0.0 0.0 45.47487 -0.49999 0.07399 0.0 0.0 0.0 0.0 0.0 0.0 0.0534317461731 59 1 1.0 0.280584210008 -2.00015983313
-0.12623 0.35028 3.35743 -0.12979 0.55971 4.04407034183 0.78258 0.98072 0.30541 0.41196 152.77952 195.62801 147.22542 138.42519 0.3 0.3 0.0 0.0 0.0 0.0 0.0 0.0 0.72115 0.0 0.0 45.47487 -0.49999 0.07399 0.0 0.0 0.0 0.0 0.0 0.0 0.0538120228958 60 1 1.0 0.273460824709 -2.02847558761
-0.12623 0.35028 3.35743 -0.12979 0.55971 4.0661653944 0.78258 0.98072 0.30541 0.41196 152.77952 195.62801 147.22542 138.42519 0.3 0.3 0.0 0.0 0.0 0.0 0.0 0.0 0.72115 0.0 0.0 45.47487 -0.49999 0.07399 0.0 0.0 0.0 0.0 0.0 0.0 0.0535698169944 61 1 0.992647058824 0.416164304325 -2.37750111603
-0.12623 0.35028 3.35743 -0.12979 0.55971 4.06832653475 0.78258 0.98072 0.30541 0.41196 152.77952 195.62801 147.22542 138.42519 0.3 0.3 0.0 0.0 0.0 0.0 0.0 0.0 0.72115 0.0 0.0 45.47487 -0.49999 0.07399 0.0 0.0 0.0 0.0 0.0 0.0 0.0535614705569 62 1 0.992647058824 0.415039439315 -2.37501233692
-0.12623 0.35028 3.35743 -0.12979 0.55971 4.04619082021 0.78258 0.98072 0.30541 0.41196 152.77952 195.62801 147.22542 138.42519 0.3 0.3 0.0 0.0 0.0 0.0 0.0 0.0 0.72115 0.0 0.0 45.47487 -0.49999 0.07399 0.0 0.0 0.0 0.0 0.0 0.0 0.052301716885 63 1 1.0 0.274994025638 -1.91716074247
-0.12623 0.35028 3.35743 -0.12979 0.55971 4.02346793012 0.78258 0.98072 0.30541 0.41196 152.77952 195.62801 147.22542 138.42519 0.3 0.3 0.0 0.0 0.0 0.0 0.0 0.0 0.72115 0.0 0.0 45.47487 -0.49999 0.07399 0.0 0.0 0.0 0.0 0.0 0.0 0.0521940964214 64 1 0.992592592593 0.117922981136 -1.94085486646
-0.12623 0.35028 3.35743 -0.12979 0.55971 4.04246130238 0.78258 0.98072 0.30541 0.41196 152.77952 195.62801 147.22542 138.42519 0.3 0.3 0.0 0.0 0.0 0.0 0.0 0.0 0.72115 0.0 0.0 45.47487 -0.49999 0.07399 0.0 0.0 0.0 0.0 0.0 0.0 0.0515043267014 65 1 1.0 0.271986981778 -1.85962523258
-0.12623 0.35028 3.35743 -0.12979 0.55971 4.018931806 0.78258 0.98072 0.30541 0.41196 152.77952 195.62801 147.22542 138.42519 0.3 0.3 0.0 0.0 0.0 0.0 0.0 0.0 0.72115 0.0 0.0 45.47487 -0.49999 0.07399 0.0 0.0 0.0 0.0 0.0 0.0 0.0522465500497 66 1 0.992592592593 0.118481978292 -1.94489761183
-0.12623 0.35028 3.35743 -0.12979 0.55971 3.986978233 0.78258 0.98072 0.30541 0.41196 152.77952 195.62801 147.22542 138.42519 0.3 0.3 0.0 0.0 0.0 0.0 0.0 0.0 0.72115 0.0 0.0 45.47487 -0.49999 0.07399 0.0 0.0 0.0 0.0 0.0 0.0 0.0523804128143 67 0 0.992647058824 0.405754303702 -1.94489761183
-0.12623 0.35028 3.35743 -0.12979 0.55971 4.02676063021 0.78258 0.98072 0.30541 0.41196 152.77952 195.62801 147.22542 138.42519 0.3 0.3 0.0 0.0 0.0 0.0 0.0 0.0 0.72115 0.0 0.0 45.47487 -0.49999 0.07399 0.0 0.0 0.0 0.0 0.0 0.0 0.0516898684951 68 1 1.0 0.410851706302 -1.87293666609
-0.12623 0.35028 3.35743 -0.12979 0.55971 4.03462519304 0.78258 0.98072 0.30541 0.41196 152.77952 195.62801 147.22542 138.42519 0.3 0.3 0.0 0.0 0.0 0.0 0.0 0.0 0.72115 0.0 0.0 45.47487 -0.49999 0.07399 0.0 0.0 0.0 0.0 0.0 0.0 0.051515500121 69 1 1.0 0.408792729503 -1.86042554375
-0.12623 0.35028 3.35743 -0.12979 0.55971 4.02952339658 0.78258 0.98072 0.30541 0.41196 152.77952 195.62801 147.22542 138.42519 0.3 0.3 0.0 0.0 0.0 0.0 0.0 0.0 0.72115 0.0 0.0 45.47487 -0.49999 0.07399 0.0 0.0 0.0 0.0 0.0 0.0 0.0515159784979 70 1 1.0 0.407565889045 -1.86045981189
-0.12623 0.35028 3.35743 -0.12979 0.55971 4.0066368676 0.78258 0.98072 0.30541 0.41196 152.77952 195.62801 147.22542 138.42519 0.3 0.3 0.0 0.0 0.0 0.0 0.0 0.0 0.72115 0.0 0.0 45.47487 -0.49999 0.07399 0.0 0.0 0.0 0.0 0.0 0.0 0.0519099430134 71 0 0.977941176471 0.379238318536 -1.86045981189
-0.12623 0.35028 3.35743 -0.12979 0.55971 4.04108514271 0.78258 0.98072 0.30541 0.41196 152.77952 195.62801 147.22542 138.42519 0.3 0.3 0.0 0.0 0.0 0.0 0.0 0.0 0.72115 0.0 0.0 45.47487 -0.49999 0.07399 0.0 0.0 0.0 0.0 0.0 0.0 0.0511308993253 72 1 1.0 0.271855558088 -1.83297459899
-0.12623 0.35028 3.35743 -0.12979 0.55971 4.051254653 0.78258 0.98072 0.30541 0.41196 152.77952 195.62801 147.22542 138.42519 0.3 0.3 0.0 0.0 0.0 0.0 0.0 0.0 0.72115 0.0 0.0 45.47487 -0.49999 0.07399 0.0 0.0 0.0 0.0 0.0 0.0 0.0510717040303 73 1 1.0 0.280651858926 -1.82876720044
-0.12623 0.35028 3.35743 -0.12979 0.55971 4.02051527885 0.78258 0.98072 0.30541 0.41196 152.77952 195.62801 147.22542 138.42519 0.3 0.3 0.0 0.0 0.0 0.0 0.0 0.0 0.72115 0.0 0.0 45.47487 -0.49999 0.07399 0.0 0.0 0.0 0.0 0.0 0.0 0.0510988270042 74 1 1.0 0.00142597570005 -1.83069442297
-0.12623 0.35028 3.35743 -0.12979 0.55971 4.03267553429 0.78258 0.98072 0.30541 0.41196 152.77952 195.62801 147.22542 138.42519 0.3 0.3 0.0 0.0 0.0 0.0 0.0 0.0 0.72115 0.0 0.0 45.47487 -0.49999 0.07399 0.0 0.0 0.0 0.0 0.0 0.0 0.051453758331 75 1 1.0 0.408478534582 -1.85600530482
-0.12623 0.35028 3.35743 -0.12979 0.55971 4.02352217824 0.78258 0.98072 0.30541 0.41196 152.77952 195.62801 147.22542 138.42519 0.3 0.3 0.0 0.0 0.0 0.0 0.0 0.0 0.72115 0.0 0.0 45.47487 -0.49999 0.07399 0.0 0.0 0.0 0.0 0.0 0.0 0.0513792864818 76 1 0.992592592593 0.117922842272 -1.8831970833
-0.12623 0.35028 3.35743 -0.12979 0.55971 3.97122631651 0.78258 0.98072 0.30541 0.41196 152.77952 195.62801 147.22542 138.42519 0.3 0.3 0.0 0.0 0.0 0.0 0.0 0.0 0.72115 0.0 0.0 45.47487 -0.49999 0.07399 0.0 0.0 0.0 0.0 0.0 0.0 0.0518154772793 77 1 0.985294117647 0.169617515829 -2.14268420351
-0.12623 0.35028 3.35743 -0.12979 0.55971 4.00080717167 0.78258 0.98072 0.30541 0.41196 152.77952 195.62801 147.22542 138.42519 0.3 0.3 0.0 0.0 0.0 0.0 0.0 0.0 0.72115 0.0 0.0 45.47487 -0.49999 0.07399 0.0 0.0 0.0 0.0 0.0 0.0 0.0513103948038 78 1 0.985294117647 0.399797025135 -3.32283823358
-0.12623 0.35028 3.35743 -0.12979 0.55971 3.97869190546 0.78258 0.98072 0.30541 0.41196 152.77952 195.62801 147.22542 138.42519 0.3 0.3 0.0 0.0 0.0 0.0 0.0 0.0 0.72115 0.0 0.0 45.47487 -0.49999 0.07399 0.0 0.0 0.0 0.0 0.0 0.0 0.0505491353965 79 1 0.992647058824 0.376411681424 -2.12909615678
-0.12623 0.35028 3.35743 -0.12979 0.55971 4.00009721183 0.78258 0.98072 0.30541 0.41196 152.77952 195.62801 147.22542 138.42519 0.3 0.3 0.0 0.0 0.0 0.0 0.0 0.0 0.72115 0.0 0.0 45.47487 -0.49999 0.07399 0.0 0.0 0.0 0.0 0.0 0.0 0.0507012192568 80 1 0.985294117647 0.399927948195 -3.31631682522
-0.12623 0.35028 3.35743 -0.12979 0.55971 4.00097259754 0.78258 0.98072 0.30541 0.41196 152.77952 195.62801 147.22542 138.42519 0.3 0.3 0.0 0.0 0.0 0.0 0.0 0.0 0.72115 0.0 0.0 45.47487 -0.49999 0.07399 0.0 0.0 0.0 0.0 0.0 0.0 0.051330828554 81 1 0.985294117647 0.399767527161 -3.3229030881
-0.12623 0.35028 3.35743 -0.12979 0.55971 4.00046577306 0.78258 0.98072 0.30541 0.41196 152.77952 195.62801 147.22542 138.42519 0.3 0.3 0.0 0.0 0.0 0.0 0.0 0.0 0.72115 0.0 0.0 45.47487 -0.49999 0.07399 0.0 0.0 0.0 0.0 0.0 0.0 0.0510075719878 82 1 0.985294117647 0.399772702382 -3.31869960326
-0.12623 0.35028 3.35743 -0.12979 0.55971 4.01382597121 0.78258 0.98072 0.30541 0.41196 152.77952 195.62801 147.22542 138.42519 0.3 0.3 0.0 0.0 0.0 0.0 0.0 0.0 0.72115 0.0 0.0 45.47487 -0.49999 0.07399 0.0 0.0 0.0 0.0 0.0 0.0 0.0504872324534 83 1 0.985294117647 0.0418012110112 -1.80415645292
-0.12623 0.35028 3.35743 -0.12979 0.55971 4.0129550639 0.78258 0.98072 0.30541 0.41196 152.77952 195.62801 147.22542 138.42519 0.3 0.3 0.0 0.0 0.0 0.0 0.0 0.0 0.72115 0.0 0.0 45.47487 -0.49999 0.07399 0.0 0.0 0.0 0.0 0.0 0.0 0.0497060945455 84 1 0.985294117647 0.0417345016005 -1.75016663506
-0.12623 0.35028 3.35743 -0.12979 0.55971 4.04336970649 0.78258 0.98072 0.30541 0.41196 152.77952 195.62801 147.22542 138.42519 0.3 0.3 0.0 0.0 0.0 0.0 0.0 0.0 0.72115 0.0 0.0 45.47487 -0.49999 0.07399 0.0 0.0 0.0 0.0 0.0 0.0 0.0492073335866 85 1 1.0 0.272732306508 -1.69867056019
-0.12623 0.35028 3.35743 -0.12979 0.55971 4.06392483222 0.78258 0.98072 0.30541 0.41196 152.77952 195.62801 147.22542 138.42519 0.3 0.3 0.0 0.0 0.0 0.0 0.0 0.0 0.72115 0.0 0.0 45.47487 -0.49999 0.07399 0.0 0.0 0.0 0.0 0.0 0.0 0.0490255440005 86 1 0.992647058824 0.415268412757 -2.12263909443
-0.12623 0.35028 3.35743 -0.12979 0.55971 4.09367455929 0.78258 0.98072 0.30541 0.41196 152.77952 195.62801 147.22542 138.42519 0.3 0.3 0.0 0.0 0.0 0.0 0.0 0.0 0.72115 0.0 0.0 45.47487 -0.49999 0.07399 0.0 0.0 0.0 0.0 0.0 0.0 0.0489329588144 87 0 0.985401459854 0.481858898013 -2.12263909443
-0.12623 0.35028 3.35743 -0.12979 0.55971 4.05809700484 0.78258 0.98072 0.30541 0.41196 152.77952 195.62801 147.22542 138.42519 0.3 0.3 0.0 0.0 0.0 0.0 0.0 0.0 0.72115 0.0 0.0 45.47487 -0.49999 0.07399 0.0 0.0 0.0 0.0 0.0 0.0 0.0493974976188 88 1 0.992647058824 0.369707371895 -2.0524325187
-0.12623 0.35028 3.35743 -0.12979 0.55971 4.06595093468 0.78258 0.98072 0.30541 0.41196 152.77952 195.62801 147.22542 138.42519 0.3 0.3 0.0 0.0 0.0 0.0 0.0 0.0 0.72115 0.0 0.0 45.47487 -0.49999 0.07399 0.0 0.0 0.0 0.0 0.0 0.0 0.0494697068612 89 1 0.992647058824 0.416143021409 -2.14710450148
-0.12623 0.35028 3.35743 -0.12979 0.55971 4.06506386587 0.78258 0.98072 0.30541 0.41196 152.77952 195.62801 147.22542 138.42519 0.3 0.3 0.0 0.0 0.0 0.0 0.0 0.0 0.72115 0.0 0.0 45.47487 -0.49999 0.07399 0.0 0.0 0.0 0.0 0.0 0.0 0.0487618531944 90 1 0.992647058824 0.415919900078 -2.11079990916
-0.12623 0.35028 3.35743 -0.12979 0.55971 4.08847333302 0.78258 0.98072 0.30541 0.41196 152.77952 195.62801 147.22542 138.42519 0.3 0.3 0.0 0.0 0.0 0.0 0.0 0.0 0.72115 0.0 0.0 45.47487 -0.49999 0.07399 0.0 0.0 0.0 0.0 0.0 0.0 0.0491925860787 91 0 0.985401459854 0.475206801728 -2.11079990916
-0.12623 0.35028 3.35743 -0.12979 0.55971 4.08441675197 0.78258 0.98072 0.30541 0.41196 152.77952 195.62801 147.22542 138.42519 0.3 0.3 0.0 0.0 0.0 0.0 0.0 0.0 0.72115 0.0 0.0 45.47487 -0.49999 0.07399 0.0 0.0 0.0 0.0 0.0 0.0 0.0480721430067 92 0 0.985401459854 0.44749047307 -2.11079990916
-0.12623 0.35028 3.35743 -0.12979 0.55971 4.05692603744 0.78258 0.98072 0.30541 0.41196 152.77952 195.62801 147.22542 138.42519 0.3 0.3 0.0 0.0 0.0 0.0 0.0 0.0 0.72115 0.0 0.0 45.47487 -0.49999 0.07399 0.0 0.0 0.0 0.0 0.0 0.0 0.0486847587954 93 1 0.992647058824 0.36939731493 -2.01321454329
-0.12623 0.35028 3.35743 -0.12979 0.55971 4.01667528035 0.78258 0.98072 0.30541 0.41196 152.77952 195.62801 147.22542 138.42519 0.3 0.3 0.0 0.0 0.0 0.0 0.0 0.0 0.72115 0.0 0.0 45.47487 -0.49999 0.07399 0.0 0.0 0.0 0.0 0.0 0.0 0.0480427962477 94 1 0.985294117647 0.131600420057 -1.80234443314
-0.12623 0.35028 3.35743 -0.12979 0.55971 4.00758110288 0.78258 0.98072 0.30541 0.41196 152.77952 195.62801 147.22542 138.42519 0.3 0.3 0.0 0.0 0.0 0.0 0.0 0.0 0.72115 0.0 0.0 45.47487 -0.49999 0.07399 0.0 0.0 0.0 0.0 0.0 0.0 0.0483670877505 95 0 0.977941176471 0.371404664879 -1.80234443314
-0.12623 0.35028 3.35743 -0.12979 0.55971 3.98053655826 0.78258 0.98072 0.30541 0.41196 152.77952 195.62801 147.22542 138.42519 0.3 0.3 0.0 0.0 0.0 0.0 0.0 0.0 0.72115 0.0 0.0 45.47487 -0.49999 0.07399 0.0 0.0 0.0 0.0 0.0 0.0 0.0488246351109 96 1 0.992647058824 0.186005408381 -1.76082301045
-0.12623 0.35028 3.35743 -0.12979 0.55971 3.95133958021 0.78258 0.98072 0.30541 0.41196 152.77952 195.62801 147.22542 138.42519 0.3 0.3 0.0 0.0 0.0 0.0 0.0 0.0 0.72115 0.0 0.0 45.47487 -0.49999 0.07399 0.0 0.0 0.0 0.0 0.0 0.0 0.0485166519596 97 1 0.992647058824 0.416637609524 -2.1002146071
-0.12623 0.35028 3.35743 -0.12979 0.55971 3.94654109931 0.78258 0.98072 0.30541 0.41196 152.77952 195.62801 147.22542 138.42519 0.3 0.3 0.0 0.0 0.0 0.0 0.0 0.0 0.72115 0.0 0.0 45.47487 -0.49999 0.07399 0.0 0.0 0.0 0.0 0.0 0.0 0.0476035369176 98 1 0.992647058824 0.416551264945 -2.05624185113
-0.12623 0.35028 3.35743 -0.12979 0.55971 3.984710488 0.78258 0.98072 0.30541 0.41196 152.77952 195.62801 147.22542 138.42519 0.3 0.3 0.0 0.0 0.0 0.0 0.0 0.0 0.72115 0.0 0.0 45.47487 -0.49999 0.07399 0.0 0.0 0.0 0.0 0.0 0.0 0.0477259039823 99 1 0.992647058824 0.186227663377 -1.69125188122
-0.12623 0.35028 3.35743 -0.12979 0.55971 4.01364543065 0.78258 0.98072 0.30541 0.41196 152.77952 195.62801 147.22542 138.42519 0.3 0.3 0.0 0.0 0.0 0.0 0.0 0.0 0.72115 0.0 0.0 45.47487 -0.49999 0.07399 0.0 0.0 0.0 0.0 0.0 0.0 0.0480030641267 100 1 0.985294117647 0.0466325426595 -1.64009111486
