-0.12623 0.35028 3.35743 -0.12979 0.55971 3.62072 0.78258 0.98072 0.30541 0.41196 152.77952 195.62801 147.22542 138.42519 0.3 0.3 0.0 0.0 0.0 0.0 0.0 0.0 0.72115 0.0 0.0 45.47487 -0.49999 0.07399 0.0 0.0 0.0 0.0 0.0 0.0 0.05 0 1 0.912162162162 1.07269483278 -401.263879865
-0.12623 0.35028 3.35743 -0.12979 0.55971 3.60436261503 0.78258 0.98072 0.30541 0.41196 152.77952 195.62801 147.22542 138.42519 0.3 0.3 0.0 0.0 0.0 0.0 0.0 0.0 0.72115 0.0 0.0 45.47487 -0.49999 0.07399 0.0 0.0 0.0 0.0 0.0 0.0 0.0502789727025 1 0 0.912162162162 1.20135093054 -401.263879865
-0.12623 0.35028 3.35743 -0.12979 0.55971 3.64597882544 0.78258 0.98072 0.30541 0.41196 152.77952 195.62801 147.22542 138.42519 0.3 0.3 0.0 0.0 0.0 0.0 0.0 0.0 0.72115 0.0 0.0 45.47487 -0.49999 0.07399 0.0 0.0 0.0 0.0 0.0 0.0 0.0499289354287 2 1 0.924657534247 1.13021946585 -328.978484931
-0.12623 0.35028 3.35743 -0.12979 0.55971 3.6324209893 0.78258 0.98072 0.30541 0.41196 152.77952 195.62801 147.22542 138.42519 0.3 0.3 0.0 0.0 0.0 0.0 0.0 0.0 0.72115 0.0 0.0 45.47487 -0.49999 0.07399 0.0 0.0 0.0 0.0 0.0 0.0 0.048836171292 3 0 0.918367346939 1.1235532677 -328.978484931
-0.12623 0.35028 3.35743 -0.12979 0.55971 3.62184012267 0.78258 0.98072 0.30541 0.41196 152.77952 195.62801 147.22542 138.42519 0.3 0.3 0.0 0.0 0.0 0.0 0.0 0.0 0.72115 0.0 0.0 45.47487 -0.49999 0.07399 0.0 0.0 0.0 0.0 0.0 0.0 0.0500394504394 4 0 0.912162162162 1.06889303916 -328.978484931
-0.12623 0.35028 3.35743 -0.12979 0.55971 3.61954391641 0.78258 0.98072 0.30541 0.41196 152.77952 195.62801 147.22542 138.42519 0.3 0.3 0.0 0.0 0.0 0.0 0.0 0.0 0.72115 0.0 0.0 45.47487 -0.49999 0.07399 0.0 0.0 0.0 0.0 0.0 0.0 0.0504745228178 5 0 0.918367346939 1.14336472306 -328.978484931
-0.12623 0.35028 3.35743 -0.12979 0.55971 3.66518223549 0.78258 0.98072 0.30541 0.41196 152.77952 195.62801 147.22542 138.42519 0.3 0.3 0.0 0.0 0.0 0.0 0.0 0.0 0.72115 0.0 0.0 45.47487 -0.49999 0.07399 0.0 0.0 0.0 0.0 0.0 0.0 0.0510819562609 6 1 0.924657534247 1.14348968045 -321.838087348
-0.12623 0.35028 3.35743 -0.12979 0.55971 3.66965121255 0.78258 0.98072 0.30541 0.41196 152.77952 195.62801 147.22542 138.42519 0.3 0.3 0.0 0.0 0.0 0.0 0.0 0.0 0.72115 0.0 0.0 45.47487 -0.49999 0.07399 0.0 0.0 0.0 0.0 0.0 0.0 0.0514421129574 7 0 0.917808219178 1.1593527394 -321.838087348
-0.12623 0.35028 3.35743 -0.12979 0.55971 3.65357795495 0.78258 0.98072 0.30541 0.41196 152.77952 195.62801 147.22542 138.42519 0.3 0.3 0.0 0.0 0.0 0.0 0.0 0.0 0.72115 0.0 0.0 45.47487 -0.49999 0.07399 0.0 0.0 0.0 0.0 0.0 0.0 0.050854125445 8 1 0.924657534247 1.13478119861 -319.796461713
-0.12623 0.35028 3.35743 -0.12979 0.55971 3.63845803142 0.78258 0.98072 0.30541 0.41196 152.77952 195.62801 147.22542 138.42519 0.3 0.3 0.0 0.0 0.0 0.0 0.0 0.0 0.72115 0.0 0.0 45.47487 -0.49999 0.07399 0.0 0.0 0.0 0.0 0.0 0.0 0.0502268051242 9 1 0.924657534247 1.09877436725 -307.386653915
-0.12623 0.35028 3.35743 -0.12979 0.55971 3.61808411518 0.78258 0.98072 0.30541 0.41196 152.77952 195.62801 147.22542 138.42519 0.3 0.3 0.0 0.0 0.0 0.0 0.0 0.0 0.72115 0.0 0.0 45.47487 -0.49999 0.07399 0.0 0.0 0.0 0.0 0.0 0.0 0.0500765780595 10 0 0.918367346939 1.14149683057 -307.386653915
-0.12623 0.35028 3.35743 -0.12979 0.55971 3.67337859551 0.78258 0.98072 0.30541 0.41196 152.77952 195.62801 147.22542 138.42519 0.3 0.3 0.0 0.0 0.0 0.0 0.0 0.0 0.72115 0.0 0.0 45.47487 -0.49999 0.07399 0.0 0.0 0.0 0.0 0.0 0.0 0.0520370840602 11 0 0.917808219178 1.15904676314 -307.386653915
-0.12623 0.35028 3.35743 -0.12979 0.55971 3.65012627668 0.78258 0.98072 0.30541 0.41196 152.77952 195.62801 147.22542 138.42519 0.3 0.3 0.0 0.0 0.0 0.0 0.0 0.0 0.72115 0.0 0.0 45.47487 -0.49999 0.07399 0.0 0.0 0.0 0.0 0.0 0.0 0.0506895030334 12 0 0.924657534247 1.1357106283 -307.386653915
-0.12623 0.35028 3.35743 -0.12979 0.55971 3.596897584 0.78258 0.98072 0.30541 0.41196 152.77952 195.62801 147.22542 138.42519 0.3 0.3 0.0 0.0 0.0 0.0 0.0 0.0 0.72115 0.0 0.0 45.47487 -0.49999 0.07399 0.0 0.0 0.0 0.0 0.0 0.0 0.0494516971445 13 0 0.912162162162 1.19040561065 -307.386653915
-0.12623 0.35028 3.35743 -0.12979 0.55971 3.63565385862 0.78258 0.98072 0.30541 0.41196 152.77952 195.62801 147.22542 138.42519 0.3 0.3 0.0 0.0 0.0 0.0 0.0 0.0 0.72115 0.0 0.0 45.47487 -0.49999 0.07399 0.0 0.0 0.0 0.0 0.0 0.0 0.0504422832223 14 1 0.924657534247 1.10121173301 -306.142074584
-0.12623 0.35028 3.35743 -0.12979 0.55971 3.61756876712 0.78258 0.98072 0.30541 0.41196 152.77952 195.62801 147.22542 138.42519 0.3 0.3 0.0 0.0 0.0 0.0 0.0 0.0 0.72115 0.0 0.0 45.47487 -0.49999 0.07399 0.0 0.0 0.0 0.0 0.0 0.0 0.0496776132616 15 0 0.918367346939 1.14147142533 -306.142074584
-0.12623 0.35028 3.35743 -0.12979 0.55971 3.64716898343 0.78258 0.98072 0.30541 0.41196 152.77952 195.62801 147.22542 138.42519 0.3 0.3 0.0 0.0 0.0 0.0 0.0 0.0 0.72115 0.0 0.0 45.47487 -0.49999 0.07399 0.0 0.0 0.0 0.0 0.0 0.0 0.0505808646296 16 0 0.924657534247 1.13583025308 -306.142074584
-0.12623 0.35028 3.35743 -0.12979 0.55971 3.64137562101 0.78258 0.98072 0.30541 0.41196 152.77952 195.62801 147.22542 138.42519 0.3 0.3 0.0 0.0 0.0 0.0 0.0 0.0 0.72115 0.0 0.0 45.47487 -0.49999 0.07399 0.0 0.0 0.0 0.0 0.0 0.0 0.0500611557355 17 0 0.924657534247 1.09877562974 -306.142074584
-0.12623 0.35028 3.35743 -0.12979 0.55971 3.63235505363 0.78258 0.98072 0.30541 0.41196 152.77952 195.62801 147.22542 138.42519 0.3 0.3 0.0 0.0 0.0 0.0 0.0 0.0 0.72115 0.0 0.0 45.47487 -0.49999 0.07399 0.0 0.0 0.0 0.0 0.0 0.0 0.050237662408 18 0 0.918367346939 1.12355287835 -306.142074584
-0.12623 0.35028 3.35743 -0.12979 0.55971 3.65378279413 0.78258 0.98072 0.30541 0.41196 152.77952 195.62801 147.22542 138.42519 0.3 0.3 0.0 0.0 0.0 0.0 0.0 0.0 0.72115 0.0 0.0 45.47487 -0.49999 0.07399 0.0 0.0 0.0 0.0 0.0 0.0 0.0508335611664 19 0 0.924657534247 1.13513704 -306.142074584
-0.12623 0.35028 3.35743 -0.12979 0.55971 3.63552560906 0.78258 0.98072 0.30541 0.41196 152.77952 195.62801 147.22542 138.42519 0.3 0.3 0.0 0.0 0.0 0.0 0.0 0.0 0.72115 0.0 0.0 45.47487 -0.49999 0.07399 0.0 0.0 0.0 0.0 0.0 0.0 0.0513689033225 20 1 0.924657534247 1.1012788625 -295.362167567
-0.12623 0.35028 3.35743 -0.12979 0.55971 3.6225593183 0.78258 0.98072 0.30541 0.41196 152.77952 195.62801 147.22542 138.42519 0.3 0.3 0.0 0.0 0.0 0.0 0.0 0.0 0.72115 0.0 0.0 45.47487 -0.49999 0.07399 0.0 0.0 0.0 0.0 0.0 0.0 0.0518361919024 21 0 0.912162162162 1.09212270743 -295.362167567
-0.12623 0.35028 3.35743 -0.12979 0.55971 3.5956979209 0.78258 0.98072 0.30541 0.41196 152.77952 195.62801 147.22542 138.42519 0.3 0.3 0.0 0.0 0.0 0.0 0.0 0.0 0.72115 0.0 0.0 45.47487 -0.49999 0.07399 0.0 0.0 0.0 0.0 0.0 0.0 0.0509845804377 22 0 0.912162162162 1.1931894666 -295.362167567
-0.12623 0.35028 3.35743 -0.12979 0.55971 3.6273146067 0.78258 0.98072 0.30541 0.41196 152.77952 195.62801 147.22542 138.42519 0.3 0.3 0.0 0.0 0.0 0.0 0.0 0.0 0.72115 0.0 0.0 45.47487 -0.49999 0.07399 0.0 0.0 0.0 0.0 0.0 0.0 0.0513637652001 23 0 0.918367346939 1.07281718161 -295.362167567
-0.12623 0.35028 3.35743 -0.12979 0.55971 3.64951098514 0.78258 0.98072 0.30541 0.41196 152.77952 195.62801 147.22542 138.42519 0.3 0.3 0.0 0.0 0.0 0.0 0.0 0.0 0.72115 0.0 0.0 45.47487 -0.49999 0.07399 0.0 0.0 0.0 0.0 0.0 0.0 0.0498861830681 24 0 0.924657534247 1.1357161725 -295.362167567
-0.12623 0.35028 3.35743 -0.12979 0.55971 3.62938683956 0.78258 0.98072 0.30541 0.41196 152.77952 195.62801 147.22542 138.42519 0.3 0.3 0.0 0.0 0.0 0.0 0.0 0.0 0.72115 0.0 0.0 45.47487 -0.49999 0.07399 0.0 0.0 0.0 0.0 0.0 0.0 0.0519681301455 25 0 0.918367346939 1.11812064906 -295.362167567
-0.12623 0.35028 3.35743 -0.12979 0.55971 3.62126321176 0.78258 0.98072 0.30541 0.41196 152.77952 195.62801 147.22542 138.42519 0.3 0.3 0.0 0.0 0.0 0.0 0.0 0.0 0.72115 0.0 0.0 45.47487 -0.49999 0.07399 0.0 0.0 0.0 0.0 0.0 0.0 0.0519952331928 26 0 0.912162162162 1.06900267079 -295.362167567
-0.12623 0.35028 3.35743 -0.12979 0.55971 3.64164063738 0.78258 0.98072 0.30541 0.41196 152.77952 195.62801 147.22542 138.42519 0.3 0.3 0.0 0.0 0.0 0.0 0.0 0.0 0.72115 0.0 0.0 45.47487 -0.49999 0.07399 0.0 0.0 0.0 0.0 0.0 0.0 0.0519082289646 27 1 0.924657534247 1.0987751736 -288.027911755
-0.12623 0.35028 3.35743 -0.12979 0.55971 3.61328396619 0.78258 0.98072 0.30541 0.41196 152.77952 195.62801 147.22542 138.42519 0.3 0.3 0.0 0.0 0.0 0.0 0.0 0.0 0.72115 0.0 0.0 45.47487 -0.49999 0.07399 0.0 0.0 0.0 0.0 0.0 0.0 0.0520597224576 28 0 0.918367346939 1.15660801727 -288.027911755
-0.12623 0.35028 3.35743 -0.12979 0.55971 3.64903294717 0.78258 0.98072 0.30541 0.41196 152.77952 195.62801 147.22542 138.42519 0.3 0.3 0.0 0.0 0.0 0.0 0.0 0.0 0.72115 0.0 0.0 45.47487 -0.49999 0.07399 0.0 0.0 0.0 0.0 0.0 0.0 0.0516012034206 29 0 0.924657534247 1.13570716441 -288.027911755
-0.12623 0.35028 3.35743 -0.12979 0.55971 3.63480903064 0.78258 0.98072 0.30541 0.41196 152.77952 195.62801 147.22542 138.42519 0.3 0.3 0.0 0.0 0.0 0.0 0.0 0.0 0.72115 0.0 0.0 45.47487 -0.49999 0.07399 0.0 0.0 0.0 0.0 0.0 0.0 0.0515574917113 30 0 0.924657534247 1.11619445084 -288.027911755
-0.12623 0.35028 3.35743 -0.12979 0.55971 3.60804974706 0.78258 0.98072 0.30541 0.41196 152.77952 195.62801 147.22542 138.42519 0.3 0.3 0.0 0.0 0.0 0.0 0.0 0.0 0.72115 0.0 0.0 45.47487 -0.49999 0.07399 0.0 0.0 0.0 0.0 0.0 0.0 0.0512601184406 31 0 0.912162162162 1.23523845497 -288.027911755
-0.12623 0.35028 3.35743 -0.12979 0.55971 3.6671803842 0.78258 0.98072 0.30541 0.41196 152.77952 195.62801 147.22542 138.42519 0.3 0.3 0.0 0.0 0.0 0.0 0.0 0.0 0.72115 0.0 0.0 45.47487 -0.49999 0.07399 0.0 0.0 0.0 0.0 0.0 0.0 0.051780571722 32 0 0.917808219178 1.15934957218 -288.027911755
-0.12623 0.35028 3.35743 -0.12979 0.55971 3.64591991803 0.78258 0.98072 0.30541 0.41196 152.77952 195.62801 147.22542 138.42519 0.3 0.3 0.0 0.0 0.0 0.0 0.0 0.0 0.72115 0.0 0.0 45.47487 -0.49999 0.07399 0.0 0.0 0.0 0.0 0.0 0.0 0.0507804950869 33 0 0.924657534247 1.13097701018 -288.027911755
-0.12623 0.35028 3.35743 -0.12979 0.55971 3.64650522101 0.78258 0.98072 0.30541 0.41196 152.77952 195.62801 147.22542 138.42519 0.3 0.3 0.0 0.0 0.0 0.0 0.0 0.0 0.72115 0.0 0.0 45.47487 -0.49999 0.07399 0.0 0.0 0.0 0.0 0.0 0.0 0.0521659273444 34 0 0.924657534247 1.13096832651 -288.027911755
-0.12623 0.35028 3.35743 -0.12979 0.55971 3.6515320576 0.78258 0.98072 0.30541 0.41196 152.77952 195.62801 147.22542 138.42519 0.3 0.3 0.0 0.0 0.0 0.0 0.0 0.0 0.72115 0.0 0.0 45.47487 -0.49999 0.07399 0.0 0.0 0.0 0.0 0.0 0.0 0.0517493813261 35 0 0.924657534247 1.13539976503 -288.027911755
-0.12623 0.35028 3.35743 -0.12979 0.55971 3.67874768446 0.78258 0.98072 0.30541 0.41196 152.77952 195.62801 147.22542 138.42519 0.3 0.3 0.0 0.0 0.0 0.0 0.0 0.0 0.72115 0.0 0.0 45.47487 -0.49999 0.07399 0.0 0.0 0.0 0.0 0.0 0.0 0.0514575291147 36 0 0.918367346939 1.08672697306 -288.027911755
-0.12623 0.35028 3.35743 -0.12979 0.55971 3.66305490361 0.78258 0.98072 0.30541 0.41196 152.77952 195.62801 147.22542 138.42519 0.3 0.3 0.0 0.0 0.0 0.0 0.0 0.0 0.72115 0.0 0.0 45.47487 -0.49999 0.07399 0.0 0.0 0.0 0.0 0.0 0.0 0.0519442663224 37 0 0.924657534247 1.14399880192 -288.027911755
-0.12623 0.35028 3.35743 -0.12979 0.55971 3.65102971122 0.78258 0.98072 0.30541 0.41196 152.77952 195.62801 147.22542 138.42519 0.3 0.3 0.0 0.0 0.0 0.0 0.0 0.0 0.72115 0.0 0.0 45.47487 -0.49999 0.07399 0.0 0.0 0.0 0.0 0.0 0.0 0.052524066092 38 0 0.924657534247 1.13537722671 -288.027911755
-0.12623 0.35028 3.35743 -0.12979 0.55971 3.63390865641 0.78258 0.98072 0.30541 0.41196 152.77952 195.62801 147.22542 138.42519 0.3 0.3 0.0 0.0 0.0 0.0 0.0 0.0 0.72115 0.0 0.0 45.47487 -0.49999 0.07399 0.0 0.0 0.0 0.0 0.0 0.0 0.0534584036928 39 1 0.924657534247 1.11938912156 -282.00493748
-0.12623 0.35028 3.35743 -0.12979 0.55971 3.63637232722 0.78258 0.98072 0.30541 0.41196 152.77952 195.62801 147.22542 138.42519 0.3 0.3 0.0 0.0 0.0 0.0 0.0 0.0 0.72115 0.0 0.0 45.47487 -0.49999 0.07399 0.0 0.0 0.0 0.0 0.0 0.0 0.0541042771328 40 1 0.924657534247 1.09569675467 -263.958953494
-0.12623 0.35028 3.35743 -0.12979 0.55971 3.66735298923 0.78258 0.98072 0.30541 0.41196 152.77952 195.62801 147.22542 138.42519 0.3 0.3 0.0 0.0 0.0 0.0 0.0 0.0 0.72115 0.0 0.0 45.47487 -0.49999 0.07399 0.0 0.0 0.0 0.0 0.0 0.0 0.054084126041 41 0 0.917808219178 1.15939211335 -263.958953494
-0.12623 0.35028 3.35743 -0.12979 0.55971 3.64324115911 0.78258 0.98072 0.30541 0.41196 152.77952 195.62801 147.22542 138.42519 0.3 0.3 0.0 0.0 0.0 0.0 0.0 0.0 0.72115 0.0 0.0 45.47487 -0.49999 0.07399 0.0 0.0 0.0 0.0 0.0 0.0 0.0532207209196 42 0 0.924657534247 1.1287638127 -263.958953494
-0.12623 0.35028 3.35743 -0.12979 0.55971 3.6660966809 0.78258 0.98072 0.30541 0.41196 152.77952 195.62801 147.22542 138.42519 0.3 0.3 0.0 0.0 0.0 0.0 0.0 0.0 0.72115 0.0 0.0 45.47487 -0.49999 0.07399 0.0 0.0 0.0 0.0 0.0 0.0 0.0544425589796 43 0 0.917808219178 1.15942959193 -263.958953494
-0.12623 0.35028 3.35743 -0.12979 0.55971 3.6520398544 0.78258 0.98072 0.30541 0.41196 152.77952 195.62801 147.22542 138.42519 0.3 0.3 0.0 0.0 0.0 0.0 0.0 0.0 0.72115 0.0 0.0 45.47487 -0.49999 0.07399 0.0 0.0 0.0 0.0 0.0 0.0 0.0543189072467 44 0 0.924657534247 1.13471617522 -263.958953494
-0.12623 0.35028 3.35743 -0.12979 0.55971 3.63129521793 0.78258 0.98072 0.30541 0.41196 152.77952 195.62801 147.22542 138.42519 0.3 0.3 0.0 0.0 0.0 0.0 0.0 0.0 0.72115 0.0 0.0 45.47487 -0.49999 0.07399 0.0 0.0 0.0 0.0 0.0 0.0 0.0530946518644 45 0 0.918367346939 1.12353052528 -263.958953494
-0.12623 0.35028 3.35743 -0.12979 0.55971 3.64411179866 0.78258 0.98072 0.30541 0.41196 152.77952 195.62801 147.22542 138.42519 0.3 0.3 0.0 0.0 0.0 0.0 0.0 0.0 0.72115 0.0 0.0 45.47487 -0.49999 0.07399 0.0 0.0 0.0 0.0 0.0 0.0 0.0537652960314 46 0 0.924657534247 1.12900103765 -263.958953494
-0.12623 0.35028 3.35743 -0.12979 0.55971 3.63700324104 0.78258 0.98072 0.30541 0.41196 152.77952 195.62801 147.22542 138.42519 0.3 0.3 0.0 0.0 0.0 0.0 0.0 0.0 0.72115 0.0 0.0 45.47487 -0.49999 0.07399 0.0 0.0 0.0 0.0 0.0 0.0 0.0534444026047 47 0 0.924657534247 1.09568988269 -263.958953494
-0.12623 0.35028 3.35743 -0.12979 0.55971 3.61297286493 0.78258 0.98072 0.30541 0.41196 152.77952 195.62801 147.22542 138.42519 0.3 0.3 0.0 0.0 0.0 0.0 0.0 0.0 0.72115 0.0 0.0 45.47487 -0.49999 0.07399 0.0 0.0 0.0 0.0 0.0 0.0 0.0547366359414 48 0 0.918367346939 1.15672816985 -263.958953494
-0.12623 0.35028 3.35743 -0.12979 0.55971 3.65108318697 0.78258 0.98072 0.30541 0.41196 152.77952 195.62801 147.22542 138.42519 0.3 0.3 0.0 0.0 0.0 0.0 0.0 0.0 0.72115 0.0 0.0 45.47487 -0.49999 0.07399 0.0 0.0 0.0 0.0 0.0 0.0 0.0536053216111 49 0 0.924657534247 1.13537856025 -263.958953494
-0.12623 0.35028 3.35743 -0.12979 0.55971 3.65415460051 0.78258 0.98072 0.30541 0.41196 152.77952 195.62801 147.22542 138.42519 0.3 0.3 0.0 0.0 0.0 0.0 0.0 0.0 0.72115 0.0 0.0 45.47487 -0.49999 0.07399 0.0 0.0 0.0 0.0 0.0 0.0 0.0547243705537 50 0 0.924657534247 1.13513512732 -263.958953494
-0.12623 0.35028 3.35743 -0.12979 0.55971 3.6511628765 0.78258 0.98072 0.30541 0.41196 152.77952 195.62801 147.22542 138.42519 0.3 0.3 0.0 0.0 0.0 0.0 0.0 0.0 0.72115 0.0 0.0 45.47487 -0.49999 0.07399 0.0 0.0 0.0 0.0 0.0 0.0 0.0534815408089 51 0 0.924657534247 1.13537701899 -263.958953494
-0.12623 0.35028 3.35743 -0.12979 0.55971 3.63034343132 0.78258 0.98072 0.30541 0.41196 152.77952 195.62801 147.22542 138.42519 0.3 0.3 0.0 0.0 0.0 0.0 0.0 0.0 0.72115 0.0 0.0 45.47487 -0.49999 0.07399 0.0 0.0 0.0 0.0 0.0 0.0 0.0526264164698 52 0 0.918367346939 1.11674133247 -263.958953494
-0.12623 0.35028 3.35743 -0.12979 0.55971 3.64062948312 0.78258 0.98072 0.30541 0.41196 152.77952 195.62801 147.22542 138.42519 0.3 0.3 0.0 0.0 0.0 0.0 0.0 0.0 0.72115 0.0 0.0 45.47487 -0.49999 0.07399 0.0 0.0 0.0 0.0 0.0 0.0 0.0546184516324 53 1 0.924657534247 1.09831755719 -260.320691351
-0.12623 0.35028 3.35743 -0.12979 0.55971 3.61763330758 0.78258 0.98072 0.30541 0.41196 152.77952 195.62801 147.22542 138.42519 0.3 0.3 0.0 0.0 0.0 0.0 0.0 0.0 0.72115 0.0 0.0 45.47487 -0.49999 0.07399 0.0 0.0 0.0 0.0 0.0 0.0 0.0545368080296 54 0 0.918367346939 1.14148015054 -260.320691351
-0.12623 0.35028 3.35743 -0.12979 0.55971 3.66407014446 0.78258 0.98072 0.30541 0.41196 152.77952 195.62801 147.22542 138.42519 0.3 0.3 0.0 0.0 0.0 0.0 0.0 0.0 0.72115 0.0 0.0 45.47487 -0.49999 0.07399 0.0 0.0 0.0 0.0 0.0 0.0 0.0552265069348 55 0 0.924657534247 1.14299192571 -260.320691351
-0.12623 0.35028 3.35743 -0.12979 0.55971 3.65401921015 0.78258 0.98072 0.30541 0.41196 152.77952 195.62801 147.22542 138.42519 0.3 0.3 0.0 0.0 0.0 0.0 0.0 0.0 0.72115 0.0 0.0 45.47487 -0.49999 0.07399 0.0 0.0 0.0 0.0 0.0 0.0 0.0545753418465 56 0 0.924657534247 1.13512739026 -260.320691351
-0.12623 0.35028 3.35743 -0.12979 0.55971 3.70766853257 0.78258 0.98072 0.30541 0.41196 152.77952 195.62801 147.22542 138.42519 0.3 0.3 0.0 0.0 0.0 0.0 0.0 0.0 0.72115 0.0 0.0 45.47487 -0.49999 0.07399 0.0 0.0 0.0 0.0 0.0 0.0 0.0548852178925 57 0 0.91724137931 1.15868025486 -260.320691351
-0.12623 0.35028 3.35743 -0.12979 0.55971 3.6130224312 0.78258 0.98072 0.30541 0.41196 152.77952 195.62801 147.22542 138.42519 0.3 0.3 0.0 0.0 0.0 0.0 0.0 0.0 0.72115 0.0 0.0 45.47487 -0.49999 0.07399 0.0 0.0 0.0 0.0 0.0 0.0 0.0553756312596 58 0 0.918367346939 1.15673212985 -260.320691351
-0.12623 0.35028 3.35743 -0.12979 0.55971 3.64877086332 0.78258 0.98072 0.30541 0.41196 152.77952 195.62801 147.22542 138.42519 0.3 0.3 0.0 0.0 0.0 0.0 0.0 0.0 0.72115 0.0 0.0 45.47487 -0.49999 0.07399 0.0 0.0 0.0 0.0 0.0 0.0 0.0552027380718 59 0 0.924657534247 1.13581878376 -260.320691351
-0.12623 0.35028 3.35743 -0.12979 0.55971 3.62564902372 0.78258 0.98072 0.30541 0.41196 152.77952 195.62801 147.22542 138.42519 0.3 0.3 0.0 0.0 0.0 0.0 0.0 0.0 0.72115 0.0 0.0 45.47487 -0.49999 0.07399 0.0 0.0 0.0 0.0 0.0 0.0 0.0549562682879 60 0 0.918367346939 1.07016568529 -260.320691351
-0.12623 0.35028 3.35743 -0.12979 0.55971 3.63822887653 0.78258 0.98072 0.30541 0.41196 152.77952 195.62801 147.22542 138.42519 0.3 0.3 0.0 0.0 0.0 0.0 0.0 0.0 0.72115 0.0 0.0 45.47487 -0.49999 0.07399 0.0 0.0 0.0 0.0 0.0 0.0 0.0535936448433 61 0 0.924657534247 1.09879061578 -260.320691351
-0.12623 0.35028 3.35743 -0.12979 0.55971 3.6300504388 0.78258 0.98072 0.30541 0.41196 152.77952 195.62801 147.22542 138.42519 0.3 0.3 0.0 0.0 0.0 0.0 0.0 0.0 0.72115 0.0 0.0 45.47487 -0.49999 0.07399 0.0 0.0 0.0 0.0 0.0 0.0 0.054510444098 62 0 0.918367346939 1.11665035114 -260.320691351
-0.12623 0.35028 3.35743 -0.12979 0.55971 3.61047090412 0.78258 0.98072 0.30541 0.41196 152.77952 195.62801 147.22542 138.42519 0.3 0.3 0.0 0.0 0.0 0.0 0.0 0.0 0.72115 0.0 0.0 45.47487 -0.49999 0.07399 0.0 0.0 0.0 0.0 0.0 0.0 0.052588471528 63 0 0.912162162162 1.20430044541 -260.320691351
-0.12623 0.35028 3.35743 -0.12979 0.55971 3.60232031022 0.78258 0.98072 0.30541 0.41196 152.77952 195.62801 147.22542 138.42519 0.3 0.3 0.0 0.0 0.0 0.0 0.0 0.0 0.72115 0.0 0.0 45.47487 -0.49999 0.07399 0.0 0.0 0.0 0.0 0.0 0.0 0.0544688807634 64 0 0.912162162162 1.20181724011 -260.320691351
-0.12623 0.35028 3.35743 -0.12979 0.55971 3.6120248151 0.78258 0.98072 0.30541 0.41196 152.77952 195.62801 147.22542 138.42519 0.3 0.3 0.0 0.0 0.0 0.0 0.0 0.0 0.72115 0.0 0.0 45.47487 -0.49999 0.07399 0.0 0.0 0.0 0.0 0.0 0.0 0.0545502291407 65 0 0.912162162162 1.20662611331 -260.320691351
-0.12623 0.35028 3.35743 -0.12979 0.55971 3.61817785531 0.78258 0.98072 0.30541 0.41196 152.77952 195.62801 147.22542 138.42519 0.3 0.3 0.0 0.0 0.0 0.0 0.0 0.0 0.72115 0.0 0.0 45.47487 -0.49999 0.07399 0.0 0.0 0.0 0.0 0.0 0.0 0.0542182339741 66 0 0.918367346939 1.1414927991 -260.320691351
-0.12623 0.35028 3.35743 -0.12979 0.55971 3.65526953498 0.78258 0.98072 0.30541 0.41196 152.77952 195.62801 147.22542 138.42519 0.3 0.3 0.0 0.0 0.0 0.0 0.0 0.0 0.72115 0.0 0.0 45.47487 -0.49999 0.07399 0.0 0.0 0.0 0.0 0.0 0.0 0.0538001415436 67 0 0.924657534247 1.13407032145 -260.320691351
-0.12623 0.35028 3.35743 -0.12979 0.55971 3.61942937274 0.78258 0.98072 0.30541 0.41196 152.77952 195.62801 147.22542 138.42519 0.3 0.3 0.0 0.0 0.0 0.0 0.0 0.0 0.72115 0.0 0.0 45.47487 -0.49999 0.07399 0.0 0.0 0.0 0.0 0.0 0.0 0.0550544645712 68 0 0.918367346939 1.1070705291 -260.320691351
-0.12623 0.35028 3.35743 -0.12979 0.55971 3.67453123522 0.78258 0.98072 0.30541 0.41196 152.77952 195.62801 147.22542 138.42519 0.3 0.3 0.0 0.0 0.0 0.0 0.0 0.0 0.72115 0.0 0.0 45.47487 -0.49999 0.07399 0.0 0.0 0.0 0.0 0.0 0.0 0.0534820233296 69 0 0.918367346939 1.15538536821 -260.320691351
-0.12623 0.35028 3.35743 -0.12979 0.55971 3.60813416622 0.78258 0.98072 0.30541 0.41196 152.77952 195.62801 147.22542 138.42519 0.3 0.3 0.0 0.0 0.0 0.0 0.0 0.0 0.72115 0.0 0.0 45.47487 -0.49999 0.07399 0.0 0.0 0.0 0.0 0.0 0.0 0.0545202716719 70 0 0.912162162162 1.23524436833 -260.320691351
-0.12623 0.35028 3.35743 -0.12979 0.55971 3.66987996764 0.78258 0.98072 0.30541 0.41196 152.77952 195.62801 147.22542 138.42519 0.3 0.3 0.0 0.0 0.0 0.0 0.0 0.0 0.72115 0.0 0.0 45.47487 -0.49999 0.07399 0.0 0.0 0.0 0.0 0.0 0.0 0.0547020483424 71 0 0.917808219178 1.15934465236 -260.320691351
-0.12623 0.35028 3.35743 -0.12979 0.55971 3.65021161377 0.78258 0.98072 0.30541 0.41196 152.77952 195.62801 147.22542 138.42519 0.3 0.3 0.0 0.0 0.0 0.0 0.0 0.0 0.72115 0.0 0.0 45.47487 -0.49999 0.07399 0.0 0.0 0.0 0.0 0.0 0.0 0.0541915121632 72 0 0.924657534247 1.13570769129 -260.320691351
-0.12623 0.35028 3.35743 -0.12979 0.55971 3.64795529995 0.78258 0.98072 0.30541 0.41196 152.77952 195.62801 147.22542 138.42519 0.3 0.3 0.0 0.0 0.0 0.0 0.0 0.0 0.72115 0.0 0.0 45.47487 -0.49999 0.07399 0.0 0.0 0.0 0.0 0.0 0.0 0.0557128360869 73 0 0.924657534247 1.13581444181 -260.320691351
-0.12623 0.35028 3.35743 -0.12979 0.55971 3.63308386933 0.78258 0.98072 0.30541 0.41196 152.77952 195.62801 147.22542 138.42519 0.3 0.3 0.0 0.0 0.0 0.0 0.0 0.0 0.72115 0.0 0.0 45.47487 -0.49999 0.07399 0.0 0.0 0.0 0.0 0.0 0.0 0.0544419441571 74 0 0.924657534247 1.12055858939 -260.320691351
-0.12623 0.35028 3.35743 -0.12979 0.55971 3.68056109919 0.78258 0.98072 0.30541 0.41196 152.77952 195.62801 147.22542 138.42519 0.3 0.3 0.0 0.0 0.0 0.0 0.0 0.0 0.72115 0.0 0.0 45.47487 -0.49999 0.07399 0.0 0.0 0.0 0.0 0.0 0.0 0.055473011248 75 0 0.918367346939 1.16223869386 -260.320691351
-0.12623 0.35028 3.35743 -0.12979 0.55971 3.67298905697 0.78258 0.98072 0.30541 0.41196 152.77952 195.62801 147.22542 138.42519 0.3 0.3 0.0 0.0 0.0 0.0 0.0 0.0 0.72115 0.0 0.0 45.47487 -0.49999 0.07399 0.0 0.0 0.0 0.0 0.0 0.0 0.0551405805805 76 0 0.917808219178 1.1588467467 -260.320691351
-0.12623 0.35028 3.35743 -0.12979 0.55971 3.64423719302 0.78258 0.98072 0.30541 0.41196 152.77952 195.62801 147.22542 138.42519 0.3 0.3 0.0 0.0 0.0 0.0 0.0 0.0 0.72115 0.0 0.0 45.47487 -0.49999 0.07399 0.0 0.0 0.0 0.0 0.0 0.0 0.0544331093736 77 0 0.924657534247 1.12899406722 -260.320691351
-0.12623 0.35028 3.35743 -0.12979 0.55971 3.63136090928 0.78258 0.98072 0.30541 0.41196 152.77952 195.62801 147.22542 138.42519 0.3 0.3 0.0 0.0 0.0 0.0 0.0 0.0 0.72115 0.0 0.0 45.47487 -0.49999 0.07399 0.0 0.0 0.0 0.0 0.0 0.0 0.0547898412687 78 0 0.918367346939 1.12353230105 -260.320691351
-0.12623 0.35028 3.35743 -0.12979 0.55971 3.64118901675 0.78258 0.98072 0.30541 0.41196 152.77952 195.62801 147.22542 138.42519 0.3 0.3 0.0 0.0 0.0 0.0 0.0 0.0 0.72115 0.0 0.0 45.47487 -0.49999 0.07399 0.0 0.0 0.0 0.0 0.0 0.0 0.0535586333383 79 0 0.924657534247 1.09877639379 -260.320691351
-0.12623 0.35028 3.35743 -0.12979 0.55971 3.65125148778 0.78258 0.98072 0.30541 0.41196 152.77952 195.62801 147.22542 138.42519 0.3 0.3 0.0 0.0 0.0 0.0 0.0 0.0 0.72115 0.0 0.0 45.47487 -0.49999 0.07399 0.0 0.0 0.0 0.0 0.0 0.0 0.054922144684 80 0 0.924657534247 1.13539603185 -260.320691351
-0.12623 0.35028 3.35743 -0.12979 0.55971 3.61540381678 0.78258 0.98072 0.30541 0.41196 152.77952 195.62801 147.22542 138.42519 0.3 0.3 0.0 0.0 0.0 0.0 0.0 0.0 0.72115 0.0 0.0 45.47487 -0.49999 0.07399 0.0 0.0 0.0 0.0 0.0 0.0 0.055609023164 81 0 0.918367346939 1.14912923682 -260.320691351
-0.12623 0.35028 3.35743 -0.12979 0.55971 3.64235894425 0.78258 0.98072 0.30541 0.41196 152.77952 195.62801 147.22542 138.42519 0.3 0.3 0.0 0.0 0.0 0.0 0.0 0.0 0.72115 0.0 0.0 45.47487 -0.49999 0.07399 0.0 0.0 0.0 0.0 0.0 0.0 0.0541374717719 82 0 0.924657534247 1.09608396207 -260.320691351
-0.12623 0.35028 3.35743 -0.12979 0.55971 3.62697760584 0.78258 0.98072 0.30541 0.41196 152.77952 195.62801 147.22542 138.42519 0.3 0.3 0.0 0.0 0.0 0.0 0.0 0.0 0.72115 0.0 0.0 45.47487 -0.49999 0.07399 0.0 0.0 0.0 0.0 0.0 0.0 0.0543779657252 83 0 0.918367346939 1.0728164192 -260.320691351
-0.12623 0.35028 3.35743 -0.12979 0.55971 3.63850813432 0.78258 0.98072 0.30541 0.41196 152.77952 195.62801 147.22542 138.42519 0.3 0.3 0.0 0.0 0.0 0.0 0.0 0.0 0.72115 0.0 0.0 45.47487 -0.49999 0.07399 0.0 0.0 0.0 0.0 0.0 0.0 0.0552123621924 84 1 0.924657534247 1.098775025 -255.050867721
-0.12623 0.35028 3.35743 -0.12979 0.55971 3.62239508262 0.78258 0.98072 0.30541 0.41196 152.77952 195.62801 147.22542 138.42519 0.3 0.3 0.0 0.0 0.0 0.0 0.0 0.0 0.72115 0.0 0.0 45.47487 -0.49999 0.07399 0.0 0.0 0.0 0.0 0.0 0.0 0.0554681352519 85 0 0.912162162162 1.06888337498 -255.050867721
-0.12623 0.35028 3.35743 -0.12979 0.55971 3.59547484207 0.78258 0.98072 0.30541 0.41196 152.77952 195.62801 147.22542 138.42519 0.3 0.3 0.0 0.0 0.0 0.0 0.0 0.0 0.72115 0.0 0.0 45.47487 -0.49999 0.07399 0.0 0.0 0.0 0.0 0.0 0.0 0.0537983447205 86 0 0.912162162162 1.20140474581 -255.050867721
-0.12623 0.35028 3.35743 -0.12979 0.55971 3.62104206404 0.78258 0.98072 0.30541 0.41196 152.77952 195.62801 147.22542 138.42519 0.3 0.3 0.0 0.0 0.0 0.0 0.0 0.0 0.72115 0.0 0.0 45.47487 -0.49999 0.07399 0.0 0.0 0.0 0.0 0.0 0.0 0.0548574420441 87 0 0.912162162162 1.0654434518 -255.050867721
-0.12623 0.35028 3.35743 -0.12979 0.55971 3.63898287635 0.78258 0.98072 0.30541 0.41196 152.77952 195.62801 147.22542 138.42519 0.3 0.3 0.0 0.0 0.0 0.0 0.0 0.0 0.72115 0.0 0.0 45.47487 -0.49999 0.07399 0.0 0.0 0.0 0.0 0.0 0.0 0.0554375253081 88 1 0.924657534247 1.09631127428 -251.894087012
-0.12623 0.35028 3.35743 -0.12979 0.55971 3.60012312684 0.78258 0.98072 0.30541 0.41196 152.77952 195.62801 147.22542 138.42519 0.3 0.3 0.0 0.0 0.0 0.0 0.0 0.0 0.72115 0.0 0.0 45.47487 -0.49999 0.07399 0.0 0.0 0.0 0.0 0.0 0.0 0.05563817017 89 0 0.912162162162 1.19742042818 -251.894087012
-0.12623 0.35028 3.35743 -0.12979 0.55971 3.67331496219 0.78258 0.98072 0.30541 0.41196 152.77952 195.62801 147.22542 138.42519 0.3 0.3 0.0 0.0 0.0 0.0 0.0 0.0 0.72115 0.0 0.0 45.47487 -0.49999 0.07399 0.0 0.0 0.0 0.0 0.0 0.0 0.0545903978689 90 0 0.917808219178 1.15904983849 -251.894087012
-0.12623 0.35028 3.35743 -0.12979 0.55971 3.65625887701 0.78258 0.98072 0.30541 0.41196 152.77952 195.62801 147.22542 138.42519 0.3 0.3 0.0 0.0 0.0 0.0 0.0 0.0 0.72115 0.0 0.0 45.47487 -0.49999 0.07399 0.0 0.0 0.0 0.0 0.0 0.0 0.0555930127181 91 0 0.924657534247 1.13418404132 -251.894087012
-0.12623 0.35028 3.35743 -0.12979 0.55971 3.6486659118 0.78258 0.98072 0.30541 0.41196 152.77952 195.62801 147.22542 138.42519 0.3 0.3 0.0 0.0 0.0 0.0 0.0 0.0 0.72115 0.0 0.0 45.47487 -0.49999 0.07399 0.0 0.0 0.0 0.0 0.0 0.0 0.0556202577057 92 0 0.924657534247 1.13581494774 -251.894087012
-0.12623 0.35028 3.35743 -0.12979 0.55971 3.63997808595 0.78258 0.98072 0.30541 0.41196 152.77952 195.62801 147.22542 138.42519 0.3 0.3 0.0 0.0 0.0 0.0 0.0 0.0 0.72115 0.0 0.0 45.47487 -0.49999 0.07399 0.0 0.0 0.0 0.0 0.0 0.0 0.0550676583531 93 0 0.924657534247 1.09840609023 -251.894087012
-0.12623 0.35028 3.35743 -0.12979 0.55971 3.68511291659 0.78258 0.98072 0.30541 0.41196 152.77952 195.62801 147.22542 138.42519 0.3 0.3 0.0 0.0 0.0 0.0 0.0 0.0 0.72115 0.0 0.0 45.47487 -0.49999 0.07399 0.0 0.0 0.0 0.0 0.0 0.0 0.0573228029371 94 0 0.924657534247 1.16301228357 -251.894087012
-0.12623 0.35028 3.35743 -0.12979 0.55971 3.65466276638 0.78258 0.98072 0.30541 0.41196 152.77952 195.62801 147.22542 138.42519 0.3 0.3 0.0 0.0 0.0 0.0 0.0 0.0 0.72115 0.0 0.0 45.47487 -0.49999 0.07399 0.0 0.0 0.0 0.0 0.0 0.0 0.0560150257918 95 0 0.924657534247 1.13507022584 -251.894087012
-0.12623 0.35028 3.35743 -0.12979 0.55971 3.63046364576 0.78258 0.98072 0.30541 0.41196 152.77952 195.62801 147.22542 138.42519 0.3 0.3 0.0 0.0 0.0 0.0 0.0 0.0 0.72115 0.0 0.0 45.47487 -0.49999 0.07399 0.0 0.0 0.0 0.0 0.0 0.0 0.0551574248376 96 0 0.918367346939 1.11674427844 -251.894087012
-0.12623 0.35028 3.35743 -0.12979 0.55971 3.65956764162 0.78258 0.98072 0.30541 0.41196 152.77952 195.62801 147.22542 138.42519 0.3 0.3 0.0 0.0 0.0 0.0 0.0 0.0 0.72115 0.0 0.0 45.47487 -0.49999 0.07399 0.0 0.0 0.0 0.0 0.0 0.0 0.0554050854576 97 0 0.924657534247 1.14836842903 -251.894087012
-0.12623 0.35028 3.35743 -0.12979 0.55971 3.61176200697 0.78258 0.98072 0.30541 0.41196 152.77952 195.62801 147.22542 138.42519 0.3 0.3 0.0 0.0 0.0 0.0 0.0 0.0 0.72115 0.0 0.0 45.47487 -0.49999 0.07399 0.0 0.0 0.0 0.0 0.0 0.0 0.0565777387227 98 0 0.912162162162 1.15875693332 -251.894087012
-0.12623 0.35028 3.35743 -0.12979 0.55971 3.60856082873 0.78258 0.98072 0.30541 0.41196 152.77952 195.62801 147.22542 138.42519 0.3 0.3 0.0 0.0 0.0 0.0 0.0 0.0 0.72115 0.0 0.0 45.47487 -0.49999 0.07399 0.0 0.0 0.0 0.0 0.0 0.0 0.0553227002991 99 0 0.912162162162 1.23527478225 -251.894087012
-0.12623 0.35028 3.35743 -0.12979 0.55971 3.67298268801 0.78258 0.98072 0.30541 0.41196 152.77952 195.62801 147.22542 138.42519 0.3 0.3 0.0 0.0 0.0 0.0 0.0 0.0 0.72115 0.0 0.0 45.47487 -0.49999 0.07399 0.0 0.0 0.0 0.0 0.0 0.0 0.0548036385761 100 0 0.917808219178 1.15884859914 -251.894087012
