-0.12623 0.35028 3.35743 -0.12979 0.55971 3.95405333333 0.78258 0.98072 0.30541 0.41196 152.77952 195.62801 147.22542 138.42519 0.3 0.3 0.0 0.0 0.0 0.0 0.0 0.0 0.72115 0.0 0.0 45.47487 -0.49999 0.07399 0.0 0.0 0.0 0.0 0.0 0.0 0.05 0 1 0.992647058824 0.418088224664 -2.17868608815
-0.12623 0.35028 3.35743 -0.12979 0.55971 3.91416335083 0.78258 0.98072 0.30541 0.41196 152.77952 195.62801 147.22542 138.42519 0.3 0.3 0.0 0.0 0.0 0.0 0.0 0.0 0.72115 0.0 0.0 45.47487 -0.49999 0.07399 0.0 0.0 0.0 0.0 0.0 0.0 0.0497632932714 1 0 0.978260869565 0.479632277151 -2.17868608815
-0.12623 0.35028 3.35743 -0.12979 0.55971 3.92115012826 0.78258 0.98072 0.30541 0.41196 152.77952 195.62801 147.22542 138.42519 0.3 0.3 0.0 0.0 0.0 0.0 0.0 0.0 0.72115 0.0 0.0 45.47487 -0.49999 0.07399 0.0 0.0 0.0 0.0 0.0 0.0 0.0494534811646 2 1 0.992647058824 0.527018823711 -2.4063477922
-0.12623 0.35028 3.35743 -0.12979 0.55971 3.92489916795 0.78258 0.98072 0.30541 0.41196 152.77952 195.62801 147.22542 138.42519 0.3 0.3 0.0 0.0 0.0 0.0 0.0 0.0 0.72115 0.0 0.0 45.47487 -0.49999 0.07399 0.0 0.0 0.0 0.0 0.0 0.0 0.0494637772643 3 0 0.992647058824 0.638681719911 -2.4063477922
-0.12623 0.35028 3.35743 -0.12979 0.55971 3.93937651821 0.78258 0.98072 0.30541 0.41196 152.77952 195.62801 147.22542 138.42519 0.3 0.3 0.0 0.0 0.0 0.0 0.0 0.0 0.72115 0.0 0.0 45.47487 -0.49999 0.07399 0.0 0.0 0.0 0.0 0.0 0.0 0.0497191943019 4 1 0.992647058824 0.544140050997 -2.46245237139
-0.12623 0.35028 3.35743 -0.12979 0.55971 3.93539928686 0.78258 0.98072 0.30541 0.41196 152.77952 195.62801 147.22542 138.42519 0.3 0.3 0.0 0.0 0.0 0.0 0.0 0.0 0.72115 0.0 0.0 45.47487 -0.49999 0.07399 0.0 0.0 0.0 0.0 0.0 0.0 0.0500347267643 5 1 0.992647058824 0.552646899801 -2.49786758765
-0.12623 0.35028 3.35743 -0.12979 0.55971 3.95163591037 0.78258 0.98072 0.30541 0.41196 152.77952 195.62801 147.22542 138.42519 0.3 0.3 0.0 0.0 0.0 0.0 0.0 0.0 0.72115 0.0 0.0 45.47487 -0.49999 0.07399 0.0 0.0 0.0 0.0 0.0 0.0 0.0501031656645 6 1 0.992647058824 0.416647473648 -2.18120935135
-0.12623 0.35028 3.35743 -0.12979 0.55971 3.97885573131 0.78258 0.98072 0.30541 0.41196 152.77952 195.62801 147.22542 138.42519 0.3 0.3 0.0 0.0 0.0 0.0 0.0 0.0 0.72115 0.0 0.0 45.47487 -0.49999 0.07399 0.0 0.0 0.0 0.0 0.0 0.0 0.0500081044717 7 1 0.992647058824 0.376425347747 -2.09860330072
-0.12623 0.35028 3.35743 -0.12979 0.55971 3.96113402268 0.78258 0.98072 0.30541 0.41196 152.77952 195.62801 147.22542 138.42519 0.3 0.3 0.0 0.0 0.0 0.0 0.0 0.0 0.72115 0.0 0.0 45.47487 -0.49999 0.07399 0.0 0.0 0.0 0.0 0.0 0.0 0.0497289419664 8 1 0.985294117647 0.200867481109 -2.13154603529
-0.12623 0.35028 3.35743 -0.12979 0.55971 3.95664581902 0.78258 0.98072 0.30541 0.41196 152.77952 195.62801 147.22542 138.42519 0.3 0.3 0.0 0.0 0.0 0.0 0.0 0.0 0.72115 0.0 0.0 45.47487 -0.49999 0.07399 0.0 0.0 0.0 0.0 0.0 0.0 0.049500805527 9 1 0.992647058824 0.416279036651 -2.14898755236
-0.12623 0.35028 3.35743 -0.12979 0.55971 3.97553967681 0.78258 0.98072 0.30541 0.41196 152.77952 195.62801 147.22542 138.42519 0.3 0.3 0.0 0.0 0.0 0.0 0.0 0.0 0.72115 0.0 0.0 45.47487 -0.49999 0.07399 0.0 0.0 0.0 0.0 0.0 0.0 0.0489680758841 10 1 0.985294117647 0.373947799425 -3.10114535241
-0.12623 0.35028 3.35743 -0.12979 0.55971 3.9317084105 0.78258 0.98072 0.30541 0.41196 152.77952 195.62801 147.22542 138.42519 0.3 0.3 0.0 0.0 0.0 0.0 0.0 0.0 0.72115 0.0 0.0 45.47487 -0.49999 0.07399 0.0 0.0 0.0 0.0 0.0 0.0 0.0492180948835 11 1 0.992647058824 0.559426445012 -2.48520634474
-0.12623 0.35028 3.35743 -0.12979 0.55971 3.94985861889 0.78258 0.98072 0.30541 0.41196 152.77952 195.62801 147.22542 138.42519 0.3 0.3 0.0 0.0 0.0 0.0 0.0 0.0 0.72115 0.0 0.0 45.47487 -0.49999 0.07399 0.0 0.0 0.0 0.0 0.0 0.0 0.0487422239618 12 1 0.992647058824 0.495750235222 -2.29614781777
-0.12623 0.35028 3.35743 -0.12979 0.55971 3.96139108384 0.78258 0.98072 0.30541 0.41196 152.77952 195.62801 147.22542 138.42519 0.3 0.3 0.0 0.0 0.0 0.0 0.0 0.0 0.72115 0.0 0.0 45.47487 -0.49999 0.07399 0.0 0.0 0.0 0.0 0.0 0.0 0.0486297911042 13 1 0.985294117647 0.20085054837 -2.0743477329
-0.12623 0.35028 3.35743 -0.12979 0.55971 3.9931202376 0.78258 0.98072 0.30541 0.41196 152.77952 195.62801 147.22542 138.42519 0.3 0.3 0.0 0.0 0.0 0.0 0.0 0.0 0.72115 0.0 0.0 45.47487 -0.49999 0.07399 0.0 0.0 0.0 0.0 0.0 0.0 0.0482295869208 14 1 0.992647058824 0.399343898761 -2.04932419226
-0.12623 0.35028 3.35743 -0.12979 0.55971 4.00254806998 0.78258 0.98072 0.30541 0.41196 152.77952 195.62801 147.22542 138.42519 0.3 0.3 0.0 0.0 0.0 0.0 0.0 0.0 0.72115 0.0 0.0 45.47487 -0.49999 0.07399 0.0 0.0 0.0 0.0 0.0 0.0 0.0487238329478 15 0 0.977941176471 0.378981417603 -2.04932419226
-0.12623 0.35028 3.35743 -0.12979 0.55971 3.95352644922 0.78258 0.98072 0.30541 0.41196 152.77952 195.62801 147.22542 138.42519 0.3 0.3 0.0 0.0 0.0 0.0 0.0 0.0 0.72115 0.0 0.0 45.47487 -0.49999 0.07399 0.0 0.0 0.0 0.0 0.0 0.0 0.0483221350237 16 1 0.992647058824 0.416207605602 -2.08977855916
-0.12623 0.35028 3.35743 -0.12979 0.55971 3.94549369762 0.78258 0.98072 0.30541 0.41196 152.77952 195.62801 147.22542 138.42519 0.3 0.3 0.0 0.0 0.0 0.0 0.0 0.0 0.72115 0.0 0.0 45.47487 -0.49999 0.07399 0.0 0.0 0.0 0.0 0.0 0.0 0.0480216797121 17 0 0.992647058824 0.519597423359 -2.08977855916
-0.12623 0.35028 3.35743 -0.12979 0.55971 3.93600081902 0.78258 0.98072 0.30541 0.41196 152.77952 195.62801 147.22542 138.42519 0.3 0.3 0.0 0.0 0.0 0.0 0.0 0.0 0.72115 0.0 0.0 45.47487 -0.49999 0.07399 0.0 0.0 0.0 0.0 0.0 0.0 0.0473764093386 18 1 0.992647058824 0.543660634402 -2.37642873593
-0.12623 0.35028 3.35743 -0.12979 0.55971 3.94157291649 0.78258 0.98072 0.30541 0.41196 152.77952 195.62801 147.22542 138.42519 0.3 0.3 0.0 0.0 0.0 0.0 0.0 0.0 0.72115 0.0 0.0 45.47487 -0.49999 0.07399 0.0 0.0 0.0 0.0 0.0 0.0 0.0473956876211 19 1 0.992647058824 0.542981345185 -2.3750521283
-0.12623 0.35028 3.35743 -0.12979 0.55971 3.93709055049 0.78258 0.98072 0.30541 0.41196 152.77952 195.62801 147.22542 138.42519 0.3 0.3 0.0 0.0 0.0 0.0 0.0 0.0 0.72115 0.0 0.0 45.47487 -0.49999 0.07399 0.0 0.0 0.0 0.0 0.0 0.0 0.0471910791605 20 1 0.992647058824 0.543875208662 -2.3711525483
-0.12623 0.35028 3.35743 -0.12979 0.55971 3.91503708466 0.78258 0.98072 0.30541 0.41196 152.77952 195.62801 147.22542 138.42519 0.3 0.3 0.0 0.0 0.0 0.0 0.0 0.0 0.72115 0.0 0.0 45.47487 -0.49999 0.07399 0.0 0.0 0.0 0.0 0.0 0.0 0.0477033979834 21 0 0.978260869565 0.479551357902 -2.3711525483
-0.12623 0.35028 3.35743 -0.12979 0.55971 3.93574042263 0.78258 0.98072 0.30541 0.41196 152.77952 195.62801 147.22542 138.42519 0.3 0.3 0.0 0.0 0.0 0.0 0.0 0.0 0.72115 0.0 0.0 45.47487 -0.49999 0.07399 0.0 0.0 0.0 0.0 0.0 0.0 0.0470969384082 22 1 0.992647058824 0.543717757217 -2.36772804431
-0.12623 0.35028 3.35743 -0.12979 0.55971 3.92773986765 0.78258 0.98072 0.30541 0.41196 152.77952 195.62801 147.22542 138.42519 0.3 0.3 0.0 0.0 0.0 0.0 0.0 0.0 0.72115 0.0 0.0 45.47487 -0.49999 0.07399 0.0 0.0 0.0 0.0 0.0 0.0 0.04700498323 23 1 0.992647058824 0.633802183152 -2.65688506547
-0.12623 0.35028 3.35743 -0.12979 0.55971 3.92688323718 0.78258 0.98072 0.30541 0.41196 152.77952 195.62801 147.22542 138.42519 0.3 0.3 0.0 0.0 0.0 0.0 0.0 0.0 0.72115 0.0 0.0 45.47487 -0.49999 0.07399 0.0 0.0 0.0 0.0 0.0 0.0 0.0474521076965 24 1 0.992647058824 0.633902556909 -2.66592787783
-0.12623 0.35028 3.35743 -0.12979 0.55971 3.94843478457 0.78258 0.98072 0.30541 0.41196 152.77952 195.62801 147.22542 138.42519 0.3 0.3 0.0 0.0 0.0 0.0 0.0 0.0 0.72115 0.0 0.0 45.47487 -0.49999 0.07399 0.0 0.0 0.0 0.0 0.0 0.0 0.0475494268941 25 1 0.992647058824 0.495724727633 -2.24802174449
-0.12623 0.35028 3.35743 -0.12979 0.55971 3.90078027603 0.78258 0.98072 0.30541 0.41196 152.77952 195.62801 147.22542 138.42519 0.3 0.3 0.0 0.0 0.0 0.0 0.0 0.0 0.72115 0.0 0.0 45.47487 -0.49999 0.07399 0.0 0.0 0.0 0.0 0.0 0.0 0.0475757676681 26 0 0.964285714286 0.688199941615 -2.24802174449
-0.12623 0.35028 3.35743 -0.12979 0.55971 3.94958125523 0.78258 0.98072 0.30541 0.41196 152.77952 195.62801 147.22542 138.42519 0.3 0.3 0.0 0.0 0.0 0.0 0.0 0.0 0.72115 0.0 0.0 45.47487 -0.49999 0.07399 0.0 0.0 0.0 0.0 0.0 0.0 0.0475019540382 27 1 0.992647058824 0.495721071382 -2.24618905077
-0.12623 0.35028 3.35743 -0.12979 0.55971 3.98066460018 0.78258 0.98072 0.30541 0.41196 152.77952 195.62801 147.22542 138.42519 0.3 0.3 0.0 0.0 0.0 0.0 0.0 0.0 0.72115 0.0 0.0 45.47487 -0.49999 0.07399 0.0 0.0 0.0 0.0 0.0 0.0 0.046378457945 28 1 0.992647058824 0.185990396289 -1.60806142792
-0.12623 0.35028 3.35743 -0.12979 0.55971 4.00902474845 0.78258 0.98072 0.30541 0.41196 152.77952 195.62801 147.22542 138.42519 0.3 0.3 0.0 0.0 0.0 0.0 0.0 0.0 0.72115 0.0 0.0 45.47487 -0.49999 0.07399 0.0 0.0 0.0 0.0 0.0 0.0 0.0467931638449 29 0 0.977941176471 0.371434197147 -1.60806142792
-0.12623 0.35028 3.35743 -0.12979 0.55971 3.99818934267 0.78258 0.98072 0.30541 0.41196 152.77952 195.62801 147.22542 138.42519 0.3 0.3 0.0 0.0 0.0 0.0 0.0 0.0 0.72115 0.0 0.0 45.47487 -0.49999 0.07399 0.0 0.0 0.0 0.0 0.0 0.0 0.0472636640101 30 0 0.985294117647 0.396872734799 -1.60806142792
-0.12623 0.35028 3.35743 -0.12979 0.55971 4.0032310536 0.78258 0.98072 0.30541 0.41196 152.77952 195.62801 147.22542 138.42519 0.3 0.3 0.0 0.0 0.0 0.0 0.0 0.0 0.72115 0.0 0.0 45.47487 -0.49999 0.07399 0.0 0.0 0.0 0.0 0.0 0.0 0.0474278761521 31 0 0.977941176471 0.378981463885 -1.60806142792
-0.12623 0.35028 3.35743 -0.12979 0.55971 3.99132176557 0.78258 0.98072 0.30541 0.41196 152.77952 195.62801 147.22542 138.42519 0.3 0.3 0.0 0.0 0.0 0.0 0.0 0.0 0.72115 0.0 0.0 45.47487 -0.49999 0.07399 0.0 0.0 0.0 0.0 0.0 0.0 0.0455953943087 32 1 0.992647058824 0.399551418429 -1.92706701268
-0.12623 0.35028 3.35743 -0.12979 0.55971 3.98016709953 0.78258 0.98072 0.30541 0.41196 152.77952 195.62801 147.22542 138.42519 0.3 0.3 0.0 0.0 0.0 0.0 0.0 0.0 0.72115 0.0 0.0 45.47487 -0.49999 0.07399 0.0 0.0 0.0 0.0 0.0 0.0 0.045265924541 33 1 0.992647058824 0.186015087188 -1.54182519359
-0.12623 0.35028 3.35743 -0.12979 0.55971 3.91936985499 0.78258 0.98072 0.30541 0.41196 152.77952 195.62801 147.22542 138.42519 0.3 0.3 0.0 0.0 0.0 0.0 0.0 0.0 0.72115 0.0 0.0 45.47487 -0.49999 0.07399 0.0 0.0 0.0 0.0 0.0 0.0 0.0448416232739 34 1 0.992647058824 0.527094212321 -2.25283157591
-0.12623 0.35028 3.35743 -0.12979 0.55971 3.89461319359 0.78258 0.98072 0.30541 0.41196 152.77952 195.62801 147.22542 138.42519 0.3 0.3 0.0 0.0 0.0 0.0 0.0 0.0 0.72115 0.0 0.0 45.47487 -0.49999 0.07399 0.0 0.0 0.0 0.0 0.0 0.0 0.0449032424089 35 0 0.971223021583 0.56317845666 -2.25283157591
-0.12623 0.35028 3.35743 -0.12979 0.55971 3.93601273918 0.78258 0.98072 0.30541 0.41196 152.77952 195.62801 147.22542 138.42519 0.3 0.3 0.0 0.0 0.0 0.0 0.0 0.0 0.72115 0.0 0.0 45.47487 -0.49999 0.07399 0.0 0.0 0.0 0.0 0.0 0.0 0.0454114233477 36 1 0.992647058824 0.543655553576 -2.32006886249
-0.12623 0.35028 3.35743 -0.12979 0.55971 3.97558986462 0.78258 0.98072 0.30541 0.41196 152.77952 195.62801 147.22542 138.42519 0.3 0.3 0.0 0.0 0.0 0.0 0.0 0.0 0.72115 0.0 0.0 45.47487 -0.49999 0.07399 0.0 0.0 0.0 0.0 0.0 0.0 0.0452235519498 37 0 0.985294117647 0.373950269172 -2.32006886249
-0.12623 0.35028 3.35743 -0.12979 0.55971 3.94128818037 0.78258 0.98072 0.30541 0.41196 152.77952 195.62801 147.22542 138.42519 0.3 0.3 0.0 0.0 0.0 0.0 0.0 0.0 0.72115 0.0 0.0 45.47487 -0.49999 0.07399 0.0 0.0 0.0 0.0 0.0 0.0 0.0453199227365 38 1 0.992647058824 0.543045707376 -2.31583654984
-0.12623 0.35028 3.35743 -0.12979 0.55971 3.89725174821 0.78258 0.98072 0.30541 0.41196 152.77952 195.62801 147.22542 138.42519 0.3 0.3 0.0 0.0 0.0 0.0 0.0 0.0 0.72115 0.0 0.0 45.47487 -0.49999 0.07399 0.0 0.0 0.0 0.0 0.0 0.0 0.0447643501839 39 0 0.971223021583 0.563311616429 -2.31583654984
-0.12623 0.35028 3.35743 -0.12979 0.55971 3.95886953558 0.78258 0.98072 0.30541 0.41196 152.77952 195.62801 147.22542 138.42519 0.3 0.3 0.0 0.0 0.0 0.0 0.0 0.0 0.72115 0.0 0.0 45.47487 -0.49999 0.07399 0.0 0.0 0.0 0.0 0.0 0.0 0.0447887273673 40 1 0.992647058824 0.208459026672 -1.54087572865
-0.12623 0.35028 3.35743 -0.12979 0.55971 3.95309140504 0.78258 0.98072 0.30541 0.41196 152.77952 195.62801 147.22542 138.42519 0.3 0.3 0.0 0.0 0.0 0.0 0.0 0.0 0.72115 0.0 0.0 45.47487 -0.49999 0.07399 0.0 0.0 0.0 0.0 0.0 0.0 0.0439855449526 41 0 0.992647058824 0.417588148901 -1.54087572865
-0.12623 0.35028 3.35743 -0.12979 0.55971 3.93708256835 0.78258 0.98072 0.30541 0.41196 152.77952 195.62801 147.22542 138.42519 0.3 0.3 0.0 0.0 0.0 0.0 0.0 0.0 0.72115 0.0 0.0 45.47487 -0.49999 0.07399 0.0 0.0 0.0 0.0 0.0 0.0 0.0461066552141 42 0 0.992647058824 0.543875245846 -1.54087572865
-0.12623 0.35028 3.35743 -0.12979 0.55971 3.92135250518 0.78258 0.98072 0.30541 0.41196 152.77952 195.62801 147.22542 138.42519 0.3 0.3 0.0 0.0 0.0 0.0 0.0 0.0 0.72115 0.0 0.0 45.47487 -0.49999 0.07399 0.0 0.0 0.0 0.0 0.0 0.0 0.0451216614325 43 1 0.992647058824 0.526996414511 -2.25970881628
-0.12623 0.35028 3.35743 -0.12979 0.55971 3.92357624376 0.78258 0.98072 0.30541 0.41196 152.77952 195.62801 147.22542 138.42519 0.3 0.3 0.0 0.0 0.0 0.0 0.0 0.0 0.72115 0.0 0.0 45.47487 -0.49999 0.07399 0.0 0.0 0.0 0.0 0.0 0.0 0.0459985982807 44 1 0.992647058824 0.527208385133 -2.28477281376
-0.12623 0.35028 3.35743 -0.12979 0.55971 3.88690632094 0.78258 0.98072 0.30541 0.41196 152.77952 195.62801 147.22542 138.42519 0.3 0.3 0.0 0.0 0.0 0.0 0.0 0.0 0.72115 0.0 0.0 45.47487 -0.49999 0.07399 0.0 0.0 0.0 0.0 0.0 0.0 0.0464668446374 45 0 0.971223021583 0.607422826273 -2.28477281376
-0.12623 0.35028 3.35743 -0.12979 0.55971 3.92088095281 0.78258 0.98072 0.30541 0.41196 152.77952 195.62801 147.22542 138.42519 0.3 0.3 0.0 0.0 0.0 0.0 0.0 0.0 0.72115 0.0 0.0 45.47487 -0.49999 0.07399 0.0 0.0 0.0 0.0 0.0 0.0 0.0451572946838 46 1 0.992647058824 0.527044193589 -2.26079530495
-0.12623 0.35028 3.35743 -0.12979 0.55971 3.95403244517 0.78258 0.98072 0.30541 0.41196 152.77952 195.62801 147.22542 138.42519 0.3 0.3 0.0 0.0 0.0 0.0 0.0 0.0 0.72115 0.0 0.0 45.47487 -0.49999 0.07399 0.0 0.0 0.0 0.0 0.0 0.0 0.0457839925645 47 1 0.992647058824 0.418076685282 -1.97920212865
-0.12623 0.35028 3.35743 -0.12979 0.55971 3.93794116204 0.78258 0.98072 0.30541 0.41196 152.77952 195.62801 147.22542 138.42519 0.3 0.3 0.0 0.0 0.0 0.0 0.0 0.0 0.72115 0.0 0.0 45.47487 -0.49999 0.07399 0.0 0.0 0.0 0.0 0.0 0.0 0.0454301509748 48 1 0.992647058824 0.53633066765 -2.29722405144
-0.12623 0.35028 3.35743 -0.12979 0.55971 3.92077176715 0.78258 0.98072 0.30541 0.41196 152.77952 195.62801 147.22542 138.42519 0.3 0.3 0.0 0.0 0.0 0.0 0.0 0.0 0.72115 0.0 0.0 45.47487 -0.49999 0.07399 0.0 0.0 0.0 0.0 0.0 0.0 0.0452550615517 49 1 0.992647058824 0.527041609606 -2.26338015579
-0.12623 0.35028 3.35743 -0.12979 0.55971 3.91999227155 0.78258 0.98072 0.30541 0.41196 152.77952 195.62801 147.22542 138.42519 0.3 0.3 0.0 0.0 0.0 0.0 0.0 0.0 0.72115 0.0 0.0 45.47487 -0.49999 0.07399 0.0 0.0 0.0 0.0 0.0 0.0 0.0446251608128 50 1 0.992647058824 0.527014031544 -2.24722709317
-0.12623 0.35028 3.35743 -0.12979 0.55971 3.9131951654 0.78258 0.98072 0.30541 0.41196 152.77952 195.62801 147.22542 138.42519 0.3 0.3 0.0 0.0 0.0 0.0 0.0 0.0 0.72115 0.0 0.0 45.47487 -0.49999 0.07399 0.0 0.0 0.0 0.0 0.0 0.0 0.0448169867894 51 0 0.971223021583 0.597678770731 -2.24722709317
-0.12623 0.35028 3.35743 -0.12979 0.55971 3.91155871276 0.78258 0.98072 0.30541 0.41196 152.77952 195.62801 147.22542 138.42519 0.3 0.3 0.0 0.0 0.0 0.0 0.0 0.0 0.72115 0.0 0.0 45.47487 -0.49999 0.07399 0.0 0.0 0.0 0.0 0.0 0.0 0.0448121746317 52 0 0.978260869565 0.628173934247 -2.24722709317
-0.12623 0.35028 3.35743 -0.12979 0.55971 3.91515785949 0.78258 0.98072 0.30541 0.41196 152.77952 195.62801 147.22542 138.42519 0.3 0.3 0.0 0.0 0.0 0.0 0.0 0.0 0.72115 0.0 0.0 45.47487 -0.49999 0.07399 0.0 0.0 0.0 0.0 0.0 0.0 0.0442871811881 53 0 0.985401459854 0.479566633718 -2.24722709317
-0.12623 0.35028 3.35743 -0.12979 0.55971 3.97467746819 0.78258 0.98072 0.30541 0.41196 152.77952 195.62801 147.22542 138.42519 0.3 0.3 0.0 0.0 0.0 0.0 0.0 0.0 0.72115 0.0 0.0 45.47487 -0.49999 0.07399 0.0 0.0 0.0 0.0 0.0 0.0 0.0436575944681 54 0 0.985294117647 0.373944819665 -2.24722709317
-0.12623 0.35028 3.35743 -0.12979 0.55971 3.91594702737 0.78258 0.98072 0.30541 0.41196 152.77952 195.62801 147.22542 138.42519 0.3 0.3 0.0 0.0 0.0 0.0 0.0 0.0 0.72115 0.0 0.0 45.47487 -0.49999 0.07399 0.0 0.0 0.0 0.0 0.0 0.0 0.0440056279753 55 0 0.985401459854 0.479595627221 -2.24722709317
-0.12623 0.35028 3.35743 -0.12979 0.55971 3.86879806385 0.78258 0.98072 0.30541 0.41196 152.77952 195.62801 147.22542 138.42519 0.3 0.3 0.0 0.0 0.0 0.0 0.0 0.0 0.72115 0.0 0.0 45.47487 -0.49999 0.07399 0.0 0.0 0.0 0.0 0.0 0.0 0.045143686357 56 0 0.956834532374 0.495619280206 -2.24722709317
-0.12623 0.35028 3.35743 -0.12979 0.55971 3.94988263841 0.78258 0.98072 0.30541 0.41196 152.77952 195.62801 147.22542 138.42519 0.3 0.3 0.0 0.0 0.0 0.0 0.0 0.0 0.72115 0.0 0.0 45.47487 -0.49999 0.07399 0.0 0.0 0.0 0.0 0.0 0.0 0.0444979959335 57 1 0.992647058824 0.49574947198 -2.14594543514
-0.12623 0.35028 3.35743 -0.12979 0.55971 3.95396625969 0.78258 0.98072 0.30541 0.41196 152.77952 195.62801 147.22542 138.42519 0.3 0.3 0.0 0.0 0.0 0.0 0.0 0.0 0.72115 0.0 0.0 45.47487 -0.49999 0.07399 0.0 0.0 0.0 0.0 0.0 0.0 0.044575518311 58 1 0.992647058824 0.418082346413 -1.93087990398
-0.12623 0.35028 3.35743 -0.12979 0.55971 3.94212385919 0.78258 0.98072 0.30541 0.41196 152.77952 195.62801 147.22542 138.42519 0.3 0.3 0.0 0.0 0.0 0.0 0.0 0.0 0.72115 0.0 0.0 45.47487 -0.49999 0.07399 0.0 0.0 0.0 0.0 0.0 0.0 0.0447453709839 59 1 0.992647058824 0.519342714256 -2.2257896833
-0.12623 0.35028 3.35743 -0.12979 0.55971 3.9172396217 0.78258 0.98072 0.30541 0.41196 152.77952 195.62801 147.22542 138.42519 0.3 0.3 0.0 0.0 0.0 0.0 0.0 0.0 0.72115 0.0 0.0 45.47487 -0.49999 0.07399 0.0 0.0 0.0 0.0 0.0 0.0 0.0442266299309 60 1 0.992647058824 0.526730654959 -2.23693263491
-0.12623 0.35028 3.35743 -0.12979 0.55971 3.90680384386 0.78258 0.98072 0.30541 0.41196 152.77952 195.62801 147.22542 138.42519 0.3 0.3 0.0 0.0 0.0 0.0 0.0 0.0 0.72115 0.0 0.0 45.47487 -0.49999 0.07399 0.0 0.0 0.0 0.0 0.0 0.0 0.0438074525164 61 0 0.964285714286 0.627492167556 -2.23693263491
-0.12623 0.35028 3.35743 -0.12979 0.55971 3.96224967696 0.78258 0.98072 0.30541 0.41196 152.77952 195.62801 147.22542 138.42519 0.3 0.3 0.0 0.0 0.0 0.0 0.0 0.0 0.72115 0.0 0.0 45.47487 -0.49999 0.07399 0.0 0.0 0.0 0.0 0.0 0.0 0.042853262126 62 1 0.985294117647 0.199935283652 -1.82024170823
-0.12623 0.35028 3.35743 -0.12979 0.55971 3.96066086482 0.78258 0.98072 0.30541 0.41196 152.77952 195.62801 147.22542 138.42519 0.3 0.3 0.0 0.0 0.0 0.0 0.0 0.0 0.72115 0.0 0.0 45.47487 -0.49999 0.07399 0.0 0.0 0.0 0.0 0.0 0.0 0.0421539064267 63 1 0.985294117647 0.200921273254 -1.80182038641
-0.12623 0.35028 3.35743 -0.12979 0.55971 3.96381434653 0.78258 0.98072 0.30541 0.41196 152.77952 195.62801 147.22542 138.42519 0.3 0.3 0.0 0.0 0.0 0.0 0.0 0.0 0.72115 0.0 0.0 45.47487 -0.49999 0.07399 0.0 0.0 0.0 0.0 0.0 0.0 0.0424273774104 64 1 0.985294117647 0.171651583087 -1.66349508208
-0.12623 0.35028 3.35743 -0.12979 0.55971 3.95463454883 0.78258 0.98072 0.30541 0.41196 152.77952 195.62801 147.22542 138.42519 0.3 0.3 0.0 0.0 0.0 0.0 0.0 0.0 0.72115 0.0 0.0 45.47487 -0.49999 0.07399 0.0 0.0 0.0 0.0 0.0 0.0 0.0411545968429 65 1 0.992647058824 0.418116068676 -1.81869622043
-0.12623 0.35028 3.35743 -0.12979 0.55971 3.96453878534 0.78258 0.98072 0.30541 0.41196 152.77952 195.62801 147.22542 138.42519 0.3 0.3 0.0 0.0 0.0 0.0 0.0 0.0 0.72115 0.0 0.0 45.47487 -0.49999 0.07399 0.0 0.0 0.0 0.0 0.0 0.0 0.0420501738905 66 1 0.985294117647 0.188914690166 -1.73404241795
-0.12623 0.35028 3.35743 -0.12979 0.55971 3.93689251723 0.78258 0.98072 0.30541 0.41196 152.77952 195.62801 147.22542 138.42519 0.3 0.3 0.0 0.0 0.0 0.0 0.0 0.0 0.72115 0.0 0.0 45.47487 -0.49999 0.07399 0.0 0.0 0.0 0.0 0.0 0.0 0.0420096598534 67 0 0.992647058824 0.543833349489 -1.73404241795
-0.12623 0.35028 3.35743 -0.12979 0.55971 3.93480352813 0.78258 0.98072 0.30541 0.41196 152.77952 195.62801 147.22542 138.42519 0.3 0.3 0.0 0.0 0.0 0.0 0.0 0.0 0.72115 0.0 0.0 45.47487 -0.49999 0.07399 0.0 0.0 0.0 0.0 0.0 0.0 0.0417713592949 68 0 0.992647058824 0.55139914877 -1.73404241795
-0.12623 0.35028 3.35743 -0.12979 0.55971 4.03157751484 0.78258 0.98072 0.30541 0.41196 152.77952 195.62801 147.22542 138.42519 0.3 0.3 0.0 0.0 0.0 0.0 0.0 0.0 0.72115 0.0 0.0 45.47487 -0.49999 0.07399 0.0 0.0 0.0 0.0 0.0 0.0 0.0421602056216 69 1 1.0 0.407963902786 -1.24946439833
-0.12623 0.35028 3.35743 -0.12979 0.55971 4.0072780023 0.78258 0.98072 0.30541 0.41196 152.77952 195.62801 147.22542 138.42519 0.3 0.3 0.0 0.0 0.0 0.0 0.0 0.0 0.72115 0.0 0.0 45.47487 -0.49999 0.07399 0.0 0.0 0.0 0.0 0.0 0.0 0.0416810069785 70 0 0.977941176471 0.371276210497 -1.24946439833
-0.12623 0.35028 3.35743 -0.12979 0.55971 4.03802179188 0.78258 0.98072 0.30541 0.41196 152.77952 195.62801 147.22542 138.42519 0.3 0.3 0.0 0.0 0.0 0.0 0.0 0.0 0.72115 0.0 0.0 45.47487 -0.49999 0.07399 0.0 0.0 0.0 0.0 0.0 0.0 0.042641733696 71 1 1.0 0.454752148611 -1.27800619241
-0.12623 0.35028 3.35743 -0.12979 0.55971 4.06615977045 0.78258 0.98072 0.30541 0.41196 152.77952 195.62801 147.22542 138.42519 0.3 0.3 0.0 0.0 0.0 0.0 0.0 0.0 0.72115 0.0 0.0 45.47487 -0.49999 0.07399 0.0 0.0 0.0 0.0 0.0 0.0 0.0431181764413 72 1 0.992647058824 0.416163104083 -1.87316422325
-0.12623 0.35028 3.35743 -0.12979 0.55971 4.0623669709 0.78258 0.98072 0.30541 0.41196 152.77952 195.62801 147.22542 138.42519 0.3 0.3 0.0 0.0 0.0 0.0 0.0 0.0 0.72115 0.0 0.0 45.47487 -0.49999 0.07399 0.0 0.0 0.0 0.0 0.0 0.0 0.0432533038153 73 1 0.992647058824 0.403346991378 -1.84363724601
-0.12623 0.35028 3.35743 -0.12979 0.55971 4.03872898772 0.78258 0.98072 0.30541 0.41196 152.77952 195.62801 147.22542 138.42519 0.3 0.3 0.0 0.0 0.0 0.0 0.0 0.0 0.72115 0.0 0.0 45.47487 -0.49999 0.07399 0.0 0.0 0.0 0.0 0.0 0.0 0.0432808066788 74 1 1.0 0.454824827605 -1.31637535194
-0.12623 0.35028 3.35743 -0.12979 0.55971 4.03437563324 0.78258 0.98072 0.30541 0.41196 152.77952 195.62801 147.22542 138.42519 0.3 0.3 0.0 0.0 0.0 0.0 0.0 0.0 0.72115 0.0 0.0 45.47487 -0.49999 0.07399 0.0 0.0 0.0 0.0 0.0 0.0 0.0435228367541 75 1 1.0 0.408765102991 -1.33105209268
-0.12623 0.35028 3.35743 -0.12979 0.55971 4.07499954117 0.78258 0.98072 0.30541 0.41196 152.77952 195.62801 147.22542 138.42519 0.3 0.3 0.0 0.0 0.0 0.0 0.0 0.0 0.72115 0.0 0.0 45.47487 -0.49999 0.07399 0.0 0.0 0.0 0.0 0.0 0.0 0.0431987978929 76 0 0.992647058824 0.427865400575 -1.33105209268
-0.12623 0.35028 3.35743 -0.12979 0.55971 4.02801939602 0.78258 0.98072 0.30541 0.41196 152.77952 195.62801 147.22542 138.42519 0.3 0.3 0.0 0.0 0.0 0.0 0.0 0.0 0.72115 0.0 0.0 45.47487 -0.49999 0.07399 0.0 0.0 0.0 0.0 0.0 0.0 0.0429731838434 77 1 1.0 0.418359180241 -1.29783644126
-0.12623 0.35028 3.35743 -0.12979 0.55971 4.03795181918 0.78258 0.98072 0.30541 0.41196 152.77952 195.62801 147.22542 138.42519 0.3 0.3 0.0 0.0 0.0 0.0 0.0 0.0 0.72115 0.0 0.0 45.47487 -0.49999 0.07399 0.0 0.0 0.0 0.0 0.0 0.0 0.0435472843541 78 1 1.0 0.45475642794 -1.33253904318
-0.12623 0.35028 3.35743 -0.12979 0.55971 4.03610963731 0.78258 0.98072 0.30541 0.41196 152.77952 195.62801 147.22542 138.42519 0.3 0.3 0.0 0.0 0.0 0.0 0.0 0.0 0.72115 0.0 0.0 45.47487 -0.49999 0.07399 0.0 0.0 0.0 0.0 0.0 0.0 0.043746588767 79 1 1.0 0.408331578929 -1.34469153911
-0.12623 0.35028 3.35743 -0.12979 0.55971 4.0544082956 0.78258 0.98072 0.30541 0.41196 152.77952 195.62801 147.22542 138.42519 0.3 0.3 0.0 0.0 0.0 0.0 0.0 0.0 0.72115 0.0 0.0 45.47487 -0.49999 0.07399 0.0 0.0 0.0 0.0 0.0 0.0 0.04366703387 80 1 0.992647058824 0.371093348302 -1.77910635817
-0.12623 0.35028 3.35743 -0.12979 0.55971 4.04601987244 0.78258 0.98072 0.30541 0.41196 152.77952 195.62801 147.22542 138.42519 0.3 0.3 0.0 0.0 0.0 0.0 0.0 0.0 0.72115 0.0 0.0 45.47487 -0.49999 0.07399 0.0 0.0 0.0 0.0 0.0 0.0 0.0425955385566 81 1 1.0 0.276619253244 -1.27525430971
-0.12623 0.35028 3.35743 -0.12979 0.55971 4.04278907821 0.78258 0.98072 0.30541 0.41196 152.77952 195.62801 147.22542 138.42519 0.3 0.3 0.0 0.0 0.0 0.0 0.0 0.0 0.72115 0.0 0.0 45.47487 -0.49999 0.07399 0.0 0.0 0.0 0.0 0.0 0.0 0.0430465944005 82 1 1.0 0.27201386829 -1.30224879731
-0.12623 0.35028 3.35743 -0.12979 0.55971 4.05909988776 0.78258 0.98072 0.30541 0.41196 152.77952 195.62801 147.22542 138.42519 0.3 0.3 0.0 0.0 0.0 0.0 0.0 0.0 0.72115 0.0 0.0 45.47487 -0.49999 0.07399 0.0 0.0 0.0 0.0 0.0 0.0 0.0424361132496 83 1 0.992647058824 0.365873425933 -1.71791160184
-0.12623 0.35028 3.35743 -0.12979 0.55971 4.06449265286 0.78258 0.98072 0.30541 0.41196 152.77952 195.62801 147.22542 138.42519 0.3 0.3 0.0 0.0 0.0 0.0 0.0 0.0 0.72115 0.0 0.0 45.47487 -0.49999 0.07399 0.0 0.0 0.0 0.0 0.0 0.0 0.0438410857312 84 0 0.992647058824 0.415852270414 -1.71791160184
-0.12623 0.35028 3.35743 -0.12979 0.55971 4.07798700905 0.78258 0.98072 0.30541 0.41196 152.77952 195.62801 147.22542 138.42519 0.3 0.3 0.0 0.0 0.0 0.0 0.0 0.0 0.72115 0.0 0.0 45.47487 -0.49999 0.07399 0.0 0.0 0.0 0.0 0.0 0.0 0.0419180264308 85 0 0.992647058824 0.420829056244 -1.71791160184
-0.12623 0.35028 3.35743 -0.12979 0.55971 4.07892020861 0.78258 0.98072 0.30541 0.41196 152.77952 195.62801 147.22542 138.42519 0.3 0.3 0.0 0.0 0.0 0.0 0.0 0.0 0.72115 0.0 0.0 45.47487 -0.49999 0.07399 0.0 0.0 0.0 0.0 0.0 0.0 0.0422394772964 86 1 0.992647058824 0.419686661983 -1.85460668092
-0.12623 0.35028 3.35743 -0.12979 0.55971 4.07055179955 0.78258 0.98072 0.30541 0.41196 152.77952 195.62801 147.22542 138.42519 0.3 0.3 0.0 0.0 0.0 0.0 0.0 0.0 0.72115 0.0 0.0 45.47487 -0.49999 0.07399 0.0 0.0 0.0 0.0 0.0 0.0 0.0417315039322 87 1 0.992647058824 0.427014078076 -1.86116155713
-0.12623 0.35028 3.35743 -0.12979 0.55971 4.06290728316 0.78258 0.98072 0.30541 0.41196 152.77952 195.62801 147.22542 138.42519 0.3 0.3 0.0 0.0 0.0 0.0 0.0 0.0 0.72115 0.0 0.0 45.47487 -0.49999 0.07399 0.0 0.0 0.0 0.0 0.0 0.0 0.0411430124282 88 1 0.992647058824 0.403892730763 -1.77637224902
-0.12623 0.35028 3.35743 -0.12979 0.55971 4.08322062133 0.78258 0.98072 0.30541 0.41196 152.77952 195.62801 147.22542 138.42519 0.3 0.3 0.0 0.0 0.0 0.0 0.0 0.0 0.72115 0.0 0.0 45.47487 -0.49999 0.07399 0.0 0.0 0.0 0.0 0.0 0.0 0.0412219464103 89 0 0.985401459854 0.447209723601 -1.77637224902
-0.12623 0.35028 3.35743 -0.12979 0.55971 4.06724044094 0.78258 0.98072 0.30541 0.41196 152.77952 195.62801 147.22542 138.42519 0.3 0.3 0.0 0.0 0.0 0.0 0.0 0.0 0.72115 0.0 0.0 45.47487 -0.49999 0.07399 0.0 0.0 0.0 0.0 0.0 0.0 0.0421801731551 90 1 0.992647058824 0.416748362916 -1.8443946117
-0.12623 0.35028 3.35743 -0.12979 0.55971 4.08245226064 0.78258 0.98072 0.30541 0.41196 152.77952 195.62801 147.22542 138.42519 0.3 0.3 0.0 0.0 0.0 0.0 0.0 0.0 0.72115 0.0 0.0 45.47487 -0.49999 0.07399 0.0 0.0 0.0 0.0 0.0 0.0 0.0421404393618 91 0 0.985401459854 0.44710448339 -1.8443946117
-0.12623 0.35028 3.35743 -0.12979 0.55971 4.09699751371 0.78258 0.98072 0.30541 0.41196 152.77952 195.62801 147.22542 138.42519 0.3 0.3 0.0 0.0 0.0 0.0 0.0 0.0 0.72115 0.0 0.0 45.47487 -0.49999 0.07399 0.0 0.0 0.0 0.0 0.0 0.0 0.0427938194687 92 0 0.985401459854 0.482187588274 -1.8443946117
-0.12623 0.35028 3.35743 -0.12979 0.55971 4.0630477065 0.78258 0.98072 0.30541 0.41196 152.77952 195.62801 147.22542 138.42519 0.3 0.3 0.0 0.0 0.0 0.0 0.0 0.0 0.72115 0.0 0.0 45.47487 -0.49999 0.07399 0.0 0.0 0.0 0.0 0.0 0.0 0.0424453698334 93 1 0.992647058824 0.404041320227 -1.81747346616
-0.12623 0.35028 3.35743 -0.12979 0.55971 4.04755324728 0.78258 0.98072 0.30541 0.41196 152.77952 195.62801 147.22542 138.42519 0.3 0.3 0.0 0.0 0.0 0.0 0.0 0.0 0.72115 0.0 0.0 45.47487 -0.49999 0.07399 0.0 0.0 0.0 0.0 0.0 0.0 0.0427021470974 94 1 1.0 0.279640996852 -1.2816094682
-0.12623 0.35028 3.35743 -0.12979 0.55971 4.08959988184 0.78258 0.98072 0.30541 0.41196 152.77952 195.62801 147.22542 138.42519 0.3 0.3 0.0 0.0 0.0 0.0 0.0 0.0 0.72115 0.0 0.0 45.47487 -0.49999 0.07399 0.0 0.0 0.0 0.0 0.0 0.0 0.0427110559785 95 0 0.985401459854 0.4865660593 -1.2816094682
-0.12623 0.35028 3.35743 -0.12979 0.55971 4.00245303492 0.78258 0.98072 0.30541 0.41196 152.77952 195.62801 147.22542 138.42519 0.3 0.3 0.0 0.0 0.0 0.0 0.0 0.0 0.72115 0.0 0.0 45.47487 -0.49999 0.07399 0.0 0.0 0.0 0.0 0.0 0.0 0.041987889392 96 0 0.977941176471 0.378973711504 -1.2816094682
-0.12623 0.35028 3.35743 -0.12979 0.55971 4.03220012528 0.78258 0.98072 0.30541 0.41196 152.77952 195.62801 147.22542 138.42519 0.3 0.3 0.0 0.0 0.0 0.0 0.0 0.0 0.72115 0.0 0.0 45.47487 -0.49999 0.07399 0.0 0.0 0.0 0.0 0.0 0.0 0.0426692115395 97 1 1.0 0.408028557853 -1.27964445314
-0.12623 0.35028 3.35743 -0.12979 0.55971 3.99724715277 0.78258 0.98072 0.30541 0.41196 152.77952 195.62801 147.22542 138.42519 0.3 0.3 0.0 0.0 0.0 0.0 0.0 0.0 0.72115 0.0 0.0 45.47487 -0.49999 0.07399 0.0 0.0 0.0 0.0 0.0 0.0 0.0426453947454 98 0 0.985294117647 0.396791063952 -1.27964445314
-0.12623 0.35028 3.35743 -0.12979 0.55971 4.06469875502 0.78258 0.98072 0.30541 0.41196 152.77952 195.62801 147.22542 138.42519 0.3 0.3 0.0 0.0 0.0 0.0 0.0 0.0 0.72115 0.0 0.0 45.47487 -0.49999 0.07399 0.0 0.0 0.0 0.0 0.0 0.0 0.0424764453129 99 1 0.992647058824 0.415876717847 -1.85122567924
-0.12623 0.35028 3.35743 -0.12979 0.55971 4.10342617157 0.78258 0.98072 0.30541 0.41196 152.77952 195.62801 147.22542 138.42519 0.3 0.3 0.0 0.0 0.0 0.0 0.0 0.0 0.72115 0.0 0.0 45.47487 -0.49999 0.07399 0.0 0.0 0.0 0.0 0.0 0.0 0.0426249714274 100 0 0.985401459854 0.476740102939 -1.85122567924
