-0.12623 0.35028 3.35743 -0.12979 0.55971 3.98738666667 0.78258 0.98072 0.30541 0.41196 152.77952 195.62801 147.22542 138.42519 0.3 0.3 0.0 0.0 0.0 0.0 0.0 0.0 0.72115 0.0 0.0 45.47487 -0.49999 0.07399 0.0 0.0 0.0 0.0 0.0 0.0 0.05 0 1 0.992647058824 0.405395734613 -2.1532566554
-0.12623 0.35028 3.35743 -0.12979 0.55971 3.98255130734 0.78258 0.98072 0.30541 0.41196 152.77952 195.62801 147.22542 138.42519 0.3 0.3 0.0 0.0 0.0 0.0 0.0 0.0 0.72115 0.0 0.0 45.47487 -0.49999 0.07399 0.0 0.0 0.0 0.0 0.0 0.0 0.0492126391948 1 1 0.992647058824 0.186787692273 -1.78665709122
-0.12623 0.35028 3.35743 -0.12979 0.55971 3.99947141496 0.78258 0.98072 0.30541 0.41196 152.77952 195.62801 147.22542 138.42519 0.3 0.3 0.0 0.0 0.0 0.0 0.0 0.0 0.72115 0.0 0.0 45.47487 -0.49999 0.07399 0.0 0.0 0.0 0.0 0.0 0.0 0.0491415226094 2 0 0.985294117647 0.396561499769 -1.78665709122
-0.12623 0.35028 3.35743 -0.12979 0.55971 3.99236627999 0.78258 0.98072 0.30541 0.41196 152.77952 195.62801 147.22542 138.42519 0.3 0.3 0.0 0.0 0.0 0.0 0.0 0.0 0.72115 0.0 0.0 45.47487 -0.49999 0.07399 0.0 0.0 0.0 0.0 0.0 0.0 0.0493131787313 3 1 0.992647058824 0.399250245942 -2.10462436884
-0.12623 0.35028 3.35743 -0.12979 0.55971 4.01138666833 0.78258 0.98072 0.30541 0.41196 152.77952 195.62801 147.22542 138.42519 0.3 0.3 0.0 0.0 0.0 0.0 0.0 0.0 0.72115 0.0 0.0 45.47487 -0.49999 0.07399 0.0 0.0 0.0 0.0 0.0 0.0 0.049118804208 4 1 0.985294117647 0.0525541533964 -1.72046137546
-0.12623 0.35028 3.35743 -0.12979 0.55971 3.97806799622 0.78258 0.98072 0.30541 0.41196 152.77952 195.62801 147.22542 138.42519 0.3 0.3 0.0 0.0 0.0 0.0 0.0 0.0 0.72115 0.0 0.0 45.47487 -0.49999 0.07399 0.0 0.0 0.0 0.0 0.0 0.0 0.048273522204 5 1 0.992647058824 0.374529965665 -2.00139794843
-0.12623 0.35028 3.35743 -0.12979 0.55971 3.97086291286 0.78258 0.98072 0.30541 0.41196 152.77952 195.62801 147.22542 138.42519 0.3 0.3 0.0 0.0 0.0 0.0 0.0 0.0 0.72115 0.0 0.0 45.47487 -0.49999 0.07399 0.0 0.0 0.0 0.0 0.0 0.0 0.0485648206361 6 1 0.985294117647 0.165537998103 -1.93759717032
-0.12623 0.35028 3.35743 -0.12979 0.55971 3.99681744742 0.78258 0.98072 0.30541 0.41196 152.77952 195.62801 147.22542 138.42519 0.3 0.3 0.0 0.0 0.0 0.0 0.0 0.0 0.72115 0.0 0.0 45.47487 -0.49999 0.07399 0.0 0.0 0.0 0.0 0.0 0.0 0.048165572559 7 0 0.985294117647 0.396621720757 -1.93759717032
-0.12623 0.35028 3.35743 -0.12979 0.55971 3.9740911468 0.78258 0.98072 0.30541 0.41196 152.77952 195.62801 147.22542 138.42519 0.3 0.3 0.0 0.0 0.0 0.0 0.0 0.0 0.72115 0.0 0.0 45.47487 -0.49999 0.07399 0.0 0.0 0.0 0.0 0.0 0.0 0.0485567943528 8 0 0.985294117647 0.373927956902 -1.93759717032
-0.12623 0.35028 3.35743 -0.12979 0.55971 3.95424898331 0.78258 0.98072 0.30541 0.41196 152.77952 195.62801 147.22542 138.42519 0.3 0.3 0.0 0.0 0.0 0.0 0.0 0.0 0.72115 0.0 0.0 45.47487 -0.49999 0.07399 0.0 0.0 0.0 0.0 0.0 0.0 0.0479957997975 9 1 0.992647058824 0.416251651828 -2.07413354352
-0.12623 0.35028 3.35743 -0.12979 0.55971 3.9446285968 0.78258 0.98072 0.30541 0.41196 152.77952 195.62801 147.22542 138.42519 0.3 0.3 0.0 0.0 0.0 0.0 0.0 0.0 0.72115 0.0 0.0 45.47487 -0.49999 0.07399 0.0 0.0 0.0 0.0 0.0 0.0 0.0485719664835 10 1 0.992647058824 0.519689300932 -2.35169739221
-0.12623 0.35028 3.35743 -0.12979 0.55971 3.95429254724 0.78258 0.98072 0.30541 0.41196 152.77952 195.62801 147.22542 138.42519 0.3 0.3 0.0 0.0 0.0 0.0 0.0 0.0 0.72115 0.0 0.0 45.47487 -0.49999 0.07399 0.0 0.0 0.0 0.0 0.0 0.0 0.0487301539724 11 1 0.992647058824 0.418096764403 -2.11387381105
-0.12623 0.35028 3.35743 -0.12979 0.55971 3.9562086363 0.78258 0.98072 0.30541 0.41196 152.77952 195.62801 147.22542 138.42519 0.3 0.3 0.0 0.0 0.0 0.0 0.0 0.0 0.72115 0.0 0.0 45.47487 -0.49999 0.07399 0.0 0.0 0.0 0.0 0.0 0.0 0.0489742182579 12 1 0.992647058824 0.416361966642 -2.12235796359
-0.12623 0.35028 3.35743 -0.12979 0.55971 3.94112167885 0.78258 0.98072 0.30541 0.41196 152.77952 195.62801 147.22542 138.42519 0.3 0.3 0.0 0.0 0.0 0.0 0.0 0.0 0.72115 0.0 0.0 45.47487 -0.49999 0.07399 0.0 0.0 0.0 0.0 0.0 0.0 0.0489162589396 13 0 0.992647058824 0.53359868411 -2.12235796359
-0.12623 0.35028 3.35743 -0.12979 0.55971 3.96105443117 0.78258 0.98072 0.30541 0.41196 152.77952 195.62801 147.22542 138.42519 0.3 0.3 0.0 0.0 0.0 0.0 0.0 0.0 0.72115 0.0 0.0 45.47487 -0.49999 0.07399 0.0 0.0 0.0 0.0 0.0 0.0 0.048566777102 14 1 0.985294117647 0.20089926159 -2.07136124476
-0.12623 0.35028 3.35743 -0.12979 0.55971 3.99110398395 0.78258 0.98072 0.30541 0.41196 152.77952 195.62801 147.22542 138.42519 0.3 0.3 0.0 0.0 0.0 0.0 0.0 0.0 0.72115 0.0 0.0 45.47487 -0.49999 0.07399 0.0 0.0 0.0 0.0 0.0 0.0 0.0494473021613 15 1 0.992647058824 0.404562181705 -2.12230802689
-0.12623 0.35028 3.35743 -0.12979 0.55971 3.99329819583 0.78258 0.98072 0.30541 0.41196 152.77952 195.62801 147.22542 138.42519 0.3 0.3 0.0 0.0 0.0 0.0 0.0 0.0 0.72115 0.0 0.0 45.47487 -0.49999 0.07399 0.0 0.0 0.0 0.0 0.0 0.0 0.0498733696609 16 1 0.985294117647 0.401812802924 -3.32383658013
-0.12623 0.35028 3.35743 -0.12979 0.55971 4.00929611569 0.78258 0.98072 0.30541 0.41196 152.77952 195.62801 147.22542 138.42519 0.3 0.3 0.0 0.0 0.0 0.0 0.0 0.0 0.72115 0.0 0.0 45.47487 -0.49999 0.07399 0.0 0.0 0.0 0.0 0.0 0.0 0.0498764101512 17 0 0.977941176471 0.371352500232 -3.32383658013
-0.12623 0.35028 3.35743 -0.12979 0.55971 3.97808881236 0.78258 0.98072 0.30541 0.41196 152.77952 195.62801 147.22542 138.42519 0.3 0.3 0.0 0.0 0.0 0.0 0.0 0.0 0.72115 0.0 0.0 45.47487 -0.49999 0.07399 0.0 0.0 0.0 0.0 0.0 0.0 0.0496561994997 18 1 0.992647058824 0.374531051624 -2.07558588168
-0.12623 0.35028 3.35743 -0.12979 0.55971 3.97932590692 0.78258 0.98072 0.30541 0.41196 152.77952 195.62801 147.22542 138.42519 0.3 0.3 0.0 0.0 0.0 0.0 0.0 0.0 0.72115 0.0 0.0 45.47487 -0.49999 0.07399 0.0 0.0 0.0 0.0 0.0 0.0 0.0491929301676 19 1 0.992647058824 0.375250120068 -2.05160854367
-0.12623 0.35028 3.35743 -0.12979 0.55971 3.98013991949 0.78258 0.98072 0.30541 0.41196 152.77952 195.62801 147.22542 138.42519 0.3 0.3 0.0 0.0 0.0 0.0 0.0 0.0 0.72115 0.0 0.0 45.47487 -0.49999 0.07399 0.0 0.0 0.0 0.0 0.0 0.0 0.0492739966501 20 1 0.992647058824 0.186016463574 -1.78992608567
-0.12623 0.35028 3.35743 -0.12979 0.55971 3.97454558452 0.78258 0.98072 0.30541 0.41196 152.77952 195.62801 147.22542 138.42519 0.3 0.3 0.0 0.0 0.0 0.0 0.0 0.0 0.72115 0.0 0.0 45.47487 -0.49999 0.07399 0.0 0.0 0.0 0.0 0.0 0.0 0.0498092686927 21 0 0.985294117647 0.373937390142 -1.78992608567
-0.12623 0.35028 3.35743 -0.12979 0.55971 4.01119269857 0.78258 0.98072 0.30541 0.41196 152.77952 195.62801 147.22542 138.42519 0.3 0.3 0.0 0.0 0.0 0.0 0.0 0.0 0.72115 0.0 0.0 45.47487 -0.49999 0.07399 0.0 0.0 0.0 0.0 0.0 0.0 0.0500334093355 22 1 0.985294117647 0.0525597390098 -1.78258473926
-0.12623 0.35028 3.35743 -0.12979 0.55971 4.00396762793 0.78258 0.98072 0.30541 0.41196 152.77952 195.62801 147.22542 138.42519 0.3 0.3 0.0 0.0 0.0 0.0 0.0 0.0 0.72115 0.0 0.0 45.47487 -0.49999 0.07399 0.0 0.0 0.0 0.0 0.0 0.0 0.0497979985456 23 0 0.977941176471 0.379089491032 -1.78258473926
-0.12623 0.35028 3.35743 -0.12979 0.55971 3.99919014784 0.78258 0.98072 0.30541 0.41196 152.77952 195.62801 147.22542 138.42519 0.3 0.3 0.0 0.0 0.0 0.0 0.0 0.0 0.72115 0.0 0.0 45.47487 -0.49999 0.07399 0.0 0.0 0.0 0.0 0.0 0.0 0.0494740180589 24 0 0.985294117647 0.396538522703 -1.78258473926
-0.12623 0.35028 3.35743 -0.12979 0.55971 4.02870920724 0.78258 0.98072 0.30541 0.41196 152.77952 195.62801 147.22542 138.42519 0.3 0.3 0.0 0.0 0.0 0.0 0.0 0.0 0.72115 0.0 0.0 45.47487 -0.49999 0.07399 0.0 0.0 0.0 0.0 0.0 0.0 0.0493251956406 25 1 1.0 0.418805367575 -1.70675617186
-0.12623 0.35028 3.35743 -0.12979 0.55971 4.03887407785 0.78258 0.98072 0.30541 0.41196 152.77952 195.62801 147.22542 138.42519 0.3 0.3 0.0 0.0 0.0 0.0 0.0 0.0 0.72115 0.0 0.0 45.47487 -0.49999 0.07399 0.0 0.0 0.0 0.0 0.0 0.0 0.0493256741154 26 1 1.0 0.455382124284 -1.70678903459
-0.12623 0.35028 3.35743 -0.12979 0.55971 4.06264725428 0.78258 0.98072 0.30541 0.41196 152.77952 195.62801 147.22542 138.42519 0.3 0.3 0.0 0.0 0.0 0.0 0.0 0.0 0.72115 0.0 0.0 45.47487 -0.49999 0.07399 0.0 0.0 0.0 0.0 0.0 0.0 0.0492654162884 27 0 0.992647058824 0.403387142111 -1.70678903459
-0.12623 0.35028 3.35743 -0.12979 0.55971 4.01658062745 0.78258 0.98072 0.30541 0.41196 152.77952 195.62801 147.22542 138.42519 0.3 0.3 0.0 0.0 0.0 0.0 0.0 0.0 0.72115 0.0 0.0 45.47487 -0.49999 0.07399 0.0 0.0 0.0 0.0 0.0 0.0 0.0483619119313 28 1 0.985294117647 0.13218582691 -1.82298262298
-0.12623 0.35028 3.35743 -0.12979 0.55971 4.00477897724 0.78258 0.98072 0.30541 0.41196 152.77952 195.62801 147.22542 138.42519 0.3 0.3 0.0 0.0 0.0 0.0 0.0 0.0 0.72115 0.0 0.0 45.47487 -0.49999 0.07399 0.0 0.0 0.0 0.0 0.0 0.0 0.0485699002002 29 0 0.977941176471 0.379141747092 -1.82298262298
-0.12623 0.35028 3.35743 -0.12979 0.55971 4.00535348843 0.78258 0.98072 0.30541 0.41196 152.77952 195.62801 147.22542 138.42519 0.3 0.3 0.0 0.0 0.0 0.0 0.0 0.0 0.72115 0.0 0.0 45.47487 -0.49999 0.07399 0.0 0.0 0.0 0.0 0.0 0.0 0.0500989138347 30 0 0.977941176471 0.379434452578 -1.82298262298
-0.12623 0.35028 3.35743 -0.12979 0.55971 3.97162647562 0.78258 0.98072 0.30541 0.41196 152.77952 195.62801 147.22542 138.42519 0.3 0.3 0.0 0.0 0.0 0.0 0.0 0.0 0.72115 0.0 0.0 45.47487 -0.49999 0.07399 0.0 0.0 0.0 0.0 0.0 0.0 0.0484006838571 31 1 0.985294117647 0.16547702641 -1.92822168595
-0.12623 0.35028 3.35743 -0.12979 0.55971 3.97627233762 0.78258 0.98072 0.30541 0.41196 152.77952 195.62801 147.22542 138.42519 0.3 0.3 0.0 0.0 0.0 0.0 0.0 0.0 0.72115 0.0 0.0 45.47487 -0.49999 0.07399 0.0 0.0 0.0 0.0 0.0 0.0 0.0482287716963 32 1 0.992647058824 0.375998293203 -2.00195085176
-0.12623 0.35028 3.35743 -0.12979 0.55971 3.96841213592 0.78258 0.98072 0.30541 0.41196 152.77952 195.62801 147.22542 138.42519 0.3 0.3 0.0 0.0 0.0 0.0 0.0 0.0 0.72115 0.0 0.0 45.47487 -0.49999 0.07399 0.0 0.0 0.0 0.0 0.0 0.0 0.0478026652014 33 1 0.985294117647 0.165456314658 -1.89522482871
-0.12623 0.35028 3.35743 -0.12979 0.55971 3.96840365544 0.78258 0.98072 0.30541 0.41196 152.77952 195.62801 147.22542 138.42519 0.3 0.3 0.0 0.0 0.0 0.0 0.0 0.0 0.72115 0.0 0.0 45.47487 -0.49999 0.07399 0.0 0.0 0.0 0.0 0.0 0.0 0.0473502433134 34 1 0.985294117647 0.16545856152 -1.87082640945
-0.12623 0.35028 3.35743 -0.12979 0.55971 3.97121530628 0.78258 0.98072 0.30541 0.41196 152.77952 195.62801 147.22542 138.42519 0.3 0.3 0.0 0.0 0.0 0.0 0.0 0.0 0.72115 0.0 0.0 45.47487 -0.49999 0.07399 0.0 0.0 0.0 0.0 0.0 0.0 0.0472823819691 35 1 0.985294117647 0.169603654851 -1.88231793885
-0.12623 0.35028 3.35743 -0.12979 0.55971 3.96390463322 0.78258 0.98072 0.30541 0.41196 152.77952 195.62801 147.22542 138.42519 0.3 0.3 0.0 0.0 0.0 0.0 0.0 0.0 0.72115 0.0 0.0 45.47487 -0.49999 0.07399 0.0 0.0 0.0 0.0 0.0 0.0 0.0478096876402 36 1 0.985294117647 0.170884907377 -1.91504145867
-0.12623 0.35028 3.35743 -0.12979 0.55971 3.98114210267 0.78258 0.98072 0.30541 0.41196 152.77952 195.62801 147.22542 138.42519 0.3 0.3 0.0 0.0 0.0 0.0 0.0 0.0 0.72115 0.0 0.0 45.47487 -0.49999 0.07399 0.0 0.0 0.0 0.0 0.0 0.0 0.0472401079856 37 1 0.992647058824 0.18654058355 -1.66132955152
-0.12623 0.35028 3.35743 -0.12979 0.55971 3.98552031604 0.78258 0.98072 0.30541 0.41196 152.77952 195.62801 147.22542 138.42519 0.3 0.3 0.0 0.0 0.0 0.0 0.0 0.0 0.72115 0.0 0.0 45.47487 -0.49999 0.07399 0.0 0.0 0.0 0.0 0.0 0.0 0.0473572289258 38 1 0.992647058824 0.405547084096 -2.02026194551
-0.12623 0.35028 3.35743 -0.12979 0.55971 3.98234954609 0.78258 0.98072 0.30541 0.41196 152.77952 195.62801 147.22542 138.42519 0.3 0.3 0.0 0.0 0.0 0.0 0.0 0.0 0.72115 0.0 0.0 45.47487 -0.49999 0.07399 0.0 0.0 0.0 0.0 0.0 0.0 0.0474098457095 39 1 0.992647058824 0.18646502083 -1.67177394997
-0.12623 0.35028 3.35743 -0.12979 0.55971 3.97728161934 0.78258 0.98072 0.30541 0.41196 152.77952 195.62801 147.22542 138.42519 0.3 0.3 0.0 0.0 0.0 0.0 0.0 0.0 0.72115 0.0 0.0 45.47487 -0.49999 0.07399 0.0 0.0 0.0 0.0 0.0 0.0 0.0477212969838 40 1 0.992647058824 0.376349722725 -1.9766335712
-0.12623 0.35028 3.35743 -0.12979 0.55971 3.99452321276 0.78258 0.98072 0.30541 0.41196 152.77952 195.62801 147.22542 138.42519 0.3 0.3 0.0 0.0 0.0 0.0 0.0 0.0 0.72115 0.0 0.0 45.47487 -0.49999 0.07399 0.0 0.0 0.0 0.0 0.0 0.0 0.0486848811531 41 0 0.985294117647 0.401187429052 -1.9766335712
-0.12623 0.35028 3.35743 -0.12979 0.55971 3.97115658195 0.78258 0.98072 0.30541 0.41196 152.77952 195.62801 147.22542 138.42519 0.3 0.3 0.0 0.0 0.0 0.0 0.0 0.0 0.72115 0.0 0.0 45.47487 -0.49999 0.07399 0.0 0.0 0.0 0.0 0.0 0.0 0.0482453843659 42 1 0.985294117647 0.165506989713 -1.9197032505
-0.12623 0.35028 3.35743 -0.12979 0.55971 3.98936876047 0.78258 0.98072 0.30541 0.41196 152.77952 195.62801 147.22542 138.42519 0.3 0.3 0.0 0.0 0.0 0.0 0.0 0.0 0.72115 0.0 0.0 45.47487 -0.49999 0.07399 0.0 0.0 0.0 0.0 0.0 0.0 0.0484140107163 43 1 0.992647058824 0.405972491551 -2.07242193423
-0.12623 0.35028 3.35743 -0.12979 0.55971 3.97845909911 0.78258 0.98072 0.30541 0.41196 152.77952 195.62801 147.22542 138.42519 0.3 0.3 0.0 0.0 0.0 0.0 0.0 0.0 0.72115 0.0 0.0 45.47487 -0.49999 0.07399 0.0 0.0 0.0 0.0 0.0 0.0 0.0485644578731 44 1 0.992647058824 0.376400934432 -2.0202733491
-0.12623 0.35028 3.35743 -0.12979 0.55971 3.98512997758 0.78258 0.98072 0.30541 0.41196 152.77952 195.62801 147.22542 138.42519 0.3 0.3 0.0 0.0 0.0 0.0 0.0 0.0 0.72115 0.0 0.0 45.47487 -0.49999 0.07399 0.0 0.0 0.0 0.0 0.0 0.0 0.0485632807478 45 1 0.992647058824 0.405550150689 -2.07899623847
-0.12623 0.35028 3.35743 -0.12979 0.55971 3.99186464697 0.78258 0.98072 0.30541 0.41196 152.77952 195.62801 147.22542 138.42519 0.3 0.3 0.0 0.0 0.0 0.0 0.0 0.0 0.72115 0.0 0.0 45.47487 -0.49999 0.07399 0.0 0.0 0.0 0.0 0.0 0.0 0.0487183380525 46 1 0.992647058824 0.399279396974 -2.07387325729
-0.12623 0.35028 3.35743 -0.12979 0.55971 4.02971583061 0.78258 0.98072 0.30541 0.41196 152.77952 195.62801 147.22542 138.42519 0.3 0.3 0.0 0.0 0.0 0.0 0.0 0.0 0.72115 0.0 0.0 45.47487 -0.49999 0.07399 0.0 0.0 0.0 0.0 0.0 0.0 0.0474848709074 47 1 1.0 0.407587070351 -1.58264863717
-0.12623 0.35028 3.35743 -0.12979 0.55971 4.0274112633 0.78258 0.98072 0.30541 0.41196 152.77952 195.62801 147.22542 138.42519 0.3 0.3 0.0 0.0 0.0 0.0 0.0 0.0 0.72115 0.0 0.0 45.47487 -0.49999 0.07399 0.0 0.0 0.0 0.0 0.0 0.0 0.0483000791558 48 1 1.0 0.119477892324 -1.63705924234
-0.12623 0.35028 3.35743 -0.12979 0.55971 4.02914534544 0.78258 0.98072 0.30541 0.41196 152.77952 195.62801 147.22542 138.42519 0.3 0.3 0.0 0.0 0.0 0.0 0.0 0.0 0.72115 0.0 0.0 45.47487 -0.49999 0.07399 0.0 0.0 0.0 0.0 0.0 0.0 0.0486242539815 49 1 1.0 0.419147936768 -1.65894605679
-0.12623 0.35028 3.35743 -0.12979 0.55971 4.03827279602 0.78258 0.98072 0.30541 0.41196 152.77952 195.62801 147.22542 138.42519 0.3 0.3 0.0 0.0 0.0 0.0 0.0 0.0 0.72115 0.0 0.0 45.47487 -0.49999 0.07399 0.0 0.0 0.0 0.0 0.0 0.0 0.0491177311269 50 1 1.0 0.454783765235 -1.69253617752
-0.12623 0.35028 3.35743 -0.12979 0.55971 3.99184679629 0.78258 0.98072 0.30541 0.41196 152.77952 195.62801 147.22542 138.42519 0.3 0.3 0.0 0.0 0.0 0.0 0.0 0.0 0.72115 0.0 0.0 45.47487 -0.49999 0.07399 0.0 0.0 0.0 0.0 0.0 0.0 0.0486476672353 51 1 0.992647058824 0.399278178695 -2.07026614186
-0.12623 0.35028 3.35743 -0.12979 0.55971 3.9980214843 0.78258 0.98072 0.30541 0.41196 152.77952 195.62801 147.22542 138.42519 0.3 0.3 0.0 0.0 0.0 0.0 0.0 0.0 0.72115 0.0 0.0 45.47487 -0.49999 0.07399 0.0 0.0 0.0 0.0 0.0 0.0 0.0489741499911 52 1 0.985294117647 0.39684571721 -3.28024146199
-0.12623 0.35028 3.35743 -0.12979 0.55971 3.97129238413 0.78258 0.98072 0.30541 0.41196 152.77952 195.62801 147.22542 138.42519 0.3 0.3 0.0 0.0 0.0 0.0 0.0 0.0 0.72115 0.0 0.0 45.47487 -0.49999 0.07399 0.0 0.0 0.0 0.0 0.0 0.0 0.0492358915761 53 1 0.985294117647 0.165489229627 -1.97548735603
-0.12623 0.35028 3.35743 -0.12979 0.55971 3.96825951721 0.78258 0.98072 0.30541 0.41196 152.77952 195.62801 147.22542 138.42519 0.3 0.3 0.0 0.0 0.0 0.0 0.0 0.0 0.72115 0.0 0.0 45.47487 -0.49999 0.07399 0.0 0.0 0.0 0.0 0.0 0.0 0.0485284041111 54 1 0.985294117647 0.165474635649 -1.93534205812
-0.12623 0.35028 3.35743 -0.12979 0.55971 3.94145754279 0.78258 0.98072 0.30541 0.41196 152.77952 195.62801 147.22542 138.42519 0.3 0.3 0.0 0.0 0.0 0.0 0.0 0.0 0.72115 0.0 0.0 45.47487 -0.49999 0.07399 0.0 0.0 0.0 0.0 0.0 0.0 0.048368233079 55 1 0.992647058824 0.533673448238 -2.38211544817
-0.12623 0.35028 3.35743 -0.12979 0.55971 3.96891666332 0.78258 0.98072 0.30541 0.41196 152.77952 195.62801 147.22542 138.42519 0.3 0.3 0.0 0.0 0.0 0.0 0.0 0.0 0.72115 0.0 0.0 45.47487 -0.49999 0.07399 0.0 0.0 0.0 0.0 0.0 0.0 0.0482238459321 56 1 0.985294117647 0.165402195428 -1.91814873224
-0.12623 0.35028 3.35743 -0.12979 0.55971 3.9468864681 0.78258 0.98072 0.30541 0.41196 152.77952 195.62801 147.22542 138.42519 0.3 0.3 0.0 0.0 0.0 0.0 0.0 0.0 0.72115 0.0 0.0 45.47487 -0.49999 0.07399 0.0 0.0 0.0 0.0 0.0 0.0 0.0482610982523 57 1 0.992647058824 0.41651321114 -2.08747837849
-0.12623 0.35028 3.35743 -0.12979 0.55971 3.93190963523 0.78258 0.98072 0.30541 0.41196 152.77952 195.62801 147.22542 138.42519 0.3 0.3 0.0 0.0 0.0 0.0 0.0 0.0 0.72115 0.0 0.0 45.47487 -0.49999 0.07399 0.0 0.0 0.0 0.0 0.0 0.0 0.0488945503453 58 1 0.992647058824 0.534235944011 -2.40344328598
-0.12623 0.35028 3.35743 -0.12979 0.55971 3.92381465642 0.78258 0.98072 0.30541 0.41196 152.77952 195.62801 147.22542 138.42519 0.3 0.3 0.0 0.0 0.0 0.0 0.0 0.0 0.72115 0.0 0.0 45.47487 -0.49999 0.07399 0.0 0.0 0.0 0.0 0.0 0.0 0.0491718986119 59 1 0.992647058824 0.528422092413 -2.39867271186
-0.12623 0.35028 3.35743 -0.12979 0.55971 3.92028201348 0.78258 0.98072 0.30541 0.41196 152.77952 195.62801 147.22542 138.42519 0.3 0.3 0.0 0.0 0.0 0.0 0.0 0.0 0.72115 0.0 0.0 45.47487 -0.49999 0.07399 0.0 0.0 0.0 0.0 0.0 0.0 0.0488953019381 60 1 0.992647058824 0.527007326839 -2.38395525637
-0.12623 0.35028 3.35743 -0.12979 0.55971 3.92679310485 0.78258 0.98072 0.30541 0.41196 152.77952 195.62801 147.22542 138.42519 0.3 0.3 0.0 0.0 0.0 0.0 0.0 0.0 0.72115 0.0 0.0 45.47487 -0.49999 0.07399 0.0 0.0 0.0 0.0 0.0 0.0 0.0488249078892 61 0 0.992647058824 0.633893915477 -2.38395525637
-0.12623 0.35028 3.35743 -0.12979 0.55971 3.97943643276 0.78258 0.98072 0.30541 0.41196 152.77952 195.62801 147.22542 138.42519 0.3 0.3 0.0 0.0 0.0 0.0 0.0 0.0 0.72115 0.0 0.0 45.47487 -0.49999 0.07399 0.0 0.0 0.0 0.0 0.0 0.0 0.0477955735855 62 1 0.992647058824 0.375271342074 -1.97824467766
-0.12623 0.35028 3.35743 -0.12979 0.55971 3.9628627361 0.78258 0.98072 0.30541 0.41196 152.77952 195.62801 147.22542 138.42519 0.3 0.3 0.0 0.0 0.0 0.0 0.0 0.0 0.72115 0.0 0.0 45.47487 -0.49999 0.07399 0.0 0.0 0.0 0.0 0.0 0.0 0.0474991309588 63 1 0.985294117647 0.171756708014 -1.90171254299
-0.12623 0.35028 3.35743 -0.12979 0.55971 3.98178667226 0.78258 0.98072 0.30541 0.41196 152.77952 195.62801 147.22542 138.42519 0.3 0.3 0.0 0.0 0.0 0.0 0.0 0.0 0.72115 0.0 0.0 45.47487 -0.49999 0.07399 0.0 0.0 0.0 0.0 0.0 0.0 0.0468100252002 64 1 0.992647058824 0.186484469386 -1.63482210937
-0.12623 0.35028 3.35743 -0.12979 0.55971 3.99098095648 0.78258 0.98072 0.30541 0.41196 152.77952 195.62801 147.22542 138.42519 0.3 0.3 0.0 0.0 0.0 0.0 0.0 0.0 0.72115 0.0 0.0 45.47487 -0.49999 0.07399 0.0 0.0 0.0 0.0 0.0 0.0 0.0471217804412 65 1 0.992647058824 0.40455263554 -2.00701721556
-0.12623 0.35028 3.35743 -0.12979 0.55971 3.99001654875 0.78258 0.98072 0.30541 0.41196 152.77952 195.62801 147.22542 138.42519 0.3 0.3 0.0 0.0 0.0 0.0 0.0 0.0 0.72115 0.0 0.0 45.47487 -0.49999 0.07399 0.0 0.0 0.0 0.0 0.0 0.0 0.0466195665331 66 1 0.992647058824 0.406000284423 -1.98718755669
-0.12623 0.35028 3.35743 -0.12979 0.55971 4.00527331075 0.78258 0.98072 0.30541 0.41196 152.77952 195.62801 147.22542 138.42519 0.3 0.3 0.0 0.0 0.0 0.0 0.0 0.0 0.72115 0.0 0.0 45.47487 -0.49999 0.07399 0.0 0.0 0.0 0.0 0.0 0.0 0.046422474598 67 0 0.977941176471 0.379428340745 -1.98718755669
-0.12623 0.35028 3.35743 -0.12979 0.55971 3.9619549828 0.78258 0.98072 0.30541 0.41196 152.77952 195.62801 147.22542 138.42519 0.3 0.3 0.0 0.0 0.0 0.0 0.0 0.0 0.72115 0.0 0.0 45.47487 -0.49999 0.07399 0.0 0.0 0.0 0.0 0.0 0.0 0.0458140500945 68 1 0.985294117647 0.200201697214 -1.93853944471
-0.12623 0.35028 3.35743 -0.12979 0.55971 3.97815498361 0.78258 0.98072 0.30541 0.41196 152.77952 195.62801 147.22542 138.42519 0.3 0.3 0.0 0.0 0.0 0.0 0.0 0.0 0.72115 0.0 0.0 45.47487 -0.49999 0.07399 0.0 0.0 0.0 0.0 0.0 0.0 0.0457892762375 69 1 0.992647058824 0.376380957865 -1.88332573429
-0.12623 0.35028 3.35743 -0.12979 0.55971 3.95899554686 0.78258 0.98072 0.30541 0.41196 152.77952 195.62801 147.22542 138.42519 0.3 0.3 0.0 0.0 0.0 0.0 0.0 0.0 0.72115 0.0 0.0 45.47487 -0.49999 0.07399 0.0 0.0 0.0 0.0 0.0 0.0 0.045183393245 70 1 0.985294117647 0.200992835884 -1.91533740534
-0.12623 0.35028 3.35743 -0.12979 0.55971 3.98281733635 0.78258 0.98072 0.30541 0.41196 152.77952 195.62801 147.22542 138.42519 0.3 0.3 0.0 0.0 0.0 0.0 0.0 0.0 0.72115 0.0 0.0 45.47487 -0.49999 0.07399 0.0 0.0 0.0 0.0 0.0 0.0 0.0455972074656 71 1 0.992647058824 0.186757069024 -1.56215227843
-0.12623 0.35028 3.35743 -0.12979 0.55971 3.98565255322 0.78258 0.98072 0.30541 0.41196 152.77952 195.62801 147.22542 138.42519 0.3 0.3 0.0 0.0 0.0 0.0 0.0 0.0 0.72115 0.0 0.0 45.47487 -0.49999 0.07399 0.0 0.0 0.0 0.0 0.0 0.0 0.0449523416679 72 0 0.992647058824 0.405555420228 -1.56215227843
-0.12623 0.35028 3.35743 -0.12979 0.55971 4.0445361951 0.78258 0.98072 0.30541 0.41196 152.77952 195.62801 147.22542 138.42519 0.3 0.3 0.0 0.0 0.0 0.0 0.0 0.0 0.72115 0.0 0.0 45.47487 -0.49999 0.07399 0.0 0.0 0.0 0.0 0.0 0.0 0.0469177638133 73 1 1.0 0.273459299891 -1.54532843652
-0.12623 0.35028 3.35743 -0.12979 0.55971 4.01979143452 0.78258 0.98072 0.30541 0.41196 152.77952 195.62801 147.22542 138.42519 0.3 0.3 0.0 0.0 0.0 0.0 0.0 0.0 0.72115 0.0 0.0 45.47487 -0.49999 0.07399 0.0 0.0 0.0 0.0 0.0 0.0 0.0478886393451 74 1 1.0 0.423823813678 -1.60948545849
-0.12623 0.35028 3.35743 -0.12979 0.55971 4.02412699391 0.78258 0.98072 0.30541 0.41196 152.77952 195.62801 147.22542 138.42519 0.3 0.3 0.0 0.0 0.0 0.0 0.0 0.0 0.72115 0.0 0.0 45.47487 -0.49999 0.07399 0.0 0.0 0.0 0.0 0.0 0.0 0.0481518242807 75 1 1.0 0.410620371234 -1.6270971237
-0.12623 0.35028 3.35743 -0.12979 0.55971 3.99222439068 0.78258 0.98072 0.30541 0.41196 152.77952 195.62801 147.22542 138.42519 0.3 0.3 0.0 0.0 0.0 0.0 0.0 0.0 0.72115 0.0 0.0 45.47487 -0.49999 0.07399 0.0 0.0 0.0 0.0 0.0 0.0 0.0482386030409 76 1 0.992647058824 0.399253260717 -2.04958506913
-0.12623 0.35028 3.35743 -0.12979 0.55971 3.98024540921 0.78258 0.98072 0.30541 0.41196 152.77952 195.62801 147.22542 138.42519 0.3 0.3 0.0 0.0 0.0 0.0 0.0 0.0 0.72115 0.0 0.0 45.47487 -0.49999 0.07399 0.0 0.0 0.0 0.0 0.0 0.0 0.0488389802608 77 1 0.992647058824 0.375181280127 -2.03246329298
-0.12623 0.35028 3.35743 -0.12979 0.55971 3.98373948683 0.78258 0.98072 0.30541 0.41196 152.77952 195.62801 147.22542 138.42519 0.3 0.3 0.0 0.0 0.0 0.0 0.0 0.0 0.72115 0.0 0.0 45.47487 -0.49999 0.07399 0.0 0.0 0.0 0.0 0.0 0.0 0.0486595731366 78 1 0.992647058824 0.18667748754 -1.75085963148
-0.12623 0.35028 3.35743 -0.12979 0.55971 3.97332862034 0.78258 0.98072 0.30541 0.41196 152.77952 195.62801 147.22542 138.42519 0.3 0.3 0.0 0.0 0.0 0.0 0.0 0.0 0.72115 0.0 0.0 45.47487 -0.49999 0.07399 0.0 0.0 0.0 0.0 0.0 0.0 0.0489367453563 79 1 0.985294117647 0.166018036902 -1.9601895669
-0.12623 0.35028 3.35743 -0.12979 0.55971 3.9749280383 0.78258 0.98072 0.30541 0.41196 152.77952 195.62801 147.22542 138.42519 0.3 0.3 0.0 0.0 0.0 0.0 0.0 0.0 0.72115 0.0 0.0 45.47487 -0.49999 0.07399 0.0 0.0 0.0 0.0 0.0 0.0 0.0492558810078 80 1 0.985294117647 0.373948288952 -3.10430095269
-0.12623 0.35028 3.35743 -0.12979 0.55971 3.92172694182 0.78258 0.98072 0.30541 0.41196 152.77952 195.62801 147.22542 138.42519 0.3 0.3 0.0 0.0 0.0 0.0 0.0 0.0 0.72115 0.0 0.0 45.47487 -0.49999 0.07399 0.0 0.0 0.0 0.0 0.0 0.0 0.0492150800854 81 1 0.992647058824 0.526943208443 -2.39647936928
-0.12623 0.35028 3.35743 -0.12979 0.55971 3.89547142737 0.78258 0.98072 0.30541 0.41196 152.77952 195.62801 147.22542 138.42519 0.3 0.3 0.0 0.0 0.0 0.0 0.0 0.0 0.72115 0.0 0.0 45.47487 -0.49999 0.07399 0.0 0.0 0.0 0.0 0.0 0.0 0.0493685084311 82 0 0.971223021583 0.563181146145 -2.39647936928
-0.12623 0.35028 3.35743 -0.12979 0.55971 3.90577724989 0.78258 0.98072 0.30541 0.41196 152.77952 195.62801 147.22542 138.42519 0.3 0.3 0.0 0.0 0.0 0.0 0.0 0.0 0.72115 0.0 0.0 45.47487 -0.49999 0.07399 0.0 0.0 0.0 0.0 0.0 0.0 0.04955365491 83 0 0.964285714286 0.627437652911 -2.39647936928
-0.12623 0.35028 3.35743 -0.12979 0.55971 3.91404521436 0.78258 0.98072 0.30541 0.41196 152.77952 195.62801 147.22542 138.42519 0.3 0.3 0.0 0.0 0.0 0.0 0.0 0.0 0.72115 0.0 0.0 45.47487 -0.49999 0.07399 0.0 0.0 0.0 0.0 0.0 0.0 0.0504058627412 84 0 0.978260869565 0.505107836178 -2.39647936928
-0.12623 0.35028 3.35743 -0.12979 0.55971 3.89641707234 0.78258 0.98072 0.30541 0.41196 152.77952 195.62801 147.22542 138.42519 0.3 0.3 0.0 0.0 0.0 0.0 0.0 0.0 0.72115 0.0 0.0 45.47487 -0.49999 0.07399 0.0 0.0 0.0 0.0 0.0 0.0 0.0507133612347 85 0 0.971223021583 0.563207238701 -2.39647936928
-0.12623 0.35028 3.35743 -0.12979 0.55971 3.95424615689 0.78258 0.98072 0.30541 0.41196 152.77952 195.62801 147.22542 138.42519 0.3 0.3 0.0 0.0 0.0 0.0 0.0 0.0 0.72115 0.0 0.0 45.47487 -0.49999 0.07399 0.0 0.0 0.0 0.0 0.0 0.0 0.0500745850862 86 1 0.992647058824 0.41625248882 -2.17889918201
-0.12623 0.35028 3.35743 -0.12979 0.55971 3.97390681779 0.78258 0.98072 0.30541 0.41196 152.77952 195.62801 147.22542 138.42519 0.3 0.3 0.0 0.0 0.0 0.0 0.0 0.0 0.72115 0.0 0.0 45.47487 -0.49999 0.07399 0.0 0.0 0.0 0.0 0.0 0.0 0.0490616145518 87 0 0.985294117647 0.373918633191 -2.17889918201
-0.12623 0.35028 3.35743 -0.12979 0.55971 3.91325890811 0.78258 0.98072 0.30541 0.41196 152.77952 195.62801 147.22542 138.42519 0.3 0.3 0.0 0.0 0.0 0.0 0.0 0.0 0.72115 0.0 0.0 45.47487 -0.49999 0.07399 0.0 0.0 0.0 0.0 0.0 0.0 0.0490515513772 88 0 0.971223021583 0.597684617358 -2.17889918201
-0.12623 0.35028 3.35743 -0.12979 0.55971 3.93666157145 0.78258 0.98072 0.30541 0.41196 152.77952 195.62801 147.22542 138.42519 0.3 0.3 0.0 0.0 0.0 0.0 0.0 0.0 0.72115 0.0 0.0 45.47487 -0.49999 0.07399 0.0 0.0 0.0 0.0 0.0 0.0 0.0500012501584 89 1 0.992647058824 0.543814303986 -2.47296994726
-0.12623 0.35028 3.35743 -0.12979 0.55971 3.94572478791 0.78258 0.98072 0.30541 0.41196 152.77952 195.62801 147.22542 138.42519 0.3 0.3 0.0 0.0 0.0 0.0 0.0 0.0 0.72115 0.0 0.0 45.47487 -0.49999 0.07399 0.0 0.0 0.0 0.0 0.0 0.0 0.0501760848698 90 1 0.992647058824 0.519570277491 -2.41786894337
-0.12623 0.35028 3.35743 -0.12979 0.55971 3.91790037932 0.78258 0.98072 0.30541 0.41196 152.77952 195.62801 147.22542 138.42519 0.3 0.3 0.0 0.0 0.0 0.0 0.0 0.0 0.72115 0.0 0.0 45.47487 -0.49999 0.07399 0.0 0.0 0.0 0.0 0.0 0.0 0.0498032652232 91 1 0.992647058824 0.527230105905 -2.42139210971
-0.12623 0.35028 3.35743 -0.12979 0.55971 3.94187705624 0.78258 0.98072 0.30541 0.41196 152.77952 195.62801 147.22542 138.42519 0.3 0.3 0.0 0.0 0.0 0.0 0.0 0.0 0.72115 0.0 0.0 45.47487 -0.49999 0.07399 0.0 0.0 0.0 0.0 0.0 0.0 0.0494704499525 92 1 0.992647058824 0.518042352859 -2.38372785012
-0.12623 0.35028 3.35743 -0.12979 0.55971 3.95668507215 0.78258 0.98072 0.30541 0.41196 152.77952 195.62801 147.22542 138.42519 0.3 0.3 0.0 0.0 0.0 0.0 0.0 0.0 0.72115 0.0 0.0 45.47487 -0.49999 0.07399 0.0 0.0 0.0 0.0 0.0 0.0 0.0481398615026 93 1 0.992647058824 0.416258469116 -2.08106393272
-0.12623 0.35028 3.35743 -0.12979 0.55971 3.94583757724 0.78258 0.98072 0.30541 0.41196 152.77952 195.62801 147.22542 138.42519 0.3 0.3 0.0 0.0 0.0 0.0 0.0 0.0 0.72115 0.0 0.0 45.47487 -0.49999 0.07399 0.0 0.0 0.0 0.0 0.0 0.0 0.0487580892749 94 1 0.992647058824 0.519578841811 -2.35871520173
-0.12623 0.35028 3.35743 -0.12979 0.55971 3.95184865387 0.78258 0.98072 0.30541 0.41196 152.77952 195.62801 147.22542 138.42519 0.3 0.3 0.0 0.0 0.0 0.0 0.0 0.0 0.72115 0.0 0.0 45.47487 -0.49999 0.07399 0.0 0.0 0.0 0.0 0.0 0.0 0.0484074227507 95 1 0.992647058824 0.417531545686 -2.0968020918
-0.12623 0.35028 3.35743 -0.12979 0.55971 3.97529938178 0.78258 0.98072 0.30541 0.41196 152.77952 195.62801 147.22542 138.42519 0.3 0.3 0.0 0.0 0.0 0.0 0.0 0.0 0.72115 0.0 0.0 45.47487 -0.49999 0.07399 0.0 0.0 0.0 0.0 0.0 0.0 0.0484022714833 96 1 0.985294117647 0.373934263207 -3.09603412347
-0.12623 0.35028 3.35743 -0.12979 0.55971 3.96427041557 0.78258 0.98072 0.30541 0.41196 152.77952 195.62801 147.22542 138.42519 0.3 0.3 0.0 0.0 0.0 0.0 0.0 0.0 0.72115 0.0 0.0 45.47487 -0.49999 0.07399 0.0 0.0 0.0 0.0 0.0 0.0 0.0495094226746 97 1 0.985294117647 0.17084835811 -2.00915356516
-0.12623 0.35028 3.35743 -0.12979 0.55971 3.98937686694 0.78258 0.98072 0.30541 0.41196 152.77952 195.62801 147.22542 138.42519 0.3 0.3 0.0 0.0 0.0 0.0 0.0 0.0 0.72115 0.0 0.0 45.47487 -0.49999 0.07399 0.0 0.0 0.0 0.0 0.0 0.0 0.0488966981141 98 1 0.992647058824 0.405973710237 -2.09673721436
-0.12623 0.35028 3.35743 -0.12979 0.55971 3.99703812654 0.78258 0.98072 0.30541 0.41196 152.77952 195.62801 147.22542 138.42519 0.3 0.3 0.0 0.0 0.0 0.0 0.0 0.0 0.72115 0.0 0.0 45.47487 -0.49999 0.07399 0.0 0.0 0.0 0.0 0.0 0.0 0.0481917787452 99 0 0.985294117647 0.396768438053 -2.09673721436
-0.12623 0.35028 3.35743 -0.12979 0.55971 3.91900412639 0.78258 0.98072 0.30541 0.41196 152.77952 195.62801 147.22542 138.42519 0.3 0.3 0.0 0.0 0.0 0.0 0.0 0.0 0.72115 0.0 0.0 45.47487 -0.49999 0.07399 0.0 0.0 0.0 0.0 0.0 0.0 0.0499602257513 100 1 0.992647058824 0.527125389946 -2.42774498308
