-0.12623 0.35028 3.35743 -0.12979 0.55971 3.75405333333 0.78258 0.98072 0.30541 0.41196 152.77952 195.62801 147.22542 138.42519 0.3 0.3 0.0 0.0 0.0 0.0 0.0 0.0 0.72115 0.0 0.0 45.47487 -0.49999 0.07399 0.0 0.0 0.0 0.0 0.0 0.0 0.05 0 1 0.957446808511 0.863570267945 -62.5210198858
-0.12623 0.35028 3.35743 -0.12979 0.55971 3.7375917991 0.78258 0.98072 0.30541 0.41196 152.77952 195.62801 147.22542 138.42519 0.3 0.3 0.0 0.0 0.0 0.0 0.0 0.0 0.72115 0.0 0.0 45.47487 -0.49999 0.07399 0.0 0.0 0.0 0.0 0.0 0.0 0.0504230151349 1 0 0.944055944056 0.983872054095 -62.5210198858
-0.12623 0.35028 3.35743 -0.12979 0.55971 3.78571036422 0.78258 0.98072 0.30541 0.41196 152.77952 195.62801 147.22542 138.42519 0.3 0.3 0.0 0.0 0.0 0.0 0.0 0.0 0.72115 0.0 0.0 45.47487 -0.49999 0.07399 0.0 0.0 0.0 0.0 0.0 0.0 0.0509734410616 2 0 0.950704225352 0.838822693931 -62.5210198858
-0.12623 0.35028 3.35743 -0.12979 0.55971 3.73104113197 0.78258 0.98072 0.30541 0.41196 152.77952 195.62801 147.22542 138.42519 0.3 0.3 0.0 0.0 0.0 0.0 0.0 0.0 0.72115 0.0 0.0 45.47487 -0.49999 0.07399 0.0 0.0 0.0 0.0 0.0 0.0 0.0500593080467 3 0 0.944055944056 1.01127911104 -62.5210198858
-0.12623 0.35028 3.35743 -0.12979 0.55971 3.72224269662 0.78258 0.98072 0.30541 0.41196 152.77952 195.62801 147.22542 138.42519 0.3 0.3 0.0 0.0 0.0 0.0 0.0 0.0 0.72115 0.0 0.0 45.47487 -0.49999 0.07399 0.0 0.0 0.0 0.0 0.0 0.0 0.0499098196485 4 0 0.944055944056 1.05238512945 -62.5210198858
-0.12623 0.35028 3.35743 -0.12979 0.55971 3.75682572174 0.78258 0.98072 0.30541 0.41196 152.77952 195.62801 147.22542 138.42519 0.3 0.3 0.0 0.0 0.0 0.0 0.0 0.0 0.72115 0.0 0.0 45.47487 -0.49999 0.07399 0.0 0.0 0.0 0.0 0.0 0.0 0.04970839873 5 1 0.957446808511 0.861209215554 -62.8800946896
-0.12623 0.35028 3.35743 -0.12979 0.55971 3.77441567494 0.78258 0.98072 0.30541 0.41196 152.77952 195.62801 147.22542 138.42519 0.3 0.3 0.0 0.0 0.0 0.0 0.0 0.0 0.72115 0.0 0.0 45.47487 -0.49999 0.07399 0.0 0.0 0.0 0.0 0.0 0.0 0.0497801606312 6 1 0.957446808511 0.810238537828 -55.7053582459
-0.12623 0.35028 3.35743 -0.12979 0.55971 3.7527572256 0.78258 0.98072 0.30541 0.41196 152.77952 195.62801 147.22542 138.42519 0.3 0.3 0.0 0.0 0.0 0.0 0.0 0.0 0.72115 0.0 0.0 45.47487 -0.49999 0.07399 0.0 0.0 0.0 0.0 0.0 0.0 0.0503205687463 7 0 0.957446808511 0.87590651967 -55.7053582459
-0.12623 0.35028 3.35743 -0.12979 0.55971 3.80154609107 0.78258 0.98072 0.30541 0.41196 152.77952 195.62801 147.22542 138.42519 0.3 0.3 0.0 0.0 0.0 0.0 0.0 0.0 0.72115 0.0 0.0 45.47487 -0.49999 0.07399 0.0 0.0 0.0 0.0 0.0 0.0 0.0503322622371 8 0 0.944055944056 0.898281108978 -55.7053582459
-0.12623 0.35028 3.35743 -0.12979 0.55971 3.78543261991 0.78258 0.98072 0.30541 0.41196 152.77952 195.62801 147.22542 138.42519 0.3 0.3 0.0 0.0 0.0 0.0 0.0 0.0 0.72115 0.0 0.0 45.47487 -0.49999 0.07399 0.0 0.0 0.0 0.0 0.0 0.0 0.0502036433856 9 0 0.950704225352 0.838795731194 -55.7053582459
-0.12623 0.35028 3.35743 -0.12979 0.55971 3.8122663614 0.78258 0.98072 0.30541 0.41196 152.77952 195.62801 147.22542 138.42519 0.3 0.3 0.0 0.0 0.0 0.0 0.0 0.0 0.72115 0.0 0.0 45.47487 -0.49999 0.07399 0.0 0.0 0.0 0.0 0.0 0.0 0.0486390298781 10 0 0.944055944056 0.80009106017 -55.7053582459
-0.12623 0.35028 3.35743 -0.12979 0.55971 3.76314120837 0.78258 0.98072 0.30541 0.41196 152.77952 195.62801 147.22542 138.42519 0.3 0.3 0.0 0.0 0.0 0.0 0.0 0.0 0.72115 0.0 0.0 45.47487 -0.49999 0.07399 0.0 0.0 0.0 0.0 0.0 0.0 0.0497966202271 11 1 0.957446808511 0.785931910494 -52.4835426804
-0.12623 0.35028 3.35743 -0.12979 0.55971 3.7621324856 0.78258 0.98072 0.30541 0.41196 152.77952 195.62801 147.22542 138.42519 0.3 0.3 0.0 0.0 0.0 0.0 0.0 0.0 0.72115 0.0 0.0 45.47487 -0.49999 0.07399 0.0 0.0 0.0 0.0 0.0 0.0 0.0499293858722 12 0 0.957446808511 0.801353552989 -52.4835426804
-0.12623 0.35028 3.35743 -0.12979 0.55971 3.76081010245 0.78258 0.98072 0.30541 0.41196 152.77952 195.62801 147.22542 138.42519 0.3 0.3 0.0 0.0 0.0 0.0 0.0 0.0 0.72115 0.0 0.0 45.47487 -0.49999 0.07399 0.0 0.0 0.0 0.0 0.0 0.0 0.0490303382241 13 0 0.957446808511 0.881122112004 -52.4835426804
-0.12623 0.35028 3.35743 -0.12979 0.55971 3.77012134844 0.78258 0.98072 0.30541 0.41196 152.77952 195.62801 147.22542 138.42519 0.3 0.3 0.0 0.0 0.0 0.0 0.0 0.0 0.72115 0.0 0.0 45.47487 -0.49999 0.07399 0.0 0.0 0.0 0.0 0.0 0.0 0.04998543359 14 0 0.957446808511 0.826557056013 -52.4835426804
-0.12623 0.35028 3.35743 -0.12979 0.55971 3.7722435417 0.78258 0.98072 0.30541 0.41196 152.77952 195.62801 147.22542 138.42519 0.3 0.3 0.0 0.0 0.0 0.0 0.0 0.0 0.72115 0.0 0.0 45.47487 -0.49999 0.07399 0.0 0.0 0.0 0.0 0.0 0.0 0.0498511041548 15 0 0.957446808511 0.815641401433 -52.4835426804
-0.12623 0.35028 3.35743 -0.12979 0.55971 3.76158894244 0.78258 0.98072 0.30541 0.41196 152.77952 195.62801 147.22542 138.42519 0.3 0.3 0.0 0.0 0.0 0.0 0.0 0.0 0.72115 0.0 0.0 45.47487 -0.49999 0.07399 0.0 0.0 0.0 0.0 0.0 0.0 0.0488813143179 16 0 0.957446808511 0.881071644039 -52.4835426804
-0.12623 0.35028 3.35743 -0.12979 0.55971 3.76227802665 0.78258 0.98072 0.30541 0.41196 152.77952 195.62801 147.22542 138.42519 0.3 0.3 0.0 0.0 0.0 0.0 0.0 0.0 0.72115 0.0 0.0 45.47487 -0.49999 0.07399 0.0 0.0 0.0 0.0 0.0 0.0 0.050120525348 17 0 0.957446808511 0.801379374053 -52.4835426804
-0.12623 0.35028 3.35743 -0.12979 0.55971 3.78567375771 0.78258 0.98072 0.30541 0.41196 152.77952 195.62801 147.22542 138.42519 0.3 0.3 0.0 0.0 0.0 0.0 0.0 0.0 0.72115 0.0 0.0 45.47487 -0.49999 0.07399 0.0 0.0 0.0 0.0 0.0 0.0 0.049886090073 18 0 0.950704225352 0.838825134575 -52.4835426804
-0.12623 0.35028 3.35743 -0.12979 0.55971 3.77926100923 0.78258 0.98072 0.30541 0.41196 152.77952 195.62801 147.22542 138.42519 0.3 0.3 0.0 0.0 0.0 0.0 0.0 0.0 0.72115 0.0 0.0 45.47487 -0.49999 0.07399 0.0 0.0 0.0 0.0 0.0 0.0 0.050363176879 19 0 0.957446808511 0.860062636946 -52.4835426804
-0.12623 0.35028 3.35743 -0.12979 0.55971 3.71835594374 0.78258 0.98072 0.30541 0.41196 152.77952 195.62801 147.22542 138.42519 0.3 0.3 0.0 0.0 0.0 0.0 0.0 0.0 0.72115 0.0 0.0 45.47487 -0.49999 0.07399 0.0 0.0 0.0 0.0 0.0 0.0 0.0501263656273 20 0 0.923611111111 1.04660254551 -52.4835426804
-0.12623 0.35028 3.35743 -0.12979 0.55971 3.7639392862 0.78258 0.98072 0.30541 0.41196 152.77952 195.62801 147.22542 138.42519 0.3 0.3 0.0 0.0 0.0 0.0 0.0 0.0 0.72115 0.0 0.0 45.47487 -0.49999 0.07399 0.0 0.0 0.0 0.0 0.0 0.0 0.0490165207601 21 0 0.957446808511 0.866057578282 -52.4835426804
-0.12623 0.35028 3.35743 -0.12979 0.55971 3.77899689591 0.78258 0.98072 0.30541 0.41196 152.77952 195.62801 147.22542 138.42519 0.3 0.3 0.0 0.0 0.0 0.0 0.0 0.0 0.72115 0.0 0.0 45.47487 -0.49999 0.07399 0.0 0.0 0.0 0.0 0.0 0.0 0.0491857668164 22 0 0.957446808511 0.860339752451 -52.4835426804
-0.12623 0.35028 3.35743 -0.12979 0.55971 3.7216368121 0.78258 0.98072 0.30541 0.41196 152.77952 195.62801 147.22542 138.42519 0.3 0.3 0.0 0.0 0.0 0.0 0.0 0.0 0.72115 0.0 0.0 45.47487 -0.49999 0.07399 0.0 0.0 0.0 0.0 0.0 0.0 0.0493637610003 23 0 0.944055944056 1.05246087971 -52.4835426804
-0.12623 0.35028 3.35743 -0.12979 0.55971 3.74656906033 0.78258 0.98072 0.30541 0.41196 152.77952 195.62801 147.22542 138.42519 0.3 0.3 0.0 0.0 0.0 0.0 0.0 0.0 0.72115 0.0 0.0 45.47487 -0.49999 0.07399 0.0 0.0 0.0 0.0 0.0 0.0 0.0498775235969 24 0 0.937062937063 0.912019919904 -52.4835426804
-0.12623 0.35028 3.35743 -0.12979 0.55971 3.71252517111 0.78258 0.98072 0.30541 0.41196 152.77952 195.62801 147.22542 138.42519 0.3 0.3 0.0 0.0 0.0 0.0 0.0 0.0 0.72115 0.0 0.0 45.47487 -0.49999 0.07399 0.0 0.0 0.0 0.0 0.0 0.0 0.0501202688357 25 0 0.91724137931 1.11138015947 -52.4835426804
-0.12623 0.35028 3.35743 -0.12979 0.55971 3.78389649921 0.78258 0.98072 0.30541 0.41196 152.77952 195.62801 147.22542 138.42519 0.3 0.3 0.0 0.0 0.0 0.0 0.0 0.0 0.72115 0.0 0.0 45.47487 -0.49999 0.07399 0.0 0.0 0.0 0.0 0.0 0.0 0.0492772569888 26 0 0.957446808511 0.843738356937 -52.4835426804
-0.12623 0.35028 3.35743 -0.12979 0.55971 3.76360706031 0.78258 0.98072 0.30541 0.41196 152.77952 195.62801 147.22542 138.42519 0.3 0.3 0.0 0.0 0.0 0.0 0.0 0.0 0.72115 0.0 0.0 45.47487 -0.49999 0.07399 0.0 0.0 0.0 0.0 0.0 0.0 0.0495923943309 27 1 0.957446808511 0.784273273895 -52.6724916031
-0.12623 0.35028 3.35743 -0.12979 0.55971 3.7546923578 0.78258 0.98072 0.30541 0.41196 152.77952 195.62801 147.22542 138.42519 0.3 0.3 0.0 0.0 0.0 0.0 0.0 0.0 0.72115 0.0 0.0 45.47487 -0.49999 0.07399 0.0 0.0 0.0 0.0 0.0 0.0 0.0497178118601 28 0 0.957446808511 0.863881924289 -52.6724916031
-0.12623 0.35028 3.35743 -0.12979 0.55971 3.72191876777 0.78258 0.98072 0.30541 0.41196 152.77952 195.62801 147.22542 138.42519 0.3 0.3 0.0 0.0 0.0 0.0 0.0 0.0 0.72115 0.0 0.0 45.47487 -0.49999 0.07399 0.0 0.0 0.0 0.0 0.0 0.0 0.0508334420952 29 0 0.944055944056 1.05242080813 -52.6724916031
-0.12623 0.35028 3.35743 -0.12979 0.55971 3.74282535853 0.78258 0.98072 0.30541 0.41196 152.77952 195.62801 147.22542 138.42519 0.3 0.3 0.0 0.0 0.0 0.0 0.0 0.0 0.72115 0.0 0.0 45.47487 -0.49999 0.07399 0.0 0.0 0.0 0.0 0.0 0.0 0.0489342351774 30 0 0.937062937063 0.98182564776 -52.6724916031
-0.12623 0.35028 3.35743 -0.12979 0.55971 3.76140672274 0.78258 0.98072 0.30541 0.41196 152.77952 195.62801 147.22542 138.42519 0.3 0.3 0.0 0.0 0.0 0.0 0.0 0.0 0.72115 0.0 0.0 45.47487 -0.49999 0.07399 0.0 0.0 0.0 0.0 0.0 0.0 0.0490017609092 31 0 0.957446808511 0.801347972549 -52.6724916031
-0.12623 0.35028 3.35743 -0.12979 0.55971 3.74250656556 0.78258 0.98072 0.30541 0.41196 152.77952 195.62801 147.22542 138.42519 0.3 0.3 0.0 0.0 0.0 0.0 0.0 0.0 0.72115 0.0 0.0 45.47487 -0.49999 0.07399 0.0 0.0 0.0 0.0 0.0 0.0 0.0499405827944 32 0 0.944055944056 0.978148413105 -52.6724916031
-0.12623 0.35028 3.35743 -0.12979 0.55971 3.75495169283 0.78258 0.98072 0.30541 0.41196 152.77952 195.62801 147.22542 138.42519 0.3 0.3 0.0 0.0 0.0 0.0 0.0 0.0 0.72115 0.0 0.0 45.47487 -0.49999 0.07399 0.0 0.0 0.0 0.0 0.0 0.0 0.0496552420512 33 0 0.957446808511 0.863801188316 -52.6724916031
-0.12623 0.35028 3.35743 -0.12979 0.55971 3.76373471761 0.78258 0.98072 0.30541 0.41196 152.77952 195.62801 147.22542 138.42519 0.3 0.3 0.0 0.0 0.0 0.0 0.0 0.0 0.72115 0.0 0.0 45.47487 -0.49999 0.07399 0.0 0.0 0.0 0.0 0.0 0.0 0.0495478502295 34 0 0.957446808511 0.866081785858 -52.6724916031
-0.12623 0.35028 3.35743 -0.12979 0.55971 3.83964347224 0.78258 0.98072 0.30541 0.41196 152.77952 195.62801 147.22542 138.42519 0.3 0.3 0.0 0.0 0.0 0.0 0.0 0.0 0.72115 0.0 0.0 45.47487 -0.49999 0.07399 0.0 0.0 0.0 0.0 0.0 0.0 0.0502120156469 35 1 0.943262411348 0.538064604237 -43.3542584492
-0.12623 0.35028 3.35743 -0.12979 0.55971 3.82882531104 0.78258 0.98072 0.30541 0.41196 152.77952 195.62801 147.22542 138.42519 0.3 0.3 0.0 0.0 0.0 0.0 0.0 0.0 0.72115 0.0 0.0 45.47487 -0.49999 0.07399 0.0 0.0 0.0 0.0 0.0 0.0 0.0496146587955 36 1 0.950354609929 0.581338510742 -39.7936843772
-0.12623 0.35028 3.35743 -0.12979 0.55971 3.80007909382 0.78258 0.98072 0.30541 0.41196 152.77952 195.62801 147.22542 138.42519 0.3 0.3 0.0 0.0 0.0 0.0 0.0 0.0 0.72115 0.0 0.0 45.47487 -0.49999 0.07399 0.0 0.0 0.0 0.0 0.0 0.0 0.0489305851702 37 0 0.944055944056 0.954033816707 -39.7936843772
-0.12623 0.35028 3.35743 -0.12979 0.55971 3.79549681116 0.78258 0.98072 0.30541 0.41196 152.77952 195.62801 147.22542 138.42519 0.3 0.3 0.0 0.0 0.0 0.0 0.0 0.0 0.72115 0.0 0.0 45.47487 -0.49999 0.07399 0.0 0.0 0.0 0.0 0.0 0.0 0.0492585123069 38 0 0.944055944056 0.96444753424 -39.7936843772
-0.12623 0.35028 3.35743 -0.12979 0.55971 3.83139281935 0.78258 0.98072 0.30541 0.41196 152.77952 195.62801 147.22542 138.42519 0.3 0.3 0.0 0.0 0.0 0.0 0.0 0.0 0.72115 0.0 0.0 45.47487 -0.49999 0.07399 0.0 0.0 0.0 0.0 0.0 0.0 0.0487195805565 39 1 0.950354609929 0.580510675943 -41.0316293714
-0.12623 0.35028 3.35743 -0.12979 0.55971 3.78514960204 0.78258 0.98072 0.30541 0.41196 152.77952 195.62801 147.22542 138.42519 0.3 0.3 0.0 0.0 0.0 0.0 0.0 0.0 0.72115 0.0 0.0 45.47487 -0.49999 0.07399 0.0 0.0 0.0 0.0 0.0 0.0 0.0493151411372 40 0 0.950704225352 0.850058296279 -41.0316293714
-0.12623 0.35028 3.35743 -0.12979 0.55971 3.76540240796 0.78258 0.98072 0.30541 0.41196 152.77952 195.62801 147.22542 138.42519 0.3 0.3 0.0 0.0 0.0 0.0 0.0 0.0 0.72115 0.0 0.0 45.47487 -0.49999 0.07399 0.0 0.0 0.0 0.0 0.0 0.0 0.0495123897821 41 0 0.957446808511 0.863825817738 -41.0316293714
-0.12623 0.35028 3.35743 -0.12979 0.55971 3.82246117233 0.78258 0.98072 0.30541 0.41196 152.77952 195.62801 147.22542 138.42519 0.3 0.3 0.0 0.0 0.0 0.0 0.0 0.0 0.72115 0.0 0.0 45.47487 -0.49999 0.07399 0.0 0.0 0.0 0.0 0.0 0.0 0.0497799390834 42 0 0.943661971831 0.684086916344 -41.0316293714
-0.12623 0.35028 3.35743 -0.12979 0.55971 3.80567679728 0.78258 0.98072 0.30541 0.41196 152.77952 195.62801 147.22542 138.42519 0.3 0.3 0.0 0.0 0.0 0.0 0.0 0.0 0.72115 0.0 0.0 45.47487 -0.49999 0.07399 0.0 0.0 0.0 0.0 0.0 0.0 0.0495296933378 43 0 0.944055944056 0.78794068718 -41.0316293714
-0.12623 0.35028 3.35743 -0.12979 0.55971 3.84026247353 0.78258 0.98072 0.30541 0.41196 152.77952 195.62801 147.22542 138.42519 0.3 0.3 0.0 0.0 0.0 0.0 0.0 0.0 0.72115 0.0 0.0 45.47487 -0.49999 0.07399 0.0 0.0 0.0 0.0 0.0 0.0 0.0489897359083 44 0 0.95 0.656668879074 -41.0316293714
-0.12623 0.35028 3.35743 -0.12979 0.55971 3.81403247365 0.78258 0.98072 0.30541 0.41196 152.77952 195.62801 147.22542 138.42519 0.3 0.3 0.0 0.0 0.0 0.0 0.0 0.0 0.72115 0.0 0.0 45.47487 -0.49999 0.07399 0.0 0.0 0.0 0.0 0.0 0.0 0.0486364341112 45 0 0.944055944056 0.800091466176 -41.0316293714
-0.12623 0.35028 3.35743 -0.12979 0.55971 3.80160500894 0.78258 0.98072 0.30541 0.41196 152.77952 195.62801 147.22542 138.42519 0.3 0.3 0.0 0.0 0.0 0.0 0.0 0.0 0.72115 0.0 0.0 45.47487 -0.49999 0.07399 0.0 0.0 0.0 0.0 0.0 0.0 0.0474175751289 46 0 0.944055944056 0.898284004322 -41.0316293714
-0.12623 0.35028 3.35743 -0.12979 0.55971 3.83596097797 0.78258 0.98072 0.30541 0.41196 152.77952 195.62801 147.22542 138.42519 0.3 0.3 0.0 0.0 0.0 0.0 0.0 0.0 0.72115 0.0 0.0 45.47487 -0.49999 0.07399 0.0 0.0 0.0 0.0 0.0 0.0 0.0499821690551 47 0 0.943262411348 0.635371534054 -41.0316293714
-0.12623 0.35028 3.35743 -0.12979 0.55971 3.86942000074 0.78258 0.98072 0.30541 0.41196 152.77952 195.62801 147.22542 138.42519 0.3 0.3 0.0 0.0 0.0 0.0 0.0 0.0 0.72115 0.0 0.0 45.47487 -0.49999 0.07399 0.0 0.0 0.0 0.0 0.0 0.0 0.0491434289332 48 1 0.956834532374 0.495573626204 -23.0105482137
-0.12623 0.35028 3.35743 -0.12979 0.55971 3.87483716376 0.78258 0.98072 0.30541 0.41196 152.77952 195.62801 147.22542 138.42519 0.3 0.3 0.0 0.0 0.0 0.0 0.0 0.0 0.72115 0.0 0.0 45.47487 -0.49999 0.07399 0.0 0.0 0.0 0.0 0.0 0.0 0.0497876995692 49 1 0.971223021583 0.551597249079 -13.1738452351
-0.12623 0.35028 3.35743 -0.12979 0.55971 3.86257264484 0.78258 0.98072 0.30541 0.41196 152.77952 195.62801 147.22542 138.42519 0.3 0.3 0.0 0.0 0.0 0.0 0.0 0.0 0.72115 0.0 0.0 45.47487 -0.49999 0.07399 0.0 0.0 0.0 0.0 0.0 0.0 0.0491888996138 50 0 0.956834532374 0.699453892363 -13.1738452351
-0.12623 0.35028 3.35743 -0.12979 0.55971 3.83673158995 0.78258 0.98072 0.30541 0.41196 152.77952 195.62801 147.22542 138.42519 0.3 0.3 0.0 0.0 0.0 0.0 0.0 0.0 0.72115 0.0 0.0 45.47487 -0.49999 0.07399 0.0 0.0 0.0 0.0 0.0 0.0 0.0508876458378 51 0 0.943262411348 0.538584062 -13.1738452351
-0.12623 0.35028 3.35743 -0.12979 0.55971 3.87237934566 0.78258 0.98072 0.30541 0.41196 152.77952 195.62801 147.22542 138.42519 0.3 0.3 0.0 0.0 0.0 0.0 0.0 0.0 0.72115 0.0 0.0 45.47487 -0.49999 0.07399 0.0 0.0 0.0 0.0 0.0 0.0 0.0490261004822 52 1 0.971223021583 0.547436571994 -13.302253141
-0.12623 0.35028 3.35743 -0.12979 0.55971 3.88978848538 0.78258 0.98072 0.30541 0.41196 152.77952 195.62801 147.22542 138.42519 0.3 0.3 0.0 0.0 0.0 0.0 0.0 0.0 0.72115 0.0 0.0 45.47487 -0.49999 0.07399 0.0 0.0 0.0 0.0 0.0 0.0 0.0492449989217 53 0 0.971223021583 0.590751955416 -13.302253141
-0.12623 0.35028 3.35743 -0.12979 0.55971 3.90153709671 0.78258 0.98072 0.30541 0.41196 152.77952 195.62801 147.22542 138.42519 0.3 0.3 0.0 0.0 0.0 0.0 0.0 0.0 0.72115 0.0 0.0 45.47487 -0.49999 0.07399 0.0 0.0 0.0 0.0 0.0 0.0 0.0486072125618 54 0 0.971223021583 0.651499744289 -13.302253141
-0.12623 0.35028 3.35743 -0.12979 0.55971 3.86751521628 0.78258 0.98072 0.30541 0.41196 152.77952 195.62801 147.22542 138.42519 0.3 0.3 0.0 0.0 0.0 0.0 0.0 0.0 0.72115 0.0 0.0 45.47487 -0.49999 0.07399 0.0 0.0 0.0 0.0 0.0 0.0 0.0491481974767 55 0 0.956834532374 0.534681459878 -13.302253141
-0.12623 0.35028 3.35743 -0.12979 0.55971 3.82595561379 0.78258 0.98072 0.30541 0.41196 152.77952 195.62801 147.22542 138.42519 0.3 0.3 0.0 0.0 0.0 0.0 0.0 0.0 0.72115 0.0 0.0 45.47487 -0.49999 0.07399 0.0 0.0 0.0 0.0 0.0 0.0 0.0490113869926 56 0 0.950354609929 0.581540679778 -13.302253141
-0.12623 0.35028 3.35743 -0.12979 0.55971 3.87643480215 0.78258 0.98072 0.30541 0.41196 152.77952 195.62801 147.22542 138.42519 0.3 0.3 0.0 0.0 0.0 0.0 0.0 0.0 0.72115 0.0 0.0 45.47487 -0.49999 0.07399 0.0 0.0 0.0 0.0 0.0 0.0 0.0497105549945 57 1 0.971223021583 0.520779646514 -11.9580969003
-0.12623 0.35028 3.35743 -0.12979 0.55971 3.88027889376 0.78258 0.98072 0.30541 0.41196 152.77952 195.62801 147.22542 138.42519 0.3 0.3 0.0 0.0 0.0 0.0 0.0 0.0 0.72115 0.0 0.0 45.47487 -0.49999 0.07399 0.0 0.0 0.0 0.0 0.0 0.0 0.0502802671119 58 0 0.971223021583 0.652916552034 -11.9580969003
-0.12623 0.35028 3.35743 -0.12979 0.55971 3.90486988439 0.78258 0.98072 0.30541 0.41196 152.77952 195.62801 147.22542 138.42519 0.3 0.3 0.0 0.0 0.0 0.0 0.0 0.0 0.72115 0.0 0.0 45.47487 -0.49999 0.07399 0.0 0.0 0.0 0.0 0.0 0.0 0.049284843148 59 0 0.964285714286 0.627400064549 -11.9580969003
-0.12623 0.35028 3.35743 -0.12979 0.55971 3.8415087922 0.78258 0.98072 0.30541 0.41196 152.77952 195.62801 147.22542 138.42519 0.3 0.3 0.0 0.0 0.0 0.0 0.0 0.0 0.72115 0.0 0.0 45.47487 -0.49999 0.07399 0.0 0.0 0.0 0.0 0.0 0.0 0.0491955848255 60 0 0.95 0.656518058788 -11.9580969003
-0.12623 0.35028 3.35743 -0.12979 0.55971 3.89386067202 0.78258 0.98072 0.30541 0.41196 152.77952 195.62801 147.22542 138.42519 0.3 0.3 0.0 0.0 0.0 0.0 0.0 0.0 0.72115 0.0 0.0 45.47487 -0.49999 0.07399 0.0 0.0 0.0 0.0 0.0 0.0 0.0501639179919 61 1 0.971223021583 0.563290333726 -13.5117720214
-0.12623 0.35028 3.35743 -0.12979 0.55971 3.89383289243 0.78258 0.98072 0.30541 0.41196 152.77952 195.62801 147.22542 138.42519 0.3 0.3 0.0 0.0 0.0 0.0 0.0 0.0 0.72115 0.0 0.0 45.47487 -0.49999 0.07399 0.0 0.0 0.0 0.0 0.0 0.0 0.0507528057564 62 1 0.971223021583 0.563296312791 -13.2823425503
-0.12623 0.35028 3.35743 -0.12979 0.55971 3.91764197364 0.78258 0.98072 0.30541 0.41196 152.77952 195.62801 147.22542 138.42519 0.3 0.3 0.0 0.0 0.0 0.0 0.0 0.0 0.72115 0.0 0.0 45.47487 -0.49999 0.07399 0.0 0.0 0.0 0.0 0.0 0.0 0.0502751566463 63 1 0.992647058824 0.527235197952 -2.44153410128
-0.12623 0.35028 3.35743 -0.12979 0.55971 3.88272169266 0.78258 0.98072 0.30541 0.41196 152.77952 195.62801 147.22542 138.42519 0.3 0.3 0.0 0.0 0.0 0.0 0.0 0.0 0.72115 0.0 0.0 45.47487 -0.49999 0.07399 0.0 0.0 0.0 0.0 0.0 0.0 0.0501983352221 64 0 0.971223021583 0.624330875811 -2.44153410128
-0.12623 0.35028 3.35743 -0.12979 0.55971 3.95211635218 0.78258 0.98072 0.30541 0.41196 152.77952 195.62801 147.22542 138.42519 0.3 0.3 0.0 0.0 0.0 0.0 0.0 0.0 0.72115 0.0 0.0 45.47487 -0.49999 0.07399 0.0 0.0 0.0 0.0 0.0 0.0 0.051056291797 65 1 0.992647058824 0.417542257308 -2.23446886609
-0.12623 0.35028 3.35743 -0.12979 0.55971 3.94652530052 0.78258 0.98072 0.30541 0.41196 152.77952 195.62801 147.22542 138.42519 0.3 0.3 0.0 0.0 0.0 0.0 0.0 0.0 0.72115 0.0 0.0 45.47487 -0.49999 0.07399 0.0 0.0 0.0 0.0 0.0 0.0 0.0510638731357 66 1 0.992647058824 0.416552567755 -2.23296093749
-0.12623 0.35028 3.35743 -0.12979 0.55971 3.94161588449 0.78258 0.98072 0.30541 0.41196 152.77952 195.62801 147.22542 138.42519 0.3 0.3 0.0 0.0 0.0 0.0 0.0 0.0 0.72115 0.0 0.0 45.47487 -0.49999 0.07399 0.0 0.0 0.0 0.0 0.0 0.0 0.0509130965548 67 1 0.992647058824 0.54298053295 -2.50932298014
-0.12623 0.35028 3.35743 -0.12979 0.55971 3.92969216172 0.78258 0.98072 0.30541 0.41196 152.77952 195.62801 147.22542 138.42519 0.3 0.3 0.0 0.0 0.0 0.0 0.0 0.0 0.72115 0.0 0.0 45.47487 -0.49999 0.07399 0.0 0.0 0.0 0.0 0.0 0.0 0.0512635157522 68 0 0.992647058824 0.629044370661 -2.50932298014
-0.12623 0.35028 3.35743 -0.12979 0.55971 3.94415435019 0.78258 0.98072 0.30541 0.41196 152.77952 195.62801 147.22542 138.42519 0.3 0.3 0.0 0.0 0.0 0.0 0.0 0.0 0.72115 0.0 0.0 45.47487 -0.49999 0.07399 0.0 0.0 0.0 0.0 0.0 0.0 0.0515426585341 69 1 0.992647058824 0.519643237298 -2.48060372038
-0.12623 0.35028 3.35743 -0.12979 0.55971 3.92906889178 0.78258 0.98072 0.30541 0.41196 152.77952 195.62801 147.22542 138.42519 0.3 0.3 0.0 0.0 0.0 0.0 0.0 0.0 0.72115 0.0 0.0 45.47487 -0.49999 0.07399 0.0 0.0 0.0 0.0 0.0 0.0 0.0510550329092 70 0 0.992647058824 0.62900205169 -2.48060372038
-0.12623 0.35028 3.35743 -0.12979 0.55971 3.96182070331 0.78258 0.98072 0.30541 0.41196 152.77952 195.62801 147.22542 138.42519 0.3 0.3 0.0 0.0 0.0 0.0 0.0 0.0 0.72115 0.0 0.0 45.47487 -0.49999 0.07399 0.0 0.0 0.0 0.0 0.0 0.0 0.051884825179 71 1 0.985294117647 0.20020517304 -2.24922023526
-0.12623 0.35028 3.35743 -0.12979 0.55971 3.99089355968 0.78258 0.98072 0.30541 0.41196 152.77952 195.62801 147.22542 138.42519 0.3 0.3 0.0 0.0 0.0 0.0 0.0 0.0 0.72115 0.0 0.0 45.47487 -0.49999 0.07399 0.0 0.0 0.0 0.0 0.0 0.0 0.0519769099475 72 1 0.992647058824 0.404636741418 -2.26224592258
-0.12623 0.35028 3.35743 -0.12979 0.55971 3.97406946636 0.78258 0.98072 0.30541 0.41196 152.77952 195.62801 147.22542 138.42519 0.3 0.3 0.0 0.0 0.0 0.0 0.0 0.0 0.72115 0.0 0.0 45.47487 -0.49999 0.07399 0.0 0.0 0.0 0.0 0.0 0.0 0.052080379898 73 0 0.985294117647 0.373926982122 -2.26224592258
-0.12623 0.35028 3.35743 -0.12979 0.55971 3.98998603284 0.78258 0.98072 0.30541 0.41196 152.77952 195.62801 147.22542 138.42519 0.3 0.3 0.0 0.0 0.0 0.0 0.0 0.0 0.72115 0.0 0.0 45.47487 -0.49999 0.07399 0.0 0.0 0.0 0.0 0.0 0.0 0.0518239561867 74 1 0.992647058824 0.406001720425 -2.2558951541
-0.12623 0.35028 3.35743 -0.12979 0.55971 3.99554993689 0.78258 0.98072 0.30541 0.41196 152.77952 195.62801 147.22542 138.42519 0.3 0.3 0.0 0.0 0.0 0.0 0.0 0.0 0.72115 0.0 0.0 45.47487 -0.49999 0.07399 0.0 0.0 0.0 0.0 0.0 0.0 0.0515212661873 75 0 0.985294117647 0.40124631666 -2.2558951541
-0.12623 0.35028 3.35743 -0.12979 0.55971 4.00549257513 0.78258 0.98072 0.30541 0.41196 152.77952 195.62801 147.22542 138.42519 0.3 0.3 0.0 0.0 0.0 0.0 0.0 0.0 0.72115 0.0 0.0 45.47487 -0.49999 0.07399 0.0 0.0 0.0 0.0 0.0 0.0 0.0532183098246 76 0 0.977941176471 0.379445207293 -2.2558951541
-0.12623 0.35028 3.35743 -0.12979 0.55971 4.01710912015 0.78258 0.98072 0.30541 0.41196 152.77952 195.62801 147.22542 138.42519 0.3 0.3 0.0 0.0 0.0 0.0 0.0 0.0 0.72115 0.0 0.0 45.47487 -0.49999 0.07399 0.0 0.0 0.0 0.0 0.0 0.0 0.0518406502762 77 1 0.985294117647 0.132090828216 -2.04174547889
-0.12623 0.35028 3.35743 -0.12979 0.55971 4.03763459518 0.78258 0.98072 0.30541 0.41196 152.77952 195.62801 147.22542 138.42519 0.3 0.3 0.0 0.0 0.0 0.0 0.0 0.0 0.72115 0.0 0.0 45.47487 -0.49999 0.07399 0.0 0.0 0.0 0.0 0.0 0.0 0.0521215634959 78 1 1.0 0.454729300589 -1.90408710628
-0.12623 0.35028 3.35743 -0.12979 0.55971 4.05424218116 0.78258 0.98072 0.30541 0.41196 152.77952 195.62801 147.22542 138.42519 0.3 0.3 0.0 0.0 0.0 0.0 0.0 0.0 0.72115 0.0 0.0 45.47487 -0.49999 0.07399 0.0 0.0 0.0 0.0 0.0 0.0 0.0516432526426 79 1 0.992647058824 0.372719065763 -2.18640658028
-0.12623 0.35028 3.35743 -0.12979 0.55971 4.06023365347 0.78258 0.98072 0.30541 0.41196 152.77952 195.62801 147.22542 138.42519 0.3 0.3 0.0 0.0 0.0 0.0 0.0 0.0 0.72115 0.0 0.0 45.47487 -0.49999 0.07399 0.0 0.0 0.0 0.0 0.0 0.0 0.0517379311689 80 1 0.992647058824 0.401035709864 -2.24183795441
-0.12623 0.35028 3.35743 -0.12979 0.55971 4.04654141481 0.78258 0.98072 0.30541 0.41196 152.77952 195.62801 147.22542 138.42519 0.3 0.3 0.0 0.0 0.0 0.0 0.0 0.0 0.72115 0.0 0.0 45.47487 -0.49999 0.07399 0.0 0.0 0.0 0.0 0.0 0.0 0.0522750217796 81 1 1.0 0.269206866965 -1.91522074184
-0.12623 0.35028 3.35743 -0.12979 0.55971 4.0756794324 0.78258 0.98072 0.30541 0.41196 152.77952 195.62801 147.22542 138.42519 0.3 0.3 0.0 0.0 0.0 0.0 0.0 0.0 0.72115 0.0 0.0 45.47487 -0.49999 0.07399 0.0 0.0 0.0 0.0 0.0 0.0 0.0528698603325 82 0 0.992647058824 0.420472282357 -1.91522074184
-0.12623 0.35028 3.35743 -0.12979 0.55971 4.01499427906 0.78258 0.98072 0.30541 0.41196 152.77952 195.62801 147.22542 138.42519 0.3 0.3 0.0 0.0 0.0 0.0 0.0 0.0 0.72115 0.0 0.0 45.47487 -0.49999 0.07399 0.0 0.0 0.0 0.0 0.0 0.0 0.0525978585372 83 1 0.985294117647 0.040853620316 -1.95342404035
-0.12623 0.35028 3.35743 -0.12979 0.55971 3.99906609767 0.78258 0.98072 0.30541 0.41196 152.77952 195.62801 147.22542 138.42519 0.3 0.3 0.0 0.0 0.0 0.0 0.0 0.0 0.72115 0.0 0.0 45.47487 -0.49999 0.07399 0.0 0.0 0.0 0.0 0.0 0.0 0.0524706775399 84 1 0.985294117647 0.396524813072 -3.3189090708
-0.12623 0.35028 3.35743 -0.12979 0.55971 3.97427163592 0.78258 0.98072 0.30541 0.41196 152.77952 195.62801 147.22542 138.42519 0.3 0.3 0.0 0.0 0.0 0.0 0.0 0.0 0.72115 0.0 0.0 45.47487 -0.49999 0.07399 0.0 0.0 0.0 0.0 0.0 0.0 0.0523510258295 85 1 0.985294117647 0.37393648102 -3.16205587531
-0.12623 0.35028 3.35743 -0.12979 0.55971 3.98318057044 0.78258 0.98072 0.30541 0.41196 152.77952 195.62801 147.22542 138.42519 0.3 0.3 0.0 0.0 0.0 0.0 0.0 0.0 0.72115 0.0 0.0 45.47487 -0.49999 0.07399 0.0 0.0 0.0 0.0 0.0 0.0 0.0519288519513 86 1 0.992647058824 0.186664220784 -1.96874259117
-0.12623 0.35028 3.35743 -0.12979 0.55971 3.96520896172 0.78258 0.98072 0.30541 0.41196 152.77952 195.62801 147.22542 138.42519 0.3 0.3 0.0 0.0 0.0 0.0 0.0 0.0 0.72115 0.0 0.0 45.47487 -0.49999 0.07399 0.0 0.0 0.0 0.0 0.0 0.0 0.0522668724306 87 0 0.985294117647 0.188881972641 -1.96874259117
-0.12623 0.35028 3.35743 -0.12979 0.55971 3.95969301066 0.78258 0.98072 0.30541 0.41196 152.77952 195.62801 147.22542 138.42519 0.3 0.3 0.0 0.0 0.0 0.0 0.0 0.0 0.72115 0.0 0.0 45.47487 -0.49999 0.07399 0.0 0.0 0.0 0.0 0.0 0.0 0.0525562440233 88 0 0.985294117647 0.199595554081 -1.96874259117
-0.12623 0.35028 3.35743 -0.12979 0.55971 4.00536054358 0.78258 0.98072 0.30541 0.41196 152.77952 195.62801 147.22542 138.42519 0.3 0.3 0.0 0.0 0.0 0.0 0.0 0.0 0.72115 0.0 0.0 45.47487 -0.49999 0.07399 0.0 0.0 0.0 0.0 0.0 0.0 0.052327786932 89 0 0.977941176471 0.379434880748 -1.96874259117
-0.12623 0.35028 3.35743 -0.12979 0.55971 3.96818866998 0.78258 0.98072 0.30541 0.41196 152.77952 195.62801 147.22542 138.42519 0.3 0.3 0.0 0.0 0.0 0.0 0.0 0.0 0.72115 0.0 0.0 45.47487 -0.49999 0.07399 0.0 0.0 0.0 0.0 0.0 0.0 0.0531876934548 90 1 0.985294117647 0.165453241748 -2.21752012948
-0.12623 0.35028 3.35743 -0.12979 0.55971 4.04729997941 0.78258 0.98072 0.30541 0.41196 152.77952 195.62801 147.22542 138.42519 0.3 0.3 0.0 0.0 0.0 0.0 0.0 0.0 0.72115 0.0 0.0 45.47487 -0.49999 0.07399 0.0 0.0 0.0 0.0 0.0 0.0 0.053343354982 91 1 1.0 0.279576403343 -1.99360589086
-0.12623 0.35028 3.35743 -0.12979 0.55971 4.05722721784 0.78258 0.98072 0.30541 0.41196 152.77952 195.62801 147.22542 138.42519 0.3 0.3 0.0 0.0 0.0 0.0 0.0 0.0 0.72115 0.0 0.0 45.47487 -0.49999 0.07399 0.0 0.0 0.0 0.0 0.0 0.0 0.0534090530699 92 1 0.992647058824 0.369408072532 -2.2894525727
-0.12623 0.35028 3.35743 -0.12979 0.55971 4.06499321445 0.78258 0.98072 0.30541 0.41196 152.77952 195.62801 147.22542 138.42519 0.3 0.3 0.0 0.0 0.0 0.0 0.0 0.0 0.72115 0.0 0.0 45.47487 -0.49999 0.07399 0.0 0.0 0.0 0.0 0.0 0.0 0.0536971512829 93 0 0.992647058824 0.415903408942 -2.2894525727
-0.12623 0.35028 3.35743 -0.12979 0.55971 4.01867539676 0.78258 0.98072 0.30541 0.41196 152.77952 195.62801 147.22542 138.42519 0.3 0.3 0.0 0.0 0.0 0.0 0.0 0.0 0.72115 0.0 0.0 45.47487 -0.49999 0.07399 0.0 0.0 0.0 0.0 0.0 0.0 0.0532020367673 94 1 0.992592592593 0.118461358216 -2.01375358013
-0.12623 0.35028 3.35743 -0.12979 0.55971 4.01774597449 0.78258 0.98072 0.30541 0.41196 152.77952 195.62801 147.22542 138.42519 0.3 0.3 0.0 0.0 0.0 0.0 0.0 0.0 0.72115 0.0 0.0 45.47487 -0.49999 0.07399 0.0 0.0 0.0 0.0 0.0 0.0 0.0527217718145 95 1 0.985294117647 0.133291536931 -2.10332371022
-0.12623 0.35028 3.35743 -0.12979 0.55971 3.98824217556 0.78258 0.98072 0.30541 0.41196 152.77952 195.62801 147.22542 138.42519 0.3 0.3 0.0 0.0 0.0 0.0 0.0 0.0 0.72115 0.0 0.0 45.47487 -0.49999 0.07399 0.0 0.0 0.0 0.0 0.0 0.0 0.0519287224749 96 1 0.992647058824 0.405447974936 -2.26093248829
-0.12623 0.35028 3.35743 -0.12979 0.55971 3.9960771085 0.78258 0.98072 0.30541 0.41196 152.77952 195.62801 147.22542 138.42519 0.3 0.3 0.0 0.0 0.0 0.0 0.0 0.0 0.72115 0.0 0.0 45.47487 -0.49999 0.07399 0.0 0.0 0.0 0.0 0.0 0.0 0.0517711392273 97 0 0.985294117647 0.396523092212 -2.26093248829
-0.12623 0.35028 3.35743 -0.12979 0.55971 4.01009481104 0.78258 0.98072 0.30541 0.41196 152.77952 195.62801 147.22542 138.42519 0.3 0.3 0.0 0.0 0.0 0.0 0.0 0.0 0.72115 0.0 0.0 45.47487 -0.49999 0.07399 0.0 0.0 0.0 0.0 0.0 0.0 0.0506708704786 98 0 0.977941176471 0.371501025481 -2.26093248829
-0.12623 0.35028 3.35743 -0.12979 0.55971 3.94519075762 0.78258 0.98072 0.30541 0.41196 152.77952 195.62801 147.22542 138.42519 0.3 0.3 0.0 0.0 0.0 0.0 0.0 0.0 0.72115 0.0 0.0 45.47487 -0.49999 0.07399 0.0 0.0 0.0 0.0 0.0 0.0 0.0518340650293 99 1 0.992647058824 0.519563710805 -2.49442717845
-0.12623 0.35028 3.35743 -0.12979 0.55971 3.92569144352 0.78258 0.98072 0.30541 0.41196 152.77952 195.62801 147.22542 138.42519 0.3 0.3 0.0 0.0 0.0 0.0 0.0 0.0 0.72115 0.0 0.0 45.47487 -0.49999 0.07399 0.0 0.0 0.0 0.0 0.0 0.0 0.0524471745302 100 1 0.992647058824 0.546439820412 -2.58800863982
