-0.12623 0.35028 3.35743 -0.12979 0.55971 3.82072 0.78258 0.98072 0.30541 0.41196 152.77952 195.62801 147.22542 138.42519 0.3 0.3 0.0 0.0 0.0 0.0 0.0 0.0 0.72115 0.0 0.0 45.47487 -0.49999 0.07399 0.0 0.0 0.0 0.0 0.0 0.0 0.05 0 1 0.943661971831 0.684538483409 -68.6819788049
-0.12623 0.35028 3.35743 -0.12979 0.55971 3.8218525117 0.78258 0.98072 0.30541 0.41196 152.77952 195.62801 147.22542 138.42519 0.3 0.3 0.0 0.0 0.0 0.0 0.0 0.0 0.72115 0.0 0.0 45.47487 -0.49999 0.07399 0.0 0.0 0.0 0.0 0.0 0.0 0.0493947240137 1 0 0.943661971831 0.684130692832 -68.6819788049
-0.12623 0.35028 3.35743 -0.12979 0.55971 3.81931328679 0.78258 0.98072 0.30541 0.41196 152.77952 195.62801 147.22542 138.42519 0.3 0.3 0.0 0.0 0.0 0.0 0.0 0.0 0.72115 0.0 0.0 45.47487 -0.49999 0.07399 0.0 0.0 0.0 0.0 0.0 0.0 0.0509768061547 2 0 0.943661971831 0.842619782435 -68.6819788049
-0.12623 0.35028 3.35743 -0.12979 0.55971 3.82199517552 0.78258 0.98072 0.30541 0.41196 152.77952 195.62801 147.22542 138.42519 0.3 0.3 0.0 0.0 0.0 0.0 0.0 0.0 0.72115 0.0 0.0 45.47487 -0.49999 0.07399 0.0 0.0 0.0 0.0 0.0 0.0 0.0500944831011 3 1 0.943661971831 0.684133335078 -68.3574283271
-0.12623 0.35028 3.35743 -0.12979 0.55971 3.81227644964 0.78258 0.98072 0.30541 0.41196 152.77952 195.62801 147.22542 138.42519 0.3 0.3 0.0 0.0 0.0 0.0 0.0 0.0 0.72115 0.0 0.0 45.47487 -0.49999 0.07399 0.0 0.0 0.0 0.0 0.0 0.0 0.0496459869349 4 0 0.944055944056 0.800088326743 -68.3574283271
-0.12623 0.35028 3.35743 -0.12979 0.55971 3.8884979049 0.78258 0.98072 0.30541 0.41196 152.77952 195.62801 147.22542 138.42519 0.3 0.3 0.0 0.0 0.0 0.0 0.0 0.0 0.72115 0.0 0.0 45.47487 -0.49999 0.07399 0.0 0.0 0.0 0.0 0.0 0.0 0.0515798143831 5 1 0.971223021583 0.590726149789 -14.084600443
-0.12623 0.35028 3.35743 -0.12979 0.55971 3.90175535652 0.78258 0.98072 0.30541 0.41196 152.77952 195.62801 147.22542 138.42519 0.3 0.3 0.0 0.0 0.0 0.0 0.0 0.0 0.72115 0.0 0.0 45.47487 -0.49999 0.07399 0.0 0.0 0.0 0.0 0.0 0.0 0.0515765393821 6 0 0.971223021583 0.651516948529 -14.084600443
-0.12623 0.35028 3.35743 -0.12979 0.55971 3.91336180706 0.78258 0.98072 0.30541 0.41196 152.77952 195.62801 147.22542 138.42519 0.3 0.3 0.0 0.0 0.0 0.0 0.0 0.0 0.72115 0.0 0.0 45.47487 -0.49999 0.07399 0.0 0.0 0.0 0.0 0.0 0.0 0.0518370337029 7 1 0.971223021583 0.597687363098 -14.2689485961
-0.12623 0.35028 3.35743 -0.12979 0.55971 3.89969132391 0.78258 0.98072 0.30541 0.41196 152.77952 195.62801 147.22542 138.42519 0.3 0.3 0.0 0.0 0.0 0.0 0.0 0.0 0.72115 0.0 0.0 45.47487 -0.49999 0.07399 0.0 0.0 0.0 0.0 0.0 0.0 0.0514801594551 8 0 0.964285714286 0.688122736492 -14.2689485961
-0.12623 0.35028 3.35743 -0.12979 0.55971 3.92271007478 0.78258 0.98072 0.30541 0.41196 152.77952 195.62801 147.22542 138.42519 0.3 0.3 0.0 0.0 0.0 0.0 0.0 0.0 0.72115 0.0 0.0 45.47487 -0.49999 0.07399 0.0 0.0 0.0 0.0 0.0 0.0 0.0507311077552 9 1 0.992647058824 0.528143863437 -2.46387062264
-0.12623 0.35028 3.35743 -0.12979 0.55971 3.88778410101 0.78258 0.98072 0.30541 0.41196 152.77952 195.62801 147.22542 138.42519 0.3 0.3 0.0 0.0 0.0 0.0 0.0 0.0 0.72115 0.0 0.0 45.47487 -0.49999 0.07399 0.0 0.0 0.0 0.0 0.0 0.0 0.0500549938065 10 0 0.971223021583 0.590669072006 -2.46387062264
-0.12623 0.35028 3.35743 -0.12979 0.55971 3.94327104592 0.78258 0.98072 0.30541 0.41196 152.77952 195.62801 147.22542 138.42519 0.3 0.3 0.0 0.0 0.0 0.0 0.0 0.0 0.72115 0.0 0.0 45.47487 -0.49999 0.07399 0.0 0.0 0.0 0.0 0.0 0.0 0.049343584435 11 1 0.992647058824 0.519627203061 -2.38254286166
-0.12623 0.35028 3.35743 -0.12979 0.55971 3.92468428032 0.78258 0.98072 0.30541 0.41196 152.77952 195.62801 147.22542 138.42519 0.3 0.3 0.0 0.0 0.0 0.0 0.0 0.0 0.72115 0.0 0.0 45.47487 -0.49999 0.07399 0.0 0.0 0.0 0.0 0.0 0.0 0.0488916075351 12 1 0.992647058824 0.638582554744 -2.71472787752
-0.12623 0.35028 3.35743 -0.12979 0.55971 3.93701287342 0.78258 0.98072 0.30541 0.41196 152.77952 195.62801 147.22542 138.42519 0.3 0.3 0.0 0.0 0.0 0.0 0.0 0.0 0.72115 0.0 0.0 45.47487 -0.49999 0.07399 0.0 0.0 0.0 0.0 0.0 0.0 0.0488882197707 13 1 0.992647058824 0.543859402907 -2.42960335133
-0.12623 0.35028 3.35743 -0.12979 0.55971 3.91851974621 0.78258 0.98072 0.30541 0.41196 152.77952 195.62801 147.22542 138.42519 0.3 0.3 0.0 0.0 0.0 0.0 0.0 0.0 0.72115 0.0 0.0 45.47487 -0.49999 0.07399 0.0 0.0 0.0 0.0 0.0 0.0 0.0493149213848 14 1 0.992647058824 0.527168229608 -2.4011012693
-0.12623 0.35028 3.35743 -0.12979 0.55971 3.88812422695 0.78258 0.98072 0.30541 0.41196 152.77952 195.62801 147.22542 138.42519 0.3 0.3 0.0 0.0 0.0 0.0 0.0 0.0 0.72115 0.0 0.0 45.47487 -0.49999 0.07399 0.0 0.0 0.0 0.0 0.0 0.0 0.0498004745917 15 0 0.971223021583 0.590681629253 -2.4011012693
-0.12623 0.35028 3.35743 -0.12979 0.55971 3.9502327657 0.78258 0.98072 0.30541 0.41196 152.77952 195.62801 147.22542 138.42519 0.3 0.3 0.0 0.0 0.0 0.0 0.0 0.0 0.72115 0.0 0.0 45.47487 -0.49999 0.07399 0.0 0.0 0.0 0.0 0.0 0.0 0.048639580538 16 1 0.992647058824 0.496400698726 -2.29350362881
-0.12623 0.35028 3.35743 -0.12979 0.55971 3.97178902856 0.78258 0.98072 0.30541 0.41196 152.77952 195.62801 147.22542 138.42519 0.3 0.3 0.0 0.0 0.0 0.0 0.0 0.0 0.72115 0.0 0.0 45.47487 -0.49999 0.07399 0.0 0.0 0.0 0.0 0.0 0.0 0.0485334799572 17 1 0.985294117647 0.165467293914 -1.93560096554
-0.12623 0.35028 3.35743 -0.12979 0.55971 3.95794762386 0.78258 0.98072 0.30541 0.41196 152.77952 195.62801 147.22542 138.42519 0.3 0.3 0.0 0.0 0.0 0.0 0.0 0.0 0.72115 0.0 0.0 45.47487 -0.49999 0.07399 0.0 0.0 0.0 0.0 0.0 0.0 0.0484099329319 18 1 0.992647058824 0.208301357734 -1.75707351492
-0.12623 0.35028 3.35743 -0.12979 0.55971 3.95686374232 0.78258 0.98072 0.30541 0.41196 152.77952 195.62801 147.22542 138.42519 0.3 0.3 0.0 0.0 0.0 0.0 0.0 0.0 0.72115 0.0 0.0 45.47487 -0.49999 0.07399 0.0 0.0 0.0 0.0 0.0 0.0 0.0481490293807 19 1 0.992647058824 0.416465409611 -2.08195791193
-0.12623 0.35028 3.35743 -0.12979 0.55971 3.92791076578 0.78258 0.98072 0.30541 0.41196 152.77952 195.62801 147.22542 138.42519 0.3 0.3 0.0 0.0 0.0 0.0 0.0 0.0 0.72115 0.0 0.0 45.47487 -0.49999 0.07399 0.0 0.0 0.0 0.0 0.0 0.0 0.0485495547839 20 1 0.992647058824 0.638321932074 -2.70532826446
-0.12623 0.35028 3.35743 -0.12979 0.55971 3.94190930008 0.78258 0.98072 0.30541 0.41196 152.77952 195.62801 147.22542 138.42519 0.3 0.3 0.0 0.0 0.0 0.0 0.0 0.0 0.72115 0.0 0.0 45.47487 -0.49999 0.07399 0.0 0.0 0.0 0.0 0.0 0.0 0.0493070254472 21 1 0.992647058824 0.519411845986 -2.38047272478
-0.12623 0.35028 3.35743 -0.12979 0.55971 3.92861139412 0.78258 0.98072 0.30541 0.41196 152.77952 195.62801 147.22542 138.42519 0.3 0.3 0.0 0.0 0.0 0.0 0.0 0.0 0.72115 0.0 0.0 45.47487 -0.49999 0.07399 0.0 0.0 0.0 0.0 0.0 0.0 0.0494294644005 22 1 0.992647058824 0.629040003673 -2.69897750345
-0.12623 0.35028 3.35743 -0.12979 0.55971 3.92857221781 0.78258 0.98072 0.30541 0.41196 152.77952 195.62801 147.22542 138.42519 0.3 0.3 0.0 0.0 0.0 0.0 0.0 0.0 0.72115 0.0 0.0 45.47487 -0.49999 0.07399 0.0 0.0 0.0 0.0 0.0 0.0 0.0485352309018 23 1 0.992647058824 0.629042124697 -2.67461339848
-0.12623 0.35028 3.35743 -0.12979 0.55971 3.94651651729 0.78258 0.98072 0.30541 0.41196 152.77952 195.62801 147.22542 138.42519 0.3 0.3 0.0 0.0 0.0 0.0 0.0 0.0 0.72115 0.0 0.0 45.47487 -0.49999 0.07399 0.0 0.0 0.0 0.0 0.0 0.0 0.0481321932127 24 1 0.992647058824 0.416551323854 -2.08133483161
-0.12623 0.35028 3.35743 -0.12979 0.55971 3.93622618475 0.78258 0.98072 0.30541 0.41196 152.77952 195.62801 147.22542 138.42519 0.3 0.3 0.0 0.0 0.0 0.0 0.0 0.0 0.72115 0.0 0.0 45.47487 -0.49999 0.07399 0.0 0.0 0.0 0.0 0.0 0.0 0.0486462409371 25 0 0.992647058824 0.543811388043 -2.08133483161
-0.12623 0.35028 3.35743 -0.12979 0.55971 3.96800690961 0.78258 0.98072 0.30541 0.41196 152.77952 195.62801 147.22542 138.42519 0.3 0.3 0.0 0.0 0.0 0.0 0.0 0.0 0.72115 0.0 0.0 45.47487 -0.49999 0.07399 0.0 0.0 0.0 0.0 0.0 0.0 0.0487378943946 26 1 0.985294117647 0.167608948567 -1.95438909579
-0.12623 0.35028 3.35743 -0.12979 0.55971 3.96958984617 0.78258 0.98072 0.30541 0.41196 152.77952 195.62801 147.22542 138.42519 0.3 0.3 0.0 0.0 0.0 0.0 0.0 0.0 0.72115 0.0 0.0 45.47487 -0.49999 0.07399 0.0 0.0 0.0 0.0 0.0 0.0 0.0487051358179 27 1 0.985294117647 0.165435012303 -1.94512744951
-0.12623 0.35028 3.35743 -0.12979 0.55971 3.98215917198 0.78258 0.98072 0.30541 0.41196 152.77952 195.62801 147.22542 138.42519 0.3 0.3 0.0 0.0 0.0 0.0 0.0 0.0 0.72115 0.0 0.0 45.47487 -0.49999 0.07399 0.0 0.0 0.0 0.0 0.0 0.0 0.0491243037129 28 1 0.992647058824 0.186468464676 -1.78062382754
-0.12623 0.35028 3.35743 -0.12979 0.55971 3.95549862628 0.78258 0.98072 0.30541 0.41196 152.77952 195.62801 147.22542 138.42519 0.3 0.3 0.0 0.0 0.0 0.0 0.0 0.0 0.72115 0.0 0.0 45.47487 -0.49999 0.07399 0.0 0.0 0.0 0.0 0.0 0.0 0.0485917198052 29 0 0.992647058824 0.416056444534 -1.78062382754
-0.12623 0.35028 3.35743 -0.12979 0.55971 4.02712247511 0.78258 0.98072 0.30541 0.41196 152.77952 195.62801 147.22542 138.42519 0.3 0.3 0.0 0.0 0.0 0.0 0.0 0.0 0.72115 0.0 0.0 45.47487 -0.49999 0.07399 0.0 0.0 0.0 0.0 0.0 0.0 0.0493987640129 30 1 1.0 0.118375288717 -1.71181264368
-0.12623 0.35028 3.35743 -0.12979 0.55971 4.01093218305 0.78258 0.98072 0.30541 0.41196 152.77952 195.62801 147.22542 138.42519 0.3 0.3 0.0 0.0 0.0 0.0 0.0 0.0 0.72115 0.0 0.0 45.47487 -0.49999 0.07399 0.0 0.0 0.0 0.0 0.0 0.0 0.0487009513865 31 1 0.985294117647 0.0525532935226 -1.69247596398
-0.12623 0.35028 3.35743 -0.12979 0.55971 4.03133398653 0.78258 0.98072 0.30541 0.41196 152.77952 195.62801 147.22542 138.42519 0.3 0.3 0.0 0.0 0.0 0.0 0.0 0.0 0.72115 0.0 0.0 45.47487 -0.49999 0.07399 0.0 0.0 0.0 0.0 0.0 0.0 0.0489506653008 32 1 1.0 0.407940379625 -1.68112744891
-0.12623 0.35028 3.35743 -0.12979 0.55971 4.03039687151 0.78258 0.98072 0.30541 0.41196 152.77952 195.62801 147.22542 138.42519 0.3 0.3 0.0 0.0 0.0 0.0 0.0 0.0 0.72115 0.0 0.0 45.47487 -0.49999 0.07399 0.0 0.0 0.0 0.0 0.0 0.0 0.0486220925498 33 1 1.0 0.407825559589 -1.65879965604
-0.12623 0.35028 3.35743 -0.12979 0.55971 4.03014655358 0.78258 0.98072 0.30541 0.41196 152.77952 195.62801 147.22542 138.42519 0.3 0.3 0.0 0.0 0.0 0.0 0.0 0.0 0.72115 0.0 0.0 45.47487 -0.49999 0.07399 0.0 0.0 0.0 0.0 0.0 0.0 0.0479756898207 34 1 1.0 0.408493554385 -1.61530027618
-0.12623 0.35028 3.35743 -0.12979 0.55971 3.99077338122 0.78258 0.98072 0.30541 0.41196 152.77952 195.62801 147.22542 138.42519 0.3 0.3 0.0 0.0 0.0 0.0 0.0 0.0 0.72115 0.0 0.0 45.47487 -0.49999 0.07399 0.0 0.0 0.0 0.0 0.0 0.0 0.0477337311832 35 1 0.992647058824 0.404539019502 -2.0360257522
-0.12623 0.35028 3.35743 -0.12979 0.55971 3.98118798251 0.78258 0.98072 0.30541 0.41196 152.77952 195.62801 147.22542 138.42519 0.3 0.3 0.0 0.0 0.0 0.0 0.0 0.0 0.72115 0.0 0.0 45.47487 -0.49999 0.07399 0.0 0.0 0.0 0.0 0.0 0.0 0.0476813594264 36 1 0.992647058824 0.186529250784 -1.68876404146
-0.12623 0.35028 3.35743 -0.12979 0.55971 3.95232261166 0.78258 0.98072 0.30541 0.41196 152.77952 195.62801 147.22542 138.42519 0.3 0.3 0.0 0.0 0.0 0.0 0.0 0.0 0.72115 0.0 0.0 45.47487 -0.49999 0.07399 0.0 0.0 0.0 0.0 0.0 0.0 0.0470209245814 37 1 0.992647058824 0.417943624649 -2.03262285249
-0.12623 0.35028 3.35743 -0.12979 0.55971 3.97862558061 0.78258 0.98072 0.30541 0.41196 152.77952 195.62801 147.22542 138.42519 0.3 0.3 0.0 0.0 0.0 0.0 0.0 0.0 0.72115 0.0 0.0 45.47487 -0.49999 0.07399 0.0 0.0 0.0 0.0 0.0 0.0 0.0470466572978 38 1 0.992647058824 0.376406930602 -1.94311538445
-0.12623 0.35028 3.35743 -0.12979 0.55971 3.98774916978 0.78258 0.98072 0.30541 0.41196 152.77952 195.62801 147.22542 138.42519 0.3 0.3 0.0 0.0 0.0 0.0 0.0 0.0 0.72115 0.0 0.0 45.47487 -0.49999 0.07399 0.0 0.0 0.0 0.0 0.0 0.0 0.046716436839 39 0 0.992647058824 0.405420995393 -1.94311538445
-0.12623 0.35028 3.35743 -0.12979 0.55971 4.01588580601 0.78258 0.98072 0.30541 0.41196 152.77952 195.62801 147.22542 138.42519 0.3 0.3 0.0 0.0 0.0 0.0 0.0 0.0 0.72115 0.0 0.0 45.47487 -0.49999 0.07399 0.0 0.0 0.0 0.0 0.0 0.0 0.0472700408035 40 1 0.985294117647 0.0410736740486 -1.58682897697
-0.12623 0.35028 3.35743 -0.12979 0.55971 4.03722992484 0.78258 0.98072 0.30541 0.41196 152.77952 195.62801 147.22542 138.42519 0.3 0.3 0.0 0.0 0.0 0.0 0.0 0.0 0.72115 0.0 0.0 45.47487 -0.49999 0.07399 0.0 0.0 0.0 0.0 0.0 0.0 0.0468064005336 41 1 1.0 0.454790535766 -1.53805106666
-0.12623 0.35028 3.35743 -0.12979 0.55971 4.02158784342 0.78258 0.98072 0.30541 0.41196 152.77952 195.62801 147.22542 138.42519 0.3 0.3 0.0 0.0 0.0 0.0 0.0 0.0 0.72115 0.0 0.0 45.47487 -0.49999 0.07399 0.0 0.0 0.0 0.0 0.0 0.0 0.0460347254262 42 1 0.992592592593 0.11353204927 -1.52563091628
-0.12623 0.35028 3.35743 -0.12979 0.55971 4.03559322583 0.78258 0.98072 0.30541 0.41196 152.77952 195.62801 147.22542 138.42519 0.3 0.3 0.0 0.0 0.0 0.0 0.0 0.0 0.72115 0.0 0.0 45.47487 -0.49999 0.07399 0.0 0.0 0.0 0.0 0.0 0.0 0.0458727127518 43 1 1.0 0.408279392944 -1.47769861203
-0.12623 0.35028 3.35743 -0.12979 0.55971 4.04162936885 0.78258 0.98072 0.30541 0.41196 152.77952 195.62801 147.22542 138.42519 0.3 0.3 0.0 0.0 0.0 0.0 0.0 0.0 0.72115 0.0 0.0 45.47487 -0.49999 0.07399 0.0 0.0 0.0 0.0 0.0 0.0 0.045732845855 44 1 1.0 0.271859145975 -1.46875975666
-0.12623 0.35028 3.35743 -0.12979 0.55971 4.0527559132 0.78258 0.98072 0.30541 0.41196 152.77952 195.62801 147.22542 138.42519 0.3 0.3 0.0 0.0 0.0 0.0 0.0 0.0 0.72115 0.0 0.0 45.47487 -0.49999 0.07399 0.0 0.0 0.0 0.0 0.0 0.0 0.0463786644361 45 1 1.0 0.344837527251 -1.51025580479
-0.12623 0.35028 3.35743 -0.12979 0.55971 4.03316049488 0.78258 0.98072 0.30541 0.41196 152.77952 195.62801 147.22542 138.42519 0.3 0.3 0.0 0.0 0.0 0.0 0.0 0.0 0.72115 0.0 0.0 45.47487 -0.49999 0.07399 0.0 0.0 0.0 0.0 0.0 0.0 0.0463148307096 46 1 1.0 0.408673663682 -1.50612904084
-0.12623 0.35028 3.35743 -0.12979 0.55971 4.03785133526 0.78258 0.98072 0.30541 0.41196 152.77952 195.62801 147.22542 138.42519 0.3 0.3 0.0 0.0 0.0 0.0 0.0 0.0 0.72115 0.0 0.0 45.47487 -0.49999 0.07399 0.0 0.0 0.0 0.0 0.0 0.0 0.0467594689791 47 1 1.0 0.454744383829 -1.53498922158
-0.12623 0.35028 3.35743 -0.12979 0.55971 4.0481142487 0.78258 0.98072 0.30541 0.41196 152.77952 195.62801 147.22542 138.42519 0.3 0.3 0.0 0.0 0.0 0.0 0.0 0.0 0.72115 0.0 0.0 45.47487 -0.49999 0.07399 0.0 0.0 0.0 0.0 0.0 0.0 0.0461920299885 48 1 1.0 0.279595677228 -1.49820570087
-0.12623 0.35028 3.35743 -0.12979 0.55971 4.05265064206 0.78258 0.98072 0.30541 0.41196 152.77952 195.62801 147.22542 138.42519 0.3 0.3 0.0 0.0 0.0 0.0 0.0 0.0 0.72115 0.0 0.0 45.47487 -0.49999 0.07399 0.0 0.0 0.0 0.0 0.0 0.0 0.0455349522439 49 1 1.0 0.344506836708 -1.45615785554
-0.12623 0.35028 3.35743 -0.12979 0.55971 4.06532607223 0.78258 0.98072 0.30541 0.41196 152.77952 195.62801 147.22542 138.42519 0.3 0.3 0.0 0.0 0.0 0.0 0.0 0.0 0.72115 0.0 0.0 45.47487 -0.49999 0.07399 0.0 0.0 0.0 0.0 0.0 0.0 0.0460867734238 50 0 0.992647058824 0.41607288033 -1.45615785554
-0.12623 0.35028 3.35743 -0.12979 0.55971 4.04999073935 0.78258 0.98072 0.30541 0.41196 152.77952 195.62801 147.22542 138.42519 0.3 0.3 0.0 0.0 0.0 0.0 0.0 0.0 0.72115 0.0 0.0 45.47487 -0.49999 0.07399 0.0 0.0 0.0 0.0 0.0 0.0 0.0460290793985 51 1 1.0 0.279735958859 -1.48772343341
-0.12623 0.35028 3.35743 -0.12979 0.55971 4.03423659218 0.78258 0.98072 0.30541 0.41196 152.77952 195.62801 147.22542 138.42519 0.3 0.3 0.0 0.0 0.0 0.0 0.0 0.0 0.72115 0.0 0.0 45.47487 -0.49999 0.07399 0.0 0.0 0.0 0.0 0.0 0.0 0.0452124823584 52 1 1.0 0.408748374569 -1.43573699773
-0.12623 0.35028 3.35743 -0.12979 0.55971 4.05037391192 0.78258 0.98072 0.30541 0.41196 152.77952 195.62801 147.22542 138.42519 0.3 0.3 0.0 0.0 0.0 0.0 0.0 0.0 0.72115 0.0 0.0 45.47487 -0.49999 0.07399 0.0 0.0 0.0 0.0 0.0 0.0 0.045302610457 53 1 1.0 0.279711847202 -1.44143024569
-0.12623 0.35028 3.35743 -0.12979 0.55971 4.04482218895 0.78258 0.98072 0.30541 0.41196 152.77952 195.62801 147.22542 138.42519 0.3 0.3 0.0 0.0 0.0 0.0 0.0 0.0 0.72115 0.0 0.0 45.47487 -0.49999 0.07399 0.0 0.0 0.0 0.0 0.0 0.0 0.0456529335544 54 1 1.0 0.273490265406 -1.46366451853
-0.12623 0.35028 3.35743 -0.12979 0.55971 4.04381043252 0.78258 0.98072 0.30541 0.41196 152.77952 195.62801 147.22542 138.42519 0.3 0.3 0.0 0.0 0.0 0.0 0.0 0.0 0.72115 0.0 0.0 45.47487 -0.49999 0.07399 0.0 0.0 0.0 0.0 0.0 0.0 0.0449043638325 55 1 1.0 0.273449371829 -1.41635711786
-0.12623 0.35028 3.35743 -0.12979 0.55971 4.01936488605 0.78258 0.98072 0.30541 0.41196 152.77952 195.62801 147.22542 138.42519 0.3 0.3 0.0 0.0 0.0 0.0 0.0 0.0 0.72115 0.0 0.0 45.47487 -0.49999 0.07399 0.0 0.0 0.0 0.0 0.0 0.0 0.0447802383015 56 1 1.0 0.422712211808 -1.40858644374
-0.12623 0.35028 3.35743 -0.12979 0.55971 4.03309491514 0.78258 0.98072 0.30541 0.41196 152.77952 195.62801 147.22542 138.42519 0.3 0.3 0.0 0.0 0.0 0.0 0.0 0.0 0.72115 0.0 0.0 45.47487 -0.49999 0.07399 0.0 0.0 0.0 0.0 0.0 0.0 0.0438817281555 57 1 1.0 0.408667369134 -1.35296242073
-0.12623 0.35028 3.35743 -0.12979 0.55971 4.02206891924 0.78258 0.98072 0.30541 0.41196 152.77952 195.62801 147.22542 138.42519 0.3 0.3 0.0 0.0 0.0 0.0 0.0 0.0 0.72115 0.0 0.0 45.47487 -0.49999 0.07399 0.0 0.0 0.0 0.0 0.0 0.0 0.0434624860302 58 1 0.992592592593 0.113712344213 -1.369639252
-0.12623 0.35028 3.35743 -0.12979 0.55971 4.00424324804 0.78258 0.98072 0.30541 0.41196 152.77952 195.62801 147.22542 138.42519 0.3 0.3 0.0 0.0 0.0 0.0 0.0 0.0 0.72115 0.0 0.0 45.47487 -0.49999 0.07399 0.0 0.0 0.0 0.0 0.0 0.0 0.0441307924896 59 0 0.977941176471 0.379112895037 -1.369639252
-0.12623 0.35028 3.35743 -0.12979 0.55971 4.02508699737 0.78258 0.98072 0.30541 0.41196 152.77952 195.62801 147.22542 138.42519 0.3 0.3 0.0 0.0 0.0 0.0 0.0 0.0 0.72115 0.0 0.0 45.47487 -0.49999 0.07399 0.0 0.0 0.0 0.0 0.0 0.0 0.0436042724235 60 1 1.0 0.410695070989 -1.33600833363
-0.12623 0.35028 3.35743 -0.12979 0.55971 4.02806419985 0.78258 0.98072 0.30541 0.41196 152.77952 195.62801 147.22542 138.42519 0.3 0.3 0.0 0.0 0.0 0.0 0.0 0.0 0.72115 0.0 0.0 45.47487 -0.49999 0.07399 0.0 0.0 0.0 0.0 0.0 0.0 0.0442939183594 61 1 1.0 0.418363274817 -1.37834330499
-0.12623 0.35028 3.35743 -0.12979 0.55971 4.02017986552 0.78258 0.98072 0.30541 0.41196 152.77952 195.62801 147.22542 138.42519 0.3 0.3 0.0 0.0 0.0 0.0 0.0 0.0 0.72115 0.0 0.0 45.47487 -0.49999 0.07399 0.0 0.0 0.0 0.0 0.0 0.0 0.0436574016754 62 1 1.0 0.42273753401 -1.33924669911
-0.12623 0.35028 3.35743 -0.12979 0.55971 4.02094967411 0.78258 0.98072 0.30541 0.41196 152.77952 195.62801 147.22542 138.42519 0.3 0.3 0.0 0.0 0.0 0.0 0.0 0.0 0.72115 0.0 0.0 45.47487 -0.49999 0.07399 0.0 0.0 0.0 0.0 0.0 0.0 0.0431319935431 63 1 1.0 0.11307896497 -1.30739098772
-0.12623 0.35028 3.35743 -0.12979 0.55971 4.00576441909 0.78258 0.98072 0.30541 0.41196 152.77952 195.62801 147.22542 138.42519 0.3 0.3 0.0 0.0 0.0 0.0 0.0 0.0 0.72115 0.0 0.0 45.47487 -0.49999 0.07399 0.0 0.0 0.0 0.0 0.0 0.0 0.0432106851961 64 0 0.977941176471 0.379463645861 -1.30739098772
-0.12623 0.35028 3.35743 -0.12979 0.55971 4.00339016845 0.78258 0.98072 0.30541 0.41196 152.77952 195.62801 147.22542 138.42519 0.3 0.3 0.0 0.0 0.0 0.0 0.0 0.0 0.72115 0.0 0.0 45.47487 -0.49999 0.07399 0.0 0.0 0.0 0.0 0.0 0.0 0.0432523003088 65 0 0.977941176471 0.379053040198 -1.30739098772
-0.12623 0.35028 3.35743 -0.12979 0.55971 4.00295490802 0.78258 0.98072 0.30541 0.41196 152.77952 195.62801 147.22542 138.42519 0.3 0.3 0.0 0.0 0.0 0.0 0.0 0.0 0.72115 0.0 0.0 45.47487 -0.49999 0.07399 0.0 0.0 0.0 0.0 0.0 0.0 0.0427510359679 66 0 0.977941176471 0.378949589397 -1.30739098772
-0.12623 0.35028 3.35743 -0.12979 0.55971 4.04413616685 0.78258 0.98072 0.30541 0.41196 152.77952 195.62801 147.22542 138.42519 0.3 0.3 0.0 0.0 0.0 0.0 0.0 0.0 0.72115 0.0 0.0 45.47487 -0.49999 0.07399 0.0 0.0 0.0 0.0 0.0 0.0 0.0442959071999 67 1 1.0 0.273452276284 -1.37846633045
-0.12623 0.35028 3.35743 -0.12979 0.55971 4.03288967345 0.78258 0.98072 0.30541 0.41196 152.77952 195.62801 147.22542 138.42519 0.3 0.3 0.0 0.0 0.0 0.0 0.0 0.0 0.72115 0.0 0.0 45.47487 -0.49999 0.07399 0.0 0.0 0.0 0.0 0.0 0.0 0.0445607274314 68 1 1.0 0.408498636756 -1.39489567642
-0.12623 0.35028 3.35743 -0.12979 0.55971 4.06413569328 0.78258 0.98072 0.30541 0.41196 152.77952 195.62801 147.22542 138.42519 0.3 0.3 0.0 0.0 0.0 0.0 0.0 0.0 0.72115 0.0 0.0 45.47487 -0.49999 0.07399 0.0 0.0 0.0 0.0 0.0 0.0 0.0451223376671 69 1 0.992647058824 0.41529565129 -1.9452898624
-0.12623 0.35028 3.35743 -0.12979 0.55971 4.08042910157 0.78258 0.98072 0.30541 0.41196 152.77952 195.62801 147.22542 138.42519 0.3 0.3 0.0 0.0 0.0 0.0 0.0 0.0 0.72115 0.0 0.0 45.47487 -0.49999 0.07399 0.0 0.0 0.0 0.0 0.0 0.0 0.0450159579518 70 1 0.992647058824 0.419935065684 -1.95266618312
-0.12623 0.35028 3.35743 -0.12979 0.55971 4.05360887867 0.78258 0.98072 0.30541 0.41196 152.77952 195.62801 147.22542 138.42519 0.3 0.3 0.0 0.0 0.0 0.0 0.0 0.0 0.72115 0.0 0.0 45.47487 -0.49999 0.07399 0.0 0.0 0.0 0.0 0.0 0.0 0.0446254475182 71 1 1.0 0.352731066444 -1.39892541054
-0.12623 0.35028 3.35743 -0.12979 0.55971 4.06824586487 0.78258 0.98072 0.30541 0.41196 152.77952 195.62801 147.22542 138.42519 0.3 0.3 0.0 0.0 0.0 0.0 0.0 0.0 0.72115 0.0 0.0 45.47487 -0.49999 0.07399 0.0 0.0 0.0 0.0 0.0 0.0 0.0447957346972 72 0 0.992647058824 0.416678242117 -1.39892541054
-0.12623 0.35028 3.35743 -0.12979 0.55971 4.03880331166 0.78258 0.98072 0.30541 0.41196 152.77952 195.62801 147.22542 138.42519 0.3 0.3 0.0 0.0 0.0 0.0 0.0 0.0 0.72115 0.0 0.0 45.47487 -0.49999 0.07399 0.0 0.0 0.0 0.0 0.0 0.0 0.0440576887689 73 1 1.0 0.454826194837 -1.36376898425
-0.12623 0.35028 3.35743 -0.12979 0.55971 4.01609461259 0.78258 0.98072 0.30541 0.41196 152.77952 195.62801 147.22542 138.42519 0.3 0.3 0.0 0.0 0.0 0.0 0.0 0.0 0.72115 0.0 0.0 45.47487 -0.49999 0.07399 0.0 0.0 0.0 0.0 0.0 0.0 0.0440890146595 74 0 0.985294117647 0.132163208498 -1.36376898425
-0.12623 0.35028 3.35743 -0.12979 0.55971 4.0949280881 0.78258 0.98072 0.30541 0.41196 152.77952 195.62801 147.22542 138.42519 0.3 0.3 0.0 0.0 0.0 0.0 0.0 0.0 0.72115 0.0 0.0 45.47487 -0.49999 0.07399 0.0 0.0 0.0 0.0 0.0 0.0 0.0439612288627 75 0 0.985401459854 0.482449777343 -1.36376898425
-0.12623 0.35028 3.35743 -0.12979 0.55971 4.0179697467 0.78258 0.98072 0.30541 0.41196 152.77952 195.62801 147.22542 138.42519 0.3 0.3 0.0 0.0 0.0 0.0 0.0 0.0 0.72115 0.0 0.0 45.47487 -0.49999 0.07399 0.0 0.0 0.0 0.0 0.0 0.0 0.0436780752986 76 0 0.985294117647 0.133298796171 -1.36376898425
-0.12623 0.35028 3.35743 -0.12979 0.55971 4.04000924737 0.78258 0.98072 0.30541 0.41196 152.77952 195.62801 147.22542 138.42519 0.3 0.3 0.0 0.0 0.0 0.0 0.0 0.0 0.72115 0.0 0.0 45.47487 -0.49999 0.07399 0.0 0.0 0.0 0.0 0.0 0.0 0.0443884067643 77 1 1.0 0.455464088941 -1.3841941115
-0.12623 0.35028 3.35743 -0.12979 0.55971 3.99325063813 0.78258 0.98072 0.30541 0.41196 152.77952 195.62801 147.22542 138.42519 0.3 0.3 0.0 0.0 0.0 0.0 0.0 0.0 0.72115 0.0 0.0 45.47487 -0.49999 0.07399 0.0 0.0 0.0 0.0 0.0 0.0 0.0446036844434 78 0 0.985294117647 0.40181210149 -1.3841941115
-0.12623 0.35028 3.35743 -0.12979 0.55971 3.98851204371 0.78258 0.98072 0.30541 0.41196 152.77952 195.62801 147.22542 138.42519 0.3 0.3 0.0 0.0 0.0 0.0 0.0 0.0 0.72115 0.0 0.0 45.47487 -0.49999 0.07399 0.0 0.0 0.0 0.0 0.0 0.0 0.0441663071742 79 1 0.992647058824 0.405470864563 -1.88310004112
-0.12623 0.35028 3.35743 -0.12979 0.55971 4.00635961171 0.78258 0.98072 0.30541 0.41196 152.77952 195.62801 147.22542 138.42519 0.3 0.3 0.0 0.0 0.0 0.0 0.0 0.0 0.72115 0.0 0.0 45.47487 -0.49999 0.07399 0.0 0.0 0.0 0.0 0.0 0.0 0.0445112562848 80 0 0.977941176471 0.379132300043 -1.88310004112
-0.12623 0.35028 3.35743 -0.12979 0.55971 3.99301224122 0.78258 0.98072 0.30541 0.41196 152.77952 195.62801 147.22542 138.42519 0.3 0.3 0.0 0.0 0.0 0.0 0.0 0.0 0.72115 0.0 0.0 45.47487 -0.49999 0.07399 0.0 0.0 0.0 0.0 0.0 0.0 0.0447327016463 81 1 0.992647058824 0.399332449633 -1.89033907347
-0.12623 0.35028 3.35743 -0.12979 0.55971 4.04035170444 0.78258 0.98072 0.30541 0.41196 152.77952 195.62801 147.22542 138.42519 0.3 0.3 0.0 0.0 0.0 0.0 0.0 0.0 0.72115 0.0 0.0 45.47487 -0.49999 0.07399 0.0 0.0 0.0 0.0 0.0 0.0 0.044544816775 82 1 1.0 0.455520641826 -1.39390588821
-0.12623 0.35028 3.35743 -0.12979 0.55971 4.03658121957 0.78258 0.98072 0.30541 0.41196 152.77952 195.62801 147.22542 138.42519 0.3 0.3 0.0 0.0 0.0 0.0 0.0 0.0 0.72115 0.0 0.0 45.47487 -0.49999 0.07399 0.0 0.0 0.0 0.0 0.0 0.0 0.0444239912969 83 1 1.0 0.454737977408 -1.38640069038
-0.12623 0.35028 3.35743 -0.12979 0.55971 4.0222614969 0.78258 0.98072 0.30541 0.41196 152.77952 195.62801 147.22542 138.42519 0.3 0.3 0.0 0.0 0.0 0.0 0.0 0.0 0.72115 0.0 0.0 45.47487 -0.49999 0.07399 0.0 0.0 0.0 0.0 0.0 0.0 0.0439424099056 84 1 0.992592592593 0.114079133955 -1.39828788384
-0.12623 0.35028 3.35743 -0.12979 0.55971 4.00322241017 0.78258 0.98072 0.30541 0.41196 152.77952 195.62801 147.22542 138.42519 0.3 0.3 0.0 0.0 0.0 0.0 0.0 0.0 0.72115 0.0 0.0 45.47487 -0.49999 0.07399 0.0 0.0 0.0 0.0 0.0 0.0 0.0442711801483 85 0 0.977941176471 0.378973065316 -1.39828788384
-0.12623 0.35028 3.35743 -0.12979 0.55971 4.02319941523 0.78258 0.98072 0.30541 0.41196 152.77952 195.62801 147.22542 138.42519 0.3 0.3 0.0 0.0 0.0 0.0 0.0 0.0 0.72115 0.0 0.0 45.47487 -0.49999 0.07399 0.0 0.0 0.0 0.0 0.0 0.0 0.0445659749191 86 1 0.992592592593 0.117895428925 -1.4384210348
-0.12623 0.35028 3.35743 -0.12979 0.55971 4.02630816028 0.78258 0.98072 0.30541 0.41196 152.77952 195.62801 147.22542 138.42519 0.3 0.3 0.0 0.0 0.0 0.0 0.0 0.0 0.72115 0.0 0.0 45.47487 -0.49999 0.07399 0.0 0.0 0.0 0.0 0.0 0.0 0.0444241096066 87 1 1.0 0.410792558974 -1.38640802958
-0.12623 0.35028 3.35743 -0.12979 0.55971 4.04652600577 0.78258 0.98072 0.30541 0.41196 152.77952 195.62801 147.22542 138.42519 0.3 0.3 0.0 0.0 0.0 0.0 0.0 0.0 0.72115 0.0 0.0 45.47487 -0.49999 0.07399 0.0 0.0 0.0 0.0 0.0 0.0 0.044492988113 88 1 1.0 0.269208550644 -1.39068406264
-0.12623 0.35028 3.35743 -0.12979 0.55971 4.04532277998 0.78258 0.98072 0.30541 0.41196 152.77952 195.62801 147.22542 138.42519 0.3 0.3 0.0 0.0 0.0 0.0 0.0 0.0 0.72115 0.0 0.0 45.47487 -0.49999 0.07399 0.0 0.0 0.0 0.0 0.0 0.0 0.0447405935643 89 1 1.0 0.274985592729 -1.40610896963
-0.12623 0.35028 3.35743 -0.12979 0.55971 4.05654747946 0.78258 0.98072 0.30541 0.41196 152.77952 195.62801 147.22542 138.42519 0.3 0.3 0.0 0.0 0.0 0.0 0.0 0.0 0.72115 0.0 0.0 45.47487 -0.49999 0.07399 0.0 0.0 0.0 0.0 0.0 0.0 0.0443731772573 90 1 0.992647058824 0.369359882074 -1.80468768804
-0.12623 0.35028 3.35743 -0.12979 0.55971 4.04469628929 0.78258 0.98072 0.30541 0.41196 152.77952 195.62801 147.22542 138.42519 0.3 0.3 0.0 0.0 0.0 0.0 0.0 0.0 0.72115 0.0 0.0 45.47487 -0.49999 0.07399 0.0 0.0 0.0 0.0 0.0 0.0 0.044516167214 91 1 1.0 0.27348970761 -1.39212449307
-0.12623 0.35028 3.35743 -0.12979 0.55971 4.07792550876 0.78258 0.98072 0.30541 0.41196 152.77952 195.62801 147.22542 138.42519 0.3 0.3 0.0 0.0 0.0 0.0 0.0 0.0 0.72115 0.0 0.0 45.47487 -0.49999 0.07399 0.0 0.0 0.0 0.0 0.0 0.0 0.0441381771163 92 1 0.992647058824 0.420495567952 -1.92076395225
-0.12623 0.35028 3.35743 -0.12979 0.55971 4.10769567382 0.78258 0.98072 0.30541 0.41196 152.77952 195.62801 147.22542 138.42519 0.3 0.3 0.0 0.0 0.0 0.0 0.0 0.0 0.72115 0.0 0.0 45.47487 -0.49999 0.07399 0.0 0.0 0.0 0.0 0.0 0.0 0.0449237936651 93 1 0.985401459854 0.4669489538 -4.00791880747
-0.12623 0.35028 3.35743 -0.12979 0.55971 4.11297397496 0.78258 0.98072 0.30541 0.41196 152.77952 195.62801 147.22542 138.42519 0.3 0.3 0.0 0.0 0.0 0.0 0.0 0.0 0.72115 0.0 0.0 45.47487 -0.49999 0.07399 0.0 0.0 0.0 0.0 0.0 0.0 0.0435222529491 94 0 0.985401459854 0.481972848575 -4.00791880747
-0.12623 0.35028 3.35743 -0.12979 0.55971 4.0960848183 0.78258 0.98072 0.30541 0.41196 152.77952 195.62801 147.22542 138.42519 0.3 0.3 0.0 0.0 0.0 0.0 0.0 0.0 0.72115 0.0 0.0 45.47487 -0.49999 0.07399 0.0 0.0 0.0 0.0 0.0 0.0 0.0448286479363 95 1 0.985401459854 0.482061831074 -4.18407648028
-0.12623 0.35028 3.35743 -0.12979 0.55971 4.12468343586 0.78258 0.98072 0.30541 0.41196 152.77952 195.62801 147.22542 138.42519 0.3 0.3 0.0 0.0 0.0 0.0 0.0 0.0 0.72115 0.0 0.0 45.47487 -0.49999 0.07399 0.0 0.0 0.0 0.0 0.0 0.0 0.0444558451503 96 0 0.970802919708 0.502518062069 -4.18407648028
-0.12623 0.35028 3.35743 -0.12979 0.55971 4.10487212597 0.78258 0.98072 0.30541 0.41196 152.77952 195.62801 147.22542 138.42519 0.3 0.3 0.0 0.0 0.0 0.0 0.0 0.0 0.72115 0.0 0.0 45.47487 -0.49999 0.07399 0.0 0.0 0.0 0.0 0.0 0.0 0.0449090836095 97 1 0.985401459854 0.473118059807 -4.07763567167
-0.12623 0.35028 3.35743 -0.12979 0.55971 4.08959318532 0.78258 0.98072 0.30541 0.41196 152.77952 195.62801 147.22542 138.42519 0.3 0.3 0.0 0.0 0.0 0.0 0.0 0.0 0.72115 0.0 0.0 45.47487 -0.49999 0.07399 0.0 0.0 0.0 0.0 0.0 0.0 0.0451977887006 98 1 0.985401459854 0.486561109815 -4.21331876425
-0.12623 0.35028 3.35743 -0.12979 0.55971 4.1094393221 0.78258 0.98072 0.30541 0.41196 152.77952 195.62801 147.22542 138.42519 0.3 0.3 0.0 0.0 0.0 0.0 0.0 0.0 0.72115 0.0 0.0 45.47487 -0.49999 0.07399 0.0 0.0 0.0 0.0 0.0 0.0 0.0442093395604 99 1 0.985401459854 0.468171611901 -4.06188533788
-0.12623 0.35028 3.35743 -0.12979 0.55971 4.12268405101 0.78258 0.98072 0.30541 0.41196 152.77952 195.62801 147.22542 138.42519 0.3 0.3 0.0 0.0 0.0 0.0 0.0 0.0 0.72115 0.0 0.0 45.47487 -0.49999 0.07399 0.0 0.0 0.0 0.0 0.0 0.0 0.044008498358 100 0 0.970802919708 0.507969167174 -4.06188533788
