-0.12623 0.35028 3.35743 -0.12979 0.55971 3.65405333333 0.78258 0.98072 0.30541 0.41196 152.77952 195.62801 147.22542 138.42519 0.3 0.3 0.0 0.0 0.0 0.0 0.0 0.0 0.72115 0.0 0.0 45.47487 -0.49999 0.07399 0.0 0.0 0.0 0.0 0.0 0.0 0.05 0 1 0.924657534247 1.13512947921 -330.895163
-0.12623 0.35028 3.35743 -0.12979 0.55971 3.6812158528 0.78258 0.98072 0.30541 0.41196 152.77952 195.62801 147.22542 138.42519 0.3 0.3 0.0 0.0 0.0 0.0 0.0 0.0 0.72115 0.0 0.0 45.47487 -0.49999 0.07399 0.0 0.0 0.0 0.0 0.0 0.0 0.0492904914528 1 0 0.918367346939 1.16225571358 -330.895163
-0.12623 0.35028 3.35743 -0.12979 0.55971 3.65937235128 0.78258 0.98072 0.30541 0.41196 152.77952 195.62801 147.22542 138.42519 0.3 0.3 0.0 0.0 0.0 0.0 0.0 0.0 0.72115 0.0 0.0 45.47487 -0.49999 0.07399 0.0 0.0 0.0 0.0 0.0 0.0 0.0506074255803 2 1 0.924657534247 1.14837016848 -330.622950435
-0.12623 0.35028 3.35743 -0.12979 0.55971 3.66979218707 0.78258 0.98072 0.30541 0.41196 152.77952 195.62801 147.22542 138.42519 0.3 0.3 0.0 0.0 0.0 0.0 0.0 0.0 0.72115 0.0 0.0 45.47487 -0.49999 0.07399 0.0 0.0 0.0 0.0 0.0 0.0 0.0497594920719 3 0 0.917808219178 1.15931150387 -330.622950435
-0.12623 0.35028 3.35743 -0.12979 0.55971 3.66027618912 0.78258 0.98072 0.30541 0.41196 152.77952 195.62801 147.22542 138.42519 0.3 0.3 0.0 0.0 0.0 0.0 0.0 0.0 0.72115 0.0 0.0 45.47487 -0.49999 0.07399 0.0 0.0 0.0 0.0 0.0 0.0 0.0518548078897 4 1 0.924657534247 1.14836594073 -315.079742814
-0.12623 0.35028 3.35743 -0.12979 0.55971 3.6727997615 0.78258 0.98072 0.30541 0.41196 152.77952 195.62801 147.22542 138.42519 0.3 0.3 0.0 0.0 0.0 0.0 0.0 0.0 0.72115 0.0 0.0 45.47487 -0.49999 0.07399 0.0 0.0 0.0 0.0 0.0 0.0 0.0515094056463 5 0 0.917808219178 1.15883823475 -315.079742814
-0.12623 0.35028 3.35743 -0.12979 0.55971 3.60508716856 0.78258 0.98072 0.30541 0.41196 152.77952 195.62801 147.22542 138.42519 0.3 0.3 0.0 0.0 0.0 0.0 0.0 0.0 0.72115 0.0 0.0 45.47487 -0.49999 0.07399 0.0 0.0 0.0 0.0 0.0 0.0 0.0510630684827 6 0 0.912162162162 1.23632694147 -315.079742814
-0.12623 0.35028 3.35743 -0.12979 0.55971 3.67446845376 0.78258 0.98072 0.30541 0.41196 152.77952 195.62801 147.22542 138.42519 0.3 0.3 0.0 0.0 0.0 0.0 0.0 0.0 0.72115 0.0 0.0 45.47487 -0.49999 0.07399 0.0 0.0 0.0 0.0 0.0 0.0 0.0520131430605 7 0 0.918367346939 1.15537785534 -315.079742814
-0.12623 0.35028 3.35743 -0.12979 0.55971 3.6885977687 0.78258 0.98072 0.30541 0.41196 152.77952 195.62801 147.22542 138.42519 0.3 0.3 0.0 0.0 0.0 0.0 0.0 0.0 0.72115 0.0 0.0 45.47487 -0.49999 0.07399 0.0 0.0 0.0 0.0 0.0 0.0 0.0502027020776 8 0 0.924657534247 1.15931821987 -315.079742814
-0.12623 0.35028 3.35743 -0.12979 0.55971 3.63540690611 0.78258 0.98072 0.30541 0.41196 152.77952 195.62801 147.22542 138.42519 0.3 0.3 0.0 0.0 0.0 0.0 0.0 0.0 0.72115 0.0 0.0 45.47487 -0.49999 0.07399 0.0 0.0 0.0 0.0 0.0 0.0 0.0524836148606 9 1 0.924657534247 1.10126575038 -283.100396221
-0.12623 0.35028 3.35743 -0.12979 0.55971 3.66809012661 0.78258 0.98072 0.30541 0.41196 152.77952 195.62801 147.22542 138.42519 0.3 0.3 0.0 0.0 0.0 0.0 0.0 0.0 0.72115 0.0 0.0 45.47487 -0.49999 0.07399 0.0 0.0 0.0 0.0 0.0 0.0 0.0521995734745 10 0 0.917808219178 1.15941940757 -283.100396221
-0.12623 0.35028 3.35743 -0.12979 0.55971 3.65860122173 0.78258 0.98072 0.30541 0.41196 152.77952 195.62801 147.22542 138.42519 0.3 0.3 0.0 0.0 0.0 0.0 0.0 0.0 0.72115 0.0 0.0 45.47487 -0.49999 0.07399 0.0 0.0 0.0 0.0 0.0 0.0 0.0522899652713 11 0 0.924657534247 1.15245803959 -283.100396221
-0.12623 0.35028 3.35743 -0.12979 0.55971 3.60783938012 0.78258 0.98072 0.30541 0.41196 152.77952 195.62801 147.22542 138.42519 0.3 0.3 0.0 0.0 0.0 0.0 0.0 0.0 0.72115 0.0 0.0 45.47487 -0.49999 0.07399 0.0 0.0 0.0 0.0 0.0 0.0 0.0518912743778 12 0 0.912162162162 1.23521807291 -283.100396221
-0.12623 0.35028 3.35743 -0.12979 0.55971 3.65271188796 0.78258 0.98072 0.30541 0.41196 152.77952 195.62801 147.22542 138.42519 0.3 0.3 0.0 0.0 0.0 0.0 0.0 0.0 0.72115 0.0 0.0 45.47487 -0.49999 0.07399 0.0 0.0 0.0 0.0 0.0 0.0 0.0521683460506 13 0 0.924657534247 1.13469575006 -283.100396221
-0.12623 0.35028 3.35743 -0.12979 0.55971 3.61889135061 0.78258 0.98072 0.30541 0.41196 152.77952 195.62801 147.22542 138.42519 0.3 0.3 0.0 0.0 0.0 0.0 0.0 0.0 0.72115 0.0 0.0 45.47487 -0.49999 0.07399 0.0 0.0 0.0 0.0 0.0 0.0 0.0535610922218 14 0 0.918367346939 1.10704505777 -283.100396221
-0.12623 0.35028 3.35743 -0.12979 0.55971 3.64705376371 0.78258 0.98072 0.30541 0.41196 152.77952 195.62801 147.22542 138.42519 0.3 0.3 0.0 0.0 0.0 0.0 0.0 0.0 0.72115 0.0 0.0 45.47487 -0.49999 0.07399 0.0 0.0 0.0 0.0 0.0 0.0 0.052012586373 15 0 0.924657534247 1.13586766264 -283.100396221
-0.12623 0.35028 3.35743 -0.12979 0.55971 3.65202591957 0.78258 0.98072 0.30541 0.41196 152.77952 195.62801 147.22542 138.42519 0.3 0.3 0.0 0.0 0.0 0.0 0.0 0.0 0.72115 0.0 0.0 45.47487 -0.49999 0.07399 0.0 0.0 0.0 0.0 0.0 0.0 0.0531052081351 16 0 0.924657534247 1.13472585382 -283.100396221
-0.12623 0.35028 3.35743 -0.12979 0.55971 3.71393479137 0.78258 0.98072 0.30541 0.41196 152.77952 195.62801 147.22542 138.42519 0.3 0.3 0.0 0.0 0.0 0.0 0.0 0.0 0.72115 0.0 0.0 45.47487 -0.49999 0.07399 0.0 0.0 0.0 0.0 0.0 0.0 0.0530488742909 17 1 0.923611111111 1.05518787928 -261.70067194
-0.12623 0.35028 3.35743 -0.12979 0.55971 3.72248098271 0.78258 0.98072 0.30541 0.41196 152.77952 195.62801 147.22542 138.42519 0.3 0.3 0.0 0.0 0.0 0.0 0.0 0.0 0.72115 0.0 0.0 45.47487 -0.49999 0.07399 0.0 0.0 0.0 0.0 0.0 0.0 0.0533412357475 18 1 0.944055944056 1.05321527201 -139.261216853
-0.12623 0.35028 3.35743 -0.12979 0.55971 3.76517531514 0.78258 0.98072 0.30541 0.41196 152.77952 195.62801 147.22542 138.42519 0.3 0.3 0.0 0.0 0.0 0.0 0.0 0.0 0.72115 0.0 0.0 45.47487 -0.49999 0.07399 0.0 0.0 0.0 0.0 0.0 0.0 0.0533589156345 19 1 0.957446808511 0.863855507667 -55.3878446214
-0.12623 0.35028 3.35743 -0.12979 0.55971 3.76360121002 0.78258 0.98072 0.30541 0.41196 152.77952 195.62801 147.22542 138.42519 0.3 0.3 0.0 0.0 0.0 0.0 0.0 0.0 0.72115 0.0 0.0 45.47487 -0.49999 0.07399 0.0 0.0 0.0 0.0 0.0 0.0 0.0531622079088 20 1 0.957446808511 0.784273960742 -46.3151721623
-0.12623 0.35028 3.35743 -0.12979 0.55971 3.75024048181 0.78258 0.98072 0.30541 0.41196 152.77952 195.62801 147.22542 138.42519 0.3 0.3 0.0 0.0 0.0 0.0 0.0 0.0 0.72115 0.0 0.0 45.47487 -0.49999 0.07399 0.0 0.0 0.0 0.0 0.0 0.0 0.0533784132851 21 0 0.957446808511 0.910801393927 -46.3151721623
-0.12623 0.35028 3.35743 -0.12979 0.55971 3.71958742209 0.78258 0.98072 0.30541 0.41196 152.77952 195.62801 147.22542 138.42519 0.3 0.3 0.0 0.0 0.0 0.0 0.0 0.0 0.72115 0.0 0.0 45.47487 -0.49999 0.07399 0.0 0.0 0.0 0.0 0.0 0.0 0.0532871391299 22 0 0.923611111111 1.05679778772 -46.3151721623
-0.12623 0.35028 3.35743 -0.12979 0.55971 3.75151988366 0.78258 0.98072 0.30541 0.41196 152.77952 195.62801 147.22542 138.42519 0.3 0.3 0.0 0.0 0.0 0.0 0.0 0.0 0.72115 0.0 0.0 45.47487 -0.49999 0.07399 0.0 0.0 0.0 0.0 0.0 0.0 0.0533795242017 23 0 0.957446808511 0.89219369398 -46.3151721623
-0.12623 0.35028 3.35743 -0.12979 0.55971 3.75631133725 0.78258 0.98072 0.30541 0.41196 152.77952 195.62801 147.22542 138.42519 0.3 0.3 0.0 0.0 0.0 0.0 0.0 0.0 0.72115 0.0 0.0 45.47487 -0.49999 0.07399 0.0 0.0 0.0 0.0 0.0 0.0 0.0528643425709 24 0 0.957446808511 0.861399788776 -46.3151721623
-0.12623 0.35028 3.35743 -0.12979 0.55971 3.78131208102 0.78258 0.98072 0.30541 0.41196 152.77952 195.62801 147.22542 138.42519 0.3 0.3 0.0 0.0 0.0 0.0 0.0 0.0 0.72115 0.0 0.0 45.47487 -0.49999 0.07399 0.0 0.0 0.0 0.0 0.0 0.0 0.0528373271403 25 0 0.957446808511 0.829053031945 -46.3151721623
-0.12623 0.35028 3.35743 -0.12979 0.55971 3.69598481125 0.78258 0.98072 0.30541 0.41196 152.77952 195.62801 147.22542 138.42519 0.3 0.3 0.0 0.0 0.0 0.0 0.0 0.0 0.72115 0.0 0.0 45.47487 -0.49999 0.07399 0.0 0.0 0.0 0.0 0.0 0.0 0.0517818774871 26 0 0.924137931034 1.16077595477 -46.3151721623
-0.12623 0.35028 3.35743 -0.12979 0.55971 3.75074158155 0.78258 0.98072 0.30541 0.41196 152.77952 195.62801 147.22542 138.42519 0.3 0.3 0.0 0.0 0.0 0.0 0.0 0.0 0.72115 0.0 0.0 45.47487 -0.49999 0.07399 0.0 0.0 0.0 0.0 0.0 0.0 0.0529462135404 27 0 0.957446808511 0.891992888783 -46.3151721623
-0.12623 0.35028 3.35743 -0.12979 0.55971 3.79182923562 0.78258 0.98072 0.30541 0.41196 152.77952 195.62801 147.22542 138.42519 0.3 0.3 0.0 0.0 0.0 0.0 0.0 0.0 0.72115 0.0 0.0 45.47487 -0.49999 0.07399 0.0 0.0 0.0 0.0 0.0 0.0 0.0526920866161 28 0 0.950704225352 0.85396820317 -46.3151721623
-0.12623 0.35028 3.35743 -0.12979 0.55971 3.7512604476 0.78258 0.98072 0.30541 0.41196 152.77952 195.62801 147.22542 138.42519 0.3 0.3 0.0 0.0 0.0 0.0 0.0 0.0 0.72115 0.0 0.0 45.47487 -0.49999 0.07399 0.0 0.0 0.0 0.0 0.0 0.0 0.0528639291838 29 0 0.957446808511 0.892193290772 -46.3151721623
-0.12623 0.35028 3.35743 -0.12979 0.55971 3.79640523315 0.78258 0.98072 0.30541 0.41196 152.77952 195.62801 147.22542 138.42519 0.3 0.3 0.0 0.0 0.0 0.0 0.0 0.0 0.72115 0.0 0.0 45.47487 -0.49999 0.07399 0.0 0.0 0.0 0.0 0.0 0.0 0.0527909062492 30 0 0.944055944056 0.954881857455 -46.3151721623
-0.12623 0.35028 3.35743 -0.12979 0.55971 3.78253958934 0.78258 0.98072 0.30541 0.41196 152.77952 195.62801 147.22542 138.42519 0.3 0.3 0.0 0.0 0.0 0.0 0.0 0.0 0.72115 0.0 0.0 45.47487 -0.49999 0.07399 0.0 0.0 0.0 0.0 0.0 0.0 0.0534431471933 31 0 0.957446808511 0.82579245781 -46.3151721623
-0.12623 0.35028 3.35743 -0.12979 0.55971 3.72987126778 0.78258 0.98072 0.30541 0.41196 152.77952 195.62801 147.22542 138.42519 0.3 0.3 0.0 0.0 0.0 0.0 0.0 0.0 0.72115 0.0 0.0 45.47487 -0.49999 0.07399 0.0 0.0 0.0 0.0 0.0 0.0 0.0533015967289 32 0 0.944055944056 1.00871936909 -46.3151721623
-0.12623 0.35028 3.35743 -0.12979 0.55971 3.73881626491 0.78258 0.98072 0.30541 0.41196 152.77952 195.62801 147.22542 138.42519 0.3 0.3 0.0 0.0 0.0 0.0 0.0 0.0 0.72115 0.0 0.0 45.47487 -0.49999 0.07399 0.0 0.0 0.0 0.0 0.0 0.0 0.0536314035527 33 0 0.944055944056 0.983820564294 -46.3151721623
-0.12623 0.35028 3.35743 -0.12979 0.55971 3.74151840205 0.78258 0.98072 0.30541 0.41196 152.77952 195.62801 147.22542 138.42519 0.3 0.3 0.0 0.0 0.0 0.0 0.0 0.0 0.72115 0.0 0.0 45.47487 -0.49999 0.07399 0.0 0.0 0.0 0.0 0.0 0.0 0.0527400598897 34 0 0.937062937063 0.982021622335 -46.3151721623
-0.12623 0.35028 3.35743 -0.12979 0.55971 3.75290084415 0.78258 0.98072 0.30541 0.41196 152.77952 195.62801 147.22542 138.42519 0.3 0.3 0.0 0.0 0.0 0.0 0.0 0.0 0.72115 0.0 0.0 45.47487 -0.49999 0.07399 0.0 0.0 0.0 0.0 0.0 0.0 0.0515751362863 35 0 0.957446808511 0.87588404001 -46.3151721623
-0.12623 0.35028 3.35743 -0.12979 0.55971 3.73194660045 0.78258 0.98072 0.30541 0.41196 152.77952 195.62801 147.22542 138.42519 0.3 0.3 0.0 0.0 0.0 0.0 0.0 0.0 0.72115 0.0 0.0 45.47487 -0.49999 0.07399 0.0 0.0 0.0 0.0 0.0 0.0 0.0535690769676 36 0 0.944055944056 1.06170684917 -46.3151721623
-0.12623 0.35028 3.35743 -0.12979 0.55971 3.78374210621 0.78258 0.98072 0.30541 0.41196 152.77952 195.62801 147.22542 138.42519 0.3 0.3 0.0 0.0 0.0 0.0 0.0 0.0 0.72115 0.0 0.0 45.47487 -0.49999 0.07399 0.0 0.0 0.0 0.0 0.0 0.0 0.0532834996728 37 1 0.957446808511 0.757758602551 -43.1887799976
-0.12623 0.35028 3.35743 -0.12979 0.55971 3.80350942866 0.78258 0.98072 0.30541 0.41196 152.77952 195.62801 147.22542 138.42519 0.3 0.3 0.0 0.0 0.0 0.0 0.0 0.0 0.72115 0.0 0.0 45.47487 -0.49999 0.07399 0.0 0.0 0.0 0.0 0.0 0.0 0.0529036079954 38 0 0.944055944056 0.933297500315 -43.1887799976
-0.12623 0.35028 3.35743 -0.12979 0.55971 3.81023046522 0.78258 0.98072 0.30541 0.41196 152.77952 195.62801 147.22542 138.42519 0.3 0.3 0.0 0.0 0.0 0.0 0.0 0.0 0.72115 0.0 0.0 45.47487 -0.49999 0.07399 0.0 0.0 0.0 0.0 0.0 0.0 0.0534092818145 39 0 0.944055944056 0.865902275129 -43.1887799976
-0.12623 0.35028 3.35743 -0.12979 0.55971 3.76771104082 0.78258 0.98072 0.30541 0.41196 152.77952 195.62801 147.22542 138.42519 0.3 0.3 0.0 0.0 0.0 0.0 0.0 0.0 0.72115 0.0 0.0 45.47487 -0.49999 0.07399 0.0 0.0 0.0 0.0 0.0 0.0 0.0538080838004 40 0 0.957446808511 0.862258590235 -43.1887799976
-0.12623 0.35028 3.35743 -0.12979 0.55971 3.8021418576 0.78258 0.98072 0.30541 0.41196 152.77952 195.62801 147.22542 138.42519 0.3 0.3 0.0 0.0 0.0 0.0 0.0 0.0 0.72115 0.0 0.0 45.47487 -0.49999 0.07399 0.0 0.0 0.0 0.0 0.0 0.0 0.0514941472353 41 0 0.944055944056 0.894015992531 -43.1887799976
-0.12623 0.35028 3.35743 -0.12979 0.55971 3.80574989156 0.78258 0.98072 0.30541 0.41196 152.77952 195.62801 147.22542 138.42519 0.3 0.3 0.0 0.0 0.0 0.0 0.0 0.0 0.72115 0.0 0.0 45.47487 -0.49999 0.07399 0.0 0.0 0.0 0.0 0.0 0.0 0.0528898196325 42 0 0.944055944056 0.787935107055 -43.1887799976
-0.12623 0.35028 3.35743 -0.12979 0.55971 3.75836717352 0.78258 0.98072 0.30541 0.41196 152.77952 195.62801 147.22542 138.42519 0.3 0.3 0.0 0.0 0.0 0.0 0.0 0.0 0.72115 0.0 0.0 45.47487 -0.49999 0.07399 0.0 0.0 0.0 0.0 0.0 0.0 0.0529679318272 43 0 0.957446808511 0.864002905683 -43.1887799976
-0.12623 0.35028 3.35743 -0.12979 0.55971 3.74298921663 0.78258 0.98072 0.30541 0.41196 152.77952 195.62801 147.22542 138.42519 0.3 0.3 0.0 0.0 0.0 0.0 0.0 0.0 0.72115 0.0 0.0 45.47487 -0.49999 0.07399 0.0 0.0 0.0 0.0 0.0 0.0 0.0526257534625 44 0 0.944055944056 0.978217718596 -43.1887799976
-0.12623 0.35028 3.35743 -0.12979 0.55971 3.78751370566 0.78258 0.98072 0.30541 0.41196 152.77952 195.62801 147.22542 138.42519 0.3 0.3 0.0 0.0 0.0 0.0 0.0 0.0 0.72115 0.0 0.0 45.47487 -0.49999 0.07399 0.0 0.0 0.0 0.0 0.0 0.0 0.0546647422339 45 0 0.950704225352 0.839486435374 -43.1887799976
-0.12623 0.35028 3.35743 -0.12979 0.55971 3.80488760112 0.78258 0.98072 0.30541 0.41196 152.77952 195.62801 147.22542 138.42519 0.3 0.3 0.0 0.0 0.0 0.0 0.0 0.0 0.72115 0.0 0.0 45.47487 -0.49999 0.07399 0.0 0.0 0.0 0.0 0.0 0.0 0.0531963181072 46 0 0.944055944056 0.803058953997 -43.1887799976
-0.12623 0.35028 3.35743 -0.12979 0.55971 3.80145867212 0.78258 0.98072 0.30541 0.41196 152.77952 195.62801 147.22542 138.42519 0.3 0.3 0.0 0.0 0.0 0.0 0.0 0.0 0.72115 0.0 0.0 45.47487 -0.49999 0.07399 0.0 0.0 0.0 0.0 0.0 0.0 0.0525720446258 47 0 0.944055944056 0.898281682024 -43.1887799976
-0.12623 0.35028 3.35743 -0.12979 0.55971 3.78924977204 0.78258 0.98072 0.30541 0.41196 152.77952 195.62801 147.22542 138.42519 0.3 0.3 0.0 0.0 0.0 0.0 0.0 0.0 0.72115 0.0 0.0 45.47487 -0.49999 0.07399 0.0 0.0 0.0 0.0 0.0 0.0 0.0531264034516 48 0 0.950704225352 0.853525625546 -43.1887799976
-0.12623 0.35028 3.35743 -0.12979 0.55971 3.78234280424 0.78258 0.98072 0.30541 0.41196 152.77952 195.62801 147.22542 138.42519 0.3 0.3 0.0 0.0 0.0 0.0 0.0 0.0 0.72115 0.0 0.0 45.47487 -0.49999 0.07399 0.0 0.0 0.0 0.0 0.0 0.0 0.0517454849001 49 0 0.957446808511 0.825769394804 -43.1887799976
-0.12623 0.35028 3.35743 -0.12979 0.55971 3.76425550584 0.78258 0.98072 0.30541 0.41196 152.77952 195.62801 147.22542 138.42519 0.3 0.3 0.0 0.0 0.0 0.0 0.0 0.0 0.72115 0.0 0.0 45.47487 -0.49999 0.07399 0.0 0.0 0.0 0.0 0.0 0.0 0.0533961630852 50 0 0.957446808511 0.866124506264 -43.1887799976
-0.12623 0.35028 3.35743 -0.12979 0.55971 3.79837966175 0.78258 0.98072 0.30541 0.41196 152.77952 195.62801 147.22542 138.42519 0.3 0.3 0.0 0.0 0.0 0.0 0.0 0.0 0.72115 0.0 0.0 45.47487 -0.49999 0.07399 0.0 0.0 0.0 0.0 0.0 0.0 0.0557119236993 51 0 0.944055944056 0.84545215355 -43.1887799976
-0.12623 0.35028 3.35743 -0.12979 0.55971 3.79732521238 0.78258 0.98072 0.30541 0.41196 152.77952 195.62801 147.22542 138.42519 0.3 0.3 0.0 0.0 0.0 0.0 0.0 0.0 0.72115 0.0 0.0 45.47487 -0.49999 0.07399 0.0 0.0 0.0 0.0 0.0 0.0 0.0538102146082 52 0 0.944055944056 0.847042007309 -43.1887799976
-0.12623 0.35028 3.35743 -0.12979 0.55971 3.77935160454 0.78258 0.98072 0.30541 0.41196 152.77952 195.62801 147.22542 138.42519 0.3 0.3 0.0 0.0 0.0 0.0 0.0 0.0 0.72115 0.0 0.0 45.47487 -0.49999 0.07399 0.0 0.0 0.0 0.0 0.0 0.0 0.0540737125549 53 0 0.957446808511 0.860047315511 -43.1887799976
-0.12623 0.35028 3.35743 -0.12979 0.55971 3.77560778051 0.78258 0.98072 0.30541 0.41196 152.77952 195.62801 147.22542 138.42519 0.3 0.3 0.0 0.0 0.0 0.0 0.0 0.0 0.72115 0.0 0.0 45.47487 -0.49999 0.07399 0.0 0.0 0.0 0.0 0.0 0.0 0.0529662792111 54 0 0.957446808511 0.808883481832 -43.1887799976
-0.12623 0.35028 3.35743 -0.12979 0.55971 3.75957602029 0.78258 0.98072 0.30541 0.41196 152.77952 195.62801 147.22542 138.42519 0.3 0.3 0.0 0.0 0.0 0.0 0.0 0.0 0.72115 0.0 0.0 45.47487 -0.49999 0.07399 0.0 0.0 0.0 0.0 0.0 0.0 0.0541270466931 55 0 0.957446808511 0.784934079775 -43.1887799976
-0.12623 0.35028 3.35743 -0.12979 0.55971 3.77327963128 0.78258 0.98072 0.30541 0.41196 152.77952 195.62801 147.22542 138.42519 0.3 0.3 0.0 0.0 0.0 0.0 0.0 0.0 0.72115 0.0 0.0 45.47487 -0.49999 0.07399 0.0 0.0 0.0 0.0 0.0 0.0 0.0531108552298 56 0 0.957446808511 0.805436039903 -43.1887799976
-0.12623 0.35028 3.35743 -0.12979 0.55971 3.7930681923 0.78258 0.98072 0.30541 0.41196 152.77952 195.62801 147.22542 138.42519 0.3 0.3 0.0 0.0 0.0 0.0 0.0 0.0 0.72115 0.0 0.0 45.47487 -0.49999 0.07399 0.0 0.0 0.0 0.0 0.0 0.0 0.0521991360041 57 0 0.944055944056 0.876370184421 -43.1887799976
-0.12623 0.35028 3.35743 -0.12979 0.55971 3.79924987767 0.78258 0.98072 0.30541 0.41196 152.77952 195.62801 147.22542 138.42519 0.3 0.3 0.0 0.0 0.0 0.0 0.0 0.0 0.72115 0.0 0.0 45.47487 -0.49999 0.07399 0.0 0.0 0.0 0.0 0.0 0.0 0.0531458850942 58 0 0.944055944056 0.95286652946 -43.1887799976
-0.12623 0.35028 3.35743 -0.12979 0.55971 3.77753260167 0.78258 0.98072 0.30541 0.41196 152.77952 195.62801 147.22542 138.42519 0.3 0.3 0.0 0.0 0.0 0.0 0.0 0.0 0.72115 0.0 0.0 45.47487 -0.49999 0.07399 0.0 0.0 0.0 0.0 0.0 0.0 0.0546613563244 59 1 0.957446808511 0.778667002361 -43.4313752697
-0.12623 0.35028 3.35743 -0.12979 0.55971 3.76115230178 0.78258 0.98072 0.30541 0.41196 152.77952 195.62801 147.22542 138.42519 0.3 0.3 0.0 0.0 0.0 0.0 0.0 0.0 0.72115 0.0 0.0 45.47487 -0.49999 0.07399 0.0 0.0 0.0 0.0 0.0 0.0 0.0541587354074 60 0 0.957446808511 0.801372363666 -43.4313752697
-0.12623 0.35028 3.35743 -0.12979 0.55971 3.74196711783 0.78258 0.98072 0.30541 0.41196 152.77952 195.62801 147.22542 138.42519 0.3 0.3 0.0 0.0 0.0 0.0 0.0 0.0 0.72115 0.0 0.0 45.47487 -0.49999 0.07399 0.0 0.0 0.0 0.0 0.0 0.0 0.0554297830719 61 0 0.937062937063 0.982013319569 -43.4313752697
-0.12623 0.35028 3.35743 -0.12979 0.55971 3.77409435016 0.78258 0.98072 0.30541 0.41196 152.77952 195.62801 147.22542 138.42519 0.3 0.3 0.0 0.0 0.0 0.0 0.0 0.0 0.72115 0.0 0.0 45.47487 -0.49999 0.07399 0.0 0.0 0.0 0.0 0.0 0.0 0.0539654286707 62 0 0.957446808511 0.821954646604 -43.4313752697
-0.12623 0.35028 3.35743 -0.12979 0.55971 3.81444383949 0.78258 0.98072 0.30541 0.41196 152.77952 195.62801 147.22542 138.42519 0.3 0.3 0.0 0.0 0.0 0.0 0.0 0.0 0.72115 0.0 0.0 45.47487 -0.49999 0.07399 0.0 0.0 0.0 0.0 0.0 0.0 0.0546731260018 63 0 0.943661971831 0.862241044289 -43.4313752697
-0.12623 0.35028 3.35743 -0.12979 0.55971 3.7663957967 0.78258 0.98072 0.30541 0.41196 152.77952 195.62801 147.22542 138.42519 0.3 0.3 0.0 0.0 0.0 0.0 0.0 0.0 0.72115 0.0 0.0 45.47487 -0.49999 0.07399 0.0 0.0 0.0 0.0 0.0 0.0 0.0550203068549 64 0 0.957446808511 0.850936612875 -43.4313752697
-0.12623 0.35028 3.35743 -0.12979 0.55971 3.79897509662 0.78258 0.98072 0.30541 0.41196 152.77952 195.62801 147.22542 138.42519 0.3 0.3 0.0 0.0 0.0 0.0 0.0 0.0 0.72115 0.0 0.0 45.47487 -0.49999 0.07399 0.0 0.0 0.0 0.0 0.0 0.0 0.0547013747225 65 0 0.944055944056 0.845439887874 -43.4313752697
-0.12623 0.35028 3.35743 -0.12979 0.55971 3.77638891161 0.78258 0.98072 0.30541 0.41196 152.77952 195.62801 147.22542 138.42519 0.3 0.3 0.0 0.0 0.0 0.0 0.0 0.0 0.72115 0.0 0.0 45.47487 -0.49999 0.07399 0.0 0.0 0.0 0.0 0.0 0.0 0.0547578510484 66 0 0.957446808511 0.808627292166 -43.4313752697
-0.12623 0.35028 3.35743 -0.12979 0.55971 3.72761051657 0.78258 0.98072 0.30541 0.41196 152.77952 195.62801 147.22542 138.42519 0.3 0.3 0.0 0.0 0.0 0.0 0.0 0.0 0.72115 0.0 0.0 45.47487 -0.49999 0.07399 0.0 0.0 0.0 0.0 0.0 0.0 0.0548890945211 67 0 0.950704225352 1.03688009565 -43.4313752697
-0.12623 0.35028 3.35743 -0.12979 0.55971 3.79666613849 0.78258 0.98072 0.30541 0.41196 152.77952 195.62801 147.22542 138.42519 0.3 0.3 0.0 0.0 0.0 0.0 0.0 0.0 0.72115 0.0 0.0 45.47487 -0.49999 0.07399 0.0 0.0 0.0 0.0 0.0 0.0 0.0539198277839 68 0 0.944055944056 0.954928355395 -43.4313752697
-0.12623 0.35028 3.35743 -0.12979 0.55971 3.73292004726 0.78258 0.98072 0.30541 0.41196 152.77952 195.62801 147.22542 138.42519 0.3 0.3 0.0 0.0 0.0 0.0 0.0 0.0 0.72115 0.0 0.0 45.47487 -0.49999 0.07399 0.0 0.0 0.0 0.0 0.0 0.0 0.0555552009164 69 0 0.944055944056 1.11062023356 -43.4313752697
-0.12623 0.35028 3.35743 -0.12979 0.55971 3.7961603729 0.78258 0.98072 0.30541 0.41196 152.77952 195.62801 147.22542 138.42519 0.3 0.3 0.0 0.0 0.0 0.0 0.0 0.0 0.72115 0.0 0.0 45.47487 -0.49999 0.07399 0.0 0.0 0.0 0.0 0.0 0.0 0.0545271816165 70 0 0.944055944056 0.954884271747 -43.4313752697
-0.12623 0.35028 3.35743 -0.12979 0.55971 3.81618750902 0.78258 0.98072 0.30541 0.41196 152.77952 195.62801 147.22542 138.42519 0.3 0.3 0.0 0.0 0.0 0.0 0.0 0.0 0.72115 0.0 0.0 45.47487 -0.49999 0.07399 0.0 0.0 0.0 0.0 0.0 0.0 0.0548483738812 71 0 0.950704225352 0.858973535798 -43.4313752697
-0.12623 0.35028 3.35743 -0.12979 0.55971 3.77185541892 0.78258 0.98072 0.30541 0.41196 152.77952 195.62801 147.22542 138.42519 0.3 0.3 0.0 0.0 0.0 0.0 0.0 0.0 0.72115 0.0 0.0 45.47487 -0.49999 0.07399 0.0 0.0 0.0 0.0 0.0 0.0 0.0541822386323 72 0 0.957446808511 0.815670183205 -43.4313752697
-0.12623 0.35028 3.35743 -0.12979 0.55971 3.80768390338 0.78258 0.98072 0.30541 0.41196 152.77952 195.62801 147.22542 138.42519 0.3 0.3 0.0 0.0 0.0 0.0 0.0 0.0 0.72115 0.0 0.0 45.47487 -0.49999 0.07399 0.0 0.0 0.0 0.0 0.0 0.0 0.0540622453475 73 0 0.944055944056 0.787736596358 -43.4313752697
-0.12623 0.35028 3.35743 -0.12979 0.55971 3.75937056549 0.78258 0.98072 0.30541 0.41196 152.77952 195.62801 147.22542 138.42519 0.3 0.3 0.0 0.0 0.0 0.0 0.0 0.0 0.72115 0.0 0.0 45.47487 -0.49999 0.07399 0.0 0.0 0.0 0.0 0.0 0.0 0.0538597555855 74 1 0.957446808511 0.784954813286 -45.3010929915
-0.12623 0.35028 3.35743 -0.12979 0.55971 3.76538822501 0.78258 0.98072 0.30541 0.41196 152.77952 195.62801 147.22542 138.42519 0.3 0.3 0.0 0.0 0.0 0.0 0.0 0.0 0.72115 0.0 0.0 45.47487 -0.49999 0.07399 0.0 0.0 0.0 0.0 0.0 0.0 0.0543416358244 75 0 0.957446808511 0.863832549472 -45.3010929915
-0.12623 0.35028 3.35743 -0.12979 0.55971 3.74450717858 0.78258 0.98072 0.30541 0.41196 152.77952 195.62801 147.22542 138.42519 0.3 0.3 0.0 0.0 0.0 0.0 0.0 0.0 0.72115 0.0 0.0 45.47487 -0.49999 0.07399 0.0 0.0 0.0 0.0 0.0 0.0 0.0533551234915 76 0 0.937062937063 0.96761672436 -45.3010929915
-0.12623 0.35028 3.35743 -0.12979 0.55971 3.73226235076 0.78258 0.98072 0.30541 0.41196 152.77952 195.62801 147.22542 138.42519 0.3 0.3 0.0 0.0 0.0 0.0 0.0 0.0 0.72115 0.0 0.0 45.47487 -0.49999 0.07399 0.0 0.0 0.0 0.0 0.0 0.0 0.0538247411516 77 0 0.944055944056 1.11135022543 -45.3010929915
-0.12623 0.35028 3.35743 -0.12979 0.55971 3.74210047337 0.78258 0.98072 0.30541 0.41196 152.77952 195.62801 147.22542 138.42519 0.3 0.3 0.0 0.0 0.0 0.0 0.0 0.0 0.72115 0.0 0.0 45.47487 -0.49999 0.07399 0.0 0.0 0.0 0.0 0.0 0.0 0.0555056486258 78 0 0.937062937063 0.98202213932 -45.3010929915
-0.12623 0.35028 3.35743 -0.12979 0.55971 3.76119991822 0.78258 0.98072 0.30541 0.41196 152.77952 195.62801 147.22542 138.42519 0.3 0.3 0.0 0.0 0.0 0.0 0.0 0.0 0.72115 0.0 0.0 45.47487 -0.49999 0.07399 0.0 0.0 0.0 0.0 0.0 0.0 0.0524868892178 79 0 0.957446808511 0.801383594186 -45.3010929915
-0.12623 0.35028 3.35743 -0.12979 0.55971 3.7034453459 0.78258 0.98072 0.30541 0.41196 152.77952 195.62801 147.22542 138.42519 0.3 0.3 0.0 0.0 0.0 0.0 0.0 0.0 0.72115 0.0 0.0 45.47487 -0.49999 0.07399 0.0 0.0 0.0 0.0 0.0 0.0 0.0531803080669 80 0 0.924137931034 1.1161288189 -45.3010929915
-0.12623 0.35028 3.35743 -0.12979 0.55971 3.76961822558 0.78258 0.98072 0.30541 0.41196 152.77952 195.62801 147.22542 138.42519 0.3 0.3 0.0 0.0 0.0 0.0 0.0 0.0 0.72115 0.0 0.0 45.47487 -0.49999 0.07399 0.0 0.0 0.0 0.0 0.0 0.0 0.0546583927874 81 0 0.957446808511 0.826565382667 -45.3010929915
-0.12623 0.35028 3.35743 -0.12979 0.55971 3.72055374776 0.78258 0.98072 0.30541 0.41196 152.77952 195.62801 147.22542 138.42519 0.3 0.3 0.0 0.0 0.0 0.0 0.0 0.0 0.72115 0.0 0.0 45.47487 -0.49999 0.07399 0.0 0.0 0.0 0.0 0.0 0.0 0.053283617278 82 0 0.93006993007 1.05681882973 -45.3010929915
-0.12623 0.35028 3.35743 -0.12979 0.55971 3.73202933942 0.78258 0.98072 0.30541 0.41196 152.77952 195.62801 147.22542 138.42519 0.3 0.3 0.0 0.0 0.0 0.0 0.0 0.0 0.72115 0.0 0.0 45.47487 -0.49999 0.07399 0.0 0.0 0.0 0.0 0.0 0.0 0.0534564989371 83 0 0.944055944056 1.11365643675 -45.3010929915
-0.12623 0.35028 3.35743 -0.12979 0.55971 3.73671396732 0.78258 0.98072 0.30541 0.41196 152.77952 195.62801 147.22542 138.42519 0.3 0.3 0.0 0.0 0.0 0.0 0.0 0.0 0.72115 0.0 0.0 45.47487 -0.49999 0.07399 0.0 0.0 0.0 0.0 0.0 0.0 0.0532563655764 84 0 0.944055944056 0.990523974195 -45.3010929915
-0.12623 0.35028 3.35743 -0.12979 0.55971 3.77616795673 0.78258 0.98072 0.30541 0.41196 152.77952 195.62801 147.22542 138.42519 0.3 0.3 0.0 0.0 0.0 0.0 0.0 0.0 0.72115 0.0 0.0 45.47487 -0.49999 0.07399 0.0 0.0 0.0 0.0 0.0 0.0 0.0531194592199 85 0 0.957446808511 0.808642168854 -45.3010929915
-0.12623 0.35028 3.35743 -0.12979 0.55971 3.73528317795 0.78258 0.98072 0.30541 0.41196 152.77952 195.62801 147.22542 138.42519 0.3 0.3 0.0 0.0 0.0 0.0 0.0 0.0 0.72115 0.0 0.0 45.47487 -0.49999 0.07399 0.0 0.0 0.0 0.0 0.0 0.0 0.0546448288803 86 0 0.944055944056 0.985980570954 -45.3010929915
-0.12623 0.35028 3.35743 -0.12979 0.55971 3.75201258901 0.78258 0.98072 0.30541 0.41196 152.77952 195.62801 147.22542 138.42519 0.3 0.3 0.0 0.0 0.0 0.0 0.0 0.0 0.72115 0.0 0.0 45.47487 -0.49999 0.07399 0.0 0.0 0.0 0.0 0.0 0.0 0.05312248876 87 0 0.957446808511 0.881509535602 -45.3010929915
-0.12623 0.35028 3.35743 -0.12979 0.55971 3.71781551854 0.78258 0.98072 0.30541 0.41196 152.77952 195.62801 147.22542 138.42519 0.3 0.3 0.0 0.0 0.0 0.0 0.0 0.0 0.72115 0.0 0.0 45.47487 -0.49999 0.07399 0.0 0.0 0.0 0.0 0.0 0.0 0.0542464822456 88 0 0.923611111111 1.05323005592 -45.3010929915
-0.12623 0.35028 3.35743 -0.12979 0.55971 3.75338293498 0.78258 0.98072 0.30541 0.41196 152.77952 195.62801 147.22542 138.42519 0.3 0.3 0.0 0.0 0.0 0.0 0.0 0.0 0.72115 0.0 0.0 45.47487 -0.49999 0.07399 0.0 0.0 0.0 0.0 0.0 0.0 0.0536413787257 89 0 0.957446808511 0.875923906775 -45.3010929915
-0.12623 0.35028 3.35743 -0.12979 0.55971 3.75636896009 0.78258 0.98072 0.30541 0.41196 152.77952 195.62801 147.22542 138.42519 0.3 0.3 0.0 0.0 0.0 0.0 0.0 0.0 0.72115 0.0 0.0 45.47487 -0.49999 0.07399 0.0 0.0 0.0 0.0 0.0 0.0 0.0548003425268 90 0 0.957446808511 0.861209096809 -45.3010929915
-0.12623 0.35028 3.35743 -0.12979 0.55971 3.78216230317 0.78258 0.98072 0.30541 0.41196 152.77952 195.62801 147.22542 138.42519 0.3 0.3 0.0 0.0 0.0 0.0 0.0 0.0 0.72115 0.0 0.0 45.47487 -0.49999 0.07399 0.0 0.0 0.0 0.0 0.0 0.0 0.0536855424009 91 1 0.957446808511 0.761156944118 -42.9687183808
-0.12623 0.35028 3.35743 -0.12979 0.55971 3.76918256093 0.78258 0.98072 0.30541 0.41196 152.77952 195.62801 147.22542 138.42519 0.3 0.3 0.0 0.0 0.0 0.0 0.0 0.0 0.72115 0.0 0.0 45.47487 -0.49999 0.07399 0.0 0.0 0.0 0.0 0.0 0.0 0.0536016746693 92 0 0.957446808511 0.828071177063 -42.9687183808
-0.12623 0.35028 3.35743 -0.12979 0.55971 3.78623604528 0.78258 0.98072 0.30541 0.41196 152.77952 195.62801 147.22542 138.42519 0.3 0.3 0.0 0.0 0.0 0.0 0.0 0.0 0.72115 0.0 0.0 45.47487 -0.49999 0.07399 0.0 0.0 0.0 0.0 0.0 0.0 0.05303473369 93 0 0.950704225352 0.838826861993 -42.9687183808
-0.12623 0.35028 3.35743 -0.12979 0.55971 3.81253912251 0.78258 0.98072 0.30541 0.41196 152.77952 195.62801 147.22542 138.42519 0.3 0.3 0.0 0.0 0.0 0.0 0.0 0.0 0.72115 0.0 0.0 45.47487 -0.49999 0.07399 0.0 0.0 0.0 0.0 0.0 0.0 0.05452701592 94 0 0.944055944056 0.800343651017 -42.9687183808
-0.12623 0.35028 3.35743 -0.12979 0.55971 3.80900859792 0.78258 0.98072 0.30541 0.41196 152.77952 195.62801 147.22542 138.42519 0.3 0.3 0.0 0.0 0.0 0.0 0.0 0.0 0.72115 0.0 0.0 45.47487 -0.49999 0.07399 0.0 0.0 0.0 0.0 0.0 0.0 0.0534801523595 95 0 0.944055944056 0.789032832798 -42.9687183808
-0.12623 0.35028 3.35743 -0.12979 0.55971 3.79481951332 0.78258 0.98072 0.30541 0.41196 152.77952 195.62801 147.22542 138.42519 0.3 0.3 0.0 0.0 0.0 0.0 0.0 0.0 0.72115 0.0 0.0 45.47487 -0.49999 0.07399 0.0 0.0 0.0 0.0 0.0 0.0 0.0539149078114 96 0 0.944055944056 0.964497834803 -42.9687183808
-0.12623 0.35028 3.35743 -0.12979 0.55971 3.80553478325 0.78258 0.98072 0.30541 0.41196 152.77952 195.62801 147.22542 138.42519 0.3 0.3 0.0 0.0 0.0 0.0 0.0 0.0 0.72115 0.0 0.0 45.47487 -0.49999 0.07399 0.0 0.0 0.0 0.0 0.0 0.0 0.053586951912 97 0 0.944055944056 0.787927542405 -42.9687183808
-0.12623 0.35028 3.35743 -0.12979 0.55971 3.78645913963 0.78258 0.98072 0.30541 0.41196 152.77952 195.62801 147.22542 138.42519 0.3 0.3 0.0 0.0 0.0 0.0 0.0 0.0 0.72115 0.0 0.0 45.47487 -0.49999 0.07399 0.0 0.0 0.0 0.0 0.0 0.0 0.0528251870759 98 0 0.950704225352 0.838841918551 -42.9687183808
-0.12623 0.35028 3.35743 -0.12979 0.55971 3.81198929655 0.78258 0.98072 0.30541 0.41196 152.77952 195.62801 147.22542 138.42519 0.3 0.3 0.0 0.0 0.0 0.0 0.0 0.0 0.72115 0.0 0.0 45.47487 -0.49999 0.07399 0.0 0.0 0.0 0.0 0.0 0.0 0.0519939411997 99 0 0.944055944056 0.800936251357 -42.9687183808
-0.12623 0.35028 3.35743 -0.12979 0.55971 3.77313305436 0.78258 0.98072 0.30541 0.41196 152.77952 195.62801 147.22542 138.42519 0.3 0.3 0.0 0.0 0.0 0.0 0.0 0.0 0.72115 0.0 0.0 45.47487 -0.49999 0.07399 0.0 0.0 0.0 0.0 0.0 0.0 0.0532416470914 100 0 0.957446808511 0.80531736899 -42.9687183808
