-0.12623 0.35028 3.35743 -0.12979 0.55971 3.98738666667 0.78258 0.98072 0.30541 0.41196 152.77952 195.62801 147.22542 138.42519 0.3 0.3 0.0 0.0 0.0 0.0 0.0 0.0 0.72115 0.0 0.0 45.47487 -0.49999 0.07399 0.0 0.0 0.0 0.0 0.0 0.0 0.05 0 1 0.992647058824 0.405395734613 -2.1532566554
-0.12623 0.35028 3.35743 -0.12979 0.55971 4.01128731021 0.78258 0.98072 0.30541 0.41196 152.77952 195.62801 147.22542 138.42519 0.3 0.3 0.0 0.0 0.0 0.0 0.0 0.0 0.72115 0.0 0.0 45.47487 -0.49999 0.07399 0.0 0.0 0.0 0.0 0.0 0.0 0.0502542762758 1 1 0.985294117647 0.0525655822419 -1.79776874339
-0.12623 0.35028 3.35743 -0.12979 0.55971 4.03628878759 0.78258 0.98072 0.30541 0.41196 152.77952 195.62801 147.22542 138.42519 0.3 0.3 0.0 0.0 0.0 0.0 0.0 0.0 0.72115 0.0 0.0 45.47487 -0.49999 0.07399 0.0 0.0 0.0 0.0 0.0 0.0 0.0508939901853 2 1 1.0 0.408316828712 -1.81616424804
-0.12623 0.35028 3.35743 -0.12979 0.55971 4.03520840694 0.78258 0.98072 0.30541 0.41196 152.77952 195.62801 147.22542 138.42519 0.3 0.3 0.0 0.0 0.0 0.0 0.0 0.0 0.72115 0.0 0.0 45.47487 -0.49999 0.07399 0.0 0.0 0.0 0.0 0.0 0.0 0.0505102803687 3 1 1.0 0.408163773283 -1.78909771211
-0.12623 0.35028 3.35743 -0.12979 0.55971 4.03216310854 0.78258 0.98072 0.30541 0.41196 152.77952 195.62801 147.22542 138.42519 0.3 0.3 0.0 0.0 0.0 0.0 0.0 0.0 0.72115 0.0 0.0 45.47487 -0.49999 0.07399 0.0 0.0 0.0 0.0 0.0 0.0 0.0507675674967 4 1 1.0 0.408023809632 -1.80722460216
-0.12623 0.35028 3.35743 -0.12979 0.55971 4.03981842104 0.78258 0.98072 0.30541 0.41196 152.77952 195.62801 147.22542 138.42519 0.3 0.3 0.0 0.0 0.0 0.0 0.0 0.0 0.72115 0.0 0.0 45.47487 -0.49999 0.07399 0.0 0.0 0.0 0.0 0.0 0.0 0.0496184865213 5 1 1.0 0.455443211974 -1.72695802787
-0.12623 0.35028 3.35743 -0.12979 0.55971 4.0541839182 0.78258 0.98072 0.30541 0.41196 152.77952 195.62801 147.22542 138.42519 0.3 0.3 0.0 0.0 0.0 0.0 0.0 0.0 0.72115 0.0 0.0 45.47487 -0.49999 0.07399 0.0 0.0 0.0 0.0 0.0 0.0 0.0493140011483 6 0 0.992647058824 0.371062260209 -1.72695802787
-0.12623 0.35028 3.35743 -0.12979 0.55971 4.05503471553 0.78258 0.98072 0.30541 0.41196 152.77952 195.62801 147.22542 138.42519 0.3 0.3 0.0 0.0 0.0 0.0 0.0 0.0 0.72115 0.0 0.0 45.47487 -0.49999 0.07399 0.0 0.0 0.0 0.0 0.0 0.0 0.0493488193931 7 1 0.992647058824 0.371121376789 -2.05237485171
-0.12623 0.35028 3.35743 -0.12979 0.55971 4.04805060439 0.78258 0.98072 0.30541 0.41196 152.77952 195.62801 147.22542 138.42519 0.3 0.3 0.0 0.0 0.0 0.0 0.0 0.0 0.72115 0.0 0.0 45.47487 -0.49999 0.07399 0.0 0.0 0.0 0.0 0.0 0.0 0.0478102281245 8 1 1.0 0.279592341441 -1.60425651142
-0.12623 0.35028 3.35743 -0.12979 0.55971 4.01874690361 0.78258 0.98072 0.30541 0.41196 152.77952 195.62801 147.22542 138.42519 0.3 0.3 0.0 0.0 0.0 0.0 0.0 0.0 0.72115 0.0 0.0 45.47487 -0.49999 0.07399 0.0 0.0 0.0 0.0 0.0 0.0 0.0476453355053 9 1 0.992592592593 0.118441535777 -1.63143390088
-0.12623 0.35028 3.35743 -0.12979 0.55971 4.01730028891 0.78258 0.98072 0.30541 0.41196 152.77952 195.62801 147.22542 138.42519 0.3 0.3 0.0 0.0 0.0 0.0 0.0 0.0 0.72115 0.0 0.0 45.47487 -0.49999 0.07399 0.0 0.0 0.0 0.0 0.0 0.0 0.0473812113313 10 1 0.985294117647 0.132219156017 -1.76525165436
-0.12623 0.35028 3.35743 -0.12979 0.55971 4.01842765952 0.78258 0.98072 0.30541 0.41196 152.77952 195.62801 147.22542 138.42519 0.3 0.3 0.0 0.0 0.0 0.0 0.0 0.0 0.72115 0.0 0.0 45.47487 -0.49999 0.07399 0.0 0.0 0.0 0.0 0.0 0.0 0.0475513936442 11 1 0.992592592593 0.0349274773038 -1.59038530688
-0.12623 0.35028 3.35743 -0.12979 0.55971 4.05680567623 0.78258 0.98072 0.30541 0.41196 152.77952 195.62801 147.22542 138.42519 0.3 0.3 0.0 0.0 0.0 0.0 0.0 0.0 0.72115 0.0 0.0 45.47487 -0.49999 0.07399 0.0 0.0 0.0 0.0 0.0 0.0 0.0470622519589 12 1 0.992647058824 0.369394074317 -1.92951748157
-0.12623 0.35028 3.35743 -0.12979 0.55971 4.08854894553 0.78258 0.98072 0.30541 0.41196 152.77952 195.62801 147.22542 138.42519 0.3 0.3 0.0 0.0 0.0 0.0 0.0 0.0 0.72115 0.0 0.0 45.47487 -0.49999 0.07399 0.0 0.0 0.0 0.0 0.0 0.0 0.0470416923827 13 0 0.985401459854 0.475213478756 -1.92951748157
-0.12623 0.35028 3.35743 -0.12979 0.55971 4.07029219055 0.78258 0.98072 0.30541 0.41196 152.77952 195.62801 147.22542 138.42519 0.3 0.3 0.0 0.0 0.0 0.0 0.0 0.0 0.72115 0.0 0.0 45.47487 -0.49999 0.07399 0.0 0.0 0.0 0.0 0.0 0.0 0.0465661229 14 1 0.992647058824 0.427004082596 -2.03385131919
-0.12623 0.35028 3.35743 -0.12979 0.55971 4.06476130633 0.78258 0.98072 0.30541 0.41196 152.77952 195.62801 147.22542 138.42519 0.3 0.3 0.0 0.0 0.0 0.0 0.0 0.0 0.72115 0.0 0.0 45.47487 -0.49999 0.07399 0.0 0.0 0.0 0.0 0.0 0.0 0.0463760176254 15 1 0.992647058824 0.415884540582 -1.99922477975
-0.12623 0.35028 3.35743 -0.12979 0.55971 4.0693598509 0.78258 0.98072 0.30541 0.41196 152.77952 195.62801 147.22542 138.42519 0.3 0.3 0.0 0.0 0.0 0.0 0.0 0.0 0.72115 0.0 0.0 45.47487 -0.49999 0.07399 0.0 0.0 0.0 0.0 0.0 0.0 0.0453472041085 16 1 0.992647058824 0.415645226275 -1.95524932115
-0.12623 0.35028 3.35743 -0.12979 0.55971 4.10615499979 0.78258 0.98072 0.30541 0.41196 152.77952 195.62801 147.22542 138.42519 0.3 0.3 0.0 0.0 0.0 0.0 0.0 0.0 0.72115 0.0 0.0 45.47487 -0.49999 0.07399 0.0 0.0 0.0 0.0 0.0 0.0 0.0456472356386 17 1 0.985401459854 0.472685972796 -4.03421729588
-0.12623 0.35028 3.35743 -0.12979 0.55971 4.08579101049 0.78258 0.98072 0.30541 0.41196 152.77952 195.62801 147.22542 138.42519 0.3 0.3 0.0 0.0 0.0 0.0 0.0 0.0 0.72115 0.0 0.0 45.47487 -0.49999 0.07399 0.0 0.0 0.0 0.0 0.0 0.0 0.0459139197364 18 1 0.985401459854 0.447406832095 -3.75694313224
-0.12623 0.35028 3.35743 -0.12979 0.55971 4.09445576027 0.78258 0.98072 0.30541 0.41196 152.77952 195.62801 147.22542 138.42519 0.3 0.3 0.0 0.0 0.0 0.0 0.0 0.0 0.72115 0.0 0.0 45.47487 -0.49999 0.07399 0.0 0.0 0.0 0.0 0.0 0.0 0.0465933958778 19 0 0.985401459854 0.481993047797 -3.75694313224
-0.12623 0.35028 3.35743 -0.12979 0.55971 4.10098886693 0.78258 0.98072 0.30541 0.41196 152.77952 195.62801 147.22542 138.42519 0.3 0.3 0.0 0.0 0.0 0.0 0.0 0.0 0.72115 0.0 0.0 45.47487 -0.49999 0.07399 0.0 0.0 0.0 0.0 0.0 0.0 0.0453111311654 20 1 0.985401459854 0.476009638409 -4.0879887014
-0.12623 0.35028 3.35743 -0.12979 0.55971 4.09587257758 0.78258 0.98072 0.30541 0.41196 152.77952 195.62801 147.22542 138.42519 0.3 0.3 0.0 0.0 0.0 0.0 0.0 0.0 0.72115 0.0 0.0 45.47487 -0.49999 0.07399 0.0 0.0 0.0 0.0 0.0 0.0 0.045532839787 21 1 0.985401459854 0.482147911042 -4.14435303633
-0.12623 0.35028 3.35743 -0.12979 0.55971 4.12027389471 0.78258 0.98072 0.30541 0.41196 152.77952 195.62801 147.22542 138.42519 0.3 0.3 0.0 0.0 0.0 0.0 0.0 0.0 0.72115 0.0 0.0 45.47487 -0.49999 0.07399 0.0 0.0 0.0 0.0 0.0 0.0 0.04531310422 22 0 0.978102189781 0.472214611189 -4.14435303633
-0.12623 0.35028 3.35743 -0.12979 0.55971 4.08399199269 0.78258 0.98072 0.30541 0.41196 152.77952 195.62801 147.22542 138.42519 0.3 0.3 0.0 0.0 0.0 0.0 0.0 0.0 0.72115 0.0 0.0 45.47487 -0.49999 0.07399 0.0 0.0 0.0 0.0 0.0 0.0 0.0464530644104 23 1 0.985401459854 0.447468713838 -3.73975491196
-0.12623 0.35028 3.35743 -0.12979 0.55971 4.0698966476 0.78258 0.98072 0.30541 0.41196 152.77952 195.62801 147.22542 138.42519 0.3 0.3 0.0 0.0 0.0 0.0 0.0 0.0 0.72115 0.0 0.0 45.47487 -0.49999 0.07399 0.0 0.0 0.0 0.0 0.0 0.0 0.0463061775502 24 1 0.992647058824 0.426550523775 -2.02167473442
-0.12623 0.35028 3.35743 -0.12979 0.55971 4.0764183565 0.78258 0.98072 0.30541 0.41196 152.77952 195.62801 147.22542 138.42519 0.3 0.3 0.0 0.0 0.0 0.0 0.0 0.0 0.72115 0.0 0.0 45.47487 -0.49999 0.07399 0.0 0.0 0.0 0.0 0.0 0.0 0.0468117764984 25 1 0.992647058824 0.420615194789 -2.02946178047
-0.12623 0.35028 3.35743 -0.12979 0.55971 4.09941788326 0.78258 0.98072 0.30541 0.41196 152.77952 195.62801 147.22542 138.42519 0.3 0.3 0.0 0.0 0.0 0.0 0.0 0.0 0.72115 0.0 0.0 45.47487 -0.49999 0.07399 0.0 0.0 0.0 0.0 0.0 0.0 0.0467523640347 26 0 0.985401459854 0.475811852006 -2.02946178047
-0.12623 0.35028 3.35743 -0.12979 0.55971 4.04833987663 0.78258 0.98072 0.30541 0.41196 152.77952 195.62801 147.22542 138.42519 0.3 0.3 0.0 0.0 0.0 0.0 0.0 0.0 0.72115 0.0 0.0 45.47487 -0.49999 0.07399 0.0 0.0 0.0 0.0 0.0 0.0 0.0480264721784 27 1 1.0 0.279593665944 -1.61869718594
-0.12623 0.35028 3.35743 -0.12979 0.55971 4.04026394895 0.78258 0.98072 0.30541 0.41196 152.77952 195.62801 147.22542 138.42519 0.3 0.3 0.0 0.0 0.0 0.0 0.0 0.0 0.72115 0.0 0.0 45.47487 -0.49999 0.07399 0.0 0.0 0.0 0.0 0.0 0.0 0.0470904439529 28 1 1.0 0.455501810703 -1.556646005
-0.12623 0.35028 3.35743 -0.12979 0.55971 4.08065973596 0.78258 0.98072 0.30541 0.41196 152.77952 195.62801 147.22542 138.42519 0.3 0.3 0.0 0.0 0.0 0.0 0.0 0.0 0.72115 0.0 0.0 45.47487 -0.49999 0.07399 0.0 0.0 0.0 0.0 0.0 0.0 0.0460989326282 29 0 0.992647058824 0.443259795199 -1.556646005
-0.12623 0.35028 3.35743 -0.12979 0.55971 4.06431436602 0.78258 0.98072 0.30541 0.41196 152.77952 195.62801 147.22542 138.42519 0.3 0.3 0.0 0.0 0.0 0.0 0.0 0.0 0.72115 0.0 0.0 45.47487 -0.49999 0.07399 0.0 0.0 0.0 0.0 0.0 0.0 0.0476002166425 30 1 0.992647058824 0.415694154096 -2.05417162616
-0.12623 0.35028 3.35743 -0.12979 0.55971 4.07125321404 0.78258 0.98072 0.30541 0.41196 152.77952 195.62801 147.22542 138.42519 0.3 0.3 0.0 0.0 0.0 0.0 0.0 0.0 0.72115 0.0 0.0 45.47487 -0.49999 0.07399 0.0 0.0 0.0 0.0 0.0 0.0 0.0466719476368 31 1 0.992647058824 0.427043879053 -2.03851007751
-0.12623 0.35028 3.35743 -0.12979 0.55971 4.06766371951 0.78258 0.98072 0.30541 0.41196 152.77952 195.62801 147.22542 138.42519 0.3 0.3 0.0 0.0 0.0 0.0 0.0 0.0 0.72115 0.0 0.0 45.47487 -0.49999 0.07399 0.0 0.0 0.0 0.0 0.0 0.0 0.0465400448553 32 1 0.992647058824 0.416808611 -2.00857267492
-0.12623 0.35028 3.35743 -0.12979 0.55971 4.06625199686 0.78258 0.98072 0.30541 0.41196 152.77952 195.62801 147.22542 138.42519 0.3 0.3 0.0 0.0 0.0 0.0 0.0 0.0 0.72115 0.0 0.0 45.47487 -0.49999 0.07399 0.0 0.0 0.0 0.0 0.0 0.0 0.0461306021572 33 1 0.992647058824 0.416181638502 -1.98931501812
-0.12623 0.35028 3.35743 -0.12979 0.55971 4.05976466019 0.78258 0.98072 0.30541 0.41196 152.77952 195.62801 147.22542 138.42519 0.3 0.3 0.0 0.0 0.0 0.0 0.0 0.0 0.72115 0.0 0.0 45.47487 -0.49999 0.07399 0.0 0.0 0.0 0.0 0.0 0.0 0.0466724207479 34 1 0.992647058824 0.402636853749 -1.98198741059
-0.12623 0.35028 3.35743 -0.12979 0.55971 4.05203585153 0.78258 0.98072 0.30541 0.41196 152.77952 195.62801 147.22542 138.42519 0.3 0.3 0.0 0.0 0.0 0.0 0.0 0.0 0.72115 0.0 0.0 45.47487 -0.49999 0.07399 0.0 0.0 0.0 0.0 0.0 0.0 0.047374815772 35 1 1.0 0.347315988383 -1.57537203243
-0.12623 0.35028 3.35743 -0.12979 0.55971 4.06369878562 0.78258 0.98072 0.30541 0.41196 152.77952 195.62801 147.22542 138.42519 0.3 0.3 0.0 0.0 0.0 0.0 0.0 0.0 0.72115 0.0 0.0 45.47487 -0.49999 0.07399 0.0 0.0 0.0 0.0 0.0 0.0 0.047913133705 36 0 0.992647058824 0.415270541685 -1.57537203243
-0.12623 0.35028 3.35743 -0.12979 0.55971 4.09060333506 0.78258 0.98072 0.30541 0.41196 152.77952 195.62801 147.22542 138.42519 0.3 0.3 0.0 0.0 0.0 0.0 0.0 0.0 0.72115 0.0 0.0 45.47487 -0.49999 0.07399 0.0 0.0 0.0 0.0 0.0 0.0 0.0467211346489 37 0 0.985401459854 0.486737546313 -1.57537203243
-0.12623 0.35028 3.35743 -0.12979 0.55971 4.03102757679 0.78258 0.98072 0.30541 0.41196 152.77952 195.62801 147.22542 138.42519 0.3 0.3 0.0 0.0 0.0 0.0 0.0 0.0 0.72115 0.0 0.0 45.47487 -0.49999 0.07399 0.0 0.0 0.0 0.0 0.0 0.0 0.0478414370516 38 1 1.0 0.40790187288 -1.60633671905
-0.12623 0.35028 3.35743 -0.12979 0.55971 4.04384748681 0.78258 0.98072 0.30541 0.41196 152.77952 195.62801 147.22542 138.42519 0.3 0.3 0.0 0.0 0.0 0.0 0.0 0.0 0.72115 0.0 0.0 45.47487 -0.49999 0.07399 0.0 0.0 0.0 0.0 0.0 0.0 0.0482062552183 39 1 1.0 0.273453215123 -1.6307512037
-0.12623 0.35028 3.35743 -0.12979 0.55971 4.04787292547 0.78258 0.98072 0.30541 0.41196 152.77952 195.62801 147.22542 138.42519 0.3 0.3 0.0 0.0 0.0 0.0 0.0 0.0 0.72115 0.0 0.0 45.47487 -0.49999 0.07399 0.0 0.0 0.0 0.0 0.0 0.0 0.048477623289 40 1 1.0 0.279688754817 -1.64902861049
-0.12623 0.35028 3.35743 -0.12979 0.55971 4.03465636545 0.78258 0.98072 0.30541 0.41196 152.77952 195.62801 147.22542 138.42519 0.3 0.3 0.0 0.0 0.0 0.0 0.0 0.0 0.72115 0.0 0.0 45.47487 -0.49999 0.07399 0.0 0.0 0.0 0.0 0.0 0.0 0.0481162050345 41 1 1.0 0.40879716239 -1.62470808839
-0.12623 0.35028 3.35743 -0.12979 0.55971 4.00721016114 0.78258 0.98072 0.30541 0.41196 152.77952 195.62801 147.22542 138.42519 0.3 0.3 0.0 0.0 0.0 0.0 0.0 0.0 0.72115 0.0 0.0 45.47487 -0.49999 0.07399 0.0 0.0 0.0 0.0 0.0 0.0 0.0482822221105 42 0 0.977941176471 0.371211939785 -1.62470808839
-0.12623 0.35028 3.35743 -0.12979 0.55971 4.0322499214 0.78258 0.98072 0.30541 0.41196 152.77952 195.62801 147.22542 138.42519 0.3 0.3 0.0 0.0 0.0 0.0 0.0 0.0 0.72115 0.0 0.0 45.47487 -0.49999 0.07399 0.0 0.0 0.0 0.0 0.0 0.0 0.0471086373408 43 1 1.0 0.408036830016 -1.55784076607
-0.12623 0.35028 3.35743 -0.12979 0.55971 4.02985918166 0.78258 0.98072 0.30541 0.41196 152.77952 195.62801 147.22542 138.42519 0.3 0.3 0.0 0.0 0.0 0.0 0.0 0.0 0.72115 0.0 0.0 45.47487 -0.49999 0.07399 0.0 0.0 0.0 0.0 0.0 0.0 0.0472414016713 44 1 1.0 0.407513708862 -1.56657299571
-0.12623 0.35028 3.35743 -0.12979 0.55971 4.03214817789 0.78258 0.98072 0.30541 0.41196 152.77952 195.62801 147.22542 138.42519 0.3 0.3 0.0 0.0 0.0 0.0 0.0 0.0 0.72115 0.0 0.0 45.47487 -0.49999 0.07399 0.0 0.0 0.0 0.0 0.0 0.0 0.0463987148841 45 1 1.0 0.40802206214 -1.51155318086
-0.12623 0.35028 3.35743 -0.12979 0.55971 4.05390013838 0.78258 0.98072 0.30541 0.41196 152.77952 195.62801 147.22542 138.42519 0.3 0.3 0.0 0.0 0.0 0.0 0.0 0.0 0.72115 0.0 0.0 45.47487 -0.49999 0.07399 0.0 0.0 0.0 0.0 0.0 0.0 0.0467275733039 46 1 1.0 0.352746370466 -1.53291003262
-0.12623 0.35028 3.35743 -0.12979 0.55971 4.0656174845 0.78258 0.98072 0.30541 0.41196 152.77952 195.62801 147.22542 138.42519 0.3 0.3 0.0 0.0 0.0 0.0 0.0 0.0 0.72115 0.0 0.0 45.47487 -0.49999 0.07399 0.0 0.0 0.0 0.0 0.0 0.0 0.0465314422533 47 1 0.992647058824 0.416097317191 -2.00653044494
-0.12623 0.35028 3.35743 -0.12979 0.55971 4.06877488059 0.78258 0.98072 0.30541 0.41196 152.77952 195.62801 147.22542 138.42519 0.3 0.3 0.0 0.0 0.0 0.0 0.0 0.0 0.72115 0.0 0.0 45.47487 -0.49999 0.07399 0.0 0.0 0.0 0.0 0.0 0.0 0.0468939412507 48 1 0.992647058824 0.415079761615 -2.02031574293
-0.12623 0.35028 3.35743 -0.12979 0.55971 4.09318400824 0.78258 0.98072 0.30541 0.41196 152.77952 195.62801 147.22542 138.42519 0.3 0.3 0.0 0.0 0.0 0.0 0.0 0.0 0.72115 0.0 0.0 45.47487 -0.49999 0.07399 0.0 0.0 0.0 0.0 0.0 0.0 0.0467160547426 49 1 0.985401459854 0.481789513908 -4.08223917914
-0.12623 0.35028 3.35743 -0.12979 0.55971 4.12676948152 0.78258 0.98072 0.30541 0.41196 152.77952 195.62801 147.22542 138.42519 0.3 0.3 0.0 0.0 0.0 0.0 0.0 0.0 0.72115 0.0 0.0 45.47487 -0.49999 0.07399 0.0 0.0 0.0 0.0 0.0 0.0 0.0467076777446 50 0 0.970802919708 0.500866299312 -4.08223917914
-0.12623 0.35028 3.35743 -0.12979 0.55971 4.10653922895 0.78258 0.98072 0.30541 0.41196 152.77952 195.62801 147.22542 138.42519 0.3 0.3 0.0 0.0 0.0 0.0 0.0 0.0 0.72115 0.0 0.0 45.47487 -0.49999 0.07399 0.0 0.0 0.0 0.0 0.0 0.0 0.0475848706601 51 1 0.985401459854 0.473263073417 -3.96086038571
-0.12623 0.35028 3.35743 -0.12979 0.55971 4.13567538095 0.78258 0.98072 0.30541 0.41196 152.77952 195.62801 147.22542 138.42519 0.3 0.3 0.0 0.0 0.0 0.0 0.0 0.0 0.72115 0.0 0.0 45.47487 -0.49999 0.07399 0.0 0.0 0.0 0.0 0.0 0.0 0.0479971957885 52 0 0.977941176471 0.608682951944 -3.96086038571
-0.12623 0.35028 3.35743 -0.12979 0.55971 4.13656283013 0.78258 0.98072 0.30541 0.41196 152.77952 195.62801 147.22542 138.42519 0.3 0.3 0.0 0.0 0.0 0.0 0.0 0.0 0.72115 0.0 0.0 45.47487 -0.49999 0.07399 0.0 0.0 0.0 0.0 0.0 0.0 0.0470825183697 53 0 0.977941176471 0.586143106894 -3.96086038571
-0.12623 0.35028 3.35743 -0.12979 0.55971 4.13640192962 0.78258 0.98072 0.30541 0.41196 152.77952 195.62801 147.22542 138.42519 0.3 0.3 0.0 0.0 0.0 0.0 0.0 0.0 0.72115 0.0 0.0 45.47487 -0.49999 0.07399 0.0 0.0 0.0 0.0 0.0 0.0 0.0472497682522 54 0 0.977941176471 0.586114405791 -3.96086038571
-0.12623 0.35028 3.35743 -0.12979 0.55971 4.1136973831 0.78258 0.98072 0.30541 0.41196 152.77952 195.62801 147.22542 138.42519 0.3 0.3 0.0 0.0 0.0 0.0 0.0 0.0 0.72115 0.0 0.0 45.47487 -0.49999 0.07399 0.0 0.0 0.0 0.0 0.0 0.0 0.04781586666 55 1 0.985401459854 0.473639024636 -3.95709237899
-0.12623 0.35028 3.35743 -0.12979 0.55971 4.08916077228 0.78258 0.98072 0.30541 0.41196 152.77952 195.62801 147.22542 138.42519 0.3 0.3 0.0 0.0 0.0 0.0 0.0 0.0 0.72115 0.0 0.0 45.47487 -0.49999 0.07399 0.0 0.0 0.0 0.0 0.0 0.0 0.0474639414008 56 1 0.985401459854 0.479058625926 -4.02368784859
-0.12623 0.35028 3.35743 -0.12979 0.55971 4.06954595068 0.78258 0.98072 0.30541 0.41196 152.77952 195.62801 147.22542 138.42519 0.3 0.3 0.0 0.0 0.0 0.0 0.0 0.0 0.72115 0.0 0.0 45.47487 -0.49999 0.07399 0.0 0.0 0.0 0.0 0.0 0.0 0.0487531056114 57 1 0.992647058824 0.426505943872 -2.13318567617
-0.12623 0.35028 3.35743 -0.12979 0.55971 4.07104215693 0.78258 0.98072 0.30541 0.41196 152.77952 195.62801 147.22542 138.42519 0.3 0.3 0.0 0.0 0.0 0.0 0.0 0.0 0.72115 0.0 0.0 45.47487 -0.49999 0.07399 0.0 0.0 0.0 0.0 0.0 0.0 0.0483733736714 58 1 0.992647058824 0.427074621433 -2.11609480054
-0.12623 0.35028 3.35743 -0.12979 0.55971 4.07930740293 0.78258 0.98072 0.30541 0.41196 152.77952 195.62801 147.22542 138.42519 0.3 0.3 0.0 0.0 0.0 0.0 0.0 0.0 0.72115 0.0 0.0 45.47487 -0.49999 0.07399 0.0 0.0 0.0 0.0 0.0 0.0 0.0490681341924 59 1 0.992647058824 0.419741478504 -2.13422667136
-0.12623 0.35028 3.35743 -0.12979 0.55971 4.08118797447 0.78258 0.98072 0.30541 0.41196 152.77952 195.62801 147.22542 138.42519 0.3 0.3 0.0 0.0 0.0 0.0 0.0 0.0 0.72115 0.0 0.0 45.47487 -0.49999 0.07399 0.0 0.0 0.0 0.0 0.0 0.0 0.0491316772192 60 0 0.985401459854 0.446782578637 -2.13422667136
-0.12623 0.35028 3.35743 -0.12979 0.55971 4.12011289883 0.78258 0.98072 0.30541 0.41196 152.77952 195.62801 147.22542 138.42519 0.3 0.3 0.0 0.0 0.0 0.0 0.0 0.0 0.72115 0.0 0.0 45.47487 -0.49999 0.07399 0.0 0.0 0.0 0.0 0.0 0.0 0.0491186431383 61 0 0.978102189781 0.472170174802 -2.13422667136
-0.12623 0.35028 3.35743 -0.12979 0.55971 4.08205342263 0.78258 0.98072 0.30541 0.41196 152.77952 195.62801 147.22542 138.42519 0.3 0.3 0.0 0.0 0.0 0.0 0.0 0.0 0.72115 0.0 0.0 45.47487 -0.49999 0.07399 0.0 0.0 0.0 0.0 0.0 0.0 0.0484756970111 62 0 0.985401459854 0.447044081632 -2.13422667136
-0.12623 0.35028 3.35743 -0.12979 0.55971 4.09966274984 0.78258 0.98072 0.30541 0.41196 152.77952 195.62801 147.22542 138.42519 0.3 0.3 0.0 0.0 0.0 0.0 0.0 0.0 0.72115 0.0 0.0 45.47487 -0.49999 0.07399 0.0 0.0 0.0 0.0 0.0 0.0 0.0487019438658 63 0 0.985401459854 0.475855272314 -2.13422667136
-0.12623 0.35028 3.35743 -0.12979 0.55971 4.07476795216 0.78258 0.98072 0.30541 0.41196 152.77952 195.62801 147.22542 138.42519 0.3 0.3 0.0 0.0 0.0 0.0 0.0 0.0 0.72115 0.0 0.0 45.47487 -0.49999 0.07399 0.0 0.0 0.0 0.0 0.0 0.0 0.0493757600497 64 1 0.992647058824 0.426830101845 -2.16475515495
-0.12623 0.35028 3.35743 -0.12979 0.55971 4.09553150784 0.78258 0.98072 0.30541 0.41196 152.77952 195.62801 147.22542 138.42519 0.3 0.3 0.0 0.0 0.0 0.0 0.0 0.0 0.72115 0.0 0.0 45.47487 -0.49999 0.07399 0.0 0.0 0.0 0.0 0.0 0.0 0.0496540124945 65 1 0.985401459854 0.482126520925 -3.9898099534
-0.12623 0.35028 3.35743 -0.12979 0.55971 4.09692348854 0.78258 0.98072 0.30541 0.41196 152.77952 195.62801 147.22542 138.42519 0.3 0.3 0.0 0.0 0.0 0.0 0.0 0.0 0.72115 0.0 0.0 45.47487 -0.49999 0.07399 0.0 0.0 0.0 0.0 0.0 0.0 0.0495314913016 66 1 0.985401459854 0.482160714356 -3.99286940164
-0.12623 0.35028 3.35743 -0.12979 0.55971 4.09909597471 0.78258 0.98072 0.30541 0.41196 152.77952 195.62801 147.22542 138.42519 0.3 0.3 0.0 0.0 0.0 0.0 0.0 0.0 0.72115 0.0 0.0 45.47487 -0.49999 0.07399 0.0 0.0 0.0 0.0 0.0 0.0 0.0492407105848 67 1 0.985401459854 0.475749236574 -3.93905566063
-0.12623 0.35028 3.35743 -0.12979 0.55971 4.09294733904 0.78258 0.98072 0.30541 0.41196 152.77952 195.62801 147.22542 138.42519 0.3 0.3 0.0 0.0 0.0 0.0 0.0 0.0 0.72115 0.0 0.0 45.47487 -0.49999 0.07399 0.0 0.0 0.0 0.0 0.0 0.0 0.0493057135157 68 1 0.985401459854 0.480927880711 -3.98647880323
-0.12623 0.35028 3.35743 -0.12979 0.55971 4.08324782233 0.78258 0.98072 0.30541 0.41196 152.77952 195.62801 147.22542 138.42519 0.3 0.3 0.0 0.0 0.0 0.0 0.0 0.0 0.72115 0.0 0.0 45.47487 -0.49999 0.07399 0.0 0.0 0.0 0.0 0.0 0.0 0.0491553631367 69 1 0.985401459854 0.44720380277 -3.67956294833
-0.12623 0.35028 3.35743 -0.12979 0.55971 4.06230338837 0.78258 0.98072 0.30541 0.41196 152.77952 195.62801 147.22542 138.42519 0.3 0.3 0.0 0.0 0.0 0.0 0.0 0.0 0.72115 0.0 0.0 45.47487 -0.49999 0.07399 0.0 0.0 0.0 0.0 0.0 0.0 0.0492071964469 70 1 0.992647058824 0.403345475999 -2.1073303012
-0.12623 0.35028 3.35743 -0.12979 0.55971 4.04587533645 0.78258 0.98072 0.30541 0.41196 152.77952 195.62801 147.22542 138.42519 0.3 0.3 0.0 0.0 0.0 0.0 0.0 0.0 0.72115 0.0 0.0 45.47487 -0.49999 0.07399 0.0 0.0 0.0 0.0 0.0 0.0 0.048844075964 71 1 1.0 0.275025125812 -1.67386829762
-0.12623 0.35028 3.35743 -0.12979 0.55971 4.04576724151 0.78258 0.98072 0.30541 0.41196 152.77952 195.62801 147.22542 138.42519 0.3 0.3 0.0 0.0 0.0 0.0 0.0 0.0 0.72115 0.0 0.0 45.47487 -0.49999 0.07399 0.0 0.0 0.0 0.0 0.0 0.0 0.0488037982593 72 1 1.0 0.27501856899 -1.67112922598
-0.12623 0.35028 3.35743 -0.12979 0.55971 4.0796413277 0.78258 0.98072 0.30541 0.41196 152.77952 195.62801 147.22542 138.42519 0.3 0.3 0.0 0.0 0.0 0.0 0.0 0.0 0.72115 0.0 0.0 45.47487 -0.49999 0.07399 0.0 0.0 0.0 0.0 0.0 0.0 0.0486042666885 73 1 0.992647058824 0.419801454529 -2.11133952172
-0.12623 0.35028 3.35743 -0.12979 0.55971 4.07610293226 0.78258 0.98072 0.30541 0.41196 152.77952 195.62801 147.22542 138.42519 0.3 0.3 0.0 0.0 0.0 0.0 0.0 0.0 0.72115 0.0 0.0 45.47487 -0.49999 0.07399 0.0 0.0 0.0 0.0 0.0 0.0 0.0485865496488 74 1 0.992647058824 0.420557892814 -2.11210900821
-0.12623 0.35028 3.35743 -0.12979 0.55971 4.04923882727 0.78258 0.98072 0.30541 0.41196 152.77952 195.62801 147.22542 138.42519 0.3 0.3 0.0 0.0 0.0 0.0 0.0 0.0 0.72115 0.0 0.0 45.47487 -0.49999 0.07399 0.0 0.0 0.0 0.0 0.0 0.0 0.0481909280806 75 1 1.0 0.279662273066 -1.62972185045
-0.12623 0.35028 3.35743 -0.12979 0.55971 4.00502851869 0.78258 0.98072 0.30541 0.41196 152.77952 195.62801 147.22542 138.42519 0.3 0.3 0.0 0.0 0.0 0.0 0.0 0.0 0.72115 0.0 0.0 45.47487 -0.49999 0.07399 0.0 0.0 0.0 0.0 0.0 0.0 0.047809137507 76 1 0.977941176471 0.379156784433 -5.04715242648
-0.12623 0.35028 3.35743 -0.12979 0.55971 4.03806760533 0.78258 0.98072 0.30541 0.41196 152.77952 195.62801 147.22542 138.42519 0.3 0.3 0.0 0.0 0.0 0.0 0.0 0.0 0.72115 0.0 0.0 45.47487 -0.49999 0.07399 0.0 0.0 0.0 0.0 0.0 0.0 0.0481767377077 77 1 1.0 0.45476704932 -1.62876912448
-0.12623 0.35028 3.35743 -0.12979 0.55971 4.05197110826 0.78258 0.98072 0.30541 0.41196 152.77952 195.62801 147.22542 138.42519 0.3 0.3 0.0 0.0 0.0 0.0 0.0 0.0 0.72115 0.0 0.0 45.47487 -0.49999 0.07399 0.0 0.0 0.0 0.0 0.0 0.0 0.047788953374 78 1 1.0 0.347320125806 -1.60283921493
-0.12623 0.35028 3.35743 -0.12979 0.55971 4.08154774123 0.78258 0.98072 0.30541 0.41196 152.77952 195.62801 147.22542 138.42519 0.3 0.3 0.0 0.0 0.0 0.0 0.0 0.0 0.72115 0.0 0.0 45.47487 -0.49999 0.07399 0.0 0.0 0.0 0.0 0.0 0.0 0.0485628829526 79 0 0.985401459854 0.446980615279 -1.60283921493
-0.12623 0.35028 3.35743 -0.12979 0.55971 4.0407877934 0.78258 0.98072 0.30541 0.41196 152.77952 195.62801 147.22542 138.42519 0.3 0.3 0.0 0.0 0.0 0.0 0.0 0.0 0.72115 0.0 0.0 45.47487 -0.49999 0.07399 0.0 0.0 0.0 0.0 0.0 0.0 0.0472411448798 80 1 1.0 0.455554104512 -1.56655608285
-0.12623 0.35028 3.35743 -0.12979 0.55971 4.05788317876 0.78258 0.98072 0.30541 0.41196 152.77952 195.62801 147.22542 138.42519 0.3 0.3 0.0 0.0 0.0 0.0 0.0 0.0 0.72115 0.0 0.0 45.47487 -0.49999 0.07399 0.0 0.0 0.0 0.0 0.0 0.0 0.0469877043982 81 1 0.992647058824 0.403134067048 -1.99762623154
-0.12623 0.35028 3.35743 -0.12979 0.55971 4.0644361887 0.78258 0.98072 0.30541 0.41196 152.77952 195.62801 147.22542 138.42519 0.3 0.3 0.0 0.0 0.0 0.0 0.0 0.0 0.72115 0.0 0.0 45.47487 -0.49999 0.07399 0.0 0.0 0.0 0.0 0.0 0.0 0.0469491331474 82 1 0.992647058824 0.415849297034 -2.02457157182
-0.12623 0.35028 3.35743 -0.12979 0.55971 4.04887950999 0.78258 0.98072 0.30541 0.41196 152.77952 195.62801 147.22542 138.42519 0.3 0.3 0.0 0.0 0.0 0.0 0.0 0.0 0.72115 0.0 0.0 45.47487 -0.49999 0.07399 0.0 0.0 0.0 0.0 0.0 0.0 0.0474663098921 83 1 1.0 0.279656220459 -1.5814202728
-0.12623 0.35028 3.35743 -0.12979 0.55971 4.06866444415 0.78258 0.98072 0.30541 0.41196 152.77952 195.62801 147.22542 138.42519 0.3 0.3 0.0 0.0 0.0 0.0 0.0 0.0 0.72115 0.0 0.0 45.47487 -0.49999 0.07399 0.0 0.0 0.0 0.0 0.0 0.0 0.0477139122354 84 1 0.992647058824 0.415069192369 -2.05812872389
-0.12623 0.35028 3.35743 -0.12979 0.55971 4.06695854047 0.78258 0.98072 0.30541 0.41196 152.77952 195.62801 147.22542 138.42519 0.3 0.3 0.0 0.0 0.0 0.0 0.0 0.0 0.72115 0.0 0.0 45.47487 -0.49999 0.07399 0.0 0.0 0.0 0.0 0.0 0.0 0.0469915447549 85 1 0.992647058824 0.416229940652 -2.02736074495
-0.12623 0.35028 3.35743 -0.12979 0.55971 4.11012846921 0.78258 0.98072 0.30541 0.41196 152.77952 195.62801 147.22542 138.42519 0.3 0.3 0.0 0.0 0.0 0.0 0.0 0.0 0.72115 0.0 0.0 45.47487 -0.49999 0.07399 0.0 0.0 0.0 0.0 0.0 0.0 0.0477333182779 86 0 0.985401459854 0.473108460333 -2.02736074495
-0.12623 0.35028 3.35743 -0.12979 0.55971 4.07378785004 0.78258 0.98072 0.30541 0.41196 152.77952 195.62801 147.22542 138.42519 0.3 0.3 0.0 0.0 0.0 0.0 0.0 0.0 0.72115 0.0 0.0 45.47487 -0.49999 0.07399 0.0 0.0 0.0 0.0 0.0 0.0 0.0468652315383 87 1 0.992647058824 0.426752673389 -2.04623608289
-0.12623 0.35028 3.35743 -0.12979 0.55971 4.02730438156 0.78258 0.98072 0.30541 0.41196 152.77952 195.62801 147.22542 138.42519 0.3 0.3 0.0 0.0 0.0 0.0 0.0 0.0 0.72115 0.0 0.0 45.47487 -0.49999 0.07399 0.0 0.0 0.0 0.0 0.0 0.0 0.0472848553388 88 1 1.0 0.118385402354 -1.56943623846
-0.12623 0.35028 3.35743 -0.12979 0.55971 4.07231884099 0.78258 0.98072 0.30541 0.41196 152.77952 195.62801 147.22542 138.42519 0.3 0.3 0.0 0.0 0.0 0.0 0.0 0.0 0.72115 0.0 0.0 45.47487 -0.49999 0.07399 0.0 0.0 0.0 0.0 0.0 0.0 0.0465642169699 89 1 0.992647058824 0.426515851109 -2.03260042058
-0.12623 0.35028 3.35743 -0.12979 0.55971 4.08550742988 0.78258 0.98072 0.30541 0.41196 152.77952 195.62801 147.22542 138.42519 0.3 0.3 0.0 0.0 0.0 0.0 0.0 0.0 0.72115 0.0 0.0 45.47487 -0.49999 0.07399 0.0 0.0 0.0 0.0 0.0 0.0 0.0466647967434 90 0 0.985401459854 0.447335822969 -2.03260042058
-0.12623 0.35028 3.35743 -0.12979 0.55971 4.10340894248 0.78258 0.98072 0.30541 0.41196 152.77952 195.62801 147.22542 138.42519 0.3 0.3 0.0 0.0 0.0 0.0 0.0 0.0 0.72115 0.0 0.0 45.47487 -0.49999 0.07399 0.0 0.0 0.0 0.0 0.0 0.0 0.0462910429606 91 0 0.985401459854 0.476737258006 -2.03260042058
-0.12623 0.35028 3.35743 -0.12979 0.55971 4.06440761701 0.78258 0.98072 0.30541 0.41196 152.77952 195.62801 147.22542 138.42519 0.3 0.3 0.0 0.0 0.0 0.0 0.0 0.0 0.72115 0.0 0.0 45.47487 -0.49999 0.07399 0.0 0.0 0.0 0.0 0.0 0.0 0.0463490876073 92 1 0.992647058824 0.415846682889 -1.99796263232
-0.12623 0.35028 3.35743 -0.12979 0.55971 4.05340796745 0.78258 0.98072 0.30541 0.41196 152.77952 195.62801 147.22542 138.42519 0.3 0.3 0.0 0.0 0.0 0.0 0.0 0.0 0.72115 0.0 0.0 45.47487 -0.49999 0.07399 0.0 0.0 0.0 0.0 0.0 0.0 0.0473906079354 93 1 1.0 0.370947002685 -1.57641516705
-0.12623 0.35028 3.35743 -0.12979 0.55971 4.03004363375 0.78258 0.98072 0.30541 0.41196 152.77952 195.62801 147.22542 138.42519 0.3 0.3 0.0 0.0 0.0 0.0 0.0 0.0 0.72115 0.0 0.0 45.47487 -0.49999 0.07399 0.0 0.0 0.0 0.0 0.0 0.0 0.0467795692191 94 1 1.0 0.408485104167 -1.53630020843
-0.12623 0.35028 3.35743 -0.12979 0.55971 4.0171179951 0.78258 0.98072 0.30541 0.41196 152.77952 195.62801 147.22542 138.42519 0.3 0.3 0.0 0.0 0.0 0.0 0.0 0.0 0.72115 0.0 0.0 45.47487 -0.49999 0.07399 0.0 0.0 0.0 0.0 0.0 0.0 0.0459697596137 95 1 0.985294117647 0.132218900247 -1.6851856686
-0.12623 0.35028 3.35743 -0.12979 0.55971 3.99077744804 0.78258 0.98072 0.30541 0.41196 152.77952 195.62801 147.22542 138.42519 0.3 0.3 0.0 0.0 0.0 0.0 0.0 0.0 0.72115 0.0 0.0 45.47487 -0.49999 0.07399 0.0 0.0 0.0 0.0 0.0 0.0 0.0451348992393 96 1 0.992647058824 0.404542668189 -1.91947312565
-0.12623 0.35028 3.35743 -0.12979 0.55971 3.97890254656 0.78258 0.98072 0.30541 0.41196 152.77952 195.62801 147.22542 138.42519 0.3 0.3 0.0 0.0 0.0 0.0 0.0 0.0 0.72115 0.0 0.0 45.47487 -0.49999 0.07399 0.0 0.0 0.0 0.0 0.0 0.0 0.0458190423399 97 1 0.992647058824 0.376428886882 -1.88479888368
-0.12623 0.35028 3.35743 -0.12979 0.55971 3.99656938897 0.78258 0.98072 0.30541 0.41196 152.77952 195.62801 147.22542 138.42519 0.3 0.3 0.0 0.0 0.0 0.0 0.0 0.0 0.72115 0.0 0.0 45.47487 -0.49999 0.07399 0.0 0.0 0.0 0.0 0.0 0.0 0.045531798709 98 1 0.985294117647 0.39659541361 -3.30182468998
-0.12623 0.35028 3.35743 -0.12979 0.55971 4.00257371527 0.78258 0.98072 0.30541 0.41196 152.77952 195.62801 147.22542 138.42519 0.3 0.3 0.0 0.0 0.0 0.0 0.0 0.0 0.72115 0.0 0.0 45.47487 -0.49999 0.07399 0.0 0.0 0.0 0.0 0.0 0.0 0.0450096761091 99 0 0.977941176471 0.378982411668 -3.30182468998
-0.12623 0.35028 3.35743 -0.12979 0.55971 3.94911619415 0.78258 0.98072 0.30541 0.41196 152.77952 195.62801 147.22542 138.42519 0.3 0.3 0.0 0.0 0.0 0.0 0.0 0.0 0.72115 0.0 0.0 45.47487 -0.49999 0.07399 0.0 0.0 0.0 0.0 0.0 0.0 0.0464516035774 100 1 0.992647058824 0.495693274997 -2.20760486629
