-0.12623 0.35028 3.35743 -0.12979 0.55971 3.78738666667 0.78258 0.98072 0.30541 0.41196 152.77952 195.62801 147.22542 138.42519 0.3 0.3 0.0 0.0 0.0 0.0 0.0 0.0 0.72115 0.0 0.0 45.47487 -0.49999 0.07399 0.0 0.0 0.0 0.0 0.0 0.0 0.05 0 1 0.950704225352 0.839474434949 -78.8165777096
-0.12623 0.35028 3.35743 -0.12979 0.55971 3.77375844813 0.78258 0.98072 0.30541 0.41196 152.77952 195.62801 147.22542 138.42519 0.3 0.3 0.0 0.0 0.0 0.0 0.0 0.0 0.72115 0.0 0.0 45.47487 -0.49999 0.07399 0.0 0.0 0.0 0.0 0.0 0.0 0.0500809622715 1 1 0.957446808511 0.82048983429 -56.4377109944
-0.12623 0.35028 3.35743 -0.12979 0.55971 3.7776733228 0.78258 0.98072 0.30541 0.41196 152.77952 195.62801 147.22542 138.42519 0.3 0.3 0.0 0.0 0.0 0.0 0.0 0.0 0.72115 0.0 0.0 45.47487 -0.49999 0.07399 0.0 0.0 0.0 0.0 0.0 0.0 0.0488246718742 2 1 0.957446808511 0.778704477195 -53.4908858843
-0.12623 0.35028 3.35743 -0.12979 0.55971 3.73036542749 0.78258 0.98072 0.30541 0.41196 152.77952 195.62801 147.22542 138.42519 0.3 0.3 0.0 0.0 0.0 0.0 0.0 0.0 0.72115 0.0 0.0 45.47487 -0.49999 0.07399 0.0 0.0 0.0 0.0 0.0 0.0 0.0487407029989 3 0 0.944055944056 1.00896978634 -53.4908858843
-0.12623 0.35028 3.35743 -0.12979 0.55971 3.8290140581 0.78258 0.98072 0.30541 0.41196 152.77952 195.62801 147.22542 138.42519 0.3 0.3 0.0 0.0 0.0 0.0 0.0 0.0 0.72115 0.0 0.0 45.47487 -0.49999 0.07399 0.0 0.0 0.0 0.0 0.0 0.0 0.0487355625955 4 1 0.950354609929 0.581311673122 -41.1155391876
-0.12623 0.35028 3.35743 -0.12979 0.55971 3.81255187734 0.78258 0.98072 0.30541 0.41196 152.77952 195.62801 147.22542 138.42519 0.3 0.3 0.0 0.0 0.0 0.0 0.0 0.0 0.72115 0.0 0.0 45.47487 -0.49999 0.07399 0.0 0.0 0.0 0.0 0.0 0.0 0.0481410355577 5 0 0.944055944056 0.80022477334 -41.1155391876
-0.12623 0.35028 3.35743 -0.12979 0.55971 3.86156155597 0.78258 0.98072 0.30541 0.41196 152.77952 195.62801 147.22542 138.42519 0.3 0.3 0.0 0.0 0.0 0.0 0.0 0.0 0.72115 0.0 0.0 45.47487 -0.49999 0.07399 0.0 0.0 0.0 0.0 0.0 0.0 0.0497423813634 6 1 0.956834532374 0.697426217275 -42.942319715
-0.12623 0.35028 3.35743 -0.12979 0.55971 3.85357919846 0.78258 0.98072 0.30541 0.41196 152.77952 195.62801 147.22542 138.42519 0.3 0.3 0.0 0.0 0.0 0.0 0.0 0.0 0.72115 0.0 0.0 45.47487 -0.49999 0.07399 0.0 0.0 0.0 0.0 0.0 0.0 0.0485530989696 7 0 0.94964028777 0.693467391311 -42.942319715
-0.12623 0.35028 3.35743 -0.12979 0.55971 3.8800851145 0.78258 0.98072 0.30541 0.41196 152.77952 195.62801 147.22542 138.42519 0.3 0.3 0.0 0.0 0.0 0.0 0.0 0.0 0.72115 0.0 0.0 45.47487 -0.49999 0.07399 0.0 0.0 0.0 0.0 0.0 0.0 0.0497834758499 8 1 0.971223021583 0.652910227107 -17.7626864053
-0.12623 0.35028 3.35743 -0.12979 0.55971 3.84280948218 0.78258 0.98072 0.30541 0.41196 152.77952 195.62801 147.22542 138.42519 0.3 0.3 0.0 0.0 0.0 0.0 0.0 0.0 0.72115 0.0 0.0 45.47487 -0.49999 0.07399 0.0 0.0 0.0 0.0 0.0 0.0 0.0492862423179 9 0 0.95 0.660976474768 -17.7626864053
-0.12623 0.35028 3.35743 -0.12979 0.55971 3.90041687921 0.78258 0.98072 0.30541 0.41196 152.77952 195.62801 147.22542 138.42519 0.3 0.3 0.0 0.0 0.0 0.0 0.0 0.0 0.72115 0.0 0.0 45.47487 -0.49999 0.07399 0.0 0.0 0.0 0.0 0.0 0.0 0.0510843083912 10 0 0.964285714286 0.688173807664 -17.7626864053
-0.12623 0.35028 3.35743 -0.12979 0.55971 3.89332406714 0.78258 0.98072 0.30541 0.41196 152.77952 195.62801 147.22542 138.42519 0.3 0.3 0.0 0.0 0.0 0.0 0.0 0.0 0.72115 0.0 0.0 45.47487 -0.49999 0.07399 0.0 0.0 0.0 0.0 0.0 0.0 0.0496812894021 11 1 0.971223021583 0.563283676869 -13.7072915945
-0.12623 0.35028 3.35743 -0.12979 0.55971 3.91246625177 0.78258 0.98072 0.30541 0.41196 152.77952 195.62801 147.22542 138.42519 0.3 0.3 0.0 0.0 0.0 0.0 0.0 0.0 0.72115 0.0 0.0 45.47487 -0.49999 0.07399 0.0 0.0 0.0 0.0 0.0 0.0 0.0489911030501 12 1 0.978260869565 0.597755834372 -9.59886997436
-0.12623 0.35028 3.35743 -0.12979 0.55971 3.93588926479 0.78258 0.98072 0.30541 0.41196 152.77952 195.62801 147.22542 138.42519 0.3 0.3 0.0 0.0 0.0 0.0 0.0 0.0 0.72115 0.0 0.0 45.47487 -0.49999 0.07399 0.0 0.0 0.0 0.0 0.0 0.0 0.0483794826773 13 1 0.992647058824 0.543657274594 -2.4104803705
-0.12623 0.35028 3.35743 -0.12979 0.55971 3.94866138966 0.78258 0.98072 0.30541 0.41196 152.77952 195.62801 147.22542 138.42519 0.3 0.3 0.0 0.0 0.0 0.0 0.0 0.0 0.72115 0.0 0.0 45.47487 -0.49999 0.07399 0.0 0.0 0.0 0.0 0.0 0.0 0.0490850725658 14 1 0.992647058824 0.495755087848 -2.31075785758
-0.12623 0.35028 3.35743 -0.12979 0.55971 3.96584307951 0.78258 0.98072 0.30541 0.41196 152.77952 195.62801 147.22542 138.42519 0.3 0.3 0.0 0.0 0.0 0.0 0.0 0.0 0.72115 0.0 0.0 45.47487 -0.49999 0.07399 0.0 0.0 0.0 0.0 0.0 0.0 0.0481439165027 15 1 0.985294117647 0.188863740767 -2.00097796653
-0.12623 0.35028 3.35743 -0.12979 0.55971 3.9669771122 0.78258 0.98072 0.30541 0.41196 152.77952 195.62801 147.22542 138.42519 0.3 0.3 0.0 0.0 0.0 0.0 0.0 0.0 0.72115 0.0 0.0 45.47487 -0.49999 0.07399 0.0 0.0 0.0 0.0 0.0 0.0 0.0489221857231 16 1 0.985294117647 0.188850374691 -2.04172868241
-0.12623 0.35028 3.35743 -0.12979 0.55971 3.9499090803 0.78258 0.98072 0.30541 0.41196 152.77952 195.62801 147.22542 138.42519 0.3 0.3 0.0 0.0 0.0 0.0 0.0 0.0 0.72115 0.0 0.0 45.47487 -0.49999 0.07399 0.0 0.0 0.0 0.0 0.0 0.0 0.0487777901074 17 1 0.992647058824 0.495749457447 -2.29764421065
-0.12623 0.35028 3.35743 -0.12979 0.55971 3.96553659936 0.78258 0.98072 0.30541 0.41196 152.77952 195.62801 147.22542 138.42519 0.3 0.3 0.0 0.0 0.0 0.0 0.0 0.0 0.72115 0.0 0.0 45.47487 -0.49999 0.07399 0.0 0.0 0.0 0.0 0.0 0.0 0.0496816104358 18 1 0.985294117647 0.188855800271 -2.08288488125
-0.12623 0.35028 3.35743 -0.12979 0.55971 3.98362688763 0.78258 0.98072 0.30541 0.41196 152.77952 195.62801 147.22542 138.42519 0.3 0.3 0.0 0.0 0.0 0.0 0.0 0.0 0.72115 0.0 0.0 45.47487 -0.49999 0.07399 0.0 0.0 0.0 0.0 0.0 0.0 0.049982082345 19 1 0.992647058824 0.186655543921 -1.83698943454
-0.12623 0.35028 3.35743 -0.12979 0.55971 3.96792593308 0.78258 0.98072 0.30541 0.41196 152.77952 195.62801 147.22542 138.42519 0.3 0.3 0.0 0.0 0.0 0.0 0.0 0.0 0.72115 0.0 0.0 45.47487 -0.49999 0.07399 0.0 0.0 0.0 0.0 0.0 0.0 0.0500294260029 20 0 0.985294117647 0.167571311255 -1.83698943454
-0.12623 0.35028 3.35743 -0.12979 0.55971 4.00607618288 0.78258 0.98072 0.30541 0.41196 152.77952 195.62801 147.22542 138.42519 0.3 0.3 0.0 0.0 0.0 0.0 0.0 0.0 0.72115 0.0 0.0 45.47487 -0.49999 0.07399 0.0 0.0 0.0 0.0 0.0 0.0 0.0493599549751 21 0 0.977941176471 0.379556067041 -1.83698943454
-0.12623 0.35028 3.35743 -0.12979 0.55971 3.96719221192 0.78258 0.98072 0.30541 0.41196 152.77952 195.62801 147.22542 138.42519 0.3 0.3 0.0 0.0 0.0 0.0 0.0 0.0 0.72115 0.0 0.0 45.47487 -0.49999 0.07399 0.0 0.0 0.0 0.0 0.0 0.0 0.0500745913032 22 1 0.985294117647 0.188870159158 -2.10472504248
-0.12623 0.35028 3.35743 -0.12979 0.55971 3.99386927856 0.78258 0.98072 0.30541 0.41196 152.77952 195.62801 147.22542 138.42519 0.3 0.3 0.0 0.0 0.0 0.0 0.0 0.0 0.72115 0.0 0.0 45.47487 -0.49999 0.07399 0.0 0.0 0.0 0.0 0.0 0.0 0.0502094370326 23 0 0.985294117647 0.40174601756 -2.10472504248
-0.12623 0.35028 3.35743 -0.12979 0.55971 3.99754369659 0.78258 0.98072 0.30541 0.41196 152.77952 195.62801 147.22542 138.42519 0.3 0.3 0.0 0.0 0.0 0.0 0.0 0.0 0.72115 0.0 0.0 45.47487 -0.49999 0.07399 0.0 0.0 0.0 0.0 0.0 0.0 0.0500562934095 24 0 0.985294117647 0.396811888084 -2.10472504248
-0.12623 0.35028 3.35743 -0.12979 0.55971 3.96302238149 0.78258 0.98072 0.30541 0.41196 152.77952 195.62801 147.22542 138.42519 0.3 0.3 0.0 0.0 0.0 0.0 0.0 0.0 0.72115 0.0 0.0 45.47487 -0.49999 0.07399 0.0 0.0 0.0 0.0 0.0 0.0 0.0503111917194 25 1 0.985294117647 0.171735762662 -2.05861531819
-0.12623 0.35028 3.35743 -0.12979 0.55971 3.97240461657 0.78258 0.98072 0.30541 0.41196 152.77952 195.62801 147.22542 138.42519 0.3 0.3 0.0 0.0 0.0 0.0 0.0 0.0 0.72115 0.0 0.0 45.47487 -0.49999 0.07399 0.0 0.0 0.0 0.0 0.0 0.0 0.050242627802 26 1 0.985294117647 0.165522411207 -2.03439580483
-0.12623 0.35028 3.35743 -0.12979 0.55971 3.98207840955 0.78258 0.98072 0.30541 0.41196 152.77952 195.62801 147.22542 138.42519 0.3 0.3 0.0 0.0 0.0 0.0 0.0 0.0 0.72115 0.0 0.0 45.47487 -0.49999 0.07399 0.0 0.0 0.0 0.0 0.0 0.0 0.0503232354816 27 1 0.992647058824 0.186474772797 -1.85949321151
-0.12623 0.35028 3.35743 -0.12979 0.55971 3.99816184316 0.78258 0.98072 0.30541 0.41196 152.77952 195.62801 147.22542 138.42519 0.3 0.3 0.0 0.0 0.0 0.0 0.0 0.0 0.72115 0.0 0.0 45.47487 -0.49999 0.07399 0.0 0.0 0.0 0.0 0.0 0.0 0.0502168754408 28 0 0.985294117647 0.396865148357 -1.85949321151
-0.12623 0.35028 3.35743 -0.12979 0.55971 4.00611776244 0.78258 0.98072 0.30541 0.41196 152.77952 195.62801 147.22542 138.42519 0.3 0.3 0.0 0.0 0.0 0.0 0.0 0.0 0.72115 0.0 0.0 45.47487 -0.49999 0.07399 0.0 0.0 0.0 0.0 0.0 0.0 0.0503208688896 29 0 0.977941176471 0.379560425705 -1.85949321151
-0.12623 0.35028 3.35743 -0.12979 0.55971 3.98089625894 0.78258 0.98072 0.30541 0.41196 152.77952 195.62801 147.22542 138.42519 0.3 0.3 0.0 0.0 0.0 0.0 0.0 0.0 0.72115 0.0 0.0 45.47487 -0.49999 0.07399 0.0 0.0 0.0 0.0 0.0 0.0 0.0504850565618 30 1 0.992647058824 0.185968493742 -1.86985842027
-0.12623 0.35028 3.35743 -0.12979 0.55971 3.9754087663 0.78258 0.98072 0.30541 0.41196 152.77952 195.62801 147.22542 138.42519 0.3 0.3 0.0 0.0 0.0 0.0 0.0 0.0 0.72115 0.0 0.0 45.47487 -0.49999 0.07399 0.0 0.0 0.0 0.0 0.0 0.0 0.0499224357511 31 1 0.985294117647 0.373941461131 -3.11307234223
-0.12623 0.35028 3.35743 -0.12979 0.55971 3.96595067002 0.78258 0.98072 0.30541 0.41196 152.77952 195.62801 147.22542 138.42519 0.3 0.3 0.0 0.0 0.0 0.0 0.0 0.0 0.72115 0.0 0.0 45.47487 -0.49999 0.07399 0.0 0.0 0.0 0.0 0.0 0.0 0.0501900551083 32 1 0.985294117647 0.188862633686 -2.1111629402
-0.12623 0.35028 3.35743 -0.12979 0.55971 3.96898689637 0.78258 0.98072 0.30541 0.41196 152.77952 195.62801 147.22542 138.42519 0.3 0.3 0.0 0.0 0.0 0.0 0.0 0.0 0.72115 0.0 0.0 45.47487 -0.49999 0.07399 0.0 0.0 0.0 0.0 0.0 0.0 0.049460159492 33 1 0.985294117647 0.165391581367 -1.98808913829
-0.12623 0.35028 3.35743 -0.12979 0.55971 3.97531493131 0.78258 0.98072 0.30541 0.41196 152.77952 195.62801 147.22542 138.42519 0.3 0.3 0.0 0.0 0.0 0.0 0.0 0.0 0.72115 0.0 0.0 45.47487 -0.49999 0.07399 0.0 0.0 0.0 0.0 0.0 0.0 0.0486307986136 34 0 0.985294117647 0.373935766229 -1.98808913829
-0.12623 0.35028 3.35743 -0.12979 0.55971 3.92720130789 0.78258 0.98072 0.30541 0.41196 152.77952 195.62801 147.22542 138.42519 0.3 0.3 0.0 0.0 0.0 0.0 0.0 0.0 0.72115 0.0 0.0 45.47487 -0.49999 0.07399 0.0 0.0 0.0 0.0 0.0 0.0 0.0498533316101 35 1 0.992647058824 0.633916948912 -2.72666507579
-0.12623 0.35028 3.35743 -0.12979 0.55971 3.90207413477 0.78258 0.98072 0.30541 0.41196 152.77952 195.62801 147.22542 138.42519 0.3 0.3 0.0 0.0 0.0 0.0 0.0 0.0 0.72115 0.0 0.0 45.47487 -0.49999 0.07399 0.0 0.0 0.0 0.0 0.0 0.0 0.0494399910996 36 0 0.971223021583 0.651534888903 -2.72666507579
-0.12623 0.35028 3.35743 -0.12979 0.55971 3.93588214478 0.78258 0.98072 0.30541 0.41196 152.77952 195.62801 147.22542 138.42519 0.3 0.3 0.0 0.0 0.0 0.0 0.0 0.0 0.72115 0.0 0.0 45.47487 -0.49999 0.07399 0.0 0.0 0.0 0.0 0.0 0.0 0.0498858238796 37 1 0.992647058824 0.543653788545 -2.46785257888
-0.12623 0.35028 3.35743 -0.12979 0.55971 3.97410157676 0.78258 0.98072 0.30541 0.41196 152.77952 195.62801 147.22542 138.42519 0.3 0.3 0.0 0.0 0.0 0.0 0.0 0.0 0.72115 0.0 0.0 45.47487 -0.49999 0.07399 0.0 0.0 0.0 0.0 0.0 0.0 0.0490530121158 38 0 0.985294117647 0.373928102708 -2.46785257888
-0.12623 0.35028 3.35743 -0.12979 0.55971 3.93115583635 0.78258 0.98072 0.30541 0.41196 152.77952 195.62801 147.22542 138.42519 0.3 0.3 0.0 0.0 0.0 0.0 0.0 0.0 0.72115 0.0 0.0 45.47487 -0.49999 0.07399 0.0 0.0 0.0 0.0 0.0 0.0 0.050241162082 39 1 0.992647058824 0.559431154144 -2.52436694155
-0.12623 0.35028 3.35743 -0.12979 0.55971 3.91110387212 0.78258 0.98072 0.30541 0.41196 152.77952 195.62801 147.22542 138.42519 0.3 0.3 0.0 0.0 0.0 0.0 0.0 0.0 0.72115 0.0 0.0 45.47487 -0.49999 0.07399 0.0 0.0 0.0 0.0 0.0 0.0 0.0504372045009 40 0 0.978260869565 0.628163894916 -2.52436694155
-0.12623 0.35028 3.35743 -0.12979 0.55971 3.96144699064 0.78258 0.98072 0.30541 0.41196 152.77952 195.62801 147.22542 138.42519 0.3 0.3 0.0 0.0 0.0 0.0 0.0 0.0 0.72115 0.0 0.0 45.47487 -0.49999 0.07399 0.0 0.0 0.0 0.0 0.0 0.0 0.0495377524518 41 1 0.985294117647 0.200848075525 -2.12132788752
-0.12623 0.35028 3.35743 -0.12979 0.55971 3.98645458534 0.78258 0.98072 0.30541 0.41196 152.77952 195.62801 147.22542 138.42519 0.3 0.3 0.0 0.0 0.0 0.0 0.0 0.0 0.72115 0.0 0.0 45.47487 -0.49999 0.07399 0.0 0.0 0.0 0.0 0.0 0.0 0.0502129757368 42 1 0.992647058824 0.405717554338 -2.16535383607
-0.12623 0.35028 3.35743 -0.12979 0.55971 3.9954322389 0.78258 0.98072 0.30541 0.41196 152.77952 195.62801 147.22542 138.42519 0.3 0.3 0.0 0.0 0.0 0.0 0.0 0.0 0.72115 0.0 0.0 45.47487 -0.49999 0.07399 0.0 0.0 0.0 0.0 0.0 0.0 0.0500493085121 43 0 0.985294117647 0.401232066009 -2.16535383607
-0.12623 0.35028 3.35743 -0.12979 0.55971 4.01900641209 0.78258 0.98072 0.30541 0.41196 152.77952 195.62801 147.22542 138.42519 0.3 0.3 0.0 0.0 0.0 0.0 0.0 0.0 0.72115 0.0 0.0 45.47487 -0.49999 0.07399 0.0 0.0 0.0 0.0 0.0 0.0 0.0490157999588 44 1 0.992592592593 0.118482016206 -1.72163856755
-0.12623 0.35028 3.35743 -0.12979 0.55971 4.04132785371 0.78258 0.98072 0.30541 0.41196 152.77952 195.62801 147.22542 138.42519 0.3 0.3 0.0 0.0 0.0 0.0 0.0 0.0 0.72115 0.0 0.0 45.47487 -0.49999 0.07399 0.0 0.0 0.0 0.0 0.0 0.0 0.0485366203535 45 1 1.0 0.271852436099 -1.65301541277
-0.12623 0.35028 3.35743 -0.12979 0.55971 4.0558372476 0.78258 0.98072 0.30541 0.41196 152.77952 195.62801 147.22542 138.42519 0.3 0.3 0.0 0.0 0.0 0.0 0.0 0.0 0.72115 0.0 0.0 45.47487 -0.49999 0.07399 0.0 0.0 0.0 0.0 0.0 0.0 0.0485851396173 46 1 0.992647058824 0.369321170689 -2.00775793297
-0.12623 0.35028 3.35743 -0.12979 0.55971 4.04954932233 0.78258 0.98072 0.30541 0.41196 152.77952 195.62801 147.22542 138.42519 0.3 0.3 0.0 0.0 0.0 0.0 0.0 0.0 0.72115 0.0 0.0 45.47487 -0.49999 0.07399 0.0 0.0 0.0 0.0 0.0 0.0 0.0482048298888 47 1 1.0 0.279685276314 -1.63065546677
-0.12623 0.35028 3.35743 -0.12979 0.55971 4.05618457779 0.78258 0.98072 0.30541 0.41196 152.77952 195.62801 147.22542 138.42519 0.3 0.3 0.0 0.0 0.0 0.0 0.0 0.0 0.72115 0.0 0.0 45.47487 -0.49999 0.07399 0.0 0.0 0.0 0.0 0.0 0.0 0.0479396186033 48 0 0.992647058824 0.368544217351 -1.63065546677
-0.12623 0.35028 3.35743 -0.12979 0.55971 4.02244916699 0.78258 0.98072 0.30541 0.41196 152.77952 195.62801 147.22542 138.42519 0.3 0.3 0.0 0.0 0.0 0.0 0.0 0.0 0.72115 0.0 0.0 45.47487 -0.49999 0.07399 0.0 0.0 0.0 0.0 0.0 0.0 0.0486899534569 49 1 0.992592592593 0.113765350642 -1.69709882821
-0.12623 0.35028 3.35743 -0.12979 0.55971 4.05345214743 0.78258 0.98072 0.30541 0.41196 152.77952 195.62801 147.22542 138.42519 0.3 0.3 0.0 0.0 0.0 0.0 0.0 0.0 0.72115 0.0 0.0 45.47487 -0.49999 0.07399 0.0 0.0 0.0 0.0 0.0 0.0 0.0482301789837 50 1 1.0 0.344876023125 -1.63235853211
-0.12623 0.35028 3.35743 -0.12979 0.55971 4.03912554424 0.78258 0.98072 0.30541 0.41196 152.77952 195.62801 147.22542 138.42519 0.3 0.3 0.0 0.0 0.0 0.0 0.0 0.0 0.72115 0.0 0.0 45.47487 -0.49999 0.07399 0.0 0.0 0.0 0.0 0.0 0.0 0.0483689866061 51 1 1.0 0.455410788322 -1.64169966394
-0.12623 0.35028 3.35743 -0.12979 0.55971 3.97915478546 0.78258 0.98072 0.30541 0.41196 152.77952 195.62801 147.22542 138.42519 0.3 0.3 0.0 0.0 0.0 0.0 0.0 0.0 0.72115 0.0 0.0 45.47487 -0.49999 0.07399 0.0 0.0 0.0 0.0 0.0 0.0 0.0479474125814 52 0 0.992647058824 0.376434412036 -1.64169966394
-0.12623 0.35028 3.35743 -0.12979 0.55971 3.95003089996 0.78258 0.98072 0.30541 0.41196 152.77952 195.62801 147.22542 138.42519 0.3 0.3 0.0 0.0 0.0 0.0 0.0 0.0 0.72115 0.0 0.0 45.47487 -0.49999 0.07399 0.0 0.0 0.0 0.0 0.0 0.0 0.0471645891115 53 1 0.992647058824 0.495751269329 -2.23351946987
-0.12623 0.35028 3.35743 -0.12979 0.55971 3.95247481595 0.78258 0.98072 0.30541 0.41196 152.77952 195.62801 147.22542 138.42519 0.3 0.3 0.0 0.0 0.0 0.0 0.0 0.0 0.72115 0.0 0.0 45.47487 -0.49999 0.07399 0.0 0.0 0.0 0.0 0.0 0.0 0.0474415553252 54 1 0.992647058824 0.417653945411 -2.05118325404
-0.12623 0.35028 3.35743 -0.12979 0.55971 3.93293494145 0.78258 0.98072 0.30541 0.41196 152.77952 195.62801 147.22542 138.42519 0.3 0.3 0.0 0.0 0.0 0.0 0.0 0.0 0.72115 0.0 0.0 45.47487 -0.49999 0.07399 0.0 0.0 0.0 0.0 0.0 0.0 0.047332478835 55 1 0.992647058824 0.534473820963 -2.34812589398
-0.12623 0.35028 3.35743 -0.12979 0.55971 3.90662130423 0.78258 0.98072 0.30541 0.41196 152.77952 195.62801 147.22542 138.42519 0.3 0.3 0.0 0.0 0.0 0.0 0.0 0.0 0.72115 0.0 0.0 45.47487 -0.49999 0.07399 0.0 0.0 0.0 0.0 0.0 0.0 0.0467405813269 56 0 0.964285714286 0.627484701781 -2.34812589398
-0.12623 0.35028 3.35743 -0.12979 0.55971 3.90709143843 0.78258 0.98072 0.30541 0.41196 152.77952 195.62801 147.22542 138.42519 0.3 0.3 0.0 0.0 0.0 0.0 0.0 0.0 0.72115 0.0 0.0 45.47487 -0.49999 0.07399 0.0 0.0 0.0 0.0 0.0 0.0 0.0478378272839 57 0 0.964285714286 0.627514958343 -2.34812589398
-0.12623 0.35028 3.35743 -0.12979 0.55971 3.9301008723 0.78258 0.98072 0.30541 0.41196 152.77952 195.62801 147.22542 138.42519 0.3 0.3 0.0 0.0 0.0 0.0 0.0 0.0 0.72115 0.0 0.0 45.47487 -0.49999 0.07399 0.0 0.0 0.0 0.0 0.0 0.0 0.0469689714722 58 1 0.992647058824 0.560731000381 -2.41556590329
-0.12623 0.35028 3.35743 -0.12979 0.55971 3.90593978202 0.78258 0.98072 0.30541 0.41196 152.77952 195.62801 147.22542 138.42519 0.3 0.3 0.0 0.0 0.0 0.0 0.0 0.0 0.72115 0.0 0.0 45.47487 -0.49999 0.07399 0.0 0.0 0.0 0.0 0.0 0.0 0.0479751272808 59 0 0.964285714286 0.627447649324 -2.41556590329
-0.12623 0.35028 3.35743 -0.12979 0.55971 3.95905396669 0.78258 0.98072 0.30541 0.41196 152.77952 195.62801 147.22542 138.42519 0.3 0.3 0.0 0.0 0.0 0.0 0.0 0.0 0.72115 0.0 0.0 45.47487 -0.49999 0.07399 0.0 0.0 0.0 0.0 0.0 0.0 0.0476115777458 60 1 0.985294117647 0.200990792636 -2.02461918814
-0.12623 0.35028 3.35743 -0.12979 0.55971 3.95974690808 0.78258 0.98072 0.30541 0.41196 152.77952 195.62801 147.22542 138.42519 0.3 0.3 0.0 0.0 0.0 0.0 0.0 0.0 0.72115 0.0 0.0 45.47487 -0.49999 0.07399 0.0 0.0 0.0 0.0 0.0 0.0 0.0478739302827 61 1 0.985294117647 0.200976936491 -2.0372784579
-0.12623 0.35028 3.35743 -0.12979 0.55971 3.94914655761 0.78258 0.98072 0.30541 0.41196 152.77952 195.62801 147.22542 138.42519 0.3 0.3 0.0 0.0 0.0 0.0 0.0 0.0 0.72115 0.0 0.0 45.47487 -0.49999 0.07399 0.0 0.0 0.0 0.0 0.0 0.0 0.0474950059123 62 1 0.992647058824 0.495691372141 -2.24584344153
-0.12623 0.35028 3.35743 -0.12979 0.55971 3.91140196167 0.78258 0.98072 0.30541 0.41196 152.77952 195.62801 147.22542 138.42519 0.3 0.3 0.0 0.0 0.0 0.0 0.0 0.0 0.72115 0.0 0.0 45.47487 -0.49999 0.07399 0.0 0.0 0.0 0.0 0.0 0.0 0.047482353605 63 0 0.978260869565 0.628182719712 -2.24584344153
-0.12623 0.35028 3.35743 -0.12979 0.55971 3.96901667953 0.78258 0.98072 0.30541 0.41196 152.77952 195.62801 147.22542 138.42519 0.3 0.3 0.0 0.0 0.0 0.0 0.0 0.0 0.72115 0.0 0.0 45.47487 -0.49999 0.07399 0.0 0.0 0.0 0.0 0.0 0.0 0.0480767863151 64 1 0.985294117647 0.165468343829 -1.91026602044
-0.12623 0.35028 3.35743 -0.12979 0.55971 3.94434259408 0.78258 0.98072 0.30541 0.41196 152.77952 195.62801 147.22542 138.42519 0.3 0.3 0.0 0.0 0.0 0.0 0.0 0.0 0.72115 0.0 0.0 45.47487 -0.49999 0.07399 0.0 0.0 0.0 0.0 0.0 0.0 0.0483183947462 65 1 0.992647058824 0.519640582147 -2.34177864291
-0.12623 0.35028 3.35743 -0.12979 0.55971 3.92617194747 0.78258 0.98072 0.30541 0.41196 152.77952 195.62801 147.22542 138.42519 0.3 0.3 0.0 0.0 0.0 0.0 0.0 0.0 0.72115 0.0 0.0 45.47487 -0.49999 0.07399 0.0 0.0 0.0 0.0 0.0 0.0 0.0475615129234 66 1 0.992647058824 0.546430637769 -2.39057398822
-0.12623 0.35028 3.35743 -0.12979 0.55971 3.94496920251 0.78258 0.98072 0.30541 0.41196 152.77952 195.62801 147.22542 138.42519 0.3 0.3 0.0 0.0 0.0 0.0 0.0 0.0 0.72115 0.0 0.0 45.47487 -0.49999 0.07399 0.0 0.0 0.0 0.0 0.0 0.0 0.0480051646238 67 1 0.992647058824 0.519563861542 -2.32975798389
-0.12623 0.35028 3.35743 -0.12979 0.55971 3.94169429784 0.78258 0.98072 0.30541 0.41196 152.77952 195.62801 147.22542 138.42519 0.3 0.3 0.0 0.0 0.0 0.0 0.0 0.0 0.72115 0.0 0.0 45.47487 -0.49999 0.07399 0.0 0.0 0.0 0.0 0.0 0.0 0.0485698300961 68 1 0.992647058824 0.542966355979 -2.4153908067
-0.12623 0.35028 3.35743 -0.12979 0.55971 3.93383974605 0.78258 0.98072 0.30541 0.41196 152.77952 195.62801 147.22542 138.42519 0.3 0.3 0.0 0.0 0.0 0.0 0.0 0.0 0.72115 0.0 0.0 45.47487 -0.49999 0.07399 0.0 0.0 0.0 0.0 0.0 0.0 0.0475480962844 69 1 0.992647058824 0.551369323213 -2.40472400931
-0.12623 0.35028 3.35743 -0.12979 0.55971 3.94118964922 0.78258 0.98072 0.30541 0.41196 152.77952 195.62801 147.22542 138.42519 0.3 0.3 0.0 0.0 0.0 0.0 0.0 0.0 0.72115 0.0 0.0 45.47487 -0.49999 0.07399 0.0 0.0 0.0 0.0 0.0 0.0 0.0476402445165 70 1 0.992647058824 0.533601462084 -2.35601318723
-0.12623 0.35028 3.35743 -0.12979 0.55971 3.92828030599 0.78258 0.98072 0.30541 0.41196 152.77952 195.62801 147.22542 138.42519 0.3 0.3 0.0 0.0 0.0 0.0 0.0 0.0 0.72115 0.0 0.0 45.47487 -0.49999 0.07399 0.0 0.0 0.0 0.0 0.0 0.0 0.0478224278136 71 1 0.992647058824 0.638360581729 -2.68885564568
-0.12623 0.35028 3.35743 -0.12979 0.55971 3.94124276163 0.78258 0.98072 0.30541 0.41196 152.77952 195.62801 147.22542 138.42519 0.3 0.3 0.0 0.0 0.0 0.0 0.0 0.0 0.72115 0.0 0.0 45.47487 -0.49999 0.07399 0.0 0.0 0.0 0.0 0.0 0.0 0.0466905020535 72 1 0.992647058824 0.543040536952 -2.35327215023
-0.12623 0.35028 3.35743 -0.12979 0.55971 3.94631420242 0.78258 0.98072 0.30541 0.41196 152.77952 195.62801 147.22542 138.42519 0.3 0.3 0.0 0.0 0.0 0.0 0.0 0.0 0.72115 0.0 0.0 45.47487 -0.49999 0.07399 0.0 0.0 0.0 0.0 0.0 0.0 0.0458615334909 73 1 0.992647058824 0.495830888756 -2.18794243579
-0.12623 0.35028 3.35743 -0.12979 0.55971 3.9502884971 0.78258 0.98072 0.30541 0.41196 152.77952 195.62801 147.22542 138.42519 0.3 0.3 0.0 0.0 0.0 0.0 0.0 0.0 0.72115 0.0 0.0 45.47487 -0.49999 0.07399 0.0 0.0 0.0 0.0 0.0 0.0 0.0450120756159 74 1 0.992647058824 0.496388858233 -2.16282584471
-0.12623 0.35028 3.35743 -0.12979 0.55971 3.93477140759 0.78258 0.98072 0.30541 0.41196 152.77952 195.62801 147.22542 138.42519 0.3 0.3 0.0 0.0 0.0 0.0 0.0 0.0 0.72115 0.0 0.0 45.47487 -0.49999 0.07399 0.0 0.0 0.0 0.0 0.0 0.0 0.0456542205032 75 1 0.992647058824 0.551394930419 -2.3509809209
-0.12623 0.35028 3.35743 -0.12979 0.55971 3.93874143181 0.78258 0.98072 0.30541 0.41196 152.77952 195.62801 147.22542 138.42519 0.3 0.3 0.0 0.0 0.0 0.0 0.0 0.0 0.72115 0.0 0.0 45.47487 -0.49999 0.07399 0.0 0.0 0.0 0.0 0.0 0.0 0.0463920705961 76 1 0.992647058824 0.544128488391 -2.34786240899
-0.12623 0.35028 3.35743 -0.12979 0.55971 3.94204033298 0.78258 0.98072 0.30541 0.41196 152.77952 195.62801 147.22542 138.42519 0.3 0.3 0.0 0.0 0.0 0.0 0.0 0.0 0.72115 0.0 0.0 45.47487 -0.49999 0.07399 0.0 0.0 0.0 0.0 0.0 0.0 0.0473290202794 77 1 0.992647058824 0.519342405381 -2.30471340726
-0.12623 0.35028 3.35743 -0.12979 0.55971 3.9603802899 0.78258 0.98072 0.30541 0.41196 152.77952 195.62801 147.22542 138.42519 0.3 0.3 0.0 0.0 0.0 0.0 0.0 0.0 0.72115 0.0 0.0 45.47487 -0.49999 0.07399 0.0 0.0 0.0 0.0 0.0 0.0 0.0473408018737 78 1 0.985294117647 0.20097298147 -2.01159536196
-0.12623 0.35028 3.35743 -0.12979 0.55971 3.98778024624 0.78258 0.98072 0.30541 0.41196 152.77952 195.62801 147.22542 138.42519 0.3 0.3 0.0 0.0 0.0 0.0 0.0 0.0 0.72115 0.0 0.0 45.47487 -0.49999 0.07399 0.0 0.0 0.0 0.0 0.0 0.0 0.0473094551163 79 1 0.992647058824 0.405423312572 -2.01773803229
-0.12623 0.35028 3.35743 -0.12979 0.55971 3.98336064021 0.78258 0.98072 0.30541 0.41196 152.77952 195.62801 147.22542 138.42519 0.3 0.3 0.0 0.0 0.0 0.0 0.0 0.0 0.72115 0.0 0.0 45.47487 -0.49999 0.07399 0.0 0.0 0.0 0.0 0.0 0.0 0.0475893291353 80 1 0.992647058824 0.186671164967 -1.68315618083
-0.12623 0.35028 3.35743 -0.12979 0.55971 3.97756418767 0.78258 0.98072 0.30541 0.41196 152.77952 195.62801 147.22542 138.42519 0.3 0.3 0.0 0.0 0.0 0.0 0.0 0.0 0.72115 0.0 0.0 45.47487 -0.49999 0.07399 0.0 0.0 0.0 0.0 0.0 0.0 0.0473924078867 81 1 0.992647058824 0.376355960954 -1.96011302223
-0.12623 0.35028 3.35743 -0.12979 0.55971 3.97919412779 0.78258 0.98072 0.30541 0.41196 152.77952 195.62801 147.22542 138.42519 0.3 0.3 0.0 0.0 0.0 0.0 0.0 0.0 0.72115 0.0 0.0 45.47487 -0.49999 0.07399 0.0 0.0 0.0 0.0 0.0 0.0 0.0468428115396 82 1 0.992647058824 0.375250944348 -1.93075901091
-0.12623 0.35028 3.35743 -0.12979 0.55971 3.96278282991 0.78258 0.98072 0.30541 0.41196 152.77952 195.62801 147.22542 138.42519 0.3 0.3 0.0 0.0 0.0 0.0 0.0 0.0 0.72115 0.0 0.0 45.47487 -0.49999 0.07399 0.0 0.0 0.0 0.0 0.0 0.0 0.0473040093551 83 1 0.985294117647 0.171724490151 -1.89132848747
-0.12623 0.35028 3.35743 -0.12979 0.55971 3.94961277354 0.78258 0.98072 0.30541 0.41196 152.77952 195.62801 147.22542 138.42519 0.3 0.3 0.0 0.0 0.0 0.0 0.0 0.0 0.72115 0.0 0.0 45.47487 -0.49999 0.07399 0.0 0.0 0.0 0.0 0.0 0.0 0.0481017743127 84 0 0.992647058824 0.49571713286 -1.89132848747
-0.12623 0.35028 3.35743 -0.12979 0.55971 3.95836828369 0.78258 0.98072 0.30541 0.41196 152.77952 195.62801 147.22542 138.42519 0.3 0.3 0.0 0.0 0.0 0.0 0.0 0.0 0.72115 0.0 0.0 45.47487 -0.49999 0.07399 0.0 0.0 0.0 0.0 0.0 0.0 0.0469840803328 85 1 0.992647058824 0.208480859662 -1.66942838143
-0.12623 0.35028 3.35743 -0.12979 0.55971 3.95869326551 0.78258 0.98072 0.30541 0.41196 152.77952 195.62801 147.22542 138.42519 0.3 0.3 0.0 0.0 0.0 0.0 0.0 0.0 0.72115 0.0 0.0 45.47487 -0.49999 0.07399 0.0 0.0 0.0 0.0 0.0 0.0 0.0465846053764 86 1 0.992647058824 0.208485857158 -1.64543418228
-0.12623 0.35028 3.35743 -0.12979 0.55971 3.97508422267 0.78258 0.98072 0.30541 0.41196 152.77952 195.62801 147.22542 138.42519 0.3 0.3 0.0 0.0 0.0 0.0 0.0 0.0 0.72115 0.0 0.0 45.47487 -0.49999 0.07399 0.0 0.0 0.0 0.0 0.0 0.0 0.046481211701 87 0 0.985294117647 0.373923476682 -1.64543418228
-0.12623 0.35028 3.35743 -0.12979 0.55971 3.92423372972 0.78258 0.98072 0.30541 0.41196 152.77952 195.62801 147.22542 138.42519 0.3 0.3 0.0 0.0 0.0 0.0 0.0 0.0 0.72115 0.0 0.0 45.47487 -0.49999 0.07399 0.0 0.0 0.0 0.0 0.0 0.0 0.0464020545426 88 1 0.992647058824 0.528302417881 -2.3002035783
-0.12623 0.35028 3.35743 -0.12979 0.55971 3.91590926198 0.78258 0.98072 0.30541 0.41196 152.77952 195.62801 147.22542 138.42519 0.3 0.3 0.0 0.0 0.0 0.0 0.0 0.0 0.72115 0.0 0.0 45.47487 -0.49999 0.07399 0.0 0.0 0.0 0.0 0.0 0.0 0.0454928102839 89 0 0.985401459854 0.479594331182 -2.3002035783
-0.12623 0.35028 3.35743 -0.12979 0.55971 3.96287004809 0.78258 0.98072 0.30541 0.41196 152.77952 195.62801 147.22542 138.42519 0.3 0.3 0.0 0.0 0.0 0.0 0.0 0.0 0.72115 0.0 0.0 45.47487 -0.49999 0.07399 0.0 0.0 0.0 0.0 0.0 0.0 0.0462380980552 90 1 0.985294117647 0.171752382976 -1.8368671797
-0.12623 0.35028 3.35743 -0.12979 0.55971 4.01237476258 0.78258 0.98072 0.30541 0.41196 152.77952 195.62801 147.22542 138.42519 0.3 0.3 0.0 0.0 0.0 0.0 0.0 0.0 0.72115 0.0 0.0 45.47487 -0.49999 0.07399 0.0 0.0 0.0 0.0 0.0 0.0 0.0463777548841 91 1 0.985294117647 0.0535466811235 -1.54262946049
-0.12623 0.35028 3.35743 -0.12979 0.55971 4.03034711741 0.78258 0.98072 0.30541 0.41196 152.77952 195.62801 147.22542 138.42519 0.3 0.3 0.0 0.0 0.0 0.0 0.0 0.0 0.72115 0.0 0.0 45.47487 -0.49999 0.07399 0.0 0.0 0.0 0.0 0.0 0.0 0.0460980435863 92 1 1.0 0.407819881439 -1.49215535196
-0.12623 0.35028 3.35743 -0.12979 0.55971 4.05219780558 0.78258 0.98072 0.30541 0.41196 152.77952 195.62801 147.22542 138.42519 0.3 0.3 0.0 0.0 0.0 0.0 0.0 0.0 0.72115 0.0 0.0 45.47487 -0.49999 0.07399 0.0 0.0 0.0 0.0 0.0 0.0 0.0466101636918 93 1 1.0 0.278627231385 -1.52526832491
-0.12623 0.35028 3.35743 -0.12979 0.55971 4.0336999019 0.78258 0.98072 0.30541 0.41196 152.77952 195.62801 147.22542 138.42519 0.3 0.3 0.0 0.0 0.0 0.0 0.0 0.0 0.72115 0.0 0.0 45.47487 -0.49999 0.07399 0.0 0.0 0.0 0.0 0.0 0.0 0.0461582663252 94 1 1.0 0.408725598285 -1.49603079344
-0.12623 0.35028 3.35743 -0.12979 0.55971 4.03167607793 0.78258 0.98072 0.30541 0.41196 152.77952 195.62801 147.22542 138.42519 0.3 0.3 0.0 0.0 0.0 0.0 0.0 0.0 0.72115 0.0 0.0 45.47487 -0.49999 0.07399 0.0 0.0 0.0 0.0 0.0 0.0 0.0461413931038 95 1 1.0 0.407975345765 -1.49494447458
-0.12623 0.35028 3.35743 -0.12979 0.55971 4.0223464428 0.78258 0.98072 0.30541 0.41196 152.77952 195.62801 147.22542 138.42519 0.3 0.3 0.0 0.0 0.0 0.0 0.0 0.0 0.72115 0.0 0.0 45.47487 -0.49999 0.07399 0.0 0.0 0.0 0.0 0.0 0.0 0.0465236690601 96 1 0.992592592593 0.113755769263 -1.55655560464
-0.12623 0.35028 3.35743 -0.12979 0.55971 4.00441380399 0.78258 0.98072 0.30541 0.41196 152.77952 195.62801 147.22542 138.42519 0.3 0.3 0.0 0.0 0.0 0.0 0.0 0.0 0.72115 0.0 0.0 45.47487 -0.49999 0.07399 0.0 0.0 0.0 0.0 0.0 0.0 0.0461275049633 97 0 0.977941176471 0.37912774293 -1.55655560464
-0.12623 0.35028 3.35743 -0.12979 0.55971 3.96292365378 0.78258 0.98072 0.30541 0.41196 152.77952 195.62801 147.22542 138.42519 0.3 0.3 0.0 0.0 0.0 0.0 0.0 0.0 0.72115 0.0 0.0 45.47487 -0.49999 0.07399 0.0 0.0 0.0 0.0 0.0 0.0 0.0455634729189 98 1 0.985294117647 0.171704764922 -1.80348485625
-0.12623 0.35028 3.35743 -0.12979 0.55971 3.94235629759 0.78258 0.98072 0.30541 0.41196 152.77952 195.62801 147.22542 138.42519 0.3 0.3 0.0 0.0 0.0 0.0 0.0 0.0 0.72115 0.0 0.0 45.47487 -0.49999 0.07399 0.0 0.0 0.0 0.0 0.0 0.0 0.0453226721325 99 0 0.992647058824 0.519362190877 -1.80348485625
-0.12623 0.35028 3.35743 -0.12979 0.55971 3.94254890925 0.78258 0.98072 0.30541 0.41196 152.77952 195.62801 147.22542 138.42519 0.3 0.3 0.0 0.0 0.0 0.0 0.0 0.0 0.72115 0.0 0.0 45.47487 -0.49999 0.07399 0.0 0.0 0.0 0.0 0.0 0.0 0.0452191073428 100 1 0.992647058824 0.519594260028 -2.23923624891
