-0.12623 0.35028 3.35743 -0.12979 0.55971 3.62072 0.78258 0.98072 0.30541 0.41196 152.77952 195.62801 147.22542 138.42519 0.3 0.3 0.0 0.0 0.0 0.0 0.0 0.0 0.72115 0.0 0.0 45.47487 -0.49999 0.07399 0.0 0.0 0.0 0.0 0.0 0.0 0.05 0 1 0.912162162162 1.07269483278 -401.263879865
-0.12623 0.35028 3.35743 -0.12979 0.55971 3.6190291992 0.78258 0.98072 0.30541 0.41196 152.77952 195.62801 147.22542 138.42519 0.3 0.3 0.0 0.0 0.0 0.0 0.0 0.0 0.72115 0.0 0.0 45.47487 -0.49999 0.07399 0.0 0.0 0.0 0.0 0.0 0.0 0.0496188449461 1 1 0.918367346939 1.10704208825 -374.904361152
-0.12623 0.35028 3.35743 -0.12979 0.55971 3.60424671468 0.78258 0.98072 0.30541 0.41196 152.77952 195.62801 147.22542 138.42519 0.3 0.3 0.0 0.0 0.0 0.0 0.0 0.0 0.72115 0.0 0.0 45.47487 -0.49999 0.07399 0.0 0.0 0.0 0.0 0.0 0.0 0.0500777436977 2 0 0.912162162162 1.20134810015 -374.904361152
-0.12623 0.35028 3.35743 -0.12979 0.55971 3.63737190324 0.78258 0.98072 0.30541 0.41196 152.77952 195.62801 147.22542 138.42519 0.3 0.3 0.0 0.0 0.0 0.0 0.0 0.0 0.72115 0.0 0.0 45.47487 -0.49999 0.07399 0.0 0.0 0.0 0.0 0.0 0.0 0.048107741101 3 1 0.924657534247 1.09191409349 -330.61148687
-0.12623 0.35028 3.35743 -0.12979 0.55971 3.63452382526 0.78258 0.98072 0.30541 0.41196 152.77952 195.62801 147.22542 138.42519 0.3 0.3 0.0 0.0 0.0 0.0 0.0 0.0 0.72115 0.0 0.0 45.47487 -0.49999 0.07399 0.0 0.0 0.0 0.0 0.0 0.0 0.0478451053784 4 0 0.924657534247 1.1200762247 -330.61148687
-0.12623 0.35028 3.35743 -0.12979 0.55971 3.60596541682 0.78258 0.98072 0.30541 0.41196 152.77952 195.62801 147.22542 138.42519 0.3 0.3 0.0 0.0 0.0 0.0 0.0 0.0 0.72115 0.0 0.0 45.47487 -0.49999 0.07399 0.0 0.0 0.0 0.0 0.0 0.0 0.0468248112757 5 0 0.912162162162 1.23613639066 -330.61148687
-0.12623 0.35028 3.35743 -0.12979 0.55971 3.60862256625 0.78258 0.98072 0.30541 0.41196 152.77952 195.62801 147.22542 138.42519 0.3 0.3 0.0 0.0 0.0 0.0 0.0 0.0 0.72115 0.0 0.0 45.47487 -0.49999 0.07399 0.0 0.0 0.0 0.0 0.0 0.0 0.0479849186085 6 0 0.912162162162 1.23527850106 -330.61148687
-0.12623 0.35028 3.35743 -0.12979 0.55971 3.6589865766 0.78258 0.98072 0.30541 0.41196 152.77952 195.62801 147.22542 138.42519 0.3 0.3 0.0 0.0 0.0 0.0 0.0 0.0 0.72115 0.0 0.0 45.47487 -0.49999 0.07399 0.0 0.0 0.0 0.0 0.0 0.0 0.0488406822235 7 0 0.924657534247 1.15249051695 -330.61148687
-0.12623 0.35028 3.35743 -0.12979 0.55971 3.61680506925 0.78258 0.98072 0.30541 0.41196 152.77952 195.62801 147.22542 138.42519 0.3 0.3 0.0 0.0 0.0 0.0 0.0 0.0 0.72115 0.0 0.0 45.47487 -0.49999 0.07399 0.0 0.0 0.0 0.0 0.0 0.0 0.0482540581083 8 0 0.918367346939 1.14170455685 -330.61148687
-0.12623 0.35028 3.35743 -0.12979 0.55971 3.66028622816 0.78258 0.98072 0.30541 0.41196 152.77952 195.62801 147.22542 138.42519 0.3 0.3 0.0 0.0 0.0 0.0 0.0 0.0 0.72115 0.0 0.0 45.47487 -0.49999 0.07399 0.0 0.0 0.0 0.0 0.0 0.0 0.0491699361501 9 0 0.924657534247 1.14836403175 -330.61148687
-0.12623 0.35028 3.35743 -0.12979 0.55971 3.63864302405 0.78258 0.98072 0.30541 0.41196 152.77952 195.62801 147.22542 138.42519 0.3 0.3 0.0 0.0 0.0 0.0 0.0 0.0 0.72115 0.0 0.0 45.47487 -0.49999 0.07399 0.0 0.0 0.0 0.0 0.0 0.0 0.0483241864196 10 1 0.924657534247 1.0987682678 -331.79171875
-0.12623 0.35028 3.35743 -0.12979 0.55971 3.59540680412 0.78258 0.98072 0.30541 0.41196 152.77952 195.62801 147.22542 138.42519 0.3 0.3 0.0 0.0 0.0 0.0 0.0 0.0 0.72115 0.0 0.0 45.47487 -0.49999 0.07399 0.0 0.0 0.0 0.0 0.0 0.0 0.04801197482 11 0 0.912162162162 1.20140969768 -331.79171875
-0.12623 0.35028 3.35743 -0.12979 0.55971 3.62493485321 0.78258 0.98072 0.30541 0.41196 152.77952 195.62801 147.22542 138.42519 0.3 0.3 0.0 0.0 0.0 0.0 0.0 0.0 0.72115 0.0 0.0 45.47487 -0.49999 0.07399 0.0 0.0 0.0 0.0 0.0 0.0 0.0495121223542 12 0 0.918367346939 1.07018641598 -331.79171875
-0.12623 0.35028 3.35743 -0.12979 0.55971 3.65645902591 0.78258 0.98072 0.30541 0.41196 152.77952 195.62801 147.22542 138.42519 0.3 0.3 0.0 0.0 0.0 0.0 0.0 0.0 0.72115 0.0 0.0 45.47487 -0.49999 0.07399 0.0 0.0 0.0 0.0 0.0 0.0 0.0492865770655 13 0 0.924657534247 1.13294050405 -331.79171875
-0.12623 0.35028 3.35743 -0.12979 0.55971 3.69031261574 0.78258 0.98072 0.30541 0.41196 152.77952 195.62801 147.22542 138.42519 0.3 0.3 0.0 0.0 0.0 0.0 0.0 0.0 0.72115 0.0 0.0 45.47487 -0.49999 0.07399 0.0 0.0 0.0 0.0 0.0 0.0 0.04842704222 14 0 0.917808219178 1.17411254941 -331.79171875
-0.12623 0.35028 3.35743 -0.12979 0.55971 3.64174217547 0.78258 0.98072 0.30541 0.41196 152.77952 195.62801 147.22542 138.42519 0.3 0.3 0.0 0.0 0.0 0.0 0.0 0.0 0.72115 0.0 0.0 45.47487 -0.49999 0.07399 0.0 0.0 0.0 0.0 0.0 0.0 0.0490152486969 15 1 0.924657534247 1.09875367935 -322.586071078
-0.12623 0.35028 3.35743 -0.12979 0.55971 3.6609394114 0.78258 0.98072 0.30541 0.41196 152.77952 195.62801 147.22542 138.42519 0.3 0.3 0.0 0.0 0.0 0.0 0.0 0.0 0.72115 0.0 0.0 45.47487 -0.49999 0.07399 0.0 0.0 0.0 0.0 0.0 0.0 0.0492264882008 16 0 0.924657534247 1.15027146125 -322.586071078
-0.12623 0.35028 3.35743 -0.12979 0.55971 3.62347347734 0.78258 0.98072 0.30541 0.41196 152.77952 195.62801 147.22542 138.42519 0.3 0.3 0.0 0.0 0.0 0.0 0.0 0.0 0.72115 0.0 0.0 45.47487 -0.49999 0.07399 0.0 0.0 0.0 0.0 0.0 0.0 0.0489087011171 17 0 0.912162162162 1.09208042012 -322.586071078
-0.12623 0.35028 3.35743 -0.12979 0.55971 3.6530665411 0.78258 0.98072 0.30541 0.41196 152.77952 195.62801 147.22542 138.42519 0.3 0.3 0.0 0.0 0.0 0.0 0.0 0.0 0.72115 0.0 0.0 45.47487 -0.49999 0.07399 0.0 0.0 0.0 0.0 0.0 0.0 0.0485632039363 18 0 0.924657534247 1.13470906922 -322.586071078
-0.12623 0.35028 3.35743 -0.12979 0.55971 3.67036948286 0.78258 0.98072 0.30541 0.41196 152.77952 195.62801 147.22542 138.42519 0.3 0.3 0.0 0.0 0.0 0.0 0.0 0.0 0.72115 0.0 0.0 45.47487 -0.49999 0.07399 0.0 0.0 0.0 0.0 0.0 0.0 0.0490399977896 19 0 0.917808219178 1.15937253363 -322.586071078
-0.12623 0.35028 3.35743 -0.12979 0.55971 3.60716578639 0.78258 0.98072 0.30541 0.41196 152.77952 195.62801 147.22542 138.42519 0.3 0.3 0.0 0.0 0.0 0.0 0.0 0.0 0.72115 0.0 0.0 45.47487 -0.49999 0.07399 0.0 0.0 0.0 0.0 0.0 0.0 0.0491587959602 20 0 0.912162162162 1.23697875071 -322.586071078
-0.12623 0.35028 3.35743 -0.12979 0.55971 3.6164663772 0.78258 0.98072 0.30541 0.41196 152.77952 195.62801 147.22542 138.42519 0.3 0.3 0.0 0.0 0.0 0.0 0.0 0.0 0.72115 0.0 0.0 45.47487 -0.49999 0.07399 0.0 0.0 0.0 0.0 0.0 0.0 0.048644744946 21 0 0.918367346939 1.14909054269 -322.586071078
-0.12623 0.35028 3.35743 -0.12979 0.55971 3.6437227678 0.78258 0.98072 0.30541 0.41196 152.77952 195.62801 147.22542 138.42519 0.3 0.3 0.0 0.0 0.0 0.0 0.0 0.0 0.72115 0.0 0.0 45.47487 -0.49999 0.07399 0.0 0.0 0.0 0.0 0.0 0.0 0.0491531727976 22 0 0.924657534247 1.12873887673 -322.586071078
-0.12623 0.35028 3.35743 -0.12979 0.55971 3.61086158261 0.78258 0.98072 0.30541 0.41196 152.77952 195.62801 147.22542 138.42519 0.3 0.3 0.0 0.0 0.0 0.0 0.0 0.0 0.72115 0.0 0.0 45.47487 -0.49999 0.07399 0.0 0.0 0.0 0.0 0.0 0.0 0.0494174163577 23 0 0.912162162162 1.20433662521 -322.586071078
-0.12623 0.35028 3.35743 -0.12979 0.55971 3.65901484894 0.78258 0.98072 0.30541 0.41196 152.77952 195.62801 147.22542 138.42519 0.3 0.3 0.0 0.0 0.0 0.0 0.0 0.0 0.72115 0.0 0.0 45.47487 -0.49999 0.07399 0.0 0.0 0.0 0.0 0.0 0.0 0.048388582382 24 0 0.924657534247 1.15248973248 -322.586071078
-0.12623 0.35028 3.35743 -0.12979 0.55971 3.65564987696 0.78258 0.98072 0.30541 0.41196 152.77952 195.62801 147.22542 138.42519 0.3 0.3 0.0 0.0 0.0 0.0 0.0 0.0 0.72115 0.0 0.0 45.47487 -0.49999 0.07399 0.0 0.0 0.0 0.0 0.0 0.0 0.0503273282913 25 0 0.924657534247 1.13406854307 -322.586071078
-0.12623 0.35028 3.35743 -0.12979 0.55971 3.6381491067 0.78258 0.98072 0.30541 0.41196 152.77952 195.62801 147.22542 138.42519 0.3 0.3 0.0 0.0 0.0 0.0 0.0 0.0 0.72115 0.0 0.0 45.47487 -0.49999 0.07399 0.0 0.0 0.0 0.0 0.0 0.0 0.049050370626 26 1 0.924657534247 1.09877753074 -322.142992241
-0.12623 0.35028 3.35743 -0.12979 0.55971 3.60888896988 0.78258 0.98072 0.30541 0.41196 152.77952 195.62801 147.22542 138.42519 0.3 0.3 0.0 0.0 0.0 0.0 0.0 0.0 0.72115 0.0 0.0 45.47487 -0.49999 0.07399 0.0 0.0 0.0 0.0 0.0 0.0 0.0487551754524 27 0 0.912162162162 1.23507783945 -322.142992241
-0.12623 0.35028 3.35743 -0.12979 0.55971 3.66340331364 0.78258 0.98072 0.30541 0.41196 152.77952 195.62801 147.22542 138.42519 0.3 0.3 0.0 0.0 0.0 0.0 0.0 0.0 0.72115 0.0 0.0 45.47487 -0.49999 0.07399 0.0 0.0 0.0 0.0 0.0 0.0 0.0490360811381 28 0 0.924657534247 1.14299845481 -322.142992241
-0.12623 0.35028 3.35743 -0.12979 0.55971 3.6615065496 0.78258 0.98072 0.30541 0.41196 152.77952 195.62801 147.22542 138.42519 0.3 0.3 0.0 0.0 0.0 0.0 0.0 0.0 0.72115 0.0 0.0 45.47487 -0.49999 0.07399 0.0 0.0 0.0 0.0 0.0 0.0 0.0493019775293 29 0 0.924657534247 1.15350958649 -322.142992241
-0.12623 0.35028 3.35743 -0.12979 0.55971 3.61226097694 0.78258 0.98072 0.30541 0.41196 152.77952 195.62801 147.22542 138.42519 0.3 0.3 0.0 0.0 0.0 0.0 0.0 0.0 0.72115 0.0 0.0 45.47487 -0.49999 0.07399 0.0 0.0 0.0 0.0 0.0 0.0 0.0497910716976 30 0 0.912162162162 1.15877774141 -322.142992241
-0.12623 0.35028 3.35743 -0.12979 0.55971 3.67206228513 0.78258 0.98072 0.30541 0.41196 152.77952 195.62801 147.22542 138.42519 0.3 0.3 0.0 0.0 0.0 0.0 0.0 0.0 0.72115 0.0 0.0 45.47487 -0.49999 0.07399 0.0 0.0 0.0 0.0 0.0 0.0 0.0490424904386 31 0 0.917808219178 1.15869179706 -322.142992241
-0.12623 0.35028 3.35743 -0.12979 0.55971 3.65510164346 0.78258 0.98072 0.30541 0.41196 152.77952 195.62801 147.22542 138.42519 0.3 0.3 0.0 0.0 0.0 0.0 0.0 0.0 0.72115 0.0 0.0 45.47487 -0.49999 0.07399 0.0 0.0 0.0 0.0 0.0 0.0 0.0476542394048 32 0 0.924657534247 1.13406180484 -322.142992241
-0.12623 0.35028 3.35743 -0.12979 0.55971 3.66026382232 0.78258 0.98072 0.30541 0.41196 152.77952 195.62801 147.22542 138.42519 0.3 0.3 0.0 0.0 0.0 0.0 0.0 0.0 0.72115 0.0 0.0 45.47487 -0.49999 0.07399 0.0 0.0 0.0 0.0 0.0 0.0 0.0491278457678 33 0 0.924657534247 1.14836727976 -322.142992241
-0.12623 0.35028 3.35743 -0.12979 0.55971 3.64967786394 0.78258 0.98072 0.30541 0.41196 152.77952 195.62801 147.22542 138.42519 0.3 0.3 0.0 0.0 0.0 0.0 0.0 0.0 0.72115 0.0 0.0 45.47487 -0.49999 0.07399 0.0 0.0 0.0 0.0 0.0 0.0 0.0490673084921 34 0 0.924657534247 1.13571984974 -322.142992241
-0.12623 0.35028 3.35743 -0.12979 0.55971 3.6262508564 0.78258 0.98072 0.30541 0.41196 152.77952 195.62801 147.22542 138.42519 0.3 0.3 0.0 0.0 0.0 0.0 0.0 0.0 0.72115 0.0 0.0 45.47487 -0.49999 0.07399 0.0 0.0 0.0 0.0 0.0 0.0 0.0496028856645 35 0 0.918367346939 1.07336609698 -322.142992241
-0.12623 0.35028 3.35743 -0.12979 0.55971 3.69334078606 0.78258 0.98072 0.30541 0.41196 152.77952 195.62801 147.22542 138.42519 0.3 0.3 0.0 0.0 0.0 0.0 0.0 0.0 0.72115 0.0 0.0 45.47487 -0.49999 0.07399 0.0 0.0 0.0 0.0 0.0 0.0 0.0489934151472 36 0 0.924657534247 1.18266849817 -322.142992241
-0.12623 0.35028 3.35743 -0.12979 0.55971 3.65049736131 0.78258 0.98072 0.30541 0.41196 152.77952 195.62801 147.22542 138.42519 0.3 0.3 0.0 0.0 0.0 0.0 0.0 0.0 0.72115 0.0 0.0 45.47487 -0.49999 0.07399 0.0 0.0 0.0 0.0 0.0 0.0 0.0493158423687 37 0 0.924657534247 1.13584566279 -322.142992241
-0.12623 0.35028 3.35743 -0.12979 0.55971 3.65594535604 0.78258 0.98072 0.30541 0.41196 152.77952 195.62801 147.22542 138.42519 0.3 0.3 0.0 0.0 0.0 0.0 0.0 0.0 0.72115 0.0 0.0 45.47487 -0.49999 0.07399 0.0 0.0 0.0 0.0 0.0 0.0 0.0490062797011 38 0 0.924657534247 1.13428017063 -322.142992241
-0.12623 0.35028 3.35743 -0.12979 0.55971 3.62557706728 0.78258 0.98072 0.30541 0.41196 152.77952 195.62801 147.22542 138.42519 0.3 0.3 0.0 0.0 0.0 0.0 0.0 0.0 0.72115 0.0 0.0 45.47487 -0.49999 0.07399 0.0 0.0 0.0 0.0 0.0 0.0 0.0489191301262 39 0 0.918367346939 1.0701833123 -322.142992241
-0.12623 0.35028 3.35743 -0.12979 0.55971 3.58301762153 0.78258 0.98072 0.30541 0.41196 152.77952 195.62801 147.22542 138.42519 0.3 0.3 0.0 0.0 0.0 0.0 0.0 0.0 0.72115 0.0 0.0 45.47487 -0.49999 0.07399 0.0 0.0 0.0 0.0 0.0 0.0 0.0484203378459 40 0 0.912162162162 1.24674537454 -322.142992241
-0.12623 0.35028 3.35743 -0.12979 0.55971 3.63752427601 0.78258 0.98072 0.30541 0.41196 152.77952 195.62801 147.22542 138.42519 0.3 0.3 0.0 0.0 0.0 0.0 0.0 0.0 0.72115 0.0 0.0 45.47487 -0.49999 0.07399 0.0 0.0 0.0 0.0 0.0 0.0 0.0487554151362 41 1 0.924657534247 1.09191640758 -321.973969986
-0.12623 0.35028 3.35743 -0.12979 0.55971 3.64113590407 0.78258 0.98072 0.30541 0.41196 152.77952 195.62801 147.22542 138.42519 0.3 0.3 0.0 0.0 0.0 0.0 0.0 0.0 0.72115 0.0 0.0 45.47487 -0.49999 0.07399 0.0 0.0 0.0 0.0 0.0 0.0 0.0486529275234 42 0 0.924657534247 1.09877566904 -321.973969986
-0.12623 0.35028 3.35743 -0.12979 0.55971 3.6353072975 0.78258 0.98072 0.30541 0.41196 152.77952 195.62801 147.22542 138.42519 0.3 0.3 0.0 0.0 0.0 0.0 0.0 0.0 0.72115 0.0 0.0 45.47487 -0.49999 0.07399 0.0 0.0 0.0 0.0 0.0 0.0 0.0483248583797 43 0 0.924657534247 1.11231478387 -321.973969986
-0.12623 0.35028 3.35743 -0.12979 0.55971 3.6481957092 0.78258 0.98072 0.30541 0.41196 152.77952 195.62801 147.22542 138.42519 0.3 0.3 0.0 0.0 0.0 0.0 0.0 0.0 0.72115 0.0 0.0 45.47487 -0.49999 0.07399 0.0 0.0 0.0 0.0 0.0 0.0 0.0486314385018 44 0 0.924657534247 1.13579787194 -321.973969986
-0.12623 0.35028 3.35743 -0.12979 0.55971 3.68101145488 0.78258 0.98072 0.30541 0.41196 152.77952 195.62801 147.22542 138.42519 0.3 0.3 0.0 0.0 0.0 0.0 0.0 0.0 0.72115 0.0 0.0 45.47487 -0.49999 0.07399 0.0 0.0 0.0 0.0 0.0 0.0 0.0484691071397 45 0 0.918367346939 1.16228187748 -321.973969986
-0.12623 0.35028 3.35743 -0.12979 0.55971 3.63874408984 0.78258 0.98072 0.30541 0.41196 152.77952 195.62801 147.22542 138.42519 0.3 0.3 0.0 0.0 0.0 0.0 0.0 0.0 0.72115 0.0 0.0 45.47487 -0.49999 0.07399 0.0 0.0 0.0 0.0 0.0 0.0 0.0485581607395 46 0 0.924657534247 1.09631317687 -321.973969986
-0.12623 0.35028 3.35743 -0.12979 0.55971 3.61699842356 0.78258 0.98072 0.30541 0.41196 152.77952 195.62801 147.22542 138.42519 0.3 0.3 0.0 0.0 0.0 0.0 0.0 0.0 0.72115 0.0 0.0 45.47487 -0.49999 0.07399 0.0 0.0 0.0 0.0 0.0 0.0 0.0498696107637 47 0 0.918367346939 1.14170971451 -321.973969986
-0.12623 0.35028 3.35743 -0.12979 0.55971 3.62589576206 0.78258 0.98072 0.30541 0.41196 152.77952 195.62801 147.22542 138.42519 0.3 0.3 0.0 0.0 0.0 0.0 0.0 0.0 0.72115 0.0 0.0 45.47487 -0.49999 0.07399 0.0 0.0 0.0 0.0 0.0 0.0 0.0484694354108 48 0 0.918367346939 1.07347644435 -321.973969986
-0.12623 0.35028 3.35743 -0.12979 0.55971 3.63595330949 0.78258 0.98072 0.30541 0.41196 152.77952 195.62801 147.22542 138.42519 0.3 0.3 0.0 0.0 0.0 0.0 0.0 0.0 0.72115 0.0 0.0 45.47487 -0.49999 0.07399 0.0 0.0 0.0 0.0 0.0 0.0 0.0474887414005 49 0 0.924657534247 1.10130217592 -321.973969986
-0.12623 0.35028 3.35743 -0.12979 0.55971 3.62197580578 0.78258 0.98072 0.30541 0.41196 152.77952 195.62801 147.22542 138.42519 0.3 0.3 0.0 0.0 0.0 0.0 0.0 0.0 0.72115 0.0 0.0 45.47487 -0.49999 0.07399 0.0 0.0 0.0 0.0 0.0 0.0 0.0496678761934 50 0 0.912162162162 1.06889579195 -321.973969986
-0.12623 0.35028 3.35743 -0.12979 0.55971 3.61164115084 0.78258 0.98072 0.30541 0.41196 152.77952 195.62801 147.22542 138.42519 0.3 0.3 0.0 0.0 0.0 0.0 0.0 0.0 0.72115 0.0 0.0 45.47487 -0.49999 0.07399 0.0 0.0 0.0 0.0 0.0 0.0 0.0480487210747 51 0 0.912162162162 1.20679835593 -321.973969986
-0.12623 0.35028 3.35743 -0.12979 0.55971 3.60743358464 0.78258 0.98072 0.30541 0.41196 152.77952 195.62801 147.22542 138.42519 0.3 0.3 0.0 0.0 0.0 0.0 0.0 0.0 0.72115 0.0 0.0 45.47487 -0.49999 0.07399 0.0 0.0 0.0 0.0 0.0 0.0 0.0487282671603 52 0 0.912162162162 1.23542569075 -321.973969986
-0.12623 0.35028 3.35743 -0.12979 0.55971 3.62507291015 0.78258 0.98072 0.30541 0.41196 152.77952 195.62801 147.22542 138.42519 0.3 0.3 0.0 0.0 0.0 0.0 0.0 0.0 0.72115 0.0 0.0 45.47487 -0.49999 0.07399 0.0 0.0 0.0 0.0 0.0 0.0 0.0497178585685 53 0 0.918367346939 1.07018572294 -321.973969986
-0.12623 0.35028 3.35743 -0.12979 0.55971 3.63342524917 0.78258 0.98072 0.30541 0.41196 152.77952 195.62801 147.22542 138.42519 0.3 0.3 0.0 0.0 0.0 0.0 0.0 0.0 0.72115 0.0 0.0 45.47487 -0.49999 0.07399 0.0 0.0 0.0 0.0 0.0 0.0 0.0483434444301 54 0 0.924657534247 1.12057323479 -321.973969986
-0.12623 0.35028 3.35743 -0.12979 0.55971 3.60406159238 0.78258 0.98072 0.30541 0.41196 152.77952 195.62801 147.22542 138.42519 0.3 0.3 0.0 0.0 0.0 0.0 0.0 0.0 0.72115 0.0 0.0 45.47487 -0.49999 0.07399 0.0 0.0 0.0 0.0 0.0 0.0 0.0473366364324 55 0 0.912162162162 1.20135123366 -321.973969986
-0.12623 0.35028 3.35743 -0.12979 0.55971 3.64744084879 0.78258 0.98072 0.30541 0.41196 152.77952 195.62801 147.22542 138.42519 0.3 0.3 0.0 0.0 0.0 0.0 0.0 0.0 0.72115 0.0 0.0 45.47487 -0.49999 0.07399 0.0 0.0 0.0 0.0 0.0 0.0 0.0490208172409 56 0 0.924657534247 1.13583906507 -321.973969986
-0.12623 0.35028 3.35743 -0.12979 0.55971 3.63355989859 0.78258 0.98072 0.30541 0.41196 152.77952 195.62801 147.22542 138.42519 0.3 0.3 0.0 0.0 0.0 0.0 0.0 0.0 0.72115 0.0 0.0 45.47487 -0.49999 0.07399 0.0 0.0 0.0 0.0 0.0 0.0 0.0488167899478 57 0 0.924657534247 1.12055161527 -321.973969986
-0.12623 0.35028 3.35743 -0.12979 0.55971 3.64504367623 0.78258 0.98072 0.30541 0.41196 152.77952 195.62801 147.22542 138.42519 0.3 0.3 0.0 0.0 0.0 0.0 0.0 0.0 0.72115 0.0 0.0 45.47487 -0.49999 0.07399 0.0 0.0 0.0 0.0 0.0 0.0 0.0486417938027 58 0 0.924657534247 1.12900547767 -321.973969986
-0.12623 0.35028 3.35743 -0.12979 0.55971 3.62292703032 0.78258 0.98072 0.30541 0.41196 152.77952 195.62801 147.22542 138.42519 0.3 0.3 0.0 0.0 0.0 0.0 0.0 0.0 0.72115 0.0 0.0 45.47487 -0.49999 0.07399 0.0 0.0 0.0 0.0 0.0 0.0 0.0492760074969 59 0 0.912162162162 1.09192873248 -321.973969986
-0.12623 0.35028 3.35743 -0.12979 0.55971 3.64455752014 0.78258 0.98072 0.30541 0.41196 152.77952 195.62801 147.22542 138.42519 0.3 0.3 0.0 0.0 0.0 0.0 0.0 0.0 0.72115 0.0 0.0 45.47487 -0.49999 0.07399 0.0 0.0 0.0 0.0 0.0 0.0 0.0491630604306 60 0 0.924657534247 1.12897872687 -321.973969986
-0.12623 0.35028 3.35743 -0.12979 0.55971 3.63459085721 0.78258 0.98072 0.30541 0.41196 152.77952 195.62801 147.22542 138.42519 0.3 0.3 0.0 0.0 0.0 0.0 0.0 0.0 0.72115 0.0 0.0 45.47487 -0.49999 0.07399 0.0 0.0 0.0 0.0 0.0 0.0 0.0496775263466 61 0 0.924657534247 1.12007666966 -321.973969986
-0.12623 0.35028 3.35743 -0.12979 0.55971 3.63538291623 0.78258 0.98072 0.30541 0.41196 152.77952 195.62801 147.22542 138.42519 0.3 0.3 0.0 0.0 0.0 0.0 0.0 0.0 0.72115 0.0 0.0 45.47487 -0.49999 0.07399 0.0 0.0 0.0 0.0 0.0 0.0 0.0495113778419 62 1 0.924657534247 1.10126280276 -317.659191042
-0.12623 0.35028 3.35743 -0.12979 0.55971 3.6205777074 0.78258 0.98072 0.30541 0.41196 152.77952 195.62801 147.22542 138.42519 0.3 0.3 0.0 0.0 0.0 0.0 0.0 0.0 0.72115 0.0 0.0 45.47487 -0.49999 0.07399 0.0 0.0 0.0 0.0 0.0 0.0 0.0487202269548 63 0 0.912162162162 1.07270398724 -317.659191042
-0.12623 0.35028 3.35743 -0.12979 0.55971 3.60055571708 0.78258 0.98072 0.30541 0.41196 152.77952 195.62801 147.22542 138.42519 0.3 0.3 0.0 0.0 0.0 0.0 0.0 0.0 0.72115 0.0 0.0 45.47487 -0.49999 0.07399 0.0 0.0 0.0 0.0 0.0 0.0 0.0504059371895 64 0 0.912162162162 1.20451868605 -317.659191042
-0.12623 0.35028 3.35743 -0.12979 0.55971 3.61998743613 0.78258 0.98072 0.30541 0.41196 152.77952 195.62801 147.22542 138.42519 0.3 0.3 0.0 0.0 0.0 0.0 0.0 0.0 0.72115 0.0 0.0 45.47487 -0.49999 0.07399 0.0 0.0 0.0 0.0 0.0 0.0 0.0487053744974 65 0 0.918367346939 1.14469467921 -317.659191042
-0.12623 0.35028 3.35743 -0.12979 0.55971 3.60227582465 0.78258 0.98072 0.30541 0.41196 152.77952 195.62801 147.22542 138.42519 0.3 0.3 0.0 0.0 0.0 0.0 0.0 0.0 0.72115 0.0 0.0 45.47487 -0.49999 0.07399 0.0 0.0 0.0 0.0 0.0 0.0 0.0494650820592 66 0 0.912162162162 1.20181361993 -317.659191042
-0.12623 0.35028 3.35743 -0.12979 0.55971 3.64421530198 0.78258 0.98072 0.30541 0.41196 152.77952 195.62801 147.22542 138.42519 0.3 0.3 0.0 0.0 0.0 0.0 0.0 0.0 0.72115 0.0 0.0 45.47487 -0.49999 0.07399 0.0 0.0 0.0 0.0 0.0 0.0 0.049357052198 67 0 0.924657534247 1.12900065936 -317.659191042
-0.12623 0.35028 3.35743 -0.12979 0.55971 3.70768396285 0.78258 0.98072 0.30541 0.41196 152.77952 195.62801 147.22542 138.42519 0.3 0.3 0.0 0.0 0.0 0.0 0.0 0.0 0.72115 0.0 0.0 45.47487 -0.49999 0.07399 0.0 0.0 0.0 0.0 0.0 0.0 0.0500630608385 68 0 0.91724137931 1.16043615684 -317.659191042
-0.12623 0.35028 3.35743 -0.12979 0.55971 3.6213160281 0.78258 0.98072 0.30541 0.41196 152.77952 195.62801 147.22542 138.42519 0.3 0.3 0.0 0.0 0.0 0.0 0.0 0.0 0.72115 0.0 0.0 45.47487 -0.49999 0.07399 0.0 0.0 0.0 0.0 0.0 0.0 0.0492132926702 69 0 0.912162162162 1.06899974945 -317.659191042
-0.12623 0.35028 3.35743 -0.12979 0.55971 3.60574924278 0.78258 0.98072 0.30541 0.41196 152.77952 195.62801 147.22542 138.42519 0.3 0.3 0.0 0.0 0.0 0.0 0.0 0.0 0.72115 0.0 0.0 45.47487 -0.49999 0.07399 0.0 0.0 0.0 0.0 0.0 0.0 0.0495080784822 70 0 0.912162162162 1.23612099288 -317.659191042
-0.12623 0.35028 3.35743 -0.12979 0.55971 3.63179926385 0.78258 0.98072 0.30541 0.41196 152.77952 195.62801 147.22542 138.42519 0.3 0.3 0.0 0.0 0.0 0.0 0.0 0.0 0.72115 0.0 0.0 45.47487 -0.49999 0.07399 0.0 0.0 0.0 0.0 0.0 0.0 0.0496558392878 71 0 0.918367346939 1.1235530995 -317.659191042
-0.12623 0.35028 3.35743 -0.12979 0.55971 3.63125916727 0.78258 0.98072 0.30541 0.41196 152.77952 195.62801 147.22542 138.42519 0.3 0.3 0.0 0.0 0.0 0.0 0.0 0.0 0.72115 0.0 0.0 45.47487 -0.49999 0.07399 0.0 0.0 0.0 0.0 0.0 0.0 0.049139370019 72 0 0.918367346939 1.12353526868 -317.659191042
-0.12623 0.35028 3.35743 -0.12979 0.55971 3.63449824376 0.78258 0.98072 0.30541 0.41196 152.77952 195.62801 147.22542 138.42519 0.3 0.3 0.0 0.0 0.0 0.0 0.0 0.0 0.72115 0.0 0.0 45.47487 -0.49999 0.07399 0.0 0.0 0.0 0.0 0.0 0.0 0.0494673253702 73 0 0.924657534247 1.12010253884 -317.659191042
-0.12623 0.35028 3.35743 -0.12979 0.55971 3.67181341013 0.78258 0.98072 0.30541 0.41196 152.77952 195.62801 147.22542 138.42519 0.3 0.3 0.0 0.0 0.0 0.0 0.0 0.0 0.72115 0.0 0.0 45.47487 -0.49999 0.07399 0.0 0.0 0.0 0.0 0.0 0.0 0.0505293920708 74 0 0.917808219178 1.15881291199 -317.659191042
-0.12623 0.35028 3.35743 -0.12979 0.55971 3.60105744221 0.78258 0.98072 0.30541 0.41196 152.77952 195.62801 147.22542 138.42519 0.3 0.3 0.0 0.0 0.0 0.0 0.0 0.0 0.72115 0.0 0.0 45.47487 -0.49999 0.07399 0.0 0.0 0.0 0.0 0.0 0.0 0.0496472272635 75 0 0.912162162162 1.20460280596 -317.659191042
-0.12623 0.35028 3.35743 -0.12979 0.55971 3.6331125597 0.78258 0.98072 0.30541 0.41196 152.77952 195.62801 147.22542 138.42519 0.3 0.3 0.0 0.0 0.0 0.0 0.0 0.0 0.72115 0.0 0.0 45.47487 -0.49999 0.07399 0.0 0.0 0.0 0.0 0.0 0.0 0.0509002967893 76 1 0.924657534247 1.12055770563 -311.316148553
-0.12623 0.35028 3.35743 -0.12979 0.55971 3.62778785359 0.78258 0.98072 0.30541 0.41196 152.77952 195.62801 147.22542 138.42519 0.3 0.3 0.0 0.0 0.0 0.0 0.0 0.0 0.72115 0.0 0.0 45.47487 -0.49999 0.07399 0.0 0.0 0.0 0.0 0.0 0.0 0.0504856718219 77 0 0.918367346939 1.11624944723 -311.316148553
-0.12623 0.35028 3.35743 -0.12979 0.55971 3.63229051585 0.78258 0.98072 0.30541 0.41196 152.77952 195.62801 147.22542 138.42519 0.3 0.3 0.0 0.0 0.0 0.0 0.0 0.0 0.72115 0.0 0.0 45.47487 -0.49999 0.07399 0.0 0.0 0.0 0.0 0.0 0.0 0.0491427519101 78 0 0.924657534247 1.12356706683 -311.316148553
-0.12623 0.35028 3.35743 -0.12979 0.55971 3.63024053144 0.78258 0.98072 0.30541 0.41196 152.77952 195.62801 147.22542 138.42519 0.3 0.3 0.0 0.0 0.0 0.0 0.0 0.0 0.72115 0.0 0.0 45.47487 -0.49999 0.07399 0.0 0.0 0.0 0.0 0.0 0.0 0.0512653176019 79 0 0.918367346939 1.10629676976 -311.316148553
-0.12623 0.35028 3.35743 -0.12979 0.55971 3.64179676269 0.78258 0.98072 0.30541 0.41196 152.77952 195.62801 147.22542 138.42519 0.3 0.3 0.0 0.0 0.0 0.0 0.0 0.0 0.72115 0.0 0.0 45.47487 -0.49999 0.07399 0.0 0.0 0.0 0.0 0.0 0.0 0.051106326356 80 1 0.924657534247 1.09893477512 -297.106233086
-0.12623 0.35028 3.35743 -0.12979 0.55971 3.64925435326 0.78258 0.98072 0.30541 0.41196 152.77952 195.62801 147.22542 138.42519 0.3 0.3 0.0 0.0 0.0 0.0 0.0 0.0 0.72115 0.0 0.0 45.47487 -0.49999 0.07399 0.0 0.0 0.0 0.0 0.0 0.0 0.0513442499775 81 0 0.924657534247 1.13591813167 -297.106233086
-0.12623 0.35028 3.35743 -0.12979 0.55971 3.64598979182 0.78258 0.98072 0.30541 0.41196 152.77952 195.62801 147.22542 138.42519 0.3 0.3 0.0 0.0 0.0 0.0 0.0 0.0 0.72115 0.0 0.0 45.47487 -0.49999 0.07399 0.0 0.0 0.0 0.0 0.0 0.0 0.0514584491584 82 0 0.924657534247 1.1302188081 -297.106233086
-0.12623 0.35028 3.35743 -0.12979 0.55971 3.63284173123 0.78258 0.98072 0.30541 0.41196 152.77952 195.62801 147.22542 138.42519 0.3 0.3 0.0 0.0 0.0 0.0 0.0 0.0 0.72115 0.0 0.0 45.47487 -0.49999 0.07399 0.0 0.0 0.0 0.0 0.0 0.0 0.0515412100073 83 0 0.918367346939 1.12350564341 -297.106233086
-0.12623 0.35028 3.35743 -0.12979 0.55971 3.64386030365 0.78258 0.98072 0.30541 0.41196 152.77952 195.62801 147.22542 138.42519 0.3 0.3 0.0 0.0 0.0 0.0 0.0 0.0 0.72115 0.0 0.0 45.47487 -0.49999 0.07399 0.0 0.0 0.0 0.0 0.0 0.0 0.0528802475368 84 1 0.924657534247 1.12888648138 -292.994805159
-0.12623 0.35028 3.35743 -0.12979 0.55971 3.65591276398 0.78258 0.98072 0.30541 0.41196 152.77952 195.62801 147.22542 138.42519 0.3 0.3 0.0 0.0 0.0 0.0 0.0 0.0 0.72115 0.0 0.0 45.47487 -0.49999 0.07399 0.0 0.0 0.0 0.0 0.0 0.0 0.0518397922753 85 0 0.924657534247 1.1342827315 -292.994805159
-0.12623 0.35028 3.35743 -0.12979 0.55971 3.64074757517 0.78258 0.98072 0.30541 0.41196 152.77952 195.62801 147.22542 138.42519 0.3 0.3 0.0 0.0 0.0 0.0 0.0 0.0 0.72115 0.0 0.0 45.47487 -0.49999 0.07399 0.0 0.0 0.0 0.0 0.0 0.0 0.0529335938336 86 1 0.924657534247 1.09826394618 -276.868508631
-0.12623 0.35028 3.35743 -0.12979 0.55971 3.64486610866 0.78258 0.98072 0.30541 0.41196 152.77952 195.62801 147.22542 138.42519 0.3 0.3 0.0 0.0 0.0 0.0 0.0 0.0 0.72115 0.0 0.0 45.47487 -0.49999 0.07399 0.0 0.0 0.0 0.0 0.0 0.0 0.0527637390119 87 0 0.924657534247 1.12902063644 -276.868508631
-0.12623 0.35028 3.35743 -0.12979 0.55971 3.62172839522 0.78258 0.98072 0.30541 0.41196 152.77952 195.62801 147.22542 138.42519 0.3 0.3 0.0 0.0 0.0 0.0 0.0 0.0 0.72115 0.0 0.0 45.47487 -0.49999 0.07399 0.0 0.0 0.0 0.0 0.0 0.0 0.0527676280442 88 0 0.912162162162 1.06897542004 -276.868508631
-0.12623 0.35028 3.35743 -0.12979 0.55971 3.67205573485 0.78258 0.98072 0.30541 0.41196 152.77952 195.62801 147.22542 138.42519 0.3 0.3 0.0 0.0 0.0 0.0 0.0 0.0 0.72115 0.0 0.0 45.47487 -0.49999 0.07399 0.0 0.0 0.0 0.0 0.0 0.0 0.0523544805978 89 0 0.917808219178 1.15869313591 -276.868508631
-0.12623 0.35028 3.35743 -0.12979 0.55971 3.60823681578 0.78258 0.98072 0.30541 0.41196 152.77952 195.62801 147.22542 138.42519 0.3 0.3 0.0 0.0 0.0 0.0 0.0 0.0 0.72115 0.0 0.0 45.47487 -0.49999 0.07399 0.0 0.0 0.0 0.0 0.0 0.0 0.0535387736364 90 0 0.912162162162 1.23525418275 -276.868508631
-0.12623 0.35028 3.35743 -0.12979 0.55971 3.65161927235 0.78258 0.98072 0.30541 0.41196 152.77952 195.62801 147.22542 138.42519 0.3 0.3 0.0 0.0 0.0 0.0 0.0 0.0 0.72115 0.0 0.0 45.47487 -0.49999 0.07399 0.0 0.0 0.0 0.0 0.0 0.0 0.0528579986784 91 0 0.924657534247 1.13539594031 -276.868508631
-0.12623 0.35028 3.35743 -0.12979 0.55971 3.69817225575 0.78258 0.98072 0.30541 0.41196 152.77952 195.62801 147.22542 138.42519 0.3 0.3 0.0 0.0 0.0 0.0 0.0 0.0 0.72115 0.0 0.0 45.47487 -0.49999 0.07399 0.0 0.0 0.0 0.0 0.0 0.0 0.0525692194803 92 0 0.924137931034 1.15507366249 -276.868508631
-0.12623 0.35028 3.35743 -0.12979 0.55971 3.66650008504 0.78258 0.98072 0.30541 0.41196 152.77952 195.62801 147.22542 138.42519 0.3 0.3 0.0 0.0 0.0 0.0 0.0 0.0 0.72115 0.0 0.0 45.47487 -0.49999 0.07399 0.0 0.0 0.0 0.0 0.0 0.0 0.0533921539096 93 0 0.917808219178 1.15938093015 -276.868508631
-0.12623 0.35028 3.35743 -0.12979 0.55971 3.58244134502 0.78258 0.98072 0.30541 0.41196 152.77952 195.62801 147.22542 138.42519 0.3 0.3 0.0 0.0 0.0 0.0 0.0 0.0 0.72115 0.0 0.0 45.47487 -0.49999 0.07399 0.0 0.0 0.0 0.0 0.0 0.0 0.0532668225646 94 0 0.912162162162 1.24674143058 -276.868508631
-0.12623 0.35028 3.35743 -0.12979 0.55971 3.62282629461 0.78258 0.98072 0.30541 0.41196 152.77952 195.62801 147.22542 138.42519 0.3 0.3 0.0 0.0 0.0 0.0 0.0 0.0 0.72115 0.0 0.0 45.47487 -0.49999 0.07399 0.0 0.0 0.0 0.0 0.0 0.0 0.0532543165745 95 0 0.912162162162 1.09193307978 -276.868508631
-0.12623 0.35028 3.35743 -0.12979 0.55971 3.58795500304 0.78258 0.98072 0.30541 0.41196 152.77952 195.62801 147.22542 138.42519 0.3 0.3 0.0 0.0 0.0 0.0 0.0 0.0 0.72115 0.0 0.0 45.47487 -0.49999 0.07399 0.0 0.0 0.0 0.0 0.0 0.0 0.0523376910996 96 0 0.912162162162 1.20544979024 -276.868508631
-0.12623 0.35028 3.35743 -0.12979 0.55971 3.64101597436 0.78258 0.98072 0.30541 0.41196 152.77952 195.62801 147.22542 138.42519 0.3 0.3 0.0 0.0 0.0 0.0 0.0 0.0 0.72115 0.0 0.0 45.47487 -0.49999 0.07399 0.0 0.0 0.0 0.0 0.0 0.0 0.0524828310452 97 0 0.924657534247 1.09824659727 -276.868508631
-0.12623 0.35028 3.35743 -0.12979 0.55971 3.59246602397 0.78258 0.98072 0.30541 0.41196 152.77952 195.62801 147.22542 138.42519 0.3 0.3 0.0 0.0 0.0 0.0 0.0 0.0 0.72115 0.0 0.0 45.47487 -0.49999 0.07399 0.0 0.0 0.0 0.0 0.0 0.0 0.0533812758812 98 0 0.912162162162 1.20279685559 -276.868508631
-0.12623 0.35028 3.35743 -0.12979 0.55971 3.64029371333 0.78258 0.98072 0.30541 0.41196 152.77952 195.62801 147.22542 138.42519 0.3 0.3 0.0 0.0 0.0 0.0 0.0 0.0 0.72115 0.0 0.0 45.47487 -0.49999 0.07399 0.0 0.0 0.0 0.0 0.0 0.0 0.0526749431069 99 0 0.924657534247 1.09836240262 -276.868508631
-0.12623 0.35028 3.35743 -0.12979 0.55971 3.55615747285 0.78258 0.98072 0.30541 0.41196 152.77952 195.62801 147.22542 138.42519 0.3 0.3 0.0 0.0 0.0 0.0 0.0 0.0 0.72115 0.0 0.0 45.47487 -0.49999 0.07399 0.0 0.0 0.0 0.0 0.0 0.0 0.0532337725271 100 0 0.887417218543 1.28875367839 -276.868508631
