-0.12623 0.35028 3.35743 -0.12979 0.55971 4.25405333333 0.78258 0.98072 0.30541 0.41196 152.77952 195.62801 147.22542 138.42519 0.3 0.3 0.0 0.0 0.0 0.0 0.0 0.0 0.72115 0.0 0.0 45.47487 -0.49999 0.07399 0.0 0.0 0.0 0.0 0.0 0.0 0.05 0 1 0.970802919708 0.809388364028 -26.8841502858
-0.12623 0.35028 3.35743 -0.12979 0.55971 4.28166212993 0.78258 0.98072 0.30541 0.41196 152.77952 195.62801 147.22542 138.42519 0.3 0.3 0.0 0.0 0.0 0.0 0.0 0.0 0.72115 0.0 0.0 45.47487 -0.49999 0.07399 0.0 0.0 0.0 0.0 0.0 0.0 0.0498372000028 1 0 0.95652173913 0.831200324235 -26.8841502858
-0.12623 0.35028 3.35743 -0.12979 0.55971 4.27096700651 0.78258 0.98072 0.30541 0.41196 152.77952 195.62801 147.22542 138.42519 0.3 0.3 0.0 0.0 0.0 0.0 0.0 0.0 0.72115 0.0 0.0 45.47487 -0.49999 0.07399 0.0 0.0 0.0 0.0 0.0 0.0 0.0503445879144 2 0 0.963768115942 0.810921234754 -26.8841502858
-0.12623 0.35028 3.35743 -0.12979 0.55971 4.26696846925 0.78258 0.98072 0.30541 0.41196 152.77952 195.62801 147.22542 138.42519 0.3 0.3 0.0 0.0 0.0 0.0 0.0 0.0 0.72115 0.0 0.0 45.47487 -0.49999 0.07399 0.0 0.0 0.0 0.0 0.0 0.0 0.050233533132 3 0 0.963768115942 0.815150451957 -26.8841502858
-0.12623 0.35028 3.35743 -0.12979 0.55971 4.22228099766 0.78258 0.98072 0.30541 0.41196 152.77952 195.62801 147.22542 138.42519 0.3 0.3 0.0 0.0 0.0 0.0 0.0 0.0 0.72115 0.0 0.0 45.47487 -0.49999 0.07399 0.0 0.0 0.0 0.0 0.0 0.0 0.0501160295686 4 0 0.95652173913 0.771193868771 -26.8841502858
-0.12623 0.35028 3.35743 -0.12979 0.55971 4.24815687022 0.78258 0.98072 0.30541 0.41196 152.77952 195.62801 147.22542 138.42519 0.3 0.3 0.0 0.0 0.0 0.0 0.0 0.0 0.72115 0.0 0.0 45.47487 -0.49999 0.07399 0.0 0.0 0.0 0.0 0.0 0.0 0.0495789125872 5 1 0.970802919708 0.806021679577 -27.0714739137
-0.12623 0.35028 3.35743 -0.12979 0.55971 4.22836390327 0.78258 0.98072 0.30541 0.41196 152.77952 195.62801 147.22542 138.42519 0.3 0.3 0.0 0.0 0.0 0.0 0.0 0.0 0.72115 0.0 0.0 45.47487 -0.49999 0.07399 0.0 0.0 0.0 0.0 0.0 0.0 0.0500461621152 6 0 0.95652173913 0.791249459049 -27.0714739137
-0.12623 0.35028 3.35743 -0.12979 0.55971 4.24780439027 0.78258 0.98072 0.30541 0.41196 152.77952 195.62801 147.22542 138.42519 0.3 0.3 0.0 0.0 0.0 0.0 0.0 0.0 0.72115 0.0 0.0 45.47487 -0.49999 0.07399 0.0 0.0 0.0 0.0 0.0 0.0 0.0490319647388 7 1 0.970802919708 0.80591917556 -27.5959792077
-0.12623 0.35028 3.35743 -0.12979 0.55971 4.23223390557 0.78258 0.98072 0.30541 0.41196 152.77952 195.62801 147.22542 138.42519 0.3 0.3 0.0 0.0 0.0 0.0 0.0 0.0 0.72115 0.0 0.0 45.47487 -0.49999 0.07399 0.0 0.0 0.0 0.0 0.0 0.0 0.0488416439232 8 0 0.963503649635 0.789552427288 -27.5959792077
-0.12623 0.35028 3.35743 -0.12979 0.55971 4.22305892152 0.78258 0.98072 0.30541 0.41196 152.77952 195.62801 147.22542 138.42519 0.3 0.3 0.0 0.0 0.0 0.0 0.0 0.0 0.72115 0.0 0.0 45.47487 -0.49999 0.07399 0.0 0.0 0.0 0.0 0.0 0.0 0.0488652204455 9 0 0.95652173913 0.771494453353 -27.5959792077
-0.12623 0.35028 3.35743 -0.12979 0.55971 4.24515000187 0.78258 0.98072 0.30541 0.41196 152.77952 195.62801 147.22542 138.42519 0.3 0.3 0.0 0.0 0.0 0.0 0.0 0.0 0.72115 0.0 0.0 45.47487 -0.49999 0.07399 0.0 0.0 0.0 0.0 0.0 0.0 0.0493238889471 10 1 0.970802919708 0.793001607387 -26.4960018251
-0.12623 0.35028 3.35743 -0.12979 0.55971 4.24876595625 0.78258 0.98072 0.30541 0.41196 152.77952 195.62801 147.22542 138.42519 0.3 0.3 0.0 0.0 0.0 0.0 0.0 0.0 0.72115 0.0 0.0 45.47487 -0.49999 0.07399 0.0 0.0 0.0 0.0 0.0 0.0 0.0491292675781 11 1 0.970802919708 0.806195664314 -27.5178126617
-0.12623 0.35028 3.35743 -0.12979 0.55971 4.24728782102 0.78258 0.98072 0.30541 0.41196 152.77952 195.62801 147.22542 138.42519 0.3 0.3 0.0 0.0 0.0 0.0 0.0 0.0 0.72115 0.0 0.0 45.47487 -0.49999 0.07399 0.0 0.0 0.0 0.0 0.0 0.0 0.0501441396793 12 1 0.970802919708 0.80577801687 -26.5275145412
-0.12623 0.35028 3.35743 -0.12979 0.55971 4.26901526816 0.78258 0.98072 0.30541 0.41196 152.77952 195.62801 147.22542 138.42519 0.3 0.3 0.0 0.0 0.0 0.0 0.0 0.0 0.72115 0.0 0.0 45.47487 -0.49999 0.07399 0.0 0.0 0.0 0.0 0.0 0.0 0.0492893527929 13 0 0.963768115942 0.81031101484 -26.5275145412
-0.12623 0.35028 3.35743 -0.12979 0.55971 4.28898678922 0.78258 0.98072 0.30541 0.41196 152.77952 195.62801 147.22542 138.42519 0.3 0.3 0.0 0.0 0.0 0.0 0.0 0.0 0.72115 0.0 0.0 45.47487 -0.49999 0.07399 0.0 0.0 0.0 0.0 0.0 0.0 0.0498304850913 14 0 0.95652173913 0.831955078327 -26.5275145412
-0.12623 0.35028 3.35743 -0.12979 0.55971 4.25614089483 0.78258 0.98072 0.30541 0.41196 152.77952 195.62801 147.22542 138.42519 0.3 0.3 0.0 0.0 0.0 0.0 0.0 0.0 0.72115 0.0 0.0 45.47487 -0.49999 0.07399 0.0 0.0 0.0 0.0 0.0 0.0 0.0506805692731 15 1 0.970802919708 0.811519889453 -26.3904176989
-0.12623 0.35028 3.35743 -0.12979 0.55971 4.2600125589 0.78258 0.98072 0.30541 0.41196 152.77952 195.62801 147.22542 138.42519 0.3 0.3 0.0 0.0 0.0 0.0 0.0 0.0 0.72115 0.0 0.0 45.47487 -0.49999 0.07399 0.0 0.0 0.0 0.0 0.0 0.0 0.0508158025537 16 1 0.970802919708 0.8137682579 -26.4049791951
-0.12623 0.35028 3.35743 -0.12979 0.55971 4.28612209571 0.78258 0.98072 0.30541 0.41196 152.77952 195.62801 147.22542 138.42519 0.3 0.3 0.0 0.0 0.0 0.0 0.0 0.0 0.72115 0.0 0.0 45.47487 -0.49999 0.07399 0.0 0.0 0.0 0.0 0.0 0.0 0.0517992126748 17 0 0.963768115942 0.829827179901 -26.4049791951
-0.12623 0.35028 3.35743 -0.12979 0.55971 4.23467952045 0.78258 0.98072 0.30541 0.41196 152.77952 195.62801 147.22542 138.42519 0.3 0.3 0.0 0.0 0.0 0.0 0.0 0.0 0.72115 0.0 0.0 45.47487 -0.49999 0.07399 0.0 0.0 0.0 0.0 0.0 0.0 0.0515085141811 18 1 0.970802919708 0.786684700528 -24.2303758594
-0.12623 0.35028 3.35743 -0.12979 0.55971 4.25892900999 0.78258 0.98072 0.30541 0.41196 152.77952 195.62801 147.22542 138.42519 0.3 0.3 0.0 0.0 0.0 0.0 0.0 0.0 0.72115 0.0 0.0 45.47487 -0.49999 0.07399 0.0 0.0 0.0 0.0 0.0 0.0 0.0518166627461 19 0 0.970802919708 0.813464841648 -24.2303758594
-0.12623 0.35028 3.35743 -0.12979 0.55971 4.26377214587 0.78258 0.98072 0.30541 0.41196 152.77952 195.62801 147.22542 138.42519 0.3 0.3 0.0 0.0 0.0 0.0 0.0 0.0 0.72115 0.0 0.0 45.47487 -0.49999 0.07399 0.0 0.0 0.0 0.0 0.0 0.0 0.0510059467811 20 0 0.963768115942 0.814079612732 -24.2303758594
-0.12623 0.35028 3.35743 -0.12979 0.55971 4.20267904571 0.78258 0.98072 0.30541 0.41196 152.77952 195.62801 147.22542 138.42519 0.3 0.3 0.0 0.0 0.0 0.0 0.0 0.0 0.72115 0.0 0.0 45.47487 -0.49999 0.07399 0.0 0.0 0.0 0.0 0.0 0.0 0.0510943606163 21 1 0.970802919708 0.747453541102 -22.3539911144
-0.12623 0.35028 3.35743 -0.12979 0.55971 4.20628669567 0.78258 0.98072 0.30541 0.41196 152.77952 195.62801 147.22542 138.42519 0.3 0.3 0.0 0.0 0.0 0.0 0.0 0.0 0.72115 0.0 0.0 45.47487 -0.49999 0.07399 0.0 0.0 0.0 0.0 0.0 0.0 0.0511120153935 22 0 0.963503649635 0.75188590715 -22.3539911144
-0.12623 0.35028 3.35743 -0.12979 0.55971 4.20289235828 0.78258 0.98072 0.30541 0.41196 152.77952 195.62801 147.22542 138.42519 0.3 0.3 0.0 0.0 0.0 0.0 0.0 0.0 0.72115 0.0 0.0 45.47487 -0.49999 0.07399 0.0 0.0 0.0 0.0 0.0 0.0 0.0520911851911 23 1 0.970802919708 0.747499509931 -21.6499595888
-0.12623 0.35028 3.35743 -0.12979 0.55971 4.19662522445 0.78258 0.98072 0.30541 0.41196 152.77952 195.62801 147.22542 138.42519 0.3 0.3 0.0 0.0 0.0 0.0 0.0 0.0 0.72115 0.0 0.0 45.47487 -0.49999 0.07399 0.0 0.0 0.0 0.0 0.0 0.0 0.0520958993211 24 0 0.970802919708 0.749741389271 -21.6499595888
-0.12623 0.35028 3.35743 -0.12979 0.55971 4.17659301726 0.78258 0.98072 0.30541 0.41196 152.77952 195.62801 147.22542 138.42519 0.3 0.3 0.0 0.0 0.0 0.0 0.0 0.0 0.72115 0.0 0.0 45.47487 -0.49999 0.07399 0.0 0.0 0.0 0.0 0.0 0.0 0.0522477510508 25 0 0.956204379562 0.748769968965 -21.6499595888
-0.12623 0.35028 3.35743 -0.12979 0.55971 4.21713678785 0.78258 0.98072 0.30541 0.41196 152.77952 195.62801 147.22542 138.42519 0.3 0.3 0.0 0.0 0.0 0.0 0.0 0.0 0.72115 0.0 0.0 45.47487 -0.49999 0.07399 0.0 0.0 0.0 0.0 0.0 0.0 0.0510223713843 26 0 0.949275362319 0.764245608209 -21.6499595888
-0.12623 0.35028 3.35743 -0.12979 0.55971 4.19858548642 0.78258 0.98072 0.30541 0.41196 152.77952 195.62801 147.22542 138.42519 0.3 0.3 0.0 0.0 0.0 0.0 0.0 0.0 0.72115 0.0 0.0 45.47487 -0.49999 0.07399 0.0 0.0 0.0 0.0 0.0 0.0 0.0513603599058 27 1 0.970802919708 0.737460816101 -21.621444604
-0.12623 0.35028 3.35743 -0.12979 0.55971 4.20168571587 0.78258 0.98072 0.30541 0.41196 152.77952 195.62801 147.22542 138.42519 0.3 0.3 0.0 0.0 0.0 0.0 0.0 0.0 0.72115 0.0 0.0 45.47487 -0.49999 0.07399 0.0 0.0 0.0 0.0 0.0 0.0 0.0518850711336 28 1 0.970802919708 0.747182442149 -21.7753915195
-0.12623 0.35028 3.35743 -0.12979 0.55971 4.23596188422 0.78258 0.98072 0.30541 0.41196 152.77952 195.62801 147.22542 138.42519 0.3 0.3 0.0 0.0 0.0 0.0 0.0 0.0 0.72115 0.0 0.0 45.47487 -0.49999 0.07399 0.0 0.0 0.0 0.0 0.0 0.0 0.0514959652038 29 0 0.963503649635 0.790490084095 -21.7753915195
-0.12623 0.35028 3.35743 -0.12979 0.55971 4.11813971306 0.78258 0.98072 0.30541 0.41196 152.77952 195.62801 147.22542 138.42519 0.3 0.3 0.0 0.0 0.0 0.0 0.0 0.0 0.72115 0.0 0.0 45.47487 -0.49999 0.07399 0.0 0.0 0.0 0.0 0.0 0.0 0.0524554822066 30 1 0.978102189781 0.472691118474 -6.30888747464
-0.12623 0.35028 3.35743 -0.12979 0.55971 4.12814513055 0.78258 0.98072 0.30541 0.41196 152.77952 195.62801 147.22542 138.42519 0.3 0.3 0.0 0.0 0.0 0.0 0.0 0.0 0.72115 0.0 0.0 45.47487 -0.49999 0.07399 0.0 0.0 0.0 0.0 0.0 0.0 0.0522786711725 31 0 0.977941176471 0.505914972337 -6.30888747464
-0.12623 0.35028 3.35743 -0.12979 0.55971 4.10366585147 0.78258 0.98072 0.30541 0.41196 152.77952 195.62801 147.22542 138.42519 0.3 0.3 0.0 0.0 0.0 0.0 0.0 0.0 0.72115 0.0 0.0 45.47487 -0.49999 0.07399 0.0 0.0 0.0 0.0 0.0 0.0 0.0526610831635 32 1 0.985401459854 0.476780336909 -3.90866821934
-0.12623 0.35028 3.35743 -0.12979 0.55971 4.10083591174 0.78258 0.98072 0.30541 0.41196 152.77952 195.62801 147.22542 138.42519 0.3 0.3 0.0 0.0 0.0 0.0 0.0 0.0 0.72115 0.0 0.0 45.47487 -0.49999 0.07399 0.0 0.0 0.0 0.0 0.0 0.0 0.0524831275 33 1 0.985401459854 0.475999497541 -3.9025424063
-0.12623 0.35028 3.35743 -0.12979 0.55971 4.12008206538 0.78258 0.98072 0.30541 0.41196 152.77952 195.62801 147.22542 138.42519 0.3 0.3 0.0 0.0 0.0 0.0 0.0 0.0 0.72115 0.0 0.0 45.47487 -0.49999 0.07399 0.0 0.0 0.0 0.0 0.0 0.0 0.0524214569925 34 0 0.978102189781 0.472166711932 -3.9025424063
-0.12623 0.35028 3.35743 -0.12979 0.55971 4.09565022106 0.78258 0.98072 0.30541 0.41196 152.77952 195.62801 147.22542 138.42519 0.3 0.3 0.0 0.0 0.0 0.0 0.0 0.0 0.72115 0.0 0.0 45.47487 -0.49999 0.07399 0.0 0.0 0.0 0.0 0.0 0.0 0.0527132541965 35 1 0.985401459854 0.482008805702 -3.95185361479
-0.12623 0.35028 3.35743 -0.12979 0.55971 4.0683330661 0.78258 0.98072 0.30541 0.41196 152.77952 195.62801 147.22542 138.42519 0.3 0.3 0.0 0.0 0.0 0.0 0.0 0.0 0.72115 0.0 0.0 45.47487 -0.49999 0.07399 0.0 0.0 0.0 0.0 0.0 0.0 0.0524046649064 36 1 0.992647058824 0.415039987776 -2.30616889654
-0.12623 0.35028 3.35743 -0.12979 0.55971 4.05785194603 0.78258 0.98072 0.30541 0.41196 152.77952 195.62801 147.22542 138.42519 0.3 0.3 0.0 0.0 0.0 0.0 0.0 0.0 0.72115 0.0 0.0 45.47487 -0.49999 0.07399 0.0 0.0 0.0 0.0 0.0 0.0 0.0530612853751 37 1 0.992647058824 0.403133711792 -2.32385044932
-0.12623 0.35028 3.35743 -0.12979 0.55971 4.09098862054 0.78258 0.98072 0.30541 0.41196 152.77952 195.62801 147.22542 138.42519 0.3 0.3 0.0 0.0 0.0 0.0 0.0 0.0 0.72115 0.0 0.0 45.47487 -0.49999 0.07399 0.0 0.0 0.0 0.0 0.0 0.0 0.0529712263918 38 0 0.985401459854 0.486710005784 -2.32385044932
-0.12623 0.35028 3.35743 -0.12979 0.55971 4.0991672196 0.78258 0.98072 0.30541 0.41196 152.77952 195.62801 147.22542 138.42519 0.3 0.3 0.0 0.0 0.0 0.0 0.0 0.0 0.72115 0.0 0.0 45.47487 -0.49999 0.07399 0.0 0.0 0.0 0.0 0.0 0.0 0.0525404335914 39 0 0.985401459854 0.475773559205 -2.32385044932
-0.12623 0.35028 3.35743 -0.12979 0.55971 4.05870227836 0.78258 0.98072 0.30541 0.41196 152.77952 195.62801 147.22542 138.42519 0.3 0.3 0.0 0.0 0.0 0.0 0.0 0.0 0.72115 0.0 0.0 45.47487 -0.49999 0.07399 0.0 0.0 0.0 0.0 0.0 0.0 0.0533917729626 40 1 0.992647058824 0.365872961336 -2.28281335139
-0.12623 0.35028 3.35743 -0.12979 0.55971 4.06321613098 0.78258 0.98072 0.30541 0.41196 152.77952 195.62801 147.22542 138.42519 0.3 0.3 0.0 0.0 0.0 0.0 0.0 0.0 0.72115 0.0 0.0 45.47487 -0.49999 0.07399 0.0 0.0 0.0 0.0 0.0 0.0 0.0531753903914 41 1 0.992647058824 0.403550567401 -2.33148802745
-0.12623 0.35028 3.35743 -0.12979 0.55971 4.05548661782 0.78258 0.98072 0.30541 0.41196 152.77952 195.62801 147.22542 138.42519 0.3 0.3 0.0 0.0 0.0 0.0 0.0 0.0 0.72115 0.0 0.0 45.47487 -0.49999 0.07399 0.0 0.0 0.0 0.0 0.0 0.0 0.052095448499 42 1 0.992647058824 0.368806440996 -2.20703570194
-0.12623 0.35028 3.35743 -0.12979 0.55971 4.03475036636 0.78258 0.98072 0.30541 0.41196 152.77952 195.62801 147.22542 138.42519 0.3 0.3 0.0 0.0 0.0 0.0 0.0 0.0 0.72115 0.0 0.0 45.47487 -0.49999 0.07399 0.0 0.0 0.0 0.0 0.0 0.0 0.0517268801197 43 1 1.0 0.408786029003 -1.87559755049
-0.12623 0.35028 3.35743 -0.12979 0.55971 4.02882775411 0.78258 0.98072 0.30541 0.41196 152.77952 195.62801 147.22542 138.42519 0.3 0.3 0.0 0.0 0.0 0.0 0.0 0.0 0.72115 0.0 0.0 45.47487 -0.49999 0.07399 0.0 0.0 0.0 0.0 0.0 0.0 0.0522988780702 44 1 1.0 0.418826688816 -1.91695439316
-0.12623 0.35028 3.35743 -0.12979 0.55971 4.027730871 0.78258 0.98072 0.30541 0.41196 152.77952 195.62801 147.22542 138.42519 0.3 0.3 0.0 0.0 0.0 0.0 0.0 0.0 0.72115 0.0 0.0 45.47487 -0.49999 0.07399 0.0 0.0 0.0 0.0 0.0 0.0 0.0523546827005 45 1 1.0 0.119502948298 -1.92101273477
-0.12623 0.35028 3.35743 -0.12979 0.55971 4.0533683147 0.78258 0.98072 0.30541 0.41196 152.77952 195.62801 147.22542 138.42519 0.3 0.3 0.0 0.0 0.0 0.0 0.0 0.0 0.72115 0.0 0.0 45.47487 -0.49999 0.07399 0.0 0.0 0.0 0.0 0.0 0.0 0.0516572757962 46 1 1.0 0.34486778124 -1.87059499745
-0.12623 0.35028 3.35743 -0.12979 0.55971 4.05104516445 0.78258 0.98072 0.30541 0.41196 152.77952 195.62801 147.22542 138.42519 0.3 0.3 0.0 0.0 0.0 0.0 0.0 0.0 0.72115 0.0 0.0 45.47487 -0.49999 0.07399 0.0 0.0 0.0 0.0 0.0 0.0 0.051971285707 47 1 1.0 0.280643075587 -1.89321487857
-0.12623 0.35028 3.35743 -0.12979 0.55971 4.09086202494 0.78258 0.98072 0.30541 0.41196 152.77952 195.62801 147.22542 138.42519 0.3 0.3 0.0 0.0 0.0 0.0 0.0 0.0 0.72115 0.0 0.0 45.47487 -0.49999 0.07399 0.0 0.0 0.0 0.0 0.0 0.0 0.051778612567 48 0 0.985401459854 0.486736815779 -1.89321487857
-0.12623 0.35028 3.35743 -0.12979 0.55971 4.07493977328 0.78258 0.98072 0.30541 0.41196 152.77952 195.62801 147.22542 138.42519 0.3 0.3 0.0 0.0 0.0 0.0 0.0 0.0 0.72115 0.0 0.0 45.47487 -0.49999 0.07399 0.0 0.0 0.0 0.0 0.0 0.0 0.0518737198712 49 0 0.992647058824 0.427859418865 -1.89321487857
-0.12623 0.35028 3.35743 -0.12979 0.55971 4.04248584523 0.78258 0.98072 0.30541 0.41196 152.77952 195.62801 147.22542 138.42519 0.3 0.3 0.0 0.0 0.0 0.0 0.0 0.0 0.72115 0.0 0.0 45.47487 -0.49999 0.07399 0.0 0.0 0.0 0.0 0.0 0.0 0.051536343003 50 1 1.0 0.271988989058 -1.86191889189
-0.12623 0.35028 3.35743 -0.12979 0.55971 4.07665170347 0.78258 0.98072 0.30541 0.41196 152.77952 195.62801 147.22542 138.42519 0.3 0.3 0.0 0.0 0.0 0.0 0.0 0.0 0.72115 0.0 0.0 45.47487 -0.49999 0.07399 0.0 0.0 0.0 0.0 0.0 0.0 0.0507370956647 51 1 0.992647058824 0.420647241845 -2.22315327703
-0.12623 0.35028 3.35743 -0.12979 0.55971 4.07320714027 0.78258 0.98072 0.30541 0.41196 152.77952 195.62801 147.22542 138.42519 0.3 0.3 0.0 0.0 0.0 0.0 0.0 0.0 0.72115 0.0 0.0 45.47487 -0.49999 0.07399 0.0 0.0 0.0 0.0 0.0 0.0 0.0510130517987 52 1 0.992647058824 0.426660571492 -2.25008105993
-0.12623 0.35028 3.35743 -0.12979 0.55971 4.06317254138 0.78258 0.98072 0.30541 0.41196 152.77952 195.62801 147.22542 138.42519 0.3 0.3 0.0 0.0 0.0 0.0 0.0 0.0 0.72115 0.0 0.0 45.47487 -0.49999 0.07399 0.0 0.0 0.0 0.0 0.0 0.0 0.050936741949 53 1 0.992647058824 0.40354487979 -2.20095715383
-0.12623 0.35028 3.35743 -0.12979 0.55971 4.05657608103 0.78258 0.98072 0.30541 0.41196 152.77952 195.62801 147.22542 138.42519 0.3 0.3 0.0 0.0 0.0 0.0 0.0 0.0 0.72115 0.0 0.0 45.47487 -0.49999 0.07399 0.0 0.0 0.0 0.0 0.0 0.0 0.0504194954956 54 1 0.992647058824 0.369369795816 -2.10916067188
-0.12623 0.35028 3.35743 -0.12979 0.55971 4.0251995848 0.78258 0.98072 0.30541 0.41196 152.77952 195.62801 147.22542 138.42519 0.3 0.3 0.0 0.0 0.0 0.0 0.0 0.0 0.72115 0.0 0.0 45.47487 -0.49999 0.07399 0.0 0.0 0.0 0.0 0.0 0.0 0.0504897109975 55 1 1.0 0.410704190022 -1.78765236916
-0.12623 0.35028 3.35743 -0.12979 0.55971 4.01415143103 0.78258 0.98072 0.30541 0.41196 152.77952 195.62801 147.22542 138.42519 0.3 0.3 0.0 0.0 0.0 0.0 0.0 0.0 0.72115 0.0 0.0 45.47487 -0.49999 0.07399 0.0 0.0 0.0 0.0 0.0 0.0 0.0506108484805 56 1 0.985294117647 0.0410438563019 -1.81217339119
-0.12623 0.35028 3.35743 -0.12979 0.55971 3.98579116967 0.78258 0.98072 0.30541 0.41196 152.77952 195.62801 147.22542 138.42519 0.3 0.3 0.0 0.0 0.0 0.0 0.0 0.0 0.72115 0.0 0.0 45.47487 -0.49999 0.07399 0.0 0.0 0.0 0.0 0.0 0.0 0.0501124565807 57 0 0.992647058824 0.405572011177 -1.81217339119
-0.12623 0.35028 3.35743 -0.12979 0.55971 3.9986880345 0.78258 0.98072 0.30541 0.41196 152.77952 195.62801 147.22542 138.42519 0.3 0.3 0.0 0.0 0.0 0.0 0.0 0.0 0.72115 0.0 0.0 45.47487 -0.49999 0.07399 0.0 0.0 0.0 0.0 0.0 0.0 0.0506297680174 58 0 0.985294117647 0.396753142382 -1.81217339119
-0.12623 0.35028 3.35743 -0.12979 0.55971 3.98524485145 0.78258 0.98072 0.30541 0.41196 152.77952 195.62801 147.22542 138.42519 0.3 0.3 0.0 0.0 0.0 0.0 0.0 0.0 0.72115 0.0 0.0 45.47487 -0.49999 0.07399 0.0 0.0 0.0 0.0 0.0 0.0 0.0511608915741 59 0 0.992647058824 0.405550316426 -1.81217339119
-0.12623 0.35028 3.35743 -0.12979 0.55971 3.97374484108 0.78258 0.98072 0.30541 0.41196 152.77952 195.62801 147.22542 138.42519 0.3 0.3 0.0 0.0 0.0 0.0 0.0 0.0 0.72115 0.0 0.0 45.47487 -0.49999 0.07399 0.0 0.0 0.0 0.0 0.0 0.0 0.0500970335566 60 1 0.985294117647 0.37390822215 -3.11548600344
-0.12623 0.35028 3.35743 -0.12979 0.55971 3.97972171945 0.78258 0.98072 0.30541 0.41196 152.77952 195.62801 147.22542 138.42519 0.3 0.3 0.0 0.0 0.0 0.0 0.0 0.0 0.72115 0.0 0.0 45.47487 -0.49999 0.07399 0.0 0.0 0.0 0.0 0.0 0.0 0.0507040901713 61 1 0.992647058824 0.375216222306 -2.1358266766
-0.12623 0.35028 3.35743 -0.12979 0.55971 3.99595532661 0.78258 0.98072 0.30541 0.41196 152.77952 195.62801 147.22542 138.42519 0.3 0.3 0.0 0.0 0.0 0.0 0.0 0.0 0.72115 0.0 0.0 45.47487 -0.49999 0.07399 0.0 0.0 0.0 0.0 0.0 0.0 0.0493572127435 62 1 0.985294117647 0.396505801835 -3.27907474351
-0.12623 0.35028 3.35743 -0.12979 0.55971 3.96482563492 0.78258 0.98072 0.30541 0.41196 152.77952 195.62801 147.22542 138.42519 0.3 0.3 0.0 0.0 0.0 0.0 0.0 0.0 0.72115 0.0 0.0 45.47487 -0.49999 0.07399 0.0 0.0 0.0 0.0 0.0 0.0 0.0496817068515 63 1 0.985294117647 0.188901863445 -2.08306170279
-0.12623 0.35028 3.35743 -0.12979 0.55971 3.96805401402 0.78258 0.98072 0.30541 0.41196 152.77952 195.62801 147.22542 138.42519 0.3 0.3 0.0 0.0 0.0 0.0 0.0 0.0 0.72115 0.0 0.0 45.47487 -0.49999 0.07399 0.0 0.0 0.0 0.0 0.0 0.0 0.0490184127223 64 1 0.985294117647 0.167706271317 -1.97053278934
-0.12623 0.35028 3.35743 -0.12979 0.55971 3.9767753834 0.78258 0.98072 0.30541 0.41196 152.77952 195.62801 147.22542 138.42519 0.3 0.3 0.0 0.0 0.0 0.0 0.0 0.0 0.72115 0.0 0.0 45.47487 -0.49999 0.07399 0.0 0.0 0.0 0.0 0.0 0.0 0.049807671262 65 1 0.992647058824 0.376030496203 -2.08673032958
-0.12623 0.35028 3.35743 -0.12979 0.55971 3.93404635312 0.78258 0.98072 0.30541 0.41196 152.77952 195.62801 147.22542 138.42519 0.3 0.3 0.0 0.0 0.0 0.0 0.0 0.0 0.72115 0.0 0.0 45.47487 -0.49999 0.07399 0.0 0.0 0.0 0.0 0.0 0.0 0.0486660250911 66 1 0.992647058824 0.551371143994 -2.44252484321
-0.12623 0.35028 3.35743 -0.12979 0.55971 3.94071854285 0.78258 0.98072 0.30541 0.41196 152.77952 195.62801 147.22542 138.42519 0.3 0.3 0.0 0.0 0.0 0.0 0.0 0.0 0.72115 0.0 0.0 45.47487 -0.49999 0.07399 0.0 0.0 0.0 0.0 0.0 0.0 0.0492660563719 67 1 0.992647058824 0.544142053575 -2.44469636606
-0.12623 0.35028 3.35743 -0.12979 0.55971 3.91590294478 0.78258 0.98072 0.30541 0.41196 152.77952 195.62801 147.22542 138.42519 0.3 0.3 0.0 0.0 0.0 0.0 0.0 0.0 0.72115 0.0 0.0 45.47487 -0.49999 0.07399 0.0 0.0 0.0 0.0 0.0 0.0 0.0493031668181 68 0 0.985401459854 0.4795948782 -2.44469636606
-0.12623 0.35028 3.35743 -0.12979 0.55971 3.96342565737 0.78258 0.98072 0.30541 0.41196 152.77952 195.62801 147.22542 138.42519 0.3 0.3 0.0 0.0 0.0 0.0 0.0 0.0 0.72115 0.0 0.0 45.47487 -0.49999 0.07399 0.0 0.0 0.0 0.0 0.0 0.0 0.0498383132233 69 1 0.985294117647 0.170907441676 -2.02828378567
-0.12623 0.35028 3.35743 -0.12979 0.55971 3.95719691267 0.78258 0.98072 0.30541 0.41196 152.77952 195.62801 147.22542 138.42519 0.3 0.3 0.0 0.0 0.0 0.0 0.0 0.0 0.72115 0.0 0.0 45.47487 -0.49999 0.07399 0.0 0.0 0.0 0.0 0.0 0.0 0.0497888926909 70 1 0.992647058824 0.208307035858 -1.84521656962
-0.12623 0.35028 3.35743 -0.12979 0.55971 3.92234775334 0.78258 0.98072 0.30541 0.41196 152.77952 195.62801 147.22542 138.42519 0.3 0.3 0.0 0.0 0.0 0.0 0.0 0.0 0.72115 0.0 0.0 45.47487 -0.49999 0.07399 0.0 0.0 0.0 0.0 0.0 0.0 0.05075908166 71 1 0.992647058824 0.528173904387 -2.46519400068
-0.12623 0.35028 3.35743 -0.12979 0.55971 3.96451697778 0.78258 0.98072 0.30541 0.41196 152.77952 195.62801 147.22542 138.42519 0.3 0.3 0.0 0.0 0.0 0.0 0.0 0.0 0.72115 0.0 0.0 45.47487 -0.49999 0.07399 0.0 0.0 0.0 0.0 0.0 0.0 0.0506561961343 72 1 0.985294117647 0.188912367421 -2.13773591908
-0.12623 0.35028 3.35743 -0.12979 0.55971 3.9588364568 0.78258 0.98072 0.30541 0.41196 152.77952 195.62801 147.22542 138.42519 0.3 0.3 0.0 0.0 0.0 0.0 0.0 0.0 0.72115 0.0 0.0 45.47487 -0.49999 0.07399 0.0 0.0 0.0 0.0 0.0 0.0 0.050737696812 73 1 0.992647058824 0.208465542354 -1.90779455194
-0.12623 0.35028 3.35743 -0.12979 0.55971 3.97151176872 0.78258 0.98072 0.30541 0.41196 152.77952 195.62801 147.22542 138.42519 0.3 0.3 0.0 0.0 0.0 0.0 0.0 0.0 0.72115 0.0 0.0 45.47487 -0.49999 0.07399 0.0 0.0 0.0 0.0 0.0 0.0 0.0517502504314 74 0 0.985294117647 0.165492357757 -1.90779455194
-0.12623 0.35028 3.35743 -0.12979 0.55971 3.99319826949 0.78258 0.98072 0.30541 0.41196 152.77952 195.62801 147.22542 138.42519 0.3 0.3 0.0 0.0 0.0 0.0 0.0 0.0 0.72115 0.0 0.0 45.47487 -0.49999 0.07399 0.0 0.0 0.0 0.0 0.0 0.0 0.0514171101694 75 1 0.985294117647 0.401806328557 -3.33915855025
-0.12623 0.35028 3.35743 -0.12979 0.55971 3.97523072136 0.78258 0.98072 0.30541 0.41196 152.77952 195.62801 147.22542 138.42519 0.3 0.3 0.0 0.0 0.0 0.0 0.0 0.0 0.72115 0.0 0.0 45.47487 -0.49999 0.07399 0.0 0.0 0.0 0.0 0.0 0.0 0.05155714153 76 1 0.985294117647 0.373930187998 -3.14319781357
-0.12623 0.35028 3.35743 -0.12979 0.55971 3.97143034376 0.78258 0.98072 0.30541 0.41196 152.77952 195.62801 147.22542 138.42519 0.3 0.3 0.0 0.0 0.0 0.0 0.0 0.0 0.72115 0.0 0.0 45.47487 -0.49999 0.07399 0.0 0.0 0.0 0.0 0.0 0.0 0.0520227871263 77 1 0.985294117647 0.165499111993 -2.14316623499
-0.12623 0.35028 3.35743 -0.12979 0.55971 3.96886356434 0.78258 0.98072 0.30541 0.41196 152.77952 195.62801 147.22542 138.42519 0.3 0.3 0.0 0.0 0.0 0.0 0.0 0.0 0.72115 0.0 0.0 45.47487 -0.49999 0.07399 0.0 0.0 0.0 0.0 0.0 0.0 0.05246155639 78 1 0.985294117647 0.165414473772 -2.17067637163
-0.12623 0.35028 3.35743 -0.12979 0.55971 3.92288260736 0.78258 0.98072 0.30541 0.41196 152.77952 195.62801 147.22542 138.42519 0.3 0.3 0.0 0.0 0.0 0.0 0.0 0.0 0.72115 0.0 0.0 45.47487 -0.49999 0.07399 0.0 0.0 0.0 0.0 0.0 0.0 0.0525930588275 79 1 0.992647058824 0.528162176333 -2.55180773939
-0.12623 0.35028 3.35743 -0.12979 0.55971 3.93440967672 0.78258 0.98072 0.30541 0.41196 152.77952 195.62801 147.22542 138.42519 0.3 0.3 0.0 0.0 0.0 0.0 0.0 0.0 0.72115 0.0 0.0 45.47487 -0.49999 0.07399 0.0 0.0 0.0 0.0 0.0 0.0 0.0528848573844 80 1 0.992647058824 0.551386297851 -2.62096420801
-0.12623 0.35028 3.35743 -0.12979 0.55971 3.90906266858 0.78258 0.98072 0.30541 0.41196 152.77952 195.62801 147.22542 138.42519 0.3 0.3 0.0 0.0 0.0 0.0 0.0 0.0 0.72115 0.0 0.0 45.47487 -0.49999 0.07399 0.0 0.0 0.0 0.0 0.0 0.0 0.0535491753593 81 0 0.978260869565 0.626013580339 -2.62096420801
-0.12623 0.35028 3.35743 -0.12979 0.55971 3.91941029063 0.78258 0.98072 0.30541 0.41196 152.77952 195.62801 147.22542 138.42519 0.3 0.3 0.0 0.0 0.0 0.0 0.0 0.0 0.72115 0.0 0.0 45.47487 -0.49999 0.07399 0.0 0.0 0.0 0.0 0.0 0.0 0.0537837474403 82 1 0.992647058824 0.52710929432 -2.61058016466
-0.12623 0.35028 3.35743 -0.12979 0.55971 3.91691981706 0.78258 0.98072 0.30541 0.41196 152.77952 195.62801 147.22542 138.42519 0.3 0.3 0.0 0.0 0.0 0.0 0.0 0.0 0.72115 0.0 0.0 45.47487 -0.49999 0.07399 0.0 0.0 0.0 0.0 0.0 0.0 0.0537208608328 83 1 0.992647058824 0.527037859213 -2.60709646625
-0.12623 0.35028 3.35743 -0.12979 0.55971 3.89365042988 0.78258 0.98072 0.30541 0.41196 152.77952 195.62801 147.22542 138.42519 0.3 0.3 0.0 0.0 0.0 0.0 0.0 0.0 0.72115 0.0 0.0 45.47487 -0.49999 0.07399 0.0 0.0 0.0 0.0 0.0 0.0 0.0534220495009 84 0 0.971223021583 0.563295287726 -2.60709646625
-0.12623 0.35028 3.35743 -0.12979 0.55971 3.96613312998 0.78258 0.98072 0.30541 0.41196 152.77952 195.62801 147.22542 138.42519 0.3 0.3 0.0 0.0 0.0 0.0 0.0 0.0 0.72115 0.0 0.0 45.47487 -0.49999 0.07399 0.0 0.0 0.0 0.0 0.0 0.0 0.0540542968997 85 1 0.985294117647 0.18882647216 -2.34350954433
-0.12623 0.35028 3.35743 -0.12979 0.55971 3.97528655766 0.78258 0.98072 0.30541 0.41196 152.77952 195.62801 147.22542 138.42519 0.3 0.3 0.0 0.0 0.0 0.0 0.0 0.0 0.72115 0.0 0.0 45.47487 -0.49999 0.07399 0.0 0.0 0.0 0.0 0.0 0.0 0.0541890365864 86 0 0.985294117647 0.373932364071 -2.34350954433
-0.12623 0.35028 3.35743 -0.12979 0.55971 3.97804253841 0.78258 0.98072 0.30541 0.41196 152.77952 195.62801 147.22542 138.42519 0.3 0.3 0.0 0.0 0.0 0.0 0.0 0.0 0.72115 0.0 0.0 45.47487 -0.49999 0.07399 0.0 0.0 0.0 0.0 0.0 0.0 0.0546811953324 87 1 0.992647058824 0.376354071658 -2.38205400273
-0.12623 0.35028 3.35743 -0.12979 0.55971 3.95152187021 0.78258 0.98072 0.30541 0.41196 152.77952 195.62801 147.22542 138.42519 0.3 0.3 0.0 0.0 0.0 0.0 0.0 0.0 0.72115 0.0 0.0 45.47487 -0.49999 0.07399 0.0 0.0 0.0 0.0 0.0 0.0 0.0548335630731 88 1 0.992647058824 0.416639874954 -2.45665730856
-0.12623 0.35028 3.35743 -0.12979 0.55971 3.93867862917 0.78258 0.98072 0.30541 0.41196 152.77952 195.62801 147.22542 138.42519 0.3 0.3 0.0 0.0 0.0 0.0 0.0 0.0 0.72115 0.0 0.0 45.47487 -0.49999 0.07399 0.0 0.0 0.0 0.0 0.0 0.0 0.0555545943697 89 1 0.992647058824 0.54369907539 -2.74327821156
-0.12623 0.35028 3.35743 -0.12979 0.55971 3.96763033414 0.78258 0.98072 0.30541 0.41196 152.77952 195.62801 147.22542 138.42519 0.3 0.3 0.0 0.0 0.0 0.0 0.0 0.0 0.72115 0.0 0.0 45.47487 -0.49999 0.07399 0.0 0.0 0.0 0.0 0.0 0.0 0.0562873270951 90 1 0.985294117647 0.167778783681 -2.43368007629
-0.12623 0.35028 3.35743 -0.12979 0.55971 3.95414941716 0.78258 0.98072 0.30541 0.41196 152.77952 195.62801 147.22542 138.42519 0.3 0.3 0.0 0.0 0.0 0.0 0.0 0.0 0.72115 0.0 0.0 45.47487 -0.49999 0.07399 0.0 0.0 0.0 0.0 0.0 0.0 0.0563546153139 91 1 0.992647058824 0.418092301923 -2.55754736206
-0.12623 0.35028 3.35743 -0.12979 0.55971 3.9657660869 0.78258 0.98072 0.30541 0.41196 152.77952 195.62801 147.22542 138.42519 0.3 0.3 0.0 0.0 0.0 0.0 0.0 0.0 0.72115 0.0 0.0 45.47487 -0.49999 0.07399 0.0 0.0 0.0 0.0 0.0 0.0 0.0561955218336 92 1 0.985294117647 0.188845729449 -2.48511187158
-0.12623 0.35028 3.35743 -0.12979 0.55971 3.94311215086 0.78258 0.98072 0.30541 0.41196 152.77952 195.62801 147.22542 138.42519 0.3 0.3 0.0 0.0 0.0 0.0 0.0 0.0 0.72115 0.0 0.0 45.47487 -0.49999 0.07399 0.0 0.0 0.0 0.0 0.0 0.0 0.0553191158812 93 1 0.992647058824 0.519606019335 -2.67922486974
-0.12623 0.35028 3.35743 -0.12979 0.55971 3.97630076142 0.78258 0.98072 0.30541 0.41196 152.77952 195.62801 147.22542 138.42519 0.3 0.3 0.0 0.0 0.0 0.0 0.0 0.0 0.72115 0.0 0.0 45.47487 -0.49999 0.07399 0.0 0.0 0.0 0.0 0.0 0.0 0.0549697592518 94 1 0.992647058824 0.375996825586 -2.40044716125
-0.12623 0.35028 3.35743 -0.12979 0.55971 3.97654948522 0.78258 0.98072 0.30541 0.41196 152.77952 195.62801 147.22542 138.42519 0.3 0.3 0.0 0.0 0.0 0.0 0.0 0.0 0.72115 0.0 0.0 45.47487 -0.49999 0.07399 0.0 0.0 0.0 0.0 0.0 0.0 0.0546784580394 95 1 0.992647058824 0.376014826824 -2.38135589467
-0.12623 0.35028 3.35743 -0.12979 0.55971 3.98030803986 0.78258 0.98072 0.30541 0.41196 152.77952 195.62801 147.22542 138.42519 0.3 0.3 0.0 0.0 0.0 0.0 0.0 0.0 0.72115 0.0 0.0 45.47487 -0.49999 0.07399 0.0 0.0 0.0 0.0 0.0 0.0 0.0542932805058 96 1 0.992647058824 0.375192973828 -2.35505175139
-0.12623 0.35028 3.35743 -0.12979 0.55971 3.97056220655 0.78258 0.98072 0.30541 0.41196 152.77952 195.62801 147.22542 138.42519 0.3 0.3 0.0 0.0 0.0 0.0 0.0 0.0 0.72115 0.0 0.0 45.47487 -0.49999 0.07399 0.0 0.0 0.0 0.0 0.0 0.0 0.0541240601565 97 1 0.985294117647 0.165564646609 -2.27951606843
-0.12623 0.35028 3.35743 -0.12979 0.55971 3.98959633204 0.78258 0.98072 0.30541 0.41196 152.77952 195.62801 147.22542 138.42519 0.3 0.3 0.0 0.0 0.0 0.0 0.0 0.0 0.72115 0.0 0.0 45.47487 -0.49999 0.07399 0.0 0.0 0.0 0.0 0.0 0.0 0.0546472787954 98 1 0.992647058824 0.405987371801 -2.42705770724
-0.12623 0.35028 3.35743 -0.12979 0.55971 4.00082943443 0.78258 0.98072 0.30541 0.41196 152.77952 195.62801 147.22542 138.42519 0.3 0.3 0.0 0.0 0.0 0.0 0.0 0.0 0.72115 0.0 0.0 45.47487 -0.49999 0.07399 0.0 0.0 0.0 0.0 0.0 0.0 0.0543734662064 99 1 0.985294117647 0.399794636092 -3.38596463746
-0.12623 0.35028 3.35743 -0.12979 0.55971 4.02470409789 0.78258 0.98072 0.30541 0.41196 152.77952 195.62801 147.22542 138.42519 0.3 0.3 0.0 0.0 0.0 0.0 0.0 0.0 0.72115 0.0 0.0 45.47487 -0.49999 0.07399 0.0 0.0 0.0 0.0 0.0 0.0 0.0547368549129 100 1 1.0 0.410664839513 -2.09814712286
