-0.12623 0.35028 3.35743 -0.12979 0.55971 3.75405333333 0.78258 0.98072 0.30541 0.41196 152.77952 195.62801 147.22542 138.42519 0.3 0.3 0.0 0.0 0.0 0.0 0.0 0.0 0.72115 0.0 0.0 45.47487 -0.49999 0.07399 0.0 0.0 0.0 0.0 0.0 0.0 0.05 0 1 0.957446808511 0.863570267945 -62.5210198858
-0.12623 0.35028 3.35743 -0.12979 0.55971 3.73159418211 0.78258 0.98072 0.30541 0.41196 152.77952 195.62801 147.22542 138.42519 0.3 0.3 0.0 0.0 0.0 0.0 0.0 0.0 0.72115 0.0 0.0 45.47487 -0.49999 0.07399 0.0 0.0 0.0 0.0 0.0 0.0 0.0495270986595 1 0 0.944055944056 0.992833366628 -62.5210198858
-0.12623 0.35028 3.35743 -0.12979 0.55971 3.80851072826 0.78258 0.98072 0.30541 0.41196 152.77952 195.62801 147.22542 138.42519 0.3 0.3 0.0 0.0 0.0 0.0 0.0 0.0 0.72115 0.0 0.0 45.47487 -0.49999 0.07399 0.0 0.0 0.0 0.0 0.0 0.0 0.0499900323193 2 0 0.944055944056 0.834138146779 -62.5210198858
-0.12623 0.35028 3.35743 -0.12979 0.55971 3.71464354097 0.78258 0.98072 0.30541 0.41196 152.77952 195.62801 147.22542 138.42519 0.3 0.3 0.0 0.0 0.0 0.0 0.0 0.0 0.72115 0.0 0.0 45.47487 -0.49999 0.07399 0.0 0.0 0.0 0.0 0.0 0.0 0.0497503022585 3 0 0.923611111111 1.05281043607 -62.5210198858
-0.12623 0.35028 3.35743 -0.12979 0.55971 3.74420902998 0.78258 0.98072 0.30541 0.41196 152.77952 195.62801 147.22542 138.42519 0.3 0.3 0.0 0.0 0.0 0.0 0.0 0.0 0.72115 0.0 0.0 45.47487 -0.49999 0.07399 0.0 0.0 0.0 0.0 0.0 0.0 0.0506054117543 4 0 0.937062937063 0.967370330461 -62.5210198858
-0.12623 0.35028 3.35743 -0.12979 0.55971 3.76984769527 0.78258 0.98072 0.30541 0.41196 152.77952 195.62801 147.22542 138.42519 0.3 0.3 0.0 0.0 0.0 0.0 0.0 0.0 0.72115 0.0 0.0 45.47487 -0.49999 0.07399 0.0 0.0 0.0 0.0 0.0 0.0 0.0500920916594 5 1 0.957446808511 0.826564963277 -57.2265404798
-0.12623 0.35028 3.35743 -0.12979 0.55971 3.78374370748 0.78258 0.98072 0.30541 0.41196 152.77952 195.62801 147.22542 138.42519 0.3 0.3 0.0 0.0 0.0 0.0 0.0 0.0 0.72115 0.0 0.0 45.47487 -0.49999 0.07399 0.0 0.0 0.0 0.0 0.0 0.0 0.05097463176 6 1 0.957446808511 0.757778762944 -46.8406310799
-0.12623 0.35028 3.35743 -0.12979 0.55971 3.79440088484 0.78258 0.98072 0.30541 0.41196 152.77952 195.62801 147.22542 138.42519 0.3 0.3 0.0 0.0 0.0 0.0 0.0 0.0 0.72115 0.0 0.0 45.47487 -0.49999 0.07399 0.0 0.0 0.0 0.0 0.0 0.0 0.0515680270603 7 0 0.944055944056 0.964446567409 -46.8406310799
-0.12623 0.35028 3.35743 -0.12979 0.55971 3.8003904932 0.78258 0.98072 0.30541 0.41196 152.77952 195.62801 147.22542 138.42519 0.3 0.3 0.0 0.0 0.0 0.0 0.0 0.0 0.72115 0.0 0.0 45.47487 -0.49999 0.07399 0.0 0.0 0.0 0.0 0.0 0.0 0.0513371215912 8 0 0.944055944056 0.937240806743 -46.8406310799
-0.12623 0.35028 3.35743 -0.12979 0.55971 3.77820357893 0.78258 0.98072 0.30541 0.41196 152.77952 195.62801 147.22542 138.42519 0.3 0.3 0.0 0.0 0.0 0.0 0.0 0.0 0.72115 0.0 0.0 45.47487 -0.49999 0.07399 0.0 0.0 0.0 0.0 0.0 0.0 0.0509939911377 9 0 0.957446808511 0.778163112704 -46.8406310799
-0.12623 0.35028 3.35743 -0.12979 0.55971 3.75233719411 0.78258 0.98072 0.30541 0.41196 152.77952 195.62801 147.22542 138.42519 0.3 0.3 0.0 0.0 0.0 0.0 0.0 0.0 0.72115 0.0 0.0 45.47487 -0.49999 0.07399 0.0 0.0 0.0 0.0 0.0 0.0 0.0526378525155 10 0 0.950704225352 0.881492211255 -46.8406310799
-0.12623 0.35028 3.35743 -0.12979 0.55971 3.77326594584 0.78258 0.98072 0.30541 0.41196 152.77952 195.62801 147.22542 138.42519 0.3 0.3 0.0 0.0 0.0 0.0 0.0 0.0 0.72115 0.0 0.0 45.47487 -0.49999 0.07399 0.0 0.0 0.0 0.0 0.0 0.0 0.0512615192188 11 0 0.957446808511 0.805429504711 -46.8406310799
-0.12623 0.35028 3.35743 -0.12979 0.55971 3.75511872658 0.78258 0.98072 0.30541 0.41196 152.77952 195.62801 147.22542 138.42519 0.3 0.3 0.0 0.0 0.0 0.0 0.0 0.0 0.72115 0.0 0.0 45.47487 -0.49999 0.07399 0.0 0.0 0.0 0.0 0.0 0.0 0.0510910027831 12 0 0.957446808511 0.863798752935 -46.8406310799
-0.12623 0.35028 3.35743 -0.12979 0.55971 3.77557886797 0.78258 0.98072 0.30541 0.41196 152.77952 195.62801 147.22542 138.42519 0.3 0.3 0.0 0.0 0.0 0.0 0.0 0.0 0.72115 0.0 0.0 45.47487 -0.49999 0.07399 0.0 0.0 0.0 0.0 0.0 0.0 0.0507277934886 13 0 0.957446808511 0.808885657984 -46.8406310799
-0.12623 0.35028 3.35743 -0.12979 0.55971 3.75003127418 0.78258 0.98072 0.30541 0.41196 152.77952 195.62801 147.22542 138.42519 0.3 0.3 0.0 0.0 0.0 0.0 0.0 0.0 0.72115 0.0 0.0 45.47487 -0.49999 0.07399 0.0 0.0 0.0 0.0 0.0 0.0 0.0504502080258 14 0 0.957446808511 0.910793753111 -46.8406310799
-0.12623 0.35028 3.35743 -0.12979 0.55971 3.77839010246 0.78258 0.98072 0.30541 0.41196 152.77952 195.62801 147.22542 138.42519 0.3 0.3 0.0 0.0 0.0 0.0 0.0 0.0 0.72115 0.0 0.0 45.47487 -0.49999 0.07399 0.0 0.0 0.0 0.0 0.0 0.0 0.0507401157991 15 0 0.957446808511 0.778031015147 -46.8406310799
-0.12623 0.35028 3.35743 -0.12979 0.55971 3.73469738186 0.78258 0.98072 0.30541 0.41196 152.77952 195.62801 147.22542 138.42519 0.3 0.3 0.0 0.0 0.0 0.0 0.0 0.0 0.72115 0.0 0.0 45.47487 -0.49999 0.07399 0.0 0.0 0.0 0.0 0.0 0.0 0.0512510582491 16 0 0.944055944056 0.933841971998 -46.8406310799
-0.12623 0.35028 3.35743 -0.12979 0.55971 3.74595327479 0.78258 0.98072 0.30541 0.41196 152.77952 195.62801 147.22542 138.42519 0.3 0.3 0.0 0.0 0.0 0.0 0.0 0.0 0.72115 0.0 0.0 45.47487 -0.49999 0.07399 0.0 0.0 0.0 0.0 0.0 0.0 0.050474599932 17 0 0.937062937063 0.911994144993 -46.8406310799
-0.12623 0.35028 3.35743 -0.12979 0.55971 3.73230286557 0.78258 0.98072 0.30541 0.41196 152.77952 195.62801 147.22542 138.42519 0.3 0.3 0.0 0.0 0.0 0.0 0.0 0.0 0.72115 0.0 0.0 45.47487 -0.49999 0.07399 0.0 0.0 0.0 0.0 0.0 0.0 0.0499030271384 18 0 0.944055944056 1.11134599625 -46.8406310799
-0.12623 0.35028 3.35743 -0.12979 0.55971 3.80785721545 0.78258 0.98072 0.30541 0.41196 152.77952 195.62801 147.22542 138.42519 0.3 0.3 0.0 0.0 0.0 0.0 0.0 0.0 0.72115 0.0 0.0 45.47487 -0.49999 0.07399 0.0 0.0 0.0 0.0 0.0 0.0 0.0513147895959 19 0 0.944055944056 0.787727571244 -46.8406310799
-0.12623 0.35028 3.35743 -0.12979 0.55971 3.74338387641 0.78258 0.98072 0.30541 0.41196 152.77952 195.62801 147.22542 138.42519 0.3 0.3 0.0 0.0 0.0 0.0 0.0 0.0 0.72115 0.0 0.0 45.47487 -0.49999 0.07399 0.0 0.0 0.0 0.0 0.0 0.0 0.0514599430474 20 0 0.944055944056 0.965214201145 -46.8406310799
-0.12623 0.35028 3.35743 -0.12979 0.55971 3.77881493722 0.78258 0.98072 0.30541 0.41196 152.77952 195.62801 147.22542 138.42519 0.3 0.3 0.0 0.0 0.0 0.0 0.0 0.0 0.72115 0.0 0.0 45.47487 -0.49999 0.07399 0.0 0.0 0.0 0.0 0.0 0.0 0.0508687232323 21 0 0.957446808511 0.860332093739 -46.8406310799
-0.12623 0.35028 3.35743 -0.12979 0.55971 3.79585122443 0.78258 0.98072 0.30541 0.41196 152.77952 195.62801 147.22542 138.42519 0.3 0.3 0.0 0.0 0.0 0.0 0.0 0.0 0.72115 0.0 0.0 45.47487 -0.49999 0.07399 0.0 0.0 0.0 0.0 0.0 0.0 0.0513266542106 22 0 0.944055944056 0.955083310268 -46.8406310799
-0.12623 0.35028 3.35743 -0.12979 0.55971 3.7976378411 0.78258 0.98072 0.30541 0.41196 152.77952 195.62801 147.22542 138.42519 0.3 0.3 0.0 0.0 0.0 0.0 0.0 0.0 0.72115 0.0 0.0 45.47487 -0.49999 0.07399 0.0 0.0 0.0 0.0 0.0 0.0 0.0511258114945 23 0 0.944055944056 0.847016596174 -46.8406310799
-0.12623 0.35028 3.35743 -0.12979 0.55971 3.82590164399 0.78258 0.98072 0.30541 0.41196 152.77952 195.62801 147.22542 138.42519 0.3 0.3 0.0 0.0 0.0 0.0 0.0 0.0 0.72115 0.0 0.0 45.47487 -0.49999 0.07399 0.0 0.0 0.0 0.0 0.0 0.0 0.0515152224796 24 1 0.950354609929 0.58155952579 -37.197233862
-0.12623 0.35028 3.35743 -0.12979 0.55971 3.811926698 0.78258 0.98072 0.30541 0.41196 152.77952 195.62801 147.22542 138.42519 0.3 0.3 0.0 0.0 0.0 0.0 0.0 0.0 0.72115 0.0 0.0 45.47487 -0.49999 0.07399 0.0 0.0 0.0 0.0 0.0 0.0 0.0512202010878 25 0 0.944055944056 0.800934823688 -37.197233862
-0.12623 0.35028 3.35743 -0.12979 0.55971 3.77819435441 0.78258 0.98072 0.30541 0.41196 152.77952 195.62801 147.22542 138.42519 0.3 0.3 0.0 0.0 0.0 0.0 0.0 0.0 0.72115 0.0 0.0 45.47487 -0.49999 0.07399 0.0 0.0 0.0 0.0 0.0 0.0 0.0514578352955 26 0 0.957446808511 0.778162580296 -37.197233862
-0.12623 0.35028 3.35743 -0.12979 0.55971 3.78921955087 0.78258 0.98072 0.30541 0.41196 152.77952 195.62801 147.22542 138.42519 0.3 0.3 0.0 0.0 0.0 0.0 0.0 0.0 0.72115 0.0 0.0 45.47487 -0.49999 0.07399 0.0 0.0 0.0 0.0 0.0 0.0 0.0506967061396 27 0 0.950704225352 0.853526131648 -37.197233862
-0.12623 0.35028 3.35743 -0.12979 0.55971 3.83640932011 0.78258 0.98072 0.30541 0.41196 152.77952 195.62801 147.22542 138.42519 0.3 0.3 0.0 0.0 0.0 0.0 0.0 0.0 0.72115 0.0 0.0 45.47487 -0.49999 0.07399 0.0 0.0 0.0 0.0 0.0 0.0 0.0513568874005 28 0 0.943262411348 0.634495392345 -37.197233862
-0.12623 0.35028 3.35743 -0.12979 0.55971 3.8211685092 0.78258 0.98072 0.30541 0.41196 152.77952 195.62801 147.22542 138.42519 0.3 0.3 0.0 0.0 0.0 0.0 0.0 0.0 0.72115 0.0 0.0 45.47487 -0.49999 0.07399 0.0 0.0 0.0 0.0 0.0 0.0 0.0517932983213 29 0 0.943661971831 0.684596896696 -37.197233862
-0.12623 0.35028 3.35743 -0.12979 0.55971 3.88009578098 0.78258 0.98072 0.30541 0.41196 152.77952 195.62801 147.22542 138.42519 0.3 0.3 0.0 0.0 0.0 0.0 0.0 0.0 0.72115 0.0 0.0 45.47487 -0.49999 0.07399 0.0 0.0 0.0 0.0 0.0 0.0 0.0500143428197 30 1 0.971223021583 0.652910592021 -17.6311438131
-0.12623 0.35028 3.35743 -0.12979 0.55971 3.86803220634 0.78258 0.98072 0.30541 0.41196 152.77952 195.62801 147.22542 138.42519 0.3 0.3 0.0 0.0 0.0 0.0 0.0 0.0 0.72115 0.0 0.0 45.47487 -0.49999 0.07399 0.0 0.0 0.0 0.0 0.0 0.0 0.0503928830321 31 0 0.956834532374 0.550309087077 -17.6311438131
-0.12623 0.35028 3.35743 -0.12979 0.55971 3.85125924758 0.78258 0.98072 0.30541 0.41196 152.77952 195.62801 147.22542 138.42519 0.3 0.3 0.0 0.0 0.0 0.0 0.0 0.0 0.72115 0.0 0.0 45.47487 -0.49999 0.07399 0.0 0.0 0.0 0.0 0.0 0.0 0.0508386828226 32 0 0.94964028777 0.696354059633 -17.6311438131
-0.12623 0.35028 3.35743 -0.12979 0.55971 3.91138164203 0.78258 0.98072 0.30541 0.41196 152.77952 195.62801 147.22542 138.42519 0.3 0.3 0.0 0.0 0.0 0.0 0.0 0.0 0.72115 0.0 0.0 45.47487 -0.49999 0.07399 0.0 0.0 0.0 0.0 0.0 0.0 0.0503955128599 33 1 0.978260869565 0.628179956554 -10.0418247401
-0.12623 0.35028 3.35743 -0.12979 0.55971 3.8970772883 0.78258 0.98072 0.30541 0.41196 152.77952 195.62801 147.22542 138.42519 0.3 0.3 0.0 0.0 0.0 0.0 0.0 0.0 0.72115 0.0 0.0 45.47487 -0.49999 0.07399 0.0 0.0 0.0 0.0 0.0 0.0 0.0504858313273 34 0 0.971223021583 0.563275801134 -10.0418247401
-0.12623 0.35028 3.35743 -0.12979 0.55971 3.90905704072 0.78258 0.98072 0.30541 0.41196 152.77952 195.62801 147.22542 138.42519 0.3 0.3 0.0 0.0 0.0 0.0 0.0 0.0 0.72115 0.0 0.0 45.47487 -0.49999 0.07399 0.0 0.0 0.0 0.0 0.0 0.0 0.0496139731503 35 1 0.978260869565 0.626011866673 -10.1910033414
-0.12623 0.35028 3.35743 -0.12979 0.55971 3.89217727382 0.78258 0.98072 0.30541 0.41196 152.77952 195.62801 147.22542 138.42519 0.3 0.3 0.0 0.0 0.0 0.0 0.0 0.0 0.72115 0.0 0.0 45.47487 -0.49999 0.07399 0.0 0.0 0.0 0.0 0.0 0.0 0.0495173926062 36 0 0.971223021583 0.565053919876 -10.1910033414
-0.12623 0.35028 3.35743 -0.12979 0.55971 3.82566569906 0.78258 0.98072 0.30541 0.41196 152.77952 195.62801 147.22542 138.42519 0.3 0.3 0.0 0.0 0.0 0.0 0.0 0.0 0.72115 0.0 0.0 45.47487 -0.49999 0.07399 0.0 0.0 0.0 0.0 0.0 0.0 0.0490481724973 37 0 0.950354609929 0.582373785055 -10.1910033414
-0.12623 0.35028 3.35743 -0.12979 0.55971 3.84911347364 0.78258 0.98072 0.30541 0.41196 152.77952 195.62801 147.22542 138.42519 0.3 0.3 0.0 0.0 0.0 0.0 0.0 0.0 0.72115 0.0 0.0 45.47487 -0.49999 0.07399 0.0 0.0 0.0 0.0 0.0 0.0 0.0493298432917 38 0 0.95 0.663452911882 -10.1910033414
-0.12623 0.35028 3.35743 -0.12979 0.55971 3.88139046204 0.78258 0.98072 0.30541 0.41196 152.77952 195.62801 147.22542 138.42519 0.3 0.3 0.0 0.0 0.0 0.0 0.0 0.0 0.72115 0.0 0.0 45.47487 -0.49999 0.07399 0.0 0.0 0.0 0.0 0.0 0.0 0.0495182014916 39 0 0.971223021583 0.64082364371 -10.1910033414
-0.12623 0.35028 3.35743 -0.12979 0.55971 3.93068770632 0.78258 0.98072 0.30541 0.41196 152.77952 195.62801 147.22542 138.42519 0.3 0.3 0.0 0.0 0.0 0.0 0.0 0.0 0.72115 0.0 0.0 45.47487 -0.49999 0.07399 0.0 0.0 0.0 0.0 0.0 0.0 0.0497068078352 40 1 0.992647058824 0.559437216287 -2.50351648516
-0.12623 0.35028 3.35743 -0.12979 0.55971 3.89826597886 0.78258 0.98072 0.30541 0.41196 152.77952 195.62801 147.22542 138.42519 0.3 0.3 0.0 0.0 0.0 0.0 0.0 0.0 0.72115 0.0 0.0 45.47487 -0.49999 0.07399 0.0 0.0 0.0 0.0 0.0 0.0 0.0496997869753 41 0 0.971223021583 0.651700032836 -2.50351648516
-0.12623 0.35028 3.35743 -0.12979 0.55971 4.05025393245 0.78258 0.98072 0.30541 0.41196 152.77952 195.62801 147.22542 138.42519 0.3 0.3 0.0 0.0 0.0 0.0 0.0 0.0 0.72115 0.0 0.0 45.47487 -0.49999 0.07399 0.0 0.0 0.0 0.0 0.0 0.0 0.0491278269155 42 1 1.0 0.279720517241 -1.69322681536
-0.12623 0.35028 3.35743 -0.12979 0.55971 4.07191565702 0.78258 0.98072 0.30541 0.41196 152.77952 195.62801 147.22542 138.42519 0.3 0.3 0.0 0.0 0.0 0.0 0.0 0.0 0.72115 0.0 0.0 45.47487 -0.49999 0.07399 0.0 0.0 0.0 0.0 0.0 0.0 0.0496113824191 43 0 0.992647058824 0.427880701064 -1.69322681536
-0.12623 0.35028 3.35743 -0.12979 0.55971 4.06488375584 0.78258 0.98072 0.30541 0.41196 152.77952 195.62801 147.22542 138.42519 0.3 0.3 0.0 0.0 0.0 0.0 0.0 0.0 0.72115 0.0 0.0 45.47487 -0.49999 0.07399 0.0 0.0 0.0 0.0 0.0 0.0 0.0484089968584 44 0 0.992647058824 0.416023917741 -1.69322681536
-0.12623 0.35028 3.35743 -0.12979 0.55971 4.06135505509 0.78258 0.98072 0.30541 0.41196 152.77952 195.62801 147.22542 138.42519 0.3 0.3 0.0 0.0 0.0 0.0 0.0 0.0 0.72115 0.0 0.0 45.47487 -0.49999 0.07399 0.0 0.0 0.0 0.0 0.0 0.0 0.0491666424008 45 0 0.992647058824 0.403295635726 -1.69322681536
-0.12623 0.35028 3.35743 -0.12979 0.55971 4.03473248886 0.78258 0.98072 0.30541 0.41196 152.77952 195.62801 147.22542 138.42519 0.3 0.3 0.0 0.0 0.0 0.0 0.0 0.0 0.72115 0.0 0.0 45.47487 -0.49999 0.07399 0.0 0.0 0.0 0.0 0.0 0.0 0.049259141057 46 1 1.0 0.408787611792 -1.70222236238
-0.12623 0.35028 3.35743 -0.12979 0.55971 4.06480457469 0.78258 0.98072 0.30541 0.41196 152.77952 195.62801 147.22542 138.42519 0.3 0.3 0.0 0.0 0.0 0.0 0.0 0.0 0.72115 0.0 0.0 45.47487 -0.49999 0.07399 0.0 0.0 0.0 0.0 0.0 0.0 0.0493261275859 47 1 0.992647058824 0.415881976954 -2.13919546538
-0.12623 0.35028 3.35743 -0.12979 0.55971 4.07861254546 0.78258 0.98072 0.30541 0.41196 152.77952 195.62801 147.22542 138.42519 0.3 0.3 0.0 0.0 0.0 0.0 0.0 0.0 0.72115 0.0 0.0 45.47487 -0.49999 0.07399 0.0 0.0 0.0 0.0 0.0 0.0 0.0485937403945 48 1 0.992647058824 0.419642742142 -2.11048031117
-0.12623 0.35028 3.35743 -0.12979 0.55971 4.07276573283 0.78258 0.98072 0.30541 0.41196 152.77952 195.62801 147.22542 138.42519 0.3 0.3 0.0 0.0 0.0 0.0 0.0 0.0 0.72115 0.0 0.0 45.47487 -0.49999 0.07399 0.0 0.0 0.0 0.0 0.0 0.0 0.0490693716023 49 1 0.992647058824 0.426596651106 -2.14894480179
-0.12623 0.35028 3.35743 -0.12979 0.55971 4.0794841586 0.78258 0.98072 0.30541 0.41196 152.77952 195.62801 147.22542 138.42519 0.3 0.3 0.0 0.0 0.0 0.0 0.0 0.0 0.72115 0.0 0.0 45.47487 -0.49999 0.07399 0.0 0.0 0.0 0.0 0.0 0.0 0.0492507168508 50 1 0.992647058824 0.419749742398 -2.14344941198
-0.12623 0.35028 3.35743 -0.12979 0.55971 4.1077261743 0.78258 0.98072 0.30541 0.41196 152.77952 195.62801 147.22542 138.42519 0.3 0.3 0.0 0.0 0.0 0.0 0.0 0.0 0.72115 0.0 0.0 45.47487 -0.49999 0.07399 0.0 0.0 0.0 0.0 0.0 0.0 0.0488177665226 51 0 0.985401459854 0.466969402509 -2.14344941198
-0.12623 0.35028 3.35743 -0.12979 0.55971 4.07093183317 0.78258 0.98072 0.30541 0.41196 152.77952 195.62801 147.22542 138.42519 0.3 0.3 0.0 0.0 0.0 0.0 0.0 0.0 0.72115 0.0 0.0 45.47487 -0.49999 0.07399 0.0 0.0 0.0 0.0 0.0 0.0 0.0497577505833 52 1 0.992647058824 0.427020838459 -2.18456369726
-0.12623 0.35028 3.35743 -0.12979 0.55971 4.06481765084 0.78258 0.98072 0.30541 0.41196 152.77952 195.62801 147.22542 138.42519 0.3 0.3 0.0 0.0 0.0 0.0 0.0 0.0 0.72115 0.0 0.0 45.47487 -0.49999 0.07399 0.0 0.0 0.0 0.0 0.0 0.0 0.0506161062597 53 1 0.992647058824 0.416015170983 -2.20742330888
-0.12623 0.35028 3.35743 -0.12979 0.55971 4.07256479752 0.78258 0.98072 0.30541 0.41196 152.77952 195.62801 147.22542 138.42519 0.3 0.3 0.0 0.0 0.0 0.0 0.0 0.0 0.72115 0.0 0.0 45.47487 -0.49999 0.07399 0.0 0.0 0.0 0.0 0.0 0.0 0.0509044649711 54 1 0.992647058824 0.426552644147 -2.2439849212
-0.12623 0.35028 3.35743 -0.12979 0.55971 4.08905863827 0.78258 0.98072 0.30541 0.41196 152.77952 195.62801 147.22542 138.42519 0.3 0.3 0.0 0.0 0.0 0.0 0.0 0.0 0.72115 0.0 0.0 45.47487 -0.49999 0.07399 0.0 0.0 0.0 0.0 0.0 0.0 0.0513821656017 55 0 0.985401459854 0.471379736923 -2.2439849212
-0.12623 0.35028 3.35743 -0.12979 0.55971 4.0664902281 0.78258 0.98072 0.30541 0.41196 152.77952 195.62801 147.22542 138.42519 0.3 0.3 0.0 0.0 0.0 0.0 0.0 0.0 0.72115 0.0 0.0 45.47487 -0.49999 0.07399 0.0 0.0 0.0 0.0 0.0 0.0 0.0510024752103 56 1 0.992647058824 0.416180483093 -2.22885319251
-0.12623 0.35028 3.35743 -0.12979 0.55971 4.06889671502 0.78258 0.98072 0.30541 0.41196 152.77952 195.62801 147.22542 138.42519 0.3 0.3 0.0 0.0 0.0 0.0 0.0 0.0 0.72115 0.0 0.0 45.47487 -0.49999 0.07399 0.0 0.0 0.0 0.0 0.0 0.0 0.0511347789235 57 1 0.992647058824 0.415586922619 -2.2350095789
-0.12623 0.35028 3.35743 -0.12979 0.55971 4.02311215992 0.78258 0.98072 0.30541 0.41196 152.77952 195.62801 147.22542 138.42519 0.3 0.3 0.0 0.0 0.0 0.0 0.0 0.0 0.72115 0.0 0.0 45.47487 -0.49999 0.07399 0.0 0.0 0.0 0.0 0.0 0.0 0.0511555794384 58 1 0.992592592593 0.117893804318 -1.8675156036
-0.12623 0.35028 3.35743 -0.12979 0.55971 4.01748328195 0.78258 0.98072 0.30541 0.41196 152.77952 195.62801 147.22542 138.42519 0.3 0.3 0.0 0.0 0.0 0.0 0.0 0.0 0.72115 0.0 0.0 45.47487 -0.49999 0.07399 0.0 0.0 0.0 0.0 0.0 0.0 0.0506739244408 59 1 0.985294117647 0.13327417222 -1.9689064855
-0.12623 0.35028 3.35743 -0.12979 0.55971 4.00267316998 0.78258 0.98072 0.30541 0.41196 152.77952 195.62801 147.22542 138.42519 0.3 0.3 0.0 0.0 0.0 0.0 0.0 0.0 0.72115 0.0 0.0 45.47487 -0.49999 0.07399 0.0 0.0 0.0 0.0 0.0 0.0 0.0508193542075 60 0 0.977941176471 0.378990872639 -1.9689064855
-0.12623 0.35028 3.35743 -0.12979 0.55971 4.09699750309 0.78258 0.98072 0.30541 0.41196 152.77952 195.62801 147.22542 138.42519 0.3 0.3 0.0 0.0 0.0 0.0 0.0 0.0 0.72115 0.0 0.0 45.47487 -0.49999 0.07399 0.0 0.0 0.0 0.0 0.0 0.0 0.05098779994 61 0 0.985401459854 0.482187588718 -1.9689064855
-0.12623 0.35028 3.35743 -0.12979 0.55971 4.01673884969 0.78258 0.98072 0.30541 0.41196 152.77952 195.62801 147.22542 138.42519 0.3 0.3 0.0 0.0 0.0 0.0 0.0 0.0 0.72115 0.0 0.0 45.47487 -0.49999 0.07399 0.0 0.0 0.0 0.0 0.0 0.0 0.0513080028876 62 1 0.985294117647 0.132208746438 -2.0071324486
-0.12623 0.35028 3.35743 -0.12979 0.55971 4.04376005116 0.78258 0.98072 0.30541 0.41196 152.77952 195.62801 147.22542 138.42519 0.3 0.3 0.0 0.0 0.0 0.0 0.0 0.0 0.72115 0.0 0.0 45.47487 -0.49999 0.07399 0.0 0.0 0.0 0.0 0.0 0.0 0.0516208788387 63 1 1.0 0.273439639053 -1.86798169456
-0.12623 0.35028 3.35743 -0.12979 0.55971 4.03103551982 0.78258 0.98072 0.30541 0.41196 152.77952 195.62801 147.22542 138.42519 0.3 0.3 0.0 0.0 0.0 0.0 0.0 0.0 0.72115 0.0 0.0 45.47487 -0.49999 0.07399 0.0 0.0 0.0 0.0 0.0 0.0 0.0519238174903 64 1 1.0 0.407902215751 -1.88978697619
-0.12623 0.35028 3.35743 -0.12979 0.55971 4.01011605306 0.78258 0.98072 0.30541 0.41196 152.77952 195.62801 147.22542 138.42519 0.3 0.3 0.0 0.0 0.0 0.0 0.0 0.0 0.72115 0.0 0.0 45.47487 -0.49999 0.07399 0.0 0.0 0.0 0.0 0.0 0.0 0.052061336878 65 0 0.977941176471 0.371504097284 -1.88978697619
-0.12623 0.35028 3.35743 -0.12979 0.55971 3.94116779752 0.78258 0.98072 0.30541 0.41196 152.77952 195.62801 147.22542 138.42519 0.3 0.3 0.0 0.0 0.0 0.0 0.0 0.0 0.72115 0.0 0.0 45.47487 -0.49999 0.07399 0.0 0.0 0.0 0.0 0.0 0.0 0.0513888029767 66 0 0.992647058824 0.533601132493 -1.88978697619
-0.12623 0.35028 3.35743 -0.12979 0.55971 4.0149898166 0.78258 0.98072 0.30541 0.41196 152.77952 195.62801 147.22542 138.42519 0.3 0.3 0.0 0.0 0.0 0.0 0.0 0.0 0.72115 0.0 0.0 45.47487 -0.49999 0.07399 0.0 0.0 0.0 0.0 0.0 0.0 0.0521751254508 67 1 0.985294117647 0.0408488940337 -1.92288262814
-0.12623 0.35028 3.35743 -0.12979 0.55971 4.02636176666 0.78258 0.98072 0.30541 0.41196 152.77952 195.62801 147.22542 138.42519 0.3 0.3 0.0 0.0 0.0 0.0 0.0 0.0 0.72115 0.0 0.0 45.47487 -0.49999 0.07399 0.0 0.0 0.0 0.0 0.0 0.0 0.0518956435004 68 1 1.0 0.410821014531 -1.88775383231
-0.12623 0.35028 3.35743 -0.12979 0.55971 4.02120623757 0.78258 0.98072 0.30541 0.41196 152.77952 195.62801 147.22542 138.42519 0.3 0.3 0.0 0.0 0.0 0.0 0.0 0.0 0.72115 0.0 0.0 45.47487 -0.49999 0.07399 0.0 0.0 0.0 0.0 0.0 0.0 0.0519072292767 69 1 0.992592592593 0.113527052367 -1.91811736835
-0.12623 0.35028 3.35743 -0.12979 0.55971 4.01509536934 0.78258 0.98072 0.30541 0.41196 152.77952 195.62801 147.22542 138.42519 0.3 0.3 0.0 0.0 0.0 0.0 0.0 0.0 0.72115 0.0 0.0 45.47487 -0.49999 0.07399 0.0 0.0 0.0 0.0 0.0 0.0 0.0517967900821 70 1 0.985294117647 0.0408489046608 -1.89576039989
-0.12623 0.35028 3.35743 -0.12979 0.55971 3.97425294155 0.78258 0.98072 0.30541 0.41196 152.77952 195.62801 147.22542 138.42519 0.3 0.3 0.0 0.0 0.0 0.0 0.0 0.0 0.72115 0.0 0.0 45.47487 -0.49999 0.07399 0.0 0.0 0.0 0.0 0.0 0.0 0.0518304501938 71 1 0.985294117647 0.373933232124 -3.14940071791
-0.12623 0.35028 3.35743 -0.12979 0.55971 3.95377214096 0.78258 0.98072 0.30541 0.41196 152.77952 195.62801 147.22542 138.42519 0.3 0.3 0.0 0.0 0.0 0.0 0.0 0.0 0.72115 0.0 0.0 45.47487 -0.49999 0.07399 0.0 0.0 0.0 0.0 0.0 0.0 0.0514553073387 72 1 0.992647058824 0.418074651229 -2.25764986154
-0.12623 0.35028 3.35743 -0.12979 0.55971 3.95629846116 0.78258 0.98072 0.30541 0.41196 152.77952 195.62801 147.22542 138.42519 0.3 0.3 0.0 0.0 0.0 0.0 0.0 0.0 0.72115 0.0 0.0 45.47487 -0.49999 0.07399 0.0 0.0 0.0 0.0 0.0 0.0 0.05153687458 73 1 0.992647058824 0.416240724884 -2.25871681005
-0.12623 0.35028 3.35743 -0.12979 0.55971 3.91135640156 0.78258 0.98072 0.30541 0.41196 152.77952 195.62801 147.22542 138.42519 0.3 0.3 0.0 0.0 0.0 0.0 0.0 0.0 0.72115 0.0 0.0 45.47487 -0.49999 0.07399 0.0 0.0 0.0 0.0 0.0 0.0 0.0508562708033 74 0 0.978260869565 0.628177115806 -2.25871681005
-0.12623 0.35028 3.35743 -0.12979 0.55971 4.02270961233 0.78258 0.98072 0.30541 0.41196 152.77952 195.62801 147.22542 138.42519 0.3 0.3 0.0 0.0 0.0 0.0 0.0 0.0 0.72115 0.0 0.0 45.47487 -0.49999 0.07399 0.0 0.0 0.0 0.0 0.0 0.0 0.0515368995873 75 1 0.992592592593 0.117826277001 -1.894223856
-0.12623 0.35028 3.35743 -0.12979 0.55971 4.02713450766 0.78258 0.98072 0.30541 0.41196 152.77952 195.62801 147.22542 138.42519 0.3 0.3 0.0 0.0 0.0 0.0 0.0 0.0 0.72115 0.0 0.0 45.47487 -0.49999 0.07399 0.0 0.0 0.0 0.0 0.0 0.0 0.0520718475416 76 1 1.0 0.118376626764 -1.90048692104
-0.12623 0.35028 3.35743 -0.12979 0.55971 3.99124145183 0.78258 0.98072 0.30541 0.41196 152.77952 195.62801 147.22542 138.42519 0.3 0.3 0.0 0.0 0.0 0.0 0.0 0.0 0.72115 0.0 0.0 45.47487 -0.49999 0.07399 0.0 0.0 0.0 0.0 0.0 0.0 0.0522975846168 77 1 0.992647058824 0.404573716527 -2.28086489478
-0.12623 0.35028 3.35743 -0.12979 0.55971 4.00455692359 0.78258 0.98072 0.30541 0.41196 152.77952 195.62801 147.22542 138.42519 0.3 0.3 0.0 0.0 0.0 0.0 0.0 0.0 0.72115 0.0 0.0 45.47487 -0.49999 0.07399 0.0 0.0 0.0 0.0 0.0 0.0 0.0514738558016 78 0 0.977941176471 0.379399954417 -2.28086489478
-0.12623 0.35028 3.35743 -0.12979 0.55971 3.98650133722 0.78258 0.98072 0.30541 0.41196 152.77952 195.62801 147.22542 138.42519 0.3 0.3 0.0 0.0 0.0 0.0 0.0 0.0 0.72115 0.0 0.0 45.47487 -0.49999 0.07399 0.0 0.0 0.0 0.0 0.0 0.0 0.0524229202836 79 1 0.992647058824 0.405716768765 -2.29029689765
-0.12623 0.35028 3.35743 -0.12979 0.55971 4.00971758677 0.78258 0.98072 0.30541 0.41196 152.77952 195.62801 147.22542 138.42519 0.3 0.3 0.0 0.0 0.0 0.0 0.0 0.0 0.72115 0.0 0.0 45.47487 -0.49999 0.07399 0.0 0.0 0.0 0.0 0.0 0.0 0.0521689966056 80 0 0.977941176471 0.371495483772 -2.29029689765
-0.12623 0.35028 3.35743 -0.12979 0.55971 3.95822658983 0.78258 0.98072 0.30541 0.41196 152.77952 195.62801 147.22542 138.42519 0.3 0.3 0.0 0.0 0.0 0.0 0.0 0.0 0.72115 0.0 0.0 45.47487 -0.49999 0.07399 0.0 0.0 0.0 0.0 0.0 0.0 0.0532690204561 81 1 0.992647058824 0.41465550508 -2.35665548678
-0.12623 0.35028 3.35743 -0.12979 0.55971 3.93082590016 0.78258 0.98072 0.30541 0.41196 152.77952 195.62801 147.22542 138.42519 0.3 0.3 0.0 0.0 0.0 0.0 0.0 0.0 0.72115 0.0 0.0 45.47487 -0.49999 0.07399 0.0 0.0 0.0 0.0 0.0 0.0 0.0530986511099 82 1 0.992647058824 0.559440467169 -2.65069010134
-0.12623 0.35028 3.35743 -0.12979 0.55971 3.9117771188 0.78258 0.98072 0.30541 0.41196 152.77952 195.62801 147.22542 138.42519 0.3 0.3 0.0 0.0 0.0 0.0 0.0 0.0 0.72115 0.0 0.0 45.47487 -0.49999 0.07399 0.0 0.0 0.0 0.0 0.0 0.0 0.0529289363121 83 0 0.978260869565 0.628227884833 -2.65069010134
-0.12623 0.35028 3.35743 -0.12979 0.55971 3.9328259702 0.78258 0.98072 0.30541 0.41196 152.77952 195.62801 147.22542 138.42519 0.3 0.3 0.0 0.0 0.0 0.0 0.0 0.0 0.72115 0.0 0.0 45.47487 -0.49999 0.07399 0.0 0.0 0.0 0.0 0.0 0.0 0.0529666627443 84 1 0.992647058824 0.534287775548 -2.58469195487
-0.12623 0.35028 3.35743 -0.12979 0.55971 3.87973430407 0.78258 0.98072 0.30541 0.41196 152.77952 195.62801 147.22542 138.42519 0.3 0.3 0.0 0.0 0.0 0.0 0.0 0.0 0.72115 0.0 0.0 45.47487 -0.49999 0.07399 0.0 0.0 0.0 0.0 0.0 0.0 0.0530214105067 85 0 0.971223021583 0.652896457597 -2.58469195487
-0.12623 0.35028 3.35743 -0.12979 0.55971 3.97108533285 0.78258 0.98072 0.30541 0.41196 152.77952 195.62801 147.22542 138.42519 0.3 0.3 0.0 0.0 0.0 0.0 0.0 0.0 0.72115 0.0 0.0 45.47487 -0.49999 0.07399 0.0 0.0 0.0 0.0 0.0 0.0 0.0546436115767 86 1 0.985294117647 0.165521353424 -2.31430672207
-0.12623 0.35028 3.35743 -0.12979 0.55971 3.9604496942 0.78258 0.98072 0.30541 0.41196 152.77952 195.62801 147.22542 138.42519 0.3 0.3 0.0 0.0 0.0 0.0 0.0 0.0 0.72115 0.0 0.0 45.47487 -0.49999 0.07399 0.0 0.0 0.0 0.0 0.0 0.0 0.0545670574739 87 1 0.985294117647 0.200972171288 -2.41529379852
-0.12623 0.35028 3.35743 -0.12979 0.55971 3.96930363768 0.78258 0.98072 0.30541 0.41196 152.77952 195.62801 147.22542 138.42519 0.3 0.3 0.0 0.0 0.0 0.0 0.0 0.0 0.72115 0.0 0.0 45.47487 -0.49999 0.07399 0.0 0.0 0.0 0.0 0.0 0.0 0.054627110642 88 1 0.985294117647 0.165419871592 -2.31291674038
-0.12623 0.35028 3.35743 -0.12979 0.55971 3.94354205053 0.78258 0.98072 0.30541 0.41196 152.77952 195.62801 147.22542 138.42519 0.3 0.3 0.0 0.0 0.0 0.0 0.0 0.0 0.72115 0.0 0.0 45.47487 -0.49999 0.07399 0.0 0.0 0.0 0.0 0.0 0.0 0.0545808737983 89 0 0.992647058824 0.519621384507 -2.31291674038
-0.12623 0.35028 3.35743 -0.12979 0.55971 4.00082990833 0.78258 0.98072 0.30541 0.41196 152.77952 195.62801 147.22542 138.42519 0.3 0.3 0.0 0.0 0.0 0.0 0.0 0.0 0.72115 0.0 0.0 45.47487 -0.49999 0.07399 0.0 0.0 0.0 0.0 0.0 0.0 0.054378058774 90 1 0.985294117647 0.399794753377 -3.3860898433
-0.12623 0.35028 3.35743 -0.12979 0.55971 4.01020876409 0.78258 0.98072 0.30541 0.41196 152.77952 195.62801 147.22542 138.42519 0.3 0.3 0.0 0.0 0.0 0.0 0.0 0.0 0.72115 0.0 0.0 45.47487 -0.49999 0.07399 0.0 0.0 0.0 0.0 0.0 0.0 0.0543687480352 91 0 0.977941176471 0.371515884279 -3.3860898433
-0.12623 0.35028 3.35743 -0.12979 0.55971 3.97017601947 0.78258 0.98072 0.30541 0.41196 152.77952 195.62801 147.22542 138.42519 0.3 0.3 0.0 0.0 0.0 0.0 0.0 0.0 0.72115 0.0 0.0 45.47487 -0.49999 0.07399 0.0 0.0 0.0 0.0 0.0 0.0 0.0547262417529 92 1 0.985294117647 0.165497552801 -2.31983935165
-0.12623 0.35028 3.35743 -0.12979 0.55971 3.99251627364 0.78258 0.98072 0.30541 0.41196 152.77952 195.62801 147.22542 138.42519 0.3 0.3 0.0 0.0 0.0 0.0 0.0 0.0 0.72115 0.0 0.0 45.47487 -0.49999 0.07399 0.0 0.0 0.0 0.0 0.0 0.0 0.0547300205666 93 1 0.992647058824 0.399331313509 -2.42143803778
-0.12623 0.35028 3.35743 -0.12979 0.55971 4.00426486955 0.78258 0.98072 0.30541 0.41196 152.77952 195.62801 147.22542 138.42519 0.3 0.3 0.0 0.0 0.0 0.0 0.0 0.0 0.72115 0.0 0.0 45.47487 -0.49999 0.07399 0.0 0.0 0.0 0.0 0.0 0.0 0.0548858056283 94 0 0.977941176471 0.379113764484 -2.42143803778
-0.12623 0.35028 3.35743 -0.12979 0.55971 3.97171253293 0.78258 0.98072 0.30541 0.41196 152.77952 195.62801 147.22542 138.42519 0.3 0.3 0.0 0.0 0.0 0.0 0.0 0.0 0.72115 0.0 0.0 45.47487 -0.49999 0.07399 0.0 0.0 0.0 0.0 0.0 0.0 0.0545837583303 95 1 0.985294117647 0.165471878803 -2.31012668442
-0.12623 0.35028 3.35743 -0.12979 0.55971 3.94892301449 0.78258 0.98072 0.30541 0.41196 152.77952 195.62801 147.22542 138.42519 0.3 0.3 0.0 0.0 0.0 0.0 0.0 0.0 0.72115 0.0 0.0 45.47487 -0.49999 0.07399 0.0 0.0 0.0 0.0 0.0 0.0 0.0547927036143 96 0 0.992647058824 0.495753940145 -2.31012668442
-0.12623 0.35028 3.35743 -0.12979 0.55971 4.01408270112 0.78258 0.98072 0.30541 0.41196 152.77952 195.62801 147.22542 138.42519 0.3 0.3 0.0 0.0 0.0 0.0 0.0 0.0 0.72115 0.0 0.0 45.47487 -0.49999 0.07399 0.0 0.0 0.0 0.0 0.0 0.0 0.0545055548364 97 1 0.985294117647 0.0416776939508 -2.09484030688
-0.12623 0.35028 3.35743 -0.12979 0.55971 3.9790619283 0.78258 0.98072 0.30541 0.41196 152.77952 195.62801 147.22542 138.42519 0.3 0.3 0.0 0.0 0.0 0.0 0.0 0.0 0.72115 0.0 0.0 45.47487 -0.49999 0.07399 0.0 0.0 0.0 0.0 0.0 0.0 0.0539581343502 98 1 0.992647058824 0.376426134268 -2.33542622248
-0.12623 0.35028 3.35743 -0.12979 0.55971 3.99849302392 0.78258 0.98072 0.30541 0.41196 152.77952 195.62801 147.22542 138.42519 0.3 0.3 0.0 0.0 0.0 0.0 0.0 0.0 0.72115 0.0 0.0 45.47487 -0.49999 0.07399 0.0 0.0 0.0 0.0 0.0 0.0 0.0537726406605 99 1 0.985294117647 0.396898534333 -3.35100738405
-0.12623 0.35028 3.35743 -0.12979 0.55971 4.01815342091 0.78258 0.98072 0.30541 0.41196 152.77952 195.62801 147.22542 138.42519 0.3 0.3 0.0 0.0 0.0 0.0 0.0 0.0 0.72115 0.0 0.0 45.47487 -0.49999 0.07399 0.0 0.0 0.0 0.0 0.0 0.0 0.0544203643246 100 1 0.985294117647 0.133193338979 -2.21991513369
