-0.12623 0.35028 3.35743 -0.12979 0.55971 3.52072 0.78258 0.98072 0.30541 0.41196 152.77952 195.62801 147.22542 138.42519 0.3 0.3 0.0 0.0 0.0 0.0 0.0 0.0 0.72115 0.0 0.0 45.47487 -0.49999 0.07399 0.0 0.0 0.0 0.0 0.0 0.0 0.05 0 1 0.881578947368 1.23933144265 -971.024556197
-0.12623 0.35028 3.35743 -0.12979 0.55971 3.4960034852 0.78258 0.98072 0.30541 0.41196 152.77952 195.62801 147.22542 138.42519 0.3 0.3 0.0 0.0 0.0 0.0 0.0 0.0 0.72115 0.0 0.0 45.47487 -0.49999 0.07399 0.0 0.0 0.0 0.0 0.0 0.0 0.050634037866 1 0 0.875816993464 1.30736035753 -971.024556197
-0.12623 0.35028 3.35743 -0.12979 0.55971 3.53380587751 0.78258 0.98072 0.30541 0.41196 152.77952 195.62801 147.22542 138.42519 0.3 0.3 0.0 0.0 0.0 0.0 0.0 0.0 0.72115 0.0 0.0 45.47487 -0.49999 0.07399 0.0 0.0 0.0 0.0 0.0 0.0 0.0501819113599 2 1 0.894039735099 1.2410546875 -774.315090677
-0.12623 0.35028 3.35743 -0.12979 0.55971 3.53027098728 0.78258 0.98072 0.30541 0.41196 152.77952 195.62801 147.22542 138.42519 0.3 0.3 0.0 0.0 0.0 0.0 0.0 0.0 0.72115 0.0 0.0 45.47487 -0.49999 0.07399 0.0 0.0 0.0 0.0 0.0 0.0 0.0505798117871 3 1 0.894039735099 1.25062018835 -774.00331919
-0.12623 0.35028 3.35743 -0.12979 0.55971 3.55144560257 0.78258 0.98072 0.30541 0.41196 152.77952 195.62801 147.22542 138.42519 0.3 0.3 0.0 0.0 0.0 0.0 0.0 0.0 0.72115 0.0 0.0 45.47487 -0.49999 0.07399 0.0 0.0 0.0 0.0 0.0 0.0 0.050418226442 4 0 0.881578947368 1.16332573969 -774.00331919
-0.12623 0.35028 3.35743 -0.12979 0.55971 3.57483376211 0.78258 0.98072 0.30541 0.41196 152.77952 195.62801 147.22542 138.42519 0.3 0.3 0.0 0.0 0.0 0.0 0.0 0.0 0.72115 0.0 0.0 45.47487 -0.49999 0.07399 0.0 0.0 0.0 0.0 0.0 0.0 0.0508603456169 5 1 0.912162162162 1.29325547394 -563.024341074
-0.12623 0.35028 3.35743 -0.12979 0.55971 3.5522040983 0.78258 0.98072 0.30541 0.41196 152.77952 195.62801 147.22542 138.42519 0.3 0.3 0.0 0.0 0.0 0.0 0.0 0.0 0.72115 0.0 0.0 45.47487 -0.49999 0.07399 0.0 0.0 0.0 0.0 0.0 0.0 0.050708878822 6 0 0.881578947368 1.16215241152 -563.024341074
-0.12623 0.35028 3.35743 -0.12979 0.55971 3.58682568896 0.78258 0.98072 0.30541 0.41196 152.77952 195.62801 147.22542 138.42519 0.3 0.3 0.0 0.0 0.0 0.0 0.0 0.0 0.72115 0.0 0.0 45.47487 -0.49999 0.07399 0.0 0.0 0.0 0.0 0.0 0.0 0.050239890252 7 1 0.912162162162 1.2055737113 -501.581328666
-0.12623 0.35028 3.35743 -0.12979 0.55971 3.55768107523 0.78258 0.98072 0.30541 0.41196 152.77952 195.62801 147.22542 138.42519 0.3 0.3 0.0 0.0 0.0 0.0 0.0 0.0 0.72115 0.0 0.0 45.47487 -0.49999 0.07399 0.0 0.0 0.0 0.0 0.0 0.0 0.0501889242866 8 0 0.887417218543 1.24735022714 -501.581328666
-0.12623 0.35028 3.35743 -0.12979 0.55971 3.60095669574 0.78258 0.98072 0.30541 0.41196 152.77952 195.62801 147.22542 138.42519 0.3 0.3 0.0 0.0 0.0 0.0 0.0 0.0 0.72115 0.0 0.0 45.47487 -0.49999 0.07399 0.0 0.0 0.0 0.0 0.0 0.0 0.0511188577402 9 1 0.912162162162 1.20460352501 -483.826275809
-0.12623 0.35028 3.35743 -0.12979 0.55971 3.59823583845 0.78258 0.98072 0.30541 0.41196 152.77952 195.62801 147.22542 138.42519 0.3 0.3 0.0 0.0 0.0 0.0 0.0 0.0 0.72115 0.0 0.0 45.47487 -0.49999 0.07399 0.0 0.0 0.0 0.0 0.0 0.0 0.0509685352178 10 0 0.912162162162 1.20213052405 -483.826275809
-0.12623 0.35028 3.35743 -0.12979 0.55971 3.63105969244 0.78258 0.98072 0.30541 0.41196 152.77952 195.62801 147.22542 138.42519 0.3 0.3 0.0 0.0 0.0 0.0 0.0 0.0 0.72115 0.0 0.0 45.47487 -0.49999 0.07399 0.0 0.0 0.0 0.0 0.0 0.0 0.0509267232681 11 1 0.918367346939 1.11314555312 -359.9914367
-0.12623 0.35028 3.35743 -0.12979 0.55971 3.59477583732 0.78258 0.98072 0.30541 0.41196 152.77952 195.62801 147.22542 138.42519 0.3 0.3 0.0 0.0 0.0 0.0 0.0 0.0 0.72115 0.0 0.0 45.47487 -0.49999 0.07399 0.0 0.0 0.0 0.0 0.0 0.0 0.0505552194048 12 0 0.912162162162 1.20266075584 -359.9914367
-0.12623 0.35028 3.35743 -0.12979 0.55971 3.6308641837 0.78258 0.98072 0.30541 0.41196 152.77952 195.62801 147.22542 138.42519 0.3 0.3 0.0 0.0 0.0 0.0 0.0 0.0 0.72115 0.0 0.0 45.47487 -0.49999 0.07399 0.0 0.0 0.0 0.0 0.0 0.0 0.0521912515654 13 1 0.918367346939 1.11675572161 -345.151827234
-0.12623 0.35028 3.35743 -0.12979 0.55971 3.62443365451 0.78258 0.98072 0.30541 0.41196 152.77952 195.62801 147.22542 138.42519 0.3 0.3 0.0 0.0 0.0 0.0 0.0 0.0 0.72115 0.0 0.0 45.47487 -0.49999 0.07399 0.0 0.0 0.0 0.0 0.0 0.0 0.0521483538073 14 1 0.918367346939 1.07030788016 -317.709270526
-0.12623 0.35028 3.35743 -0.12979 0.55971 3.62824639485 0.78258 0.98072 0.30541 0.41196 152.77952 195.62801 147.22542 138.42519 0.3 0.3 0.0 0.0 0.0 0.0 0.0 0.0 0.72115 0.0 0.0 45.47487 -0.49999 0.07399 0.0 0.0 0.0 0.0 0.0 0.0 0.0526583019858 15 0 0.918367346939 1.11164332711 -317.709270526
-0.12623 0.35028 3.35743 -0.12979 0.55971 3.64195535561 0.78258 0.98072 0.30541 0.41196 152.77952 195.62801 147.22542 138.42519 0.3 0.3 0.0 0.0 0.0 0.0 0.0 0.0 0.72115 0.0 0.0 45.47487 -0.49999 0.07399 0.0 0.0 0.0 0.0 0.0 0.0 0.0522236447201 16 1 0.924657534247 1.09746502593 -283.93103162
-0.12623 0.35028 3.35743 -0.12979 0.55971 3.64339613563 0.78258 0.98072 0.30541 0.41196 152.77952 195.62801 147.22542 138.42519 0.3 0.3 0.0 0.0 0.0 0.0 0.0 0.0 0.72115 0.0 0.0 45.47487 -0.49999 0.07399 0.0 0.0 0.0 0.0 0.0 0.0 0.0522961523964 17 0 0.924657534247 1.1287610149 -283.93103162
-0.12623 0.35028 3.35743 -0.12979 0.55971 3.65486289853 0.78258 0.98072 0.30541 0.41196 152.77952 195.62801 147.22542 138.42519 0.3 0.3 0.0 0.0 0.0 0.0 0.0 0.0 0.72115 0.0 0.0 45.47487 -0.49999 0.07399 0.0 0.0 0.0 0.0 0.0 0.0 0.053990165746 18 1 0.924657534247 1.13506960018 -284.300836765
-0.12623 0.35028 3.35743 -0.12979 0.55971 3.6599858668 0.78258 0.98072 0.30541 0.41196 152.77952 195.62801 147.22542 138.42519 0.3 0.3 0.0 0.0 0.0 0.0 0.0 0.0 0.72115 0.0 0.0 45.47487 -0.49999 0.07399 0.0 0.0 0.0 0.0 0.0 0.0 0.0534835386842 19 0 0.924657534247 1.14836598951 -284.300836765
-0.12623 0.35028 3.35743 -0.12979 0.55971 3.65890810452 0.78258 0.98072 0.30541 0.41196 152.77952 195.62801 147.22542 138.42519 0.3 0.3 0.0 0.0 0.0 0.0 0.0 0.0 0.72115 0.0 0.0 45.47487 -0.49999 0.07399 0.0 0.0 0.0 0.0 0.0 0.0 0.0532708453117 20 0 0.924657534247 1.1524641003 -284.300836765
-0.12623 0.35028 3.35743 -0.12979 0.55971 3.66129066494 0.78258 0.98072 0.30541 0.41196 152.77952 195.62801 147.22542 138.42519 0.3 0.3 0.0 0.0 0.0 0.0 0.0 0.0 0.72115 0.0 0.0 45.47487 -0.49999 0.07399 0.0 0.0 0.0 0.0 0.0 0.0 0.0542705296915 21 0 0.924657534247 1.15368909299 -284.300836765
-0.12623 0.35028 3.35743 -0.12979 0.55971 3.66652054668 0.78258 0.98072 0.30541 0.41196 152.77952 195.62801 147.22542 138.42519 0.3 0.3 0.0 0.0 0.0 0.0 0.0 0.0 0.72115 0.0 0.0 45.47487 -0.49999 0.07399 0.0 0.0 0.0 0.0 0.0 0.0 0.0552925366546 22 0 0.917808219178 1.15937909352 -284.300836765
-0.12623 0.35028 3.35743 -0.12979 0.55971 3.60212437896 0.78258 0.98072 0.30541 0.41196 152.77952 195.62801 147.22542 138.42519 0.3 0.3 0.0 0.0 0.0 0.0 0.0 0.0 0.72115 0.0 0.0 45.47487 -0.49999 0.07399 0.0 0.0 0.0 0.0 0.0 0.0 0.0543200979486 23 0 0.912162162162 1.20180283369 -284.300836765
-0.12623 0.35028 3.35743 -0.12979 0.55971 3.67454528348 0.78258 0.98072 0.30541 0.41196 152.77952 195.62801 147.22542 138.42519 0.3 0.3 0.0 0.0 0.0 0.0 0.0 0.0 0.72115 0.0 0.0 45.47487 -0.49999 0.07399 0.0 0.0 0.0 0.0 0.0 0.0 0.0551241689722 24 0 0.918367346939 1.15538638905 -284.300836765
-0.12623 0.35028 3.35743 -0.12979 0.55971 3.6374645739 0.78258 0.98072 0.30541 0.41196 152.77952 195.62801 147.22542 138.42519 0.3 0.3 0.0 0.0 0.0 0.0 0.0 0.0 0.72115 0.0 0.0 45.47487 -0.49999 0.07399 0.0 0.0 0.0 0.0 0.0 0.0 0.0542070968557 25 1 0.924657534247 1.09191634985 -261.176718133
-0.12623 0.35028 3.35743 -0.12979 0.55971 3.67621378918 0.78258 0.98072 0.30541 0.41196 152.77952 195.62801 147.22542 138.42519 0.3 0.3 0.0 0.0 0.0 0.0 0.0 0.0 0.72115 0.0 0.0 45.47487 -0.49999 0.07399 0.0 0.0 0.0 0.0 0.0 0.0 0.0537254435182 26 0 0.918367346939 1.15484225388 -261.176718133
-0.12623 0.35028 3.35743 -0.12979 0.55971 3.62243920923 0.78258 0.98072 0.30541 0.41196 152.77952 195.62801 147.22542 138.42519 0.3 0.3 0.0 0.0 0.0 0.0 0.0 0.0 0.72115 0.0 0.0 45.47487 -0.49999 0.07399 0.0 0.0 0.0 0.0 0.0 0.0 0.0536164143997 27 0 0.912162162162 1.06888148634 -261.176718133
-0.12623 0.35028 3.35743 -0.12979 0.55971 3.653697039 0.78258 0.98072 0.30541 0.41196 152.77952 195.62801 147.22542 138.42519 0.3 0.3 0.0 0.0 0.0 0.0 0.0 0.0 0.72115 0.0 0.0 45.47487 -0.49999 0.07399 0.0 0.0 0.0 0.0 0.0 0.0 0.0542877198312 28 0 0.924657534247 1.1347812377 -261.176718133
-0.12623 0.35028 3.35743 -0.12979 0.55971 3.64521678813 0.78258 0.98072 0.30541 0.41196 152.77952 195.62801 147.22542 138.42519 0.3 0.3 0.0 0.0 0.0 0.0 0.0 0.0 0.72115 0.0 0.0 45.47487 -0.49999 0.07399 0.0 0.0 0.0 0.0 0.0 0.0 0.0545848571575 29 0 0.924657534247 1.13031891607 -261.176718133
-0.12623 0.35028 3.35743 -0.12979 0.55971 3.61487389594 0.78258 0.98072 0.30541 0.41196 152.77952 195.62801 147.22542 138.42519 0.3 0.3 0.0 0.0 0.0 0.0 0.0 0.0 0.72115 0.0 0.0 45.47487 -0.49999 0.07399 0.0 0.0 0.0 0.0 0.0 0.0 0.0542968265768 30 0 0.918367346939 1.14916347712 -261.176718133
-0.12623 0.35028 3.35743 -0.12979 0.55971 3.62816421731 0.78258 0.98072 0.30541 0.41196 152.77952 195.62801 147.22542 138.42519 0.3 0.3 0.0 0.0 0.0 0.0 0.0 0.0 0.72115 0.0 0.0 45.47487 -0.49999 0.07399 0.0 0.0 0.0 0.0 0.0 0.0 0.0528342196924 31 0 0.918367346939 1.11623337302 -261.176718133
-0.12623 0.35028 3.35743 -0.12979 0.55971 3.64623733373 0.78258 0.98072 0.30541 0.41196 152.77952 195.62801 147.22542 138.42519 0.3 0.3 0.0 0.0 0.0 0.0 0.0 0.0 0.72115 0.0 0.0 45.47487 -0.49999 0.07399 0.0 0.0 0.0 0.0 0.0 0.0 0.054324357211 32 0 0.924657534247 1.13021590186 -261.176718133
-0.12623 0.35028 3.35743 -0.12979 0.55971 3.62476339258 0.78258 0.98072 0.30541 0.41196 152.77952 195.62801 147.22542 138.42519 0.3 0.3 0.0 0.0 0.0 0.0 0.0 0.0 0.72115 0.0 0.0 45.47487 -0.49999 0.07399 0.0 0.0 0.0 0.0 0.0 0.0 0.0536673971181 33 0 0.918367346939 1.0701787736 -261.176718133
-0.12623 0.35028 3.35743 -0.12979 0.55971 3.65389456763 0.78258 0.98072 0.30541 0.41196 152.77952 195.62801 147.22542 138.42519 0.3 0.3 0.0 0.0 0.0 0.0 0.0 0.0 0.72115 0.0 0.0 45.47487 -0.49999 0.07399 0.0 0.0 0.0 0.0 0.0 0.0 0.0541202786857 34 0 0.924657534247 1.13511268846 -261.176718133
-0.12623 0.35028 3.35743 -0.12979 0.55971 3.64200248314 0.78258 0.98072 0.30541 0.41196 152.77952 195.62801 147.22542 138.42519 0.3 0.3 0.0 0.0 0.0 0.0 0.0 0.0 0.72115 0.0 0.0 45.47487 -0.49999 0.07399 0.0 0.0 0.0 0.0 0.0 0.0 0.0551953391132 35 1 0.924657534247 1.09746366638 -254.601884727
-0.12623 0.35028 3.35743 -0.12979 0.55971 3.65794216906 0.78258 0.98072 0.30541 0.41196 152.77952 195.62801 147.22542 138.42519 0.3 0.3 0.0 0.0 0.0 0.0 0.0 0.0 0.72115 0.0 0.0 45.47487 -0.49999 0.07399 0.0 0.0 0.0 0.0 0.0 0.0 0.0556349010049 36 1 0.924657534247 1.0793250715 -242.515757947
-0.12623 0.35028 3.35743 -0.12979 0.55971 3.64545732572 0.78258 0.98072 0.30541 0.41196 152.77952 195.62801 147.22542 138.42519 0.3 0.3 0.0 0.0 0.0 0.0 0.0 0.0 0.72115 0.0 0.0 45.47487 -0.49999 0.07399 0.0 0.0 0.0 0.0 0.0 0.0 0.0556278805743 37 0 0.924657534247 1.13027779008 -242.515757947
-0.12623 0.35028 3.35743 -0.12979 0.55971 3.70475855599 0.78258 0.98072 0.30541 0.41196 152.77952 195.62801 147.22542 138.42519 0.3 0.3 0.0 0.0 0.0 0.0 0.0 0.0 0.72115 0.0 0.0 45.47487 -0.49999 0.07399 0.0 0.0 0.0 0.0 0.0 0.0 0.0548885219918 38 0 0.91724137931 1.15936594986 -242.515757947
-0.12623 0.35028 3.35743 -0.12979 0.55971 3.67677526208 0.78258 0.98072 0.30541 0.41196 152.77952 195.62801 147.22542 138.42519 0.3 0.3 0.0 0.0 0.0 0.0 0.0 0.0 0.72115 0.0 0.0 45.47487 -0.49999 0.07399 0.0 0.0 0.0 0.0 0.0 0.0 0.0556513290942 39 0 0.918367346939 1.1548905148 -242.515757947
-0.12623 0.35028 3.35743 -0.12979 0.55971 3.63921304107 0.78258 0.98072 0.30541 0.41196 152.77952 195.62801 147.22542 138.42519 0.3 0.3 0.0 0.0 0.0 0.0 0.0 0.0 0.72115 0.0 0.0 45.47487 -0.49999 0.07399 0.0 0.0 0.0 0.0 0.0 0.0 0.0558064015834 40 0 0.924657534247 1.0962869661 -242.515757947
-0.12623 0.35028 3.35743 -0.12979 0.55971 3.68625676365 0.78258 0.98072 0.30541 0.41196 152.77952 195.62801 147.22542 138.42519 0.3 0.3 0.0 0.0 0.0 0.0 0.0 0.0 0.72115 0.0 0.0 45.47487 -0.49999 0.07399 0.0 0.0 0.0 0.0 0.0 0.0 0.0558024681543 41 0 0.924657534247 1.16041566365 -242.515757947
-0.12623 0.35028 3.35743 -0.12979 0.55971 3.66637589245 0.78258 0.98072 0.30541 0.41196 152.77952 195.62801 147.22542 138.42519 0.3 0.3 0.0 0.0 0.0 0.0 0.0 0.0 0.72115 0.0 0.0 45.47487 -0.49999 0.07399 0.0 0.0 0.0 0.0 0.0 0.0 0.055988613079 42 0 0.917808219178 1.15937673499 -242.515757947
-0.12623 0.35028 3.35743 -0.12979 0.55971 3.66257523952 0.78258 0.98072 0.30541 0.41196 152.77952 195.62801 147.22542 138.42519 0.3 0.3 0.0 0.0 0.0 0.0 0.0 0.0 0.72115 0.0 0.0 45.47487 -0.49999 0.07399 0.0 0.0 0.0 0.0 0.0 0.0 0.0560879807197 43 0 0.924657534247 1.15360767287 -242.515757947
-0.12623 0.35028 3.35743 -0.12979 0.55971 3.59172471147 0.78258 0.98072 0.30541 0.41196 152.77952 195.62801 147.22542 138.42519 0.3 0.3 0.0 0.0 0.0 0.0 0.0 0.0 0.72115 0.0 0.0 45.47487 -0.49999 0.07399 0.0 0.0 0.0 0.0 0.0 0.0 0.0560379619134 44 0 0.912162162162 1.20271174823 -242.515757947
-0.12623 0.35028 3.35743 -0.12979 0.55971 3.65228234766 0.78258 0.98072 0.30541 0.41196 152.77952 195.62801 147.22542 138.42519 0.3 0.3 0.0 0.0 0.0 0.0 0.0 0.0 0.72115 0.0 0.0 45.47487 -0.49999 0.07399 0.0 0.0 0.0 0.0 0.0 0.0 0.0556060544903 45 0 0.924657534247 1.13472654334 -242.515757947
-0.12623 0.35028 3.35743 -0.12979 0.55971 3.66680128036 0.78258 0.98072 0.30541 0.41196 152.77952 195.62801 147.22542 138.42519 0.3 0.3 0.0 0.0 0.0 0.0 0.0 0.0 0.72115 0.0 0.0 45.47487 -0.49999 0.07399 0.0 0.0 0.0 0.0 0.0 0.0 0.0548059220856 46 0 0.917808219178 1.15934912397 -242.515757947
-0.12623 0.35028 3.35743 -0.12979 0.55971 3.63851491446 0.78258 0.98072 0.30541 0.41196 152.77952 195.62801 147.22542 138.42519 0.3 0.3 0.0 0.0 0.0 0.0 0.0 0.0 0.72115 0.0 0.0 45.47487 -0.49999 0.07399 0.0 0.0 0.0 0.0 0.0 0.0 0.0554706760372 47 0 0.924657534247 1.09877214207 -242.515757947
-0.12623 0.35028 3.35743 -0.12979 0.55971 3.70053624674 0.78258 0.98072 0.30541 0.41196 152.77952 195.62801 147.22542 138.42519 0.3 0.3 0.0 0.0 0.0 0.0 0.0 0.0 0.72115 0.0 0.0 45.47487 -0.49999 0.07399 0.0 0.0 0.0 0.0 0.0 0.0 0.055755912351 48 0 0.91724137931 1.12009209967 -242.515757947
-0.12623 0.35028 3.35743 -0.12979 0.55971 3.65251459922 0.78258 0.98072 0.30541 0.41196 152.77952 195.62801 147.22542 138.42519 0.3 0.3 0.0 0.0 0.0 0.0 0.0 0.0 0.72115 0.0 0.0 45.47487 -0.49999 0.07399 0.0 0.0 0.0 0.0 0.0 0.0 0.055904856847 49 0 0.924657534247 1.13470854074 -242.515757947
-0.12623 0.35028 3.35743 -0.12979 0.55971 3.6349043972 0.78258 0.98072 0.30541 0.41196 152.77952 195.62801 147.22542 138.42519 0.3 0.3 0.0 0.0 0.0 0.0 0.0 0.0 0.72115 0.0 0.0 45.47487 -0.49999 0.07399 0.0 0.0 0.0 0.0 0.0 0.0 0.0565543855196 50 0 0.924657534247 1.10157505106 -242.515757947
-0.12623 0.35028 3.35743 -0.12979 0.55971 3.64920480894 0.78258 0.98072 0.30541 0.41196 152.77952 195.62801 147.22542 138.42519 0.3 0.3 0.0 0.0 0.0 0.0 0.0 0.0 0.72115 0.0 0.0 45.47487 -0.49999 0.07399 0.0 0.0 0.0 0.0 0.0 0.0 0.0554732466461 51 0 0.924657534247 1.13591930617 -242.515757947
-0.12623 0.35028 3.35743 -0.12979 0.55971 3.65745226175 0.78258 0.98072 0.30541 0.41196 152.77952 195.62801 147.22542 138.42519 0.3 0.3 0.0 0.0 0.0 0.0 0.0 0.0 0.72115 0.0 0.0 45.47487 -0.49999 0.07399 0.0 0.0 0.0 0.0 0.0 0.0 0.0548312607002 52 0 0.924657534247 1.1490255478 -242.515757947
-0.12623 0.35028 3.35743 -0.12979 0.55971 3.67322223024 0.78258 0.98072 0.30541 0.41196 152.77952 195.62801 147.22542 138.42519 0.3 0.3 0.0 0.0 0.0 0.0 0.0 0.0 0.72115 0.0 0.0 45.47487 -0.49999 0.07399 0.0 0.0 0.0 0.0 0.0 0.0 0.0549885841042 53 0 0.917808219178 1.15904137738 -242.515757947
-0.12623 0.35028 3.35743 -0.12979 0.55971 3.63249983872 0.78258 0.98072 0.30541 0.41196 152.77952 195.62801 147.22542 138.42519 0.3 0.3 0.0 0.0 0.0 0.0 0.0 0.0 0.72115 0.0 0.0 45.47487 -0.49999 0.07399 0.0 0.0 0.0 0.0 0.0 0.0 0.0552534321738 54 0 0.918367346939 1.1236037974 -242.515757947
-0.12623 0.35028 3.35743 -0.12979 0.55971 3.67517948313 0.78258 0.98072 0.30541 0.41196 152.77952 195.62801 147.22542 138.42519 0.3 0.3 0.0 0.0 0.0 0.0 0.0 0.0 0.72115 0.0 0.0 45.47487 -0.49999 0.07399 0.0 0.0 0.0 0.0 0.0 0.0 0.0551772129202 55 0 0.918367346939 1.15545319317 -242.515757947
-0.12623 0.35028 3.35743 -0.12979 0.55971 3.64631420282 0.78258 0.98072 0.30541 0.41196 152.77952 195.62801 147.22542 138.42519 0.3 0.3 0.0 0.0 0.0 0.0 0.0 0.0 0.72115 0.0 0.0 45.47487 -0.49999 0.07399 0.0 0.0 0.0 0.0 0.0 0.0 0.0551609076557 56 0 0.924657534247 1.13020941363 -242.515757947
-0.12623 0.35028 3.35743 -0.12979 0.55971 3.65277865737 0.78258 0.98072 0.30541 0.41196 152.77952 195.62801 147.22542 138.42519 0.3 0.3 0.0 0.0 0.0 0.0 0.0 0.0 0.72115 0.0 0.0 45.47487 -0.49999 0.07399 0.0 0.0 0.0 0.0 0.0 0.0 0.0557871288528 57 0 0.924657534247 1.13470312354 -242.515757947
-0.12623 0.35028 3.35743 -0.12979 0.55971 3.61537631735 0.78258 0.98072 0.30541 0.41196 152.77952 195.62801 147.22542 138.42519 0.3 0.3 0.0 0.0 0.0 0.0 0.0 0.0 0.72115 0.0 0.0 45.47487 -0.49999 0.07399 0.0 0.0 0.0 0.0 0.0 0.0 0.0561047847723 58 0 0.918367346939 1.14912322384 -242.515757947
-0.12623 0.35028 3.35743 -0.12979 0.55971 3.65237350676 0.78258 0.98072 0.30541 0.41196 152.77952 195.62801 147.22542 138.42519 0.3 0.3 0.0 0.0 0.0 0.0 0.0 0.0 0.72115 0.0 0.0 45.47487 -0.49999 0.07399 0.0 0.0 0.0 0.0 0.0 0.0 0.0558678479796 59 0 0.924657534247 1.13471211623 -242.515757947
-0.12623 0.35028 3.35743 -0.12979 0.55971 3.69689507127 0.78258 0.98072 0.30541 0.41196 152.77952 195.62801 147.22542 138.42519 0.3 0.3 0.0 0.0 0.0 0.0 0.0 0.0 0.72115 0.0 0.0 45.47487 -0.49999 0.07399 0.0 0.0 0.0 0.0 0.0 0.0 0.0568899563908 60 0 0.924137931034 1.16216670588 -242.515757947
-0.12623 0.35028 3.35743 -0.12979 0.55971 3.6643115893 0.78258 0.98072 0.30541 0.41196 152.77952 195.62801 147.22542 138.42519 0.3 0.3 0.0 0.0 0.0 0.0 0.0 0.0 0.72115 0.0 0.0 45.47487 -0.49999 0.07399 0.0 0.0 0.0 0.0 0.0 0.0 0.055856955899 61 0 0.924657534247 1.143330645 -242.515757947
-0.12623 0.35028 3.35743 -0.12979 0.55971 3.66794229292 0.78258 0.98072 0.30541 0.41196 152.77952 195.62801 147.22542 138.42519 0.3 0.3 0.0 0.0 0.0 0.0 0.0 0.0 0.72115 0.0 0.0 45.47487 -0.49999 0.07399 0.0 0.0 0.0 0.0 0.0 0.0 0.0552560812542 62 0 0.917808219178 1.15943088319 -242.515757947
-0.12623 0.35028 3.35743 -0.12979 0.55971 3.66171110034 0.78258 0.98072 0.30541 0.41196 152.77952 195.62801 147.22542 138.42519 0.3 0.3 0.0 0.0 0.0 0.0 0.0 0.0 0.72115 0.0 0.0 45.47487 -0.49999 0.07399 0.0 0.0 0.0 0.0 0.0 0.0 0.0559591506583 63 0 0.924657534247 1.15350181579 -242.515757947
-0.12623 0.35028 3.35743 -0.12979 0.55971 3.6949699669 0.78258 0.98072 0.30541 0.41196 152.77952 195.62801 147.22542 138.42519 0.3 0.3 0.0 0.0 0.0 0.0 0.0 0.0 0.72115 0.0 0.0 45.47487 -0.49999 0.07399 0.0 0.0 0.0 0.0 0.0 0.0 0.0548499418578 64 0 0.924137931034 1.16074599932 -242.515757947
-0.12623 0.35028 3.35743 -0.12979 0.55971 3.68307129526 0.78258 0.98072 0.30541 0.41196 152.77952 195.62801 147.22542 138.42519 0.3 0.3 0.0 0.0 0.0 0.0 0.0 0.0 0.72115 0.0 0.0 45.47487 -0.49999 0.07399 0.0 0.0 0.0 0.0 0.0 0.0 0.055706648545 65 0 0.924657534247 1.16288348643 -242.515757947
-0.12623 0.35028 3.35743 -0.12979 0.55971 3.67167195939 0.78258 0.98072 0.30541 0.41196 152.77952 195.62801 147.22542 138.42519 0.3 0.3 0.0 0.0 0.0 0.0 0.0 0.0 0.72115 0.0 0.0 45.47487 -0.49999 0.07399 0.0 0.0 0.0 0.0 0.0 0.0 0.0562504911051 66 0 0.917808219178 1.15869801496 -242.515757947
-0.12623 0.35028 3.35743 -0.12979 0.55971 3.68140714755 0.78258 0.98072 0.30541 0.41196 152.77952 195.62801 147.22542 138.42519 0.3 0.3 0.0 0.0 0.0 0.0 0.0 0.0 0.72115 0.0 0.0 45.47487 -0.49999 0.07399 0.0 0.0 0.0 0.0 0.0 0.0 0.0556165827276 67 0 0.918367346939 1.16224785488 -242.515757947
-0.12623 0.35028 3.35743 -0.12979 0.55971 3.63012044977 0.78258 0.98072 0.30541 0.41196 152.77952 195.62801 147.22542 138.42519 0.3 0.3 0.0 0.0 0.0 0.0 0.0 0.0 0.72115 0.0 0.0 45.47487 -0.49999 0.07399 0.0 0.0 0.0 0.0 0.0 0.0 0.055468290546 68 0 0.918367346939 1.11678463561 -242.515757947
-0.12623 0.35028 3.35743 -0.12979 0.55971 3.67554137104 0.78258 0.98072 0.30541 0.41196 152.77952 195.62801 147.22542 138.42519 0.3 0.3 0.0 0.0 0.0 0.0 0.0 0.0 0.72115 0.0 0.0 45.47487 -0.49999 0.07399 0.0 0.0 0.0 0.0 0.0 0.0 0.0560413438033 69 0 0.918367346939 1.15545189887 -242.515757947
-0.12623 0.35028 3.35743 -0.12979 0.55971 3.58996846132 0.78258 0.98072 0.30541 0.41196 152.77952 195.62801 147.22542 138.42519 0.3 0.3 0.0 0.0 0.0 0.0 0.0 0.0 0.72115 0.0 0.0 45.47487 -0.49999 0.07399 0.0 0.0 0.0 0.0 0.0 0.0 0.0560236153918 70 0 0.912162162162 1.20423365291 -242.515757947
-0.12623 0.35028 3.35743 -0.12979 0.55971 3.68501397697 0.78258 0.98072 0.30541 0.41196 152.77952 195.62801 147.22542 138.42519 0.3 0.3 0.0 0.0 0.0 0.0 0.0 0.0 0.72115 0.0 0.0 45.47487 -0.49999 0.07399 0.0 0.0 0.0 0.0 0.0 0.0 0.0559103520853 71 0 0.924657534247 1.16302395117 -242.515757947
-0.12623 0.35028 3.35743 -0.12979 0.55971 3.71896670513 0.78258 0.98072 0.30541 0.41196 152.77952 195.62801 147.22542 138.42519 0.3 0.3 0.0 0.0 0.0 0.0 0.0 0.0 0.72115 0.0 0.0 45.47487 -0.49999 0.07399 0.0 0.0 0.0 0.0 0.0 0.0 0.0571989625591 72 1 0.923611111111 1.04665553634 -222.097528137
-0.12623 0.35028 3.35743 -0.12979 0.55971 3.69623594355 0.78258 0.98072 0.30541 0.41196 152.77952 195.62801 147.22542 138.42519 0.3 0.3 0.0 0.0 0.0 0.0 0.0 0.0 0.72115 0.0 0.0 45.47487 -0.49999 0.07399 0.0 0.0 0.0 0.0 0.0 0.0 0.0573328289622 73 0 0.924137931034 1.16113731639 -222.097528137
-0.12623 0.35028 3.35743 -0.12979 0.55971 3.72973291228 0.78258 0.98072 0.30541 0.41196 152.77952 195.62801 147.22542 138.42519 0.3 0.3 0.0 0.0 0.0 0.0 0.0 0.0 0.72115 0.0 0.0 45.47487 -0.49999 0.07399 0.0 0.0 0.0 0.0 0.0 0.0 0.0577676502603 74 1 0.944055944056 1.00871407751 -109.690680643
-0.12623 0.35028 3.35743 -0.12979 0.55971 3.73669583205 0.78258 0.98072 0.30541 0.41196 152.77952 195.62801 147.22542 138.42519 0.3 0.3 0.0 0.0 0.0 0.0 0.0 0.0 0.72115 0.0 0.0 45.47487 -0.49999 0.07399 0.0 0.0 0.0 0.0 0.0 0.0 0.0577424579492 75 1 0.944055944056 0.990524906999 -105.942218853
-0.12623 0.35028 3.35743 -0.12979 0.55971 3.7285187906 0.78258 0.98072 0.30541 0.41196 152.77952 195.62801 147.22542 138.42519 0.3 0.3 0.0 0.0 0.0 0.0 0.0 0.0 0.72115 0.0 0.0 45.47487 -0.49999 0.07399 0.0 0.0 0.0 0.0 0.0 0.0 0.0572789789002 76 1 0.950704225352 1.03763284598 -92.011310758
-0.12623 0.35028 3.35743 -0.12979 0.55971 3.74317474772 0.78258 0.98072 0.30541 0.41196 152.77952 195.62801 147.22542 138.42519 0.3 0.3 0.0 0.0 0.0 0.0 0.0 0.0 0.72115 0.0 0.0 45.47487 -0.49999 0.07399 0.0 0.0 0.0 0.0 0.0 0.0 0.0570891249386 77 0 0.944055944056 0.978223923565 -92.011310758
-0.12623 0.35028 3.35743 -0.12979 0.55971 3.71784358298 0.78258 0.98072 0.30541 0.41196 152.77952 195.62801 147.22542 138.42519 0.3 0.3 0.0 0.0 0.0 0.0 0.0 0.0 0.72115 0.0 0.0 45.47487 -0.49999 0.07399 0.0 0.0 0.0 0.0 0.0 0.0 0.0556138632477 78 0 0.923611111111 1.0532305989 -92.011310758
-0.12623 0.35028 3.35743 -0.12979 0.55971 3.72782219203 0.78258 0.98072 0.30541 0.41196 152.77952 195.62801 147.22542 138.42519 0.3 0.3 0.0 0.0 0.0 0.0 0.0 0.0 0.72115 0.0 0.0 45.47487 -0.49999 0.07399 0.0 0.0 0.0 0.0 0.0 0.0 0.0574719772579 79 1 0.950704225352 1.03681713216 -91.2850498659
-0.12623 0.35028 3.35743 -0.12979 0.55971 3.72062717311 0.78258 0.98072 0.30541 0.41196 152.77952 195.62801 147.22542 138.42519 0.3 0.3 0.0 0.0 0.0 0.0 0.0 0.0 0.72115 0.0 0.0 45.47487 -0.49999 0.07399 0.0 0.0 0.0 0.0 0.0 0.0 0.0571699502102 80 0 0.93006993007 1.0440826713 -91.2850498659
-0.12623 0.35028 3.35743 -0.12979 0.55971 3.68717479308 0.78258 0.98072 0.30541 0.41196 152.77952 195.62801 147.22542 138.42519 0.3 0.3 0.0 0.0 0.0 0.0 0.0 0.0 0.72115 0.0 0.0 45.47487 -0.49999 0.07399 0.0 0.0 0.0 0.0 0.0 0.0 0.057472568657 81 0 0.924657534247 1.16100024133 -91.2850498659
-0.12623 0.35028 3.35743 -0.12979 0.55971 3.72229963138 0.78258 0.98072 0.30541 0.41196 152.77952 195.62801 147.22542 138.42519 0.3 0.3 0.0 0.0 0.0 0.0 0.0 0.0 0.72115 0.0 0.0 45.47487 -0.49999 0.07399 0.0 0.0 0.0 0.0 0.0 0.0 0.0568664390375 82 0 0.944055944056 1.05237704374 -91.2850498659
-0.12623 0.35028 3.35743 -0.12979 0.55971 3.76524252445 0.78258 0.98072 0.30541 0.41196 152.77952 195.62801 147.22542 138.42519 0.3 0.3 0.0 0.0 0.0 0.0 0.0 0.0 0.72115 0.0 0.0 45.47487 -0.49999 0.07399 0.0 0.0 0.0 0.0 0.0 0.0 0.0578461854882 83 1 0.957446808511 0.878019133855 -49.2734294462
-0.12623 0.35028 3.35743 -0.12979 0.55971 3.76898570251 0.78258 0.98072 0.30541 0.41196 152.77952 195.62801 147.22542 138.42519 0.3 0.3 0.0 0.0 0.0 0.0 0.0 0.0 0.72115 0.0 0.0 45.47487 -0.49999 0.07399 0.0 0.0 0.0 0.0 0.0 0.0 0.0573757021578 84 1 0.957446808511 0.828030762574 -44.731331414
-0.12623 0.35028 3.35743 -0.12979 0.55971 3.75079061688 0.78258 0.98072 0.30541 0.41196 152.77952 195.62801 147.22542 138.42519 0.3 0.3 0.0 0.0 0.0 0.0 0.0 0.0 0.72115 0.0 0.0 45.47487 -0.49999 0.07399 0.0 0.0 0.0 0.0 0.0 0.0 0.0571613012043 85 0 0.957446808511 0.891986630849 -44.731331414
-0.12623 0.35028 3.35743 -0.12979 0.55971 3.78531679805 0.78258 0.98072 0.30541 0.41196 152.77952 195.62801 147.22542 138.42519 0.3 0.3 0.0 0.0 0.0 0.0 0.0 0.0 0.72115 0.0 0.0 45.47487 -0.49999 0.07399 0.0 0.0 0.0 0.0 0.0 0.0 0.0568119375234 86 0 0.950704225352 0.838802551883 -44.731331414
-0.12623 0.35028 3.35743 -0.12979 0.55971 3.73523951751 0.78258 0.98072 0.30541 0.41196 152.77952 195.62801 147.22542 138.42519 0.3 0.3 0.0 0.0 0.0 0.0 0.0 0.0 0.72115 0.0 0.0 45.47487 -0.49999 0.07399 0.0 0.0 0.0 0.0 0.0 0.0 0.0577219544182 87 0 0.944055944056 0.98598415116 -44.731331414
-0.12623 0.35028 3.35743 -0.12979 0.55971 3.74256339851 0.78258 0.98072 0.30541 0.41196 152.77952 195.62801 147.22542 138.42519 0.3 0.3 0.0 0.0 0.0 0.0 0.0 0.0 0.72115 0.0 0.0 45.47487 -0.49999 0.07399 0.0 0.0 0.0 0.0 0.0 0.0 0.05696915994 88 0 0.944055944056 0.978161143874 -44.731331414
-0.12623 0.35028 3.35743 -0.12979 0.55971 3.74172763968 0.78258 0.98072 0.30541 0.41196 152.77952 195.62801 147.22542 138.42519 0.3 0.3 0.0 0.0 0.0 0.0 0.0 0.0 0.72115 0.0 0.0 45.47487 -0.49999 0.07399 0.0 0.0 0.0 0.0 0.0 0.0 0.0575596526678 89 0 0.937062937063 0.982019080118 -44.731331414
-0.12623 0.35028 3.35743 -0.12979 0.55971 3.78481848057 0.78258 0.98072 0.30541 0.41196 152.77952 195.62801 147.22542 138.42519 0.3 0.3 0.0 0.0 0.0 0.0 0.0 0.0 0.72115 0.0 0.0 45.47487 -0.49999 0.07399 0.0 0.0 0.0 0.0 0.0 0.0 0.0568385048447 90 0 0.950704225352 0.850094962421 -44.731331414
-0.12623 0.35028 3.35743 -0.12979 0.55971 3.73305897841 0.78258 0.98072 0.30541 0.41196 152.77952 195.62801 147.22542 138.42519 0.3 0.3 0.0 0.0 0.0 0.0 0.0 0.0 0.72115 0.0 0.0 45.47487 -0.49999 0.07399 0.0 0.0 0.0 0.0 0.0 0.0 0.0570195120856 91 0 0.944055944056 1.11061419491 -44.731331414
-0.12623 0.35028 3.35743 -0.12979 0.55971 3.78959429272 0.78258 0.98072 0.30541 0.41196 152.77952 195.62801 147.22542 138.42519 0.3 0.3 0.0 0.0 0.0 0.0 0.0 0.0 0.72115 0.0 0.0 45.47487 -0.49999 0.07399 0.0 0.0 0.0 0.0 0.0 0.0 0.057857607417 92 0 0.950704225352 0.85350780122 -44.731331414
-0.12623 0.35028 3.35743 -0.12979 0.55971 3.76698214329 0.78258 0.98072 0.30541 0.41196 152.77952 195.62801 147.22542 138.42519 0.3 0.3 0.0 0.0 0.0 0.0 0.0 0.0 0.72115 0.0 0.0 45.47487 -0.49999 0.07399 0.0 0.0 0.0 0.0 0.0 0.0 0.0569968067685 93 0 0.957446808511 0.862104646147 -44.731331414
-0.12623 0.35028 3.35743 -0.12979 0.55971 3.77979567832 0.78258 0.98072 0.30541 0.41196 152.77952 195.62801 147.22542 138.42519 0.3 0.3 0.0 0.0 0.0 0.0 0.0 0.0 0.72115 0.0 0.0 45.47487 -0.49999 0.07399 0.0 0.0 0.0 0.0 0.0 0.0 0.0575346696154 94 0 0.957446808511 0.860359946173 -44.731331414
-0.12623 0.35028 3.35743 -0.12979 0.55971 3.7671285684 0.78258 0.98072 0.30541 0.41196 152.77952 195.62801 147.22542 138.42519 0.3 0.3 0.0 0.0 0.0 0.0 0.0 0.0 0.72115 0.0 0.0 45.47487 -0.49999 0.07399 0.0 0.0 0.0 0.0 0.0 0.0 0.0569394803232 95 0 0.957446808511 0.862291883089 -44.731331414
-0.12623 0.35028 3.35743 -0.12979 0.55971 3.75475051927 0.78258 0.98072 0.30541 0.41196 152.77952 195.62801 147.22542 138.42519 0.3 0.3 0.0 0.0 0.0 0.0 0.0 0.0 0.72115 0.0 0.0 45.47487 -0.49999 0.07399 0.0 0.0 0.0 0.0 0.0 0.0 0.0578565321568 96 0 0.957446808511 0.863886661991 -44.731331414
-0.12623 0.35028 3.35743 -0.12979 0.55971 3.74179989601 0.78258 0.98072 0.30541 0.41196 152.77952 195.62801 147.22542 138.42519 0.3 0.3 0.0 0.0 0.0 0.0 0.0 0.0 0.72115 0.0 0.0 45.47487 -0.49999 0.07399 0.0 0.0 0.0 0.0 0.0 0.0 0.0578441874955 97 0 0.937062937063 0.982027158365 -44.731331414
-0.12623 0.35028 3.35743 -0.12979 0.55971 3.79096085 0.78258 0.98072 0.30541 0.41196 152.77952 195.62801 147.22542 138.42519 0.3 0.3 0.0 0.0 0.0 0.0 0.0 0.0 0.72115 0.0 0.0 45.47487 -0.49999 0.07399 0.0 0.0 0.0 0.0 0.0 0.0 0.0581415616402 98 0 0.950704225352 0.853694872404 -44.731331414
-0.12623 0.35028 3.35743 -0.12979 0.55971 3.76791078597 0.78258 0.98072 0.30541 0.41196 152.77952 195.62801 147.22542 138.42519 0.3 0.3 0.0 0.0 0.0 0.0 0.0 0.0 0.72115 0.0 0.0 45.47487 -0.49999 0.07399 0.0 0.0 0.0 0.0 0.0 0.0 0.0578970392895 99 0 0.957446808511 0.862276177272 -44.731331414
-0.12623 0.35028 3.35743 -0.12979 0.55971 3.76470068174 0.78258 0.98072 0.30541 0.41196 152.77952 195.62801 147.22542 138.42519 0.3 0.3 0.0 0.0 0.0 0.0 0.0 0.0 0.72115 0.0 0.0 45.47487 -0.49999 0.07399 0.0 0.0 0.0 0.0 0.0 0.0 0.0577927129464 100 0 0.957446808511 0.863857076971 -44.731331414
