-0.12623 0.35028 3.35743 -0.12979 0.55971 4.12072 0.78258 0.98072 0.30541 0.41196 152.77952 195.62801 147.22542 138.42519 0.3 0.3 0.0 0.0 0.0 0.0 0.0 0.0 0.72115 0.0 0.0 45.47487 -0.49999 0.07399 0.0 0.0 0.0 0.0 0.0 0.0 0.05 0 1 0.978102189781 0.502305191354 -7.19780031918
-0.12623 0.35028 3.35743 -0.12979 0.55971 4.13711971767 0.78258 0.98072 0.30541 0.41196 152.77952 195.62801 147.22542 138.42519 0.3 0.3 0.0 0.0 0.0 0.0 0.0 0.0 0.72115 0.0 0.0 45.47487 -0.49999 0.07399 0.0 0.0 0.0 0.0 0.0 0.0 0.0499466849485 1 0 0.977941176471 0.586244838333 -7.19780031918
-0.12623 0.35028 3.35743 -0.12979 0.55971 4.09537298214 0.78258 0.98072 0.30541 0.41196 152.77952 195.62801 147.22542 138.42519 0.3 0.3 0.0 0.0 0.0 0.0 0.0 0.0 0.72115 0.0 0.0 45.47487 -0.49999 0.07399 0.0 0.0 0.0 0.0 0.0 0.0 0.0494923177917 2 1 0.985401459854 0.48211158893 -3.99330324853
-0.12623 0.35028 3.35743 -0.12979 0.55971 4.10121342582 0.78258 0.98072 0.30541 0.41196 152.77952 195.62801 147.22542 138.42519 0.3 0.3 0.0 0.0 0.0 0.0 0.0 0.0 0.72115 0.0 0.0 45.47487 -0.49999 0.07399 0.0 0.0 0.0 0.0 0.0 0.0 0.049318550575 3 1 0.985401459854 0.472937659387 -3.91104581717
-0.12623 0.35028 3.35743 -0.12979 0.55971 4.07852100389 0.78258 0.98072 0.30541 0.41196 152.77952 195.62801 147.22542 138.42519 0.3 0.3 0.0 0.0 0.0 0.0 0.0 0.0 0.72115 0.0 0.0 45.47487 -0.49999 0.07399 0.0 0.0 0.0 0.0 0.0 0.0 0.0497392483791 4 1 0.992647058824 0.420673969031 -2.17038826998
-0.12623 0.35028 3.35743 -0.12979 0.55971 4.07384154955 0.78258 0.98072 0.30541 0.41196 152.77952 195.62801 147.22542 138.42519 0.3 0.3 0.0 0.0 0.0 0.0 0.0 0.0 0.72115 0.0 0.0 45.47487 -0.49999 0.07399 0.0 0.0 0.0 0.0 0.0 0.0 0.0496671535443 5 1 0.992647058824 0.426765369525 -2.17939192004
-0.12623 0.35028 3.35743 -0.12979 0.55971 4.08158781737 0.78258 0.98072 0.30541 0.41196 152.77952 195.62801 147.22542 138.42519 0.3 0.3 0.0 0.0 0.0 0.0 0.0 0.0 0.72115 0.0 0.0 45.47487 -0.49999 0.07399 0.0 0.0 0.0 0.0 0.0 0.0 0.0490559607624 6 0 0.985401459854 0.446985251657 -2.17939192004
-0.12623 0.35028 3.35743 -0.12979 0.55971 4.10720861344 0.78258 0.98072 0.30541 0.41196 152.77952 195.62801 147.22542 138.42519 0.3 0.3 0.0 0.0 0.0 0.0 0.0 0.0 0.72115 0.0 0.0 45.47487 -0.49999 0.07399 0.0 0.0 0.0 0.0 0.0 0.0 0.0486193471373 7 0 0.985401459854 0.466896770293 -2.17939192004
-0.12623 0.35028 3.35743 -0.12979 0.55971 4.08143959538 0.78258 0.98072 0.30541 0.41196 152.77952 195.62801 147.22542 138.42519 0.3 0.3 0.0 0.0 0.0 0.0 0.0 0.0 0.72115 0.0 0.0 45.47487 -0.49999 0.07399 0.0 0.0 0.0 0.0 0.0 0.0 0.0498978229616 8 1 0.985401459854 0.446936508726 -3.66984057081
-0.12623 0.35028 3.35743 -0.12979 0.55971 4.0776167178 0.78258 0.98072 0.30541 0.41196 152.77952 195.62801 147.22542 138.42519 0.3 0.3 0.0 0.0 0.0 0.0 0.0 0.0 0.72115 0.0 0.0 45.47487 -0.49999 0.07399 0.0 0.0 0.0 0.0 0.0 0.0 0.0500514775718 9 1 0.992647058824 0.420494919008 -2.18629613535
-0.12623 0.35028 3.35743 -0.12979 0.55971 4.08011392247 0.78258 0.98072 0.30541 0.41196 152.77952 195.62801 147.22542 138.42519 0.3 0.3 0.0 0.0 0.0 0.0 0.0 0.0 0.72115 0.0 0.0 45.47487 -0.49999 0.07399 0.0 0.0 0.0 0.0 0.0 0.0 0.0503306030176 10 1 0.992647058824 0.419893160143 -2.19983039677
-0.12623 0.35028 3.35743 -0.12979 0.55971 4.07262628747 0.78258 0.98072 0.30541 0.41196 152.77952 195.62801 147.22542 138.42519 0.3 0.3 0.0 0.0 0.0 0.0 0.0 0.0 0.72115 0.0 0.0 45.47487 -0.49999 0.07399 0.0 0.0 0.0 0.0 0.0 0.0 0.0503484358745 11 1 0.992647058824 0.426568840213 -2.21433808121
-0.12623 0.35028 3.35743 -0.12979 0.55971 4.07951860913 0.78258 0.98072 0.30541 0.41196 152.77952 195.62801 147.22542 138.42519 0.3 0.3 0.0 0.0 0.0 0.0 0.0 0.0 0.72115 0.0 0.0 45.47487 -0.49999 0.07399 0.0 0.0 0.0 0.0 0.0 0.0 0.0500292533271 12 1 0.992647058824 0.419770595941 -2.18365075336
-0.12623 0.35028 3.35743 -0.12979 0.55971 4.0733436114 0.78258 0.98072 0.30541 0.41196 152.77952 195.62801 147.22542 138.42519 0.3 0.3 0.0 0.0 0.0 0.0 0.0 0.0 0.72115 0.0 0.0 45.47487 -0.49999 0.07399 0.0 0.0 0.0 0.0 0.0 0.0 0.0507108509555 13 1 0.992647058824 0.426658516495 -2.23378110264
-0.12623 0.35028 3.35743 -0.12979 0.55971 4.08016974184 0.78258 0.98072 0.30541 0.41196 152.77952 195.62801 147.22542 138.42519 0.3 0.3 0.0 0.0 0.0 0.0 0.0 0.0 0.72115 0.0 0.0 45.47487 -0.49999 0.07399 0.0 0.0 0.0 0.0 0.0 0.0 0.0513949270984 14 1 0.992647058824 0.419910865534 -2.25781914043
-0.12623 0.35028 3.35743 -0.12979 0.55971 4.10548334036 0.78258 0.98072 0.30541 0.41196 152.77952 195.62801 147.22542 138.42519 0.3 0.3 0.0 0.0 0.0 0.0 0.0 0.0 0.72115 0.0 0.0 45.47487 -0.49999 0.07399 0.0 0.0 0.0 0.0 0.0 0.0 0.0516684910051 15 0 0.985401459854 0.472655834109 -2.25781914043
-0.12623 0.35028 3.35743 -0.12979 0.55971 4.09187736942 0.78258 0.98072 0.30541 0.41196 152.77952 195.62801 147.22542 138.42519 0.3 0.3 0.0 0.0 0.0 0.0 0.0 0.0 0.72115 0.0 0.0 45.47487 -0.49999 0.07399 0.0 0.0 0.0 0.0 0.0 0.0 0.0511985626599 16 0 0.985401459854 0.479324017609 -2.25781914043
-0.12623 0.35028 3.35743 -0.12979 0.55971 4.04748554258 0.78258 0.98072 0.30541 0.41196 152.77952 195.62801 147.22542 138.42519 0.3 0.3 0.0 0.0 0.0 0.0 0.0 0.0 0.72115 0.0 0.0 45.47487 -0.49999 0.07399 0.0 0.0 0.0 0.0 0.0 0.0 0.0516717134063 17 1 1.0 0.279611254598 -1.87163211179
-0.12623 0.35028 3.35743 -0.12979 0.55971 4.04803620134 0.78258 0.98072 0.30541 0.41196 152.77952 195.62801 147.22542 138.42519 0.3 0.3 0.0 0.0 0.0 0.0 0.0 0.0 0.72115 0.0 0.0 45.47487 -0.49999 0.07399 0.0 0.0 0.0 0.0 0.0 0.0 0.0523586706261 18 1 1.0 0.27960584272 -1.92130291317
-0.12623 0.35028 3.35743 -0.12979 0.55971 4.04881711815 0.78258 0.98072 0.30541 0.41196 152.77952 195.62801 147.22542 138.42519 0.3 0.3 0.0 0.0 0.0 0.0 0.0 0.0 0.72115 0.0 0.0 45.47487 -0.49999 0.07399 0.0 0.0 0.0 0.0 0.0 0.0 0.0523106683904 19 1 1.0 0.279612906471 -1.91781148519
-0.12623 0.35028 3.35743 -0.12979 0.55971 4.04038154915 0.78258 0.98072 0.30541 0.41196 152.77952 195.62801 147.22542 138.42519 0.3 0.3 0.0 0.0 0.0 0.0 0.0 0.0 0.72115 0.0 0.0 45.47487 -0.49999 0.07399 0.0 0.0 0.0 0.0 0.0 0.0 0.0516588847883 20 1 1.0 0.455522680132 -1.87071056426
-0.12623 0.35028 3.35743 -0.12979 0.55971 4.03729539772 0.78258 0.98072 0.30541 0.41196 152.77952 195.62801 147.22542 138.42519 0.3 0.3 0.0 0.0 0.0 0.0 0.0 0.0 0.72115 0.0 0.0 45.47487 -0.49999 0.07399 0.0 0.0 0.0 0.0 0.0 0.0 0.0511731741863 21 1 1.0 0.454794300805 -1.83598223789
-0.12623 0.35028 3.35743 -0.12979 0.55971 4.02060284992 0.78258 0.98072 0.30541 0.41196 152.77952 195.62801 147.22542 138.42519 0.3 0.3 0.0 0.0 0.0 0.0 0.0 0.0 0.72115 0.0 0.0 45.47487 -0.49999 0.07399 0.0 0.0 0.0 0.0 0.0 0.0 0.0517698204923 22 1 1.0 0.000438758660883 -1.8786869793
-0.12623 0.35028 3.35743 -0.12979 0.55971 4.02910649691 0.78258 0.98072 0.30541 0.41196 152.77952 195.62801 147.22542 138.42519 0.3 0.3 0.0 0.0 0.0 0.0 0.0 0.0 0.72115 0.0 0.0 45.47487 -0.49999 0.07399 0.0 0.0 0.0 0.0 0.0 0.0 0.0518193138983 23 1 1.0 0.41883351689 -1.88225095376
-0.12623 0.35028 3.35743 -0.12979 0.55971 4.02118285911 0.78258 0.98072 0.30541 0.41196 152.77952 195.62801 147.22542 138.42519 0.3 0.3 0.0 0.0 0.0 0.0 0.0 0.0 0.72115 0.0 0.0 45.47487 -0.49999 0.07399 0.0 0.0 0.0 0.0 0.0 0.0 0.0520242685775 24 1 0.992592592593 0.11352631198 -1.92643909579
-0.12623 0.35028 3.35743 -0.12979 0.55971 4.02164736106 0.78258 0.98072 0.30541 0.41196 152.77952 195.62801 147.22542 138.42519 0.3 0.3 0.0 0.0 0.0 0.0 0.0 0.0 0.72115 0.0 0.0 45.47487 -0.49999 0.07399 0.0 0.0 0.0 0.0 0.0 0.0 0.0522222773169 25 0 0.992592592593 0.113562383062 -1.92643909579
-0.12623 0.35028 3.35743 -0.12979 0.55971 4.02409022848 0.78258 0.98072 0.30541 0.41196 152.77952 195.62801 147.22542 138.42519 0.3 0.3 0.0 0.0 0.0 0.0 0.0 0.0 0.72115 0.0 0.0 45.47487 -0.49999 0.07399 0.0 0.0 0.0 0.0 0.0 0.0 0.0514130950545 26 1 1.0 0.410613142747 -1.85309692639
-0.12623 0.35028 3.35743 -0.12979 0.55971 4.00066440274 0.78258 0.98072 0.30541 0.41196 152.77952 195.62801 147.22542 138.42519 0.3 0.3 0.0 0.0 0.0 0.0 0.0 0.0 0.72115 0.0 0.0 45.47487 -0.49999 0.07399 0.0 0.0 0.0 0.0 0.0 0.0 0.0512777426624 27 1 0.985294117647 0.399793095659 -3.3223616048
-0.12623 0.35028 3.35743 -0.12979 0.55971 3.97539121865 0.78258 0.98072 0.30541 0.41196 152.77952 195.62801 147.22542 138.42519 0.3 0.3 0.0 0.0 0.0 0.0 0.0 0.0 0.72115 0.0 0.0 45.47487 -0.49999 0.07399 0.0 0.0 0.0 0.0 0.0 0.0 0.0508189624887 28 1 0.985294117647 0.373939213592 -3.12815759295
-0.12623 0.35028 3.35743 -0.12979 0.55971 3.96696061682 0.78258 0.98072 0.30541 0.41196 152.77952 195.62801 147.22542 138.42519 0.3 0.3 0.0 0.0 0.0 0.0 0.0 0.0 0.72115 0.0 0.0 45.47487 -0.49999 0.07399 0.0 0.0 0.0 0.0 0.0 0.0 0.0503250234766 29 1 0.985294117647 0.188874000919 -2.11879848745
-0.12623 0.35028 3.35743 -0.12979 0.55971 3.94702930477 0.78258 0.98072 0.30541 0.41196 152.77952 195.62801 147.22542 138.42519 0.3 0.3 0.0 0.0 0.0 0.0 0.0 0.0 0.72115 0.0 0.0 45.47487 -0.49999 0.07399 0.0 0.0 0.0 0.0 0.0 0.0 0.0502378804448 30 1 0.992647058824 0.416517374855 -2.18810151616
-0.12623 0.35028 3.35743 -0.12979 0.55971 3.94987807551 0.78258 0.98072 0.30541 0.41196 152.77952 195.62801 147.22542 138.42519 0.3 0.3 0.0 0.0 0.0 0.0 0.0 0.0 0.72115 0.0 0.0 45.47487 -0.49999 0.07399 0.0 0.0 0.0 0.0 0.0 0.0 0.0503565736029 31 1 0.992647058824 0.495750220349 -2.3678169771
-0.12623 0.35028 3.35743 -0.12979 0.55971 3.96853811461 0.78258 0.98072 0.30541 0.41196 152.77952 195.62801 147.22542 138.42519 0.3 0.3 0.0 0.0 0.0 0.0 0.0 0.0 0.72115 0.0 0.0 45.47487 -0.49999 0.07399 0.0 0.0 0.0 0.0 0.0 0.0 0.0502168352454 32 1 0.985294117647 0.165451781605 -2.03263863008
-0.12623 0.35028 3.35743 -0.12979 0.55971 3.96686141432 0.78258 0.98072 0.30541 0.41196 152.77952 195.62801 147.22542 138.42519 0.3 0.3 0.0 0.0 0.0 0.0 0.0 0.0 0.72115 0.0 0.0 45.47487 -0.49999 0.07399 0.0 0.0 0.0 0.0 0.0 0.0 0.0505546878669 33 1 0.985294117647 0.188689796049 -2.1311489725
-0.12623 0.35028 3.35743 -0.12979 0.55971 3.96205138507 0.78258 0.98072 0.30541 0.41196 152.77952 195.62801 147.22542 138.42519 0.3 0.3 0.0 0.0 0.0 0.0 0.0 0.0 0.72115 0.0 0.0 45.47487 -0.49999 0.07399 0.0 0.0 0.0 0.0 0.0 0.0 0.0515885976618 34 1 0.985294117647 0.200117747019 -2.23176432709
-0.12623 0.35028 3.35743 -0.12979 0.55971 3.9493676789 0.78258 0.98072 0.30541 0.41196 152.77952 195.62801 147.22542 138.42519 0.3 0.3 0.0 0.0 0.0 0.0 0.0 0.0 0.72115 0.0 0.0 45.47487 -0.49999 0.07399 0.0 0.0 0.0 0.0 0.0 0.0 0.0523777966442 35 1 0.992647058824 0.495712486562 -2.46749850492
-0.12623 0.35028 3.35743 -0.12979 0.55971 3.96492449484 0.78258 0.98072 0.30541 0.41196 152.77952 195.62801 147.22542 138.42519 0.3 0.3 0.0 0.0 0.0 0.0 0.0 0.0 0.72115 0.0 0.0 45.47487 -0.49999 0.07399 0.0 0.0 0.0 0.0 0.0 0.0 0.0515004509994 36 1 0.985294117647 0.188896823724 -2.18665968109
-0.12623 0.35028 3.35743 -0.12979 0.55971 3.969294098 0.78258 0.98072 0.30541 0.41196 152.77952 195.62801 147.22542 138.42519 0.3 0.3 0.0 0.0 0.0 0.0 0.0 0.0 0.72115 0.0 0.0 45.47487 -0.49999 0.07399 0.0 0.0 0.0 0.0 0.0 0.0 0.0519023306733 37 1 0.985294117647 0.165421017606 -2.13537591553
-0.12623 0.35028 3.35743 -0.12979 0.55971 3.99267505772 0.78258 0.98072 0.30541 0.41196 152.77952 195.62801 147.22542 138.42519 0.3 0.3 0.0 0.0 0.0 0.0 0.0 0.0 0.72115 0.0 0.0 45.47487 -0.49999 0.07399 0.0 0.0 0.0 0.0 0.0 0.0 0.0524742048916 38 1 0.992647058824 0.399312961539 -2.28193551983
-0.12623 0.35028 3.35743 -0.12979 0.55971 4.02551525786 0.78258 0.98072 0.30541 0.41196 152.77952 195.62801 147.22542 138.42519 0.3 0.3 0.0 0.0 0.0 0.0 0.0 0.0 0.72115 0.0 0.0 45.47487 -0.49999 0.07399 0.0 0.0 0.0 0.0 0.0 0.0 0.0528538990306 39 1 1.0 0.410725538101 -1.95750375744
-0.12623 0.35028 3.35743 -0.12979 0.55971 4.04840604367 0.78258 0.98072 0.30541 0.41196 152.77952 195.62801 147.22542 138.42519 0.3 0.3 0.0 0.0 0.0 0.0 0.0 0.0 0.72115 0.0 0.0 45.47487 -0.49999 0.07399 0.0 0.0 0.0 0.0 0.0 0.0 0.0530708151135 40 1 1.0 0.279582322121 -1.97346379466
-0.12623 0.35028 3.35743 -0.12979 0.55971 4.08053717035 0.78258 0.98072 0.30541 0.41196 152.77952 195.62801 147.22542 138.42519 0.3 0.3 0.0 0.0 0.0 0.0 0.0 0.0 0.72115 0.0 0.0 45.47487 -0.49999 0.07399 0.0 0.0 0.0 0.0 0.0 0.0 0.0533362266494 41 1 0.992647058824 0.419954656539 -2.37015904794
-0.12623 0.35028 3.35743 -0.12979 0.55971 4.0547244248 0.78258 0.98072 0.30541 0.41196 152.77952 195.62801 147.22542 138.42519 0.3 0.3 0.0 0.0 0.0 0.0 0.0 0.0 0.72115 0.0 0.0 45.47487 -0.49999 0.07399 0.0 0.0 0.0 0.0 0.0 0.0 0.0534792936561 42 1 0.992647058824 0.372750621161 -2.29917785997
-0.12623 0.35028 3.35743 -0.12979 0.55971 4.09337483362 0.78258 0.98072 0.30541 0.41196 152.77952 195.62801 147.22542 138.42519 0.3 0.3 0.0 0.0 0.0 0.0 0.0 0.0 0.72115 0.0 0.0 45.47487 -0.49999 0.07399 0.0 0.0 0.0 0.0 0.0 0.0 0.0534540920531 43 0 0.985401459854 0.481838378407 -2.29917785997
-0.12623 0.35028 3.35743 -0.12979 0.55971 4.01624268131 0.78258 0.98072 0.30541 0.41196 152.77952 195.62801 147.22542 138.42519 0.3 0.3 0.0 0.0 0.0 0.0 0.0 0.0 0.72115 0.0 0.0 45.47487 -0.49999 0.07399 0.0 0.0 0.0 0.0 0.0 0.0 0.0541869378213 44 1 0.985294117647 0.133785835097 -2.20489003097
-0.12623 0.35028 3.35743 -0.12979 0.55971 4.04118356201 0.78258 0.98072 0.30541 0.41196 152.77952 195.62801 147.22542 138.42519 0.3 0.3 0.0 0.0 0.0 0.0 0.0 0.0 0.72115 0.0 0.0 45.47487 -0.49999 0.07399 0.0 0.0 0.0 0.0 0.0 0.0 0.0537227745495 45 1 1.0 0.271842485361 -2.02181268089
-0.12623 0.35028 3.35743 -0.12979 0.55971 4.02234603589 0.78258 0.98072 0.30541 0.41196 152.77952 195.62801 147.22542 138.42519 0.3 0.3 0.0 0.0 0.0 0.0 0.0 0.0 0.72115 0.0 0.0 45.47487 -0.49999 0.07399 0.0 0.0 0.0 0.0 0.0 0.0 0.0532733261065 46 1 0.992592592593 0.113755493633 -2.0165664673
-0.12623 0.35028 3.35743 -0.12979 0.55971 4.0144160475 0.78258 0.98072 0.30541 0.41196 152.77952 195.62801 147.22542 138.42519 0.3 0.3 0.0 0.0 0.0 0.0 0.0 0.0 0.72115 0.0 0.0 45.47487 -0.49999 0.07399 0.0 0.0 0.0 0.0 0.0 0.0 0.0540073007189 47 1 0.985294117647 0.0459492251111 -2.06070248696
-0.12623 0.35028 3.35743 -0.12979 0.55971 4.04817585061 0.78258 0.98072 0.30541 0.41196 152.77952 195.62801 147.22542 138.42519 0.3 0.3 0.0 0.0 0.0 0.0 0.0 0.0 0.72115 0.0 0.0 45.47487 -0.49999 0.07399 0.0 0.0 0.0 0.0 0.0 0.0 0.0547989916762 48 1 1.0 0.279605238098 -2.10286915018
-0.12623 0.35028 3.35743 -0.12979 0.55971 4.06254418476 0.78258 0.98072 0.30541 0.41196 152.77952 195.62801 147.22542 138.42519 0.3 0.3 0.0 0.0 0.0 0.0 0.0 0.0 0.72115 0.0 0.0 45.47487 -0.49999 0.07399 0.0 0.0 0.0 0.0 0.0 0.0 0.0546755996458 49 0 0.992647058824 0.403376975837 -2.10286915018
-0.12623 0.35028 3.35743 -0.12979 0.55971 4.0523759922 0.78258 0.98072 0.30541 0.41196 152.77952 195.62801 147.22542 138.42519 0.3 0.3 0.0 0.0 0.0 0.0 0.0 0.0 0.72115 0.0 0.0 45.47487 -0.49999 0.07399 0.0 0.0 0.0 0.0 0.0 0.0 0.0545878524382 50 1 1.0 0.279027597951 -2.0868448358
-0.12623 0.35028 3.35743 -0.12979 0.55971 4.01410512936 0.78258 0.98072 0.30541 0.41196 152.77952 195.62801 147.22542 138.42519 0.3 0.3 0.0 0.0 0.0 0.0 0.0 0.0 0.72115 0.0 0.0 45.47487 -0.49999 0.07399 0.0 0.0 0.0 0.0 0.0 0.0 0.0541001614381 51 1 0.985294117647 0.0416920608536 -2.06450880006
-0.12623 0.35028 3.35743 -0.12979 0.55971 3.99316871388 0.78258 0.98072 0.30541 0.41196 152.77952 195.62801 147.22542 138.42519 0.3 0.3 0.0 0.0 0.0 0.0 0.0 0.0 0.72115 0.0 0.0 45.47487 -0.49999 0.07399 0.0 0.0 0.0 0.0 0.0 0.0 0.0544555143779 52 0 0.985294117647 0.40180384561 -2.06450880006
-0.12623 0.35028 3.35743 -0.12979 0.55971 4.00541780583 0.78258 0.98072 0.30541 0.41196 152.77952 195.62801 147.22542 138.42519 0.3 0.3 0.0 0.0 0.0 0.0 0.0 0.0 0.72115 0.0 0.0 45.47487 -0.49999 0.07399 0.0 0.0 0.0 0.0 0.0 0.0 0.0550732917964 53 0 0.977941176471 0.379440595956 -2.06450880006
-0.12623 0.35028 3.35743 -0.12979 0.55971 4.02150500589 0.78258 0.98072 0.30541 0.41196 152.77952 195.62801 147.22542 138.42519 0.3 0.3 0.0 0.0 0.0 0.0 0.0 0.0 0.72115 0.0 0.0 45.47487 -0.49999 0.07399 0.0 0.0 0.0 0.0 0.0 0.0 0.0555374113735 54 1 0.992592592593 0.113683432435 -2.18524417279
-0.12623 0.35028 3.35743 -0.12979 0.55971 4.02207448939 0.78258 0.98072 0.30541 0.41196 152.77952 195.62801 147.22542 138.42519 0.3 0.3 0.0 0.0 0.0 0.0 0.0 0.0 0.72115 0.0 0.0 45.47487 -0.49999 0.07399 0.0 0.0 0.0 0.0 0.0 0.0 0.0557454390903 55 1 0.992592592593 0.113712692294 -2.2011161778
-0.12623 0.35028 3.35743 -0.12979 0.55971 4.01294341855 0.78258 0.98072 0.30541 0.41196 152.77952 195.62801 147.22542 138.42519 0.3 0.3 0.0 0.0 0.0 0.0 0.0 0.0 0.72115 0.0 0.0 45.47487 -0.49999 0.07399 0.0 0.0 0.0 0.0 0.0 0.0 0.0566159178965 56 1 0.985294117647 0.0417408994207 -2.25644750097
-0.12623 0.35028 3.35743 -0.12979 0.55971 4.02039956493 0.78258 0.98072 0.30541 0.41196 152.77952 195.62801 147.22542 138.42519 0.3 0.3 0.0 0.0 0.0 0.0 0.0 0.0 0.72115 0.0 0.0 45.47487 -0.49999 0.07399 0.0 0.0 0.0 0.0 0.0 0.0 0.0568083872768 57 1 1.0 0.00150405251984 -2.25834849437
-0.12623 0.35028 3.35743 -0.12979 0.55971 3.98209835522 0.78258 0.98072 0.30541 0.41196 152.77952 195.62801 147.22542 138.42519 0.3 0.3 0.0 0.0 0.0 0.0 0.0 0.0 0.72115 0.0 0.0 45.47487 -0.49999 0.07399 0.0 0.0 0.0 0.0 0.0 0.0 0.0581522997191 58 1 0.992647058824 0.186479377875 -2.42788120393
-0.12623 0.35028 3.35743 -0.12979 0.55971 3.96715382526 0.78258 0.98072 0.30541 0.41196 152.77952 195.62801 147.22542 138.42519 0.3 0.3 0.0 0.0 0.0 0.0 0.0 0.0 0.72115 0.0 0.0 45.47487 -0.49999 0.07399 0.0 0.0 0.0 0.0 0.0 0.0 0.0582877834772 59 1 0.985294117647 0.188896125306 -2.63177392689
-0.12623 0.35028 3.35743 -0.12979 0.55971 3.9270341144 0.78258 0.98072 0.30541 0.41196 152.77952 195.62801 147.22542 138.42519 0.3 0.3 0.0 0.0 0.0 0.0 0.0 0.0 0.72115 0.0 0.0 45.47487 -0.49999 0.07399 0.0 0.0 0.0 0.0 0.0 0.0 0.0593408941043 60 0 0.992647058824 0.633926539101 -2.63177392689
-0.12623 0.35028 3.35743 -0.12979 0.55971 3.93121886116 0.78258 0.98072 0.30541 0.41196 152.77952 195.62801 147.22542 138.42519 0.3 0.3 0.0 0.0 0.0 0.0 0.0 0.0 0.72115 0.0 0.0 45.47487 -0.49999 0.07399 0.0 0.0 0.0 0.0 0.0 0.0 0.0576992582568 61 1 0.992647058824 0.559429864075 -2.90077643338
-0.12623 0.35028 3.35743 -0.12979 0.55971 3.90482135938 0.78258 0.98072 0.30541 0.41196 152.77952 195.62801 147.22542 138.42519 0.3 0.3 0.0 0.0 0.0 0.0 0.0 0.0 0.72115 0.0 0.0 45.47487 -0.49999 0.07399 0.0 0.0 0.0 0.0 0.0 0.0 0.0582657156853 62 0 0.964285714286 0.627430190126 -2.90077643338
-0.12623 0.35028 3.35743 -0.12979 0.55971 3.94347923692 0.78258 0.98072 0.30541 0.41196 152.77952 195.62801 147.22542 138.42519 0.3 0.3 0.0 0.0 0.0 0.0 0.0 0.0 0.72115 0.0 0.0 45.47487 -0.49999 0.07399 0.0 0.0 0.0 0.0 0.0 0.0 0.0579208788279 63 1 0.992647058824 0.519626356435 -2.83627922309
-0.12623 0.35028 3.35743 -0.12979 0.55971 3.94697678648 0.78258 0.98072 0.30541 0.41196 152.77952 195.62801 147.22542 138.42519 0.3 0.3 0.0 0.0 0.0 0.0 0.0 0.0 0.72115 0.0 0.0 45.47487 -0.49999 0.07399 0.0 0.0 0.0 0.0 0.0 0.0 0.058687084775 64 1 0.992647058824 0.416507043003 -2.71493643676
-0.12623 0.35028 3.35743 -0.12979 0.55971 3.94530869948 0.78258 0.98072 0.30541 0.41196 152.77952 195.62801 147.22542 138.42519 0.3 0.3 0.0 0.0 0.0 0.0 0.0 0.0 0.72115 0.0 0.0 45.47487 -0.49999 0.07399 0.0 0.0 0.0 0.0 0.0 0.0 0.0591999348836 65 0 0.992647058824 0.519576504587 -2.71493643676
-0.12623 0.35028 3.35743 -0.12979 0.55971 3.9191247299 0.78258 0.98072 0.30541 0.41196 152.77952 195.62801 147.22542 138.42519 0.3 0.3 0.0 0.0 0.0 0.0 0.0 0.0 0.72115 0.0 0.0 45.47487 -0.49999 0.07399 0.0 0.0 0.0 0.0 0.0 0.0 0.0583950000882 66 1 0.992647058824 0.527200502362 -2.88067534624
-0.12623 0.35028 3.35743 -0.12979 0.55971 3.90747194371 0.78258 0.98072 0.30541 0.41196 152.77952 195.62801 147.22542 138.42519 0.3 0.3 0.0 0.0 0.0 0.0 0.0 0.0 0.72115 0.0 0.0 45.47487 -0.49999 0.07399 0.0 0.0 0.0 0.0 0.0 0.0 0.057942315384 67 0 0.964285714286 0.627523486211 -2.88067534624
-0.12623 0.35028 3.35743 -0.12979 0.55971 3.91389884421 0.78258 0.98072 0.30541 0.41196 152.77952 195.62801 147.22542 138.42519 0.3 0.3 0.0 0.0 0.0 0.0 0.0 0.0 0.72115 0.0 0.0 45.47487 -0.49999 0.07399 0.0 0.0 0.0 0.0 0.0 0.0 0.0576349580464 68 0 0.978260869565 0.541175894396 -2.88067534624
-0.12623 0.35028 3.35743 -0.12979 0.55971 3.95647897855 0.78258 0.98072 0.30541 0.41196 152.77952 195.62801 147.22542 138.42519 0.3 0.3 0.0 0.0 0.0 0.0 0.0 0.0 0.72115 0.0 0.0 45.47487 -0.49999 0.07399 0.0 0.0 0.0 0.0 0.0 0.0 0.0585093561062 69 1 0.992647058824 0.416244175325 -2.7019992181
-0.12623 0.35028 3.35743 -0.12979 0.55971 3.92975746378 0.78258 0.98072 0.30541 0.41196 152.77952 195.62801 147.22542 138.42519 0.3 0.3 0.0 0.0 0.0 0.0 0.0 0.0 0.72115 0.0 0.0 45.47487 -0.49999 0.07399 0.0 0.0 0.0 0.0 0.0 0.0 0.0579955177544 70 1 0.992647058824 0.629054593853 -3.06831719712
-0.12623 0.35028 3.35743 -0.12979 0.55971 3.93960261523 0.78258 0.98072 0.30541 0.41196 152.77952 195.62801 147.22542 138.42519 0.3 0.3 0.0 0.0 0.0 0.0 0.0 0.0 0.72115 0.0 0.0 45.47487 -0.49999 0.07399 0.0 0.0 0.0 0.0 0.0 0.0 0.058421433559 71 1 0.992647058824 0.544162687539 -2.9147490628
-0.12623 0.35028 3.35743 -0.12979 0.55971 3.90900977965 0.78258 0.98072 0.30541 0.41196 152.77952 195.62801 147.22542 138.42519 0.3 0.3 0.0 0.0 0.0 0.0 0.0 0.0 0.72115 0.0 0.0 45.47487 -0.49999 0.07399 0.0 0.0 0.0 0.0 0.0 0.0 0.0579056185912 72 0 0.978260869565 0.626051799994 -2.9147490628
-0.12623 0.35028 3.35743 -0.12979 0.55971 3.89063649974 0.78258 0.98072 0.30541 0.41196 152.77952 195.62801 147.22542 138.42519 0.3 0.3 0.0 0.0 0.0 0.0 0.0 0.0 0.72115 0.0 0.0 45.47487 -0.49999 0.07399 0.0 0.0 0.0 0.0 0.0 0.0 0.0584986027937 73 0 0.971223021583 0.607356072218 -2.9147490628
-0.12623 0.35028 3.35743 -0.12979 0.55971 3.96235232193 0.78258 0.98072 0.30541 0.41196 152.77952 195.62801 147.22542 138.42519 0.3 0.3 0.0 0.0 0.0 0.0 0.0 0.0 0.72115 0.0 0.0 45.47487 -0.49999 0.07399 0.0 0.0 0.0 0.0 0.0 0.0 0.0587629060831 74 1 0.985294117647 0.200153201868 -2.69699859825
-0.12623 0.35028 3.35743 -0.12979 0.55971 3.95162043617 0.78258 0.98072 0.30541 0.41196 152.77952 195.62801 147.22542 138.42519 0.3 0.3 0.0 0.0 0.0 0.0 0.0 0.0 0.72115 0.0 0.0 45.47487 -0.49999 0.07399 0.0 0.0 0.0 0.0 0.0 0.0 0.0580828957089 75 1 0.992647058824 0.416646283112 -2.67272848192
-0.12623 0.35028 3.35743 -0.12979 0.55971 3.94090531086 0.78258 0.98072 0.30541 0.41196 152.77952 195.62801 147.22542 138.42519 0.3 0.3 0.0 0.0 0.0 0.0 0.0 0.0 0.72115 0.0 0.0 45.47487 -0.49999 0.07399 0.0 0.0 0.0 0.0 0.0 0.0 0.057945934627 76 0 0.992647058824 0.543024177254 -2.67272848192
-0.12623 0.35028 3.35743 -0.12979 0.55971 3.96213564787 0.78258 0.98072 0.30541 0.41196 152.77952 195.62801 147.22542 138.42519 0.3 0.3 0.0 0.0 0.0 0.0 0.0 0.0 0.72115 0.0 0.0 45.47487 -0.49999 0.07399 0.0 0.0 0.0 0.0 0.0 0.0 0.0590410407333 77 1 0.985294117647 0.200117248914 -2.71691137417
-0.12623 0.35028 3.35743 -0.12979 0.55971 3.94535322769 0.78258 0.98072 0.30541 0.41196 152.77952 195.62801 147.22542 138.42519 0.3 0.3 0.0 0.0 0.0 0.0 0.0 0.0 0.72115 0.0 0.0 45.47487 -0.49999 0.07399 0.0 0.0 0.0 0.0 0.0 0.0 0.0597127643489 78 1 0.992647058824 0.519687007798 -2.95327249764
-0.12623 0.35028 3.35743 -0.12979 0.55971 3.9495293826 0.78258 0.98072 0.30541 0.41196 152.77952 195.62801 147.22542 138.42519 0.3 0.3 0.0 0.0 0.0 0.0 0.0 0.0 0.72115 0.0 0.0 45.47487 -0.49999 0.07399 0.0 0.0 0.0 0.0 0.0 0.0 0.0605436745033 79 1 0.992647058824 0.495710794902 -2.96937823122
-0.12623 0.35028 3.35743 -0.12979 0.55971 3.94746716663 0.78258 0.98072 0.30541 0.41196 152.77952 195.62801 147.22542 138.42519 0.3 0.3 0.0 0.0 0.0 0.0 0.0 0.0 0.72115 0.0 0.0 45.47487 -0.49999 0.07399 0.0 0.0 0.0 0.0 0.0 0.0 0.0599105233507 80 1 0.992647058824 0.495809472898 -2.92550024425
-0.12623 0.35028 3.35743 -0.12979 0.55971 3.94758784982 0.78258 0.98072 0.30541 0.41196 152.77952 195.62801 147.22542 138.42519 0.3 0.3 0.0 0.0 0.0 0.0 0.0 0.0 0.72115 0.0 0.0 45.47487 -0.49999 0.07399 0.0 0.0 0.0 0.0 0.0 0.0 0.0604835243062 81 1 0.992647058824 0.495843677071 -2.96537864973
-0.12623 0.35028 3.35743 -0.12979 0.55971 3.94590496829 0.78258 0.98072 0.30541 0.41196 152.77952 195.62801 147.22542 138.42519 0.3 0.3 0.0 0.0 0.0 0.0 0.0 0.0 0.72115 0.0 0.0 45.47487 -0.49999 0.07399 0.0 0.0 0.0 0.0 0.0 0.0 0.0611746686272 82 1 0.992647058824 0.519577951244 -3.05344872774
-0.12623 0.35028 3.35743 -0.12979 0.55971 3.95695829065 0.78258 0.98072 0.30541 0.41196 152.77952 195.62801 147.22542 138.42519 0.3 0.3 0.0 0.0 0.0 0.0 0.0 0.0 0.72115 0.0 0.0 45.47487 -0.49999 0.07399 0.0 0.0 0.0 0.0 0.0 0.0 0.0615591410131 83 1 0.992647058824 0.416073158468 -2.92512877234
-0.12623 0.35028 3.35743 -0.12979 0.55971 3.96225802324 0.78258 0.98072 0.30541 0.41196 152.77952 195.62801 147.22542 138.42519 0.3 0.3 0.0 0.0 0.0 0.0 0.0 0.0 0.72115 0.0 0.0 45.47487 -0.49999 0.07399 0.0 0.0 0.0 0.0 0.0 0.0 0.061512974808 84 1 0.985294117647 0.199927677397 -2.90035225561
-0.12623 0.35028 3.35743 -0.12979 0.55971 3.9462499417 0.78258 0.98072 0.30541 0.41196 152.77952 195.62801 147.22542 138.42519 0.3 0.3 0.0 0.0 0.0 0.0 0.0 0.0 0.72115 0.0 0.0 45.47487 -0.49999 0.07399 0.0 0.0 0.0 0.0 0.0 0.0 0.0617156607154 85 1 0.992647058824 0.519561714488 -3.09166802315
-0.12623 0.35028 3.35743 -0.12979 0.55971 3.95047606267 0.78258 0.98072 0.30541 0.41196 152.77952 195.62801 147.22542 138.42519 0.3 0.3 0.0 0.0 0.0 0.0 0.0 0.0 0.72115 0.0 0.0 45.47487 -0.49999 0.07399 0.0 0.0 0.0 0.0 0.0 0.0 0.0614167562643 86 1 0.992647058824 0.419169967841 -2.91849969076
-0.12623 0.35028 3.35743 -0.12979 0.55971 3.96704390317 0.78258 0.98072 0.30541 0.41196 152.77952 195.62801 147.22542 138.42519 0.3 0.3 0.0 0.0 0.0 0.0 0.0 0.0 0.72115 0.0 0.0 45.47487 -0.49999 0.07399 0.0 0.0 0.0 0.0 0.0 0.0 0.0606232608406 87 1 0.985294117647 0.188881355028 -2.80446623531
-0.12623 0.35028 3.35743 -0.12979 0.55971 3.96310844625 0.78258 0.98072 0.30541 0.41196 152.77952 195.62801 147.22542 138.42519 0.3 0.3 0.0 0.0 0.0 0.0 0.0 0.0 0.72115 0.0 0.0 45.47487 -0.49999 0.07399 0.0 0.0 0.0 0.0 0.0 0.0 0.0606595682414 88 1 0.985294117647 0.170920206467 -2.76449589616
-0.12623 0.35028 3.35743 -0.12979 0.55971 3.96043460557 0.78258 0.98072 0.30541 0.41196 152.77952 195.62801 147.22542 138.42519 0.3 0.3 0.0 0.0 0.0 0.0 0.0 0.0 0.72115 0.0 0.0 45.47487 -0.49999 0.07399 0.0 0.0 0.0 0.0 0.0 0.0 0.0607707243274 89 1 0.985294117647 0.200977359833 -2.8467554571
-0.12623 0.35028 3.35743 -0.12979 0.55971 3.96579877124 0.78258 0.98072 0.30541 0.41196 152.77952 195.62801 147.22542 138.42519 0.3 0.3 0.0 0.0 0.0 0.0 0.0 0.0 0.72115 0.0 0.0 45.47487 -0.49999 0.07399 0.0 0.0 0.0 0.0 0.0 0.0 0.0613144395374 90 1 0.985294117647 0.18884901438 -2.85730737519
-0.12623 0.35028 3.35743 -0.12979 0.55971 3.93158859228 0.78258 0.98072 0.30541 0.41196 152.77952 195.62801 147.22542 138.42519 0.3 0.3 0.0 0.0 0.0 0.0 0.0 0.0 0.72115 0.0 0.0 45.47487 -0.49999 0.07399 0.0 0.0 0.0 0.0 0.0 0.0 0.0611572664395 91 1 0.992647058824 0.559424810034 -3.12214723572
-0.12623 0.35028 3.35743 -0.12979 0.55971 3.95824771749 0.78258 0.98072 0.30541 0.41196 152.77952 195.62801 147.22542 138.42519 0.3 0.3 0.0 0.0 0.0 0.0 0.0 0.0 0.72115 0.0 0.0 45.47487 -0.49999 0.07399 0.0 0.0 0.0 0.0 0.0 0.0 0.061004065201 92 1 0.992647058824 0.414656251403 -2.88130419238
-0.12623 0.35028 3.35743 -0.12979 0.55971 3.98216006626 0.78258 0.98072 0.30541 0.41196 152.77952 195.62801 147.22542 138.42519 0.3 0.3 0.0 0.0 0.0 0.0 0.0 0.0 0.72115 0.0 0.0 45.47487 -0.49999 0.07399 0.0 0.0 0.0 0.0 0.0 0.0 0.0609043423567 93 1 0.992647058824 0.18647023502 -2.64890532951
-0.12623 0.35028 3.35743 -0.12979 0.55971 3.97268101448 0.78258 0.98072 0.30541 0.41196 152.77952 195.62801 147.22542 138.42519 0.3 0.3 0.0 0.0 0.0 0.0 0.0 0.0 0.72115 0.0 0.0 45.47487 -0.49999 0.07399 0.0 0.0 0.0 0.0 0.0 0.0 0.061036133879 94 1 0.985294117647 0.165490308071 -2.78184665529
-0.12623 0.35028 3.35743 -0.12979 0.55971 3.9968033803 0.78258 0.98072 0.30541 0.41196 152.77952 195.62801 147.22542 138.42519 0.3 0.3 0.0 0.0 0.0 0.0 0.0 0.0 0.72115 0.0 0.0 45.47487 -0.49999 0.07399 0.0 0.0 0.0 0.0 0.0 0.0 0.0613500038512 95 1 0.985294117647 0.396614611954 -3.6463356398
-0.12623 0.35028 3.35743 -0.12979 0.55971 4.02096792151 0.78258 0.98072 0.30541 0.41196 152.77952 195.62801 147.22542 138.42519 0.3 0.3 0.0 0.0 0.0 0.0 0.0 0.0 0.72115 0.0 0.0 45.47487 -0.49999 0.07399 0.0 0.0 0.0 0.0 0.0 0.0 0.06087414442 96 1 1.0 0.113077373264 -2.58934899915
-0.12623 0.35028 3.35743 -0.12979 0.55971 3.99262700031 0.78258 0.98072 0.30541 0.41196 152.77952 195.62801 147.22542 138.42519 0.3 0.3 0.0 0.0 0.0 0.0 0.0 0.0 0.72115 0.0 0.0 45.47487 -0.49999 0.07399 0.0 0.0 0.0 0.0 0.0 0.0 0.0606812915166 97 1 0.992647058824 0.399310455361 -2.83653668111
-0.12623 0.35028 3.35743 -0.12979 0.55971 3.96503815149 0.78258 0.98072 0.30541 0.41196 152.77952 195.62801 147.22542 138.42519 0.3 0.3 0.0 0.0 0.0 0.0 0.0 0.0 0.72115 0.0 0.0 45.47487 -0.49999 0.07399 0.0 0.0 0.0 0.0 0.0 0.0 0.0610315510101 98 1 0.985294117647 0.188896101353 -2.83566554631
-0.12623 0.35028 3.35743 -0.12979 0.55971 3.94844796378 0.78258 0.98072 0.30541 0.41196 152.77952 195.62801 147.22542 138.42519 0.3 0.3 0.0 0.0 0.0 0.0 0.0 0.0 0.72115 0.0 0.0 45.47487 -0.49999 0.07399 0.0 0.0 0.0 0.0 0.0 0.0 0.061043708902 99 1 0.992647058824 0.495725739319 -3.00474982435
-0.12623 0.35028 3.35743 -0.12979 0.55971 3.93063100767 0.78258 0.98072 0.30541 0.41196 152.77952 195.62801 147.22542 138.42519 0.3 0.3 0.0 0.0 0.0 0.0 0.0 0.0 0.72115 0.0 0.0 45.47487 -0.49999 0.07399 0.0 0.0 0.0 0.0 0.0 0.0 0.0608238143103 100 1 0.992647058824 0.559429855954 -3.09965733062
