-0.12623 0.35028 3.35743 -0.12979 0.55971 4.52072 0.78258 0.98072 0.30541 0.41196 152.77952 195.62801 147.22542 138.42519 0.3 0.3 0.0 0.0 0.0 0.0 0.0 0.0 0.72115 0.0 0.0 45.47487 -0.49999 0.07399 0.0 0.0 0.0 0.0 0.0 0.0 0.05 0 1 0.910344827586 1.21791771156 -538.289705934
-0.12623 0.35028 3.35743 -0.12979 0.55971 4.5385786292 0.78258 0.98072 0.30541 0.41196 152.77952 195.62801 147.22542 138.42519 0.3 0.3 0.0 0.0 0.0 0.0 0.0 0.0 0.72115 0.0 0.0 45.47487 -0.49999 0.07399 0.0 0.0 0.0 0.0 0.0 0.0 0.0493183494243 1 0 0.890410958904 1.16923401523 -538.289705934
-0.12623 0.35028 3.35743 -0.12979 0.55971 4.45518935759 0.78258 0.98072 0.30541 0.41196 152.77952 195.62801 147.22542 138.42519 0.3 0.3 0.0 0.0 0.0 0.0 0.0 0.0 0.72115 0.0 0.0 45.47487 -0.49999 0.07399 0.0 0.0 0.0 0.0 0.0 0.0 0.0507171154534 2 1 0.922535211268 1.15032483592 -349.094325714
-0.12623 0.35028 3.35743 -0.12979 0.55971 4.42634952597 0.78258 0.98072 0.30541 0.41196 152.77952 195.62801 147.22542 138.42519 0.3 0.3 0.0 0.0 0.0 0.0 0.0 0.0 0.72115 0.0 0.0 45.47487 -0.49999 0.07399 0.0 0.0 0.0 0.0 0.0 0.0 0.051813767367 3 1 0.922535211268 1.09407847218 -302.88276066
-0.12623 0.35028 3.35743 -0.12979 0.55971 4.41484485472 0.78258 0.98072 0.30541 0.41196 152.77952 195.62801 147.22542 138.42519 0.3 0.3 0.0 0.0 0.0 0.0 0.0 0.0 0.72115 0.0 0.0 45.47487 -0.49999 0.07399 0.0 0.0 0.0 0.0 0.0 0.0 0.0522418700642 4 1 0.929577464789 1.01388060521 -212.054413113
-0.12623 0.35028 3.35743 -0.12979 0.55971 4.42654142986 0.78258 0.98072 0.30541 0.41196 152.77952 195.62801 147.22542 138.42519 0.3 0.3 0.0 0.0 0.0 0.0 0.0 0.0 0.72115 0.0 0.0 45.47487 -0.49999 0.07399 0.0 0.0 0.0 0.0 0.0 0.0 0.0522045080443 5 0 0.929577464789 1.03051521005 -212.054413113
-0.12623 0.35028 3.35743 -0.12979 0.55971 4.47674596139 0.78258 0.98072 0.30541 0.41196 152.77952 195.62801 147.22542 138.42519 0.3 0.3 0.0 0.0 0.0 0.0 0.0 0.0 0.72115 0.0 0.0 45.47487 -0.49999 0.07399 0.0 0.0 0.0 0.0 0.0 0.0 0.0526693809743 6 0 0.922535211268 1.12290261837 -212.054413113
-0.12623 0.35028 3.35743 -0.12979 0.55971 4.44857424141 0.78258 0.98072 0.30541 0.41196 152.77952 195.62801 147.22542 138.42519 0.3 0.3 0.0 0.0 0.0 0.0 0.0 0.0 0.72115 0.0 0.0 45.47487 -0.49999 0.07399 0.0 0.0 0.0 0.0 0.0 0.0 0.051989876942 7 0 0.929577464789 1.14495791499 -212.054413113
-0.12623 0.35028 3.35743 -0.12979 0.55971 4.43031899054 0.78258 0.98072 0.30541 0.41196 152.77952 195.62801 147.22542 138.42519 0.3 0.3 0.0 0.0 0.0 0.0 0.0 0.0 0.72115 0.0 0.0 45.47487 -0.49999 0.07399 0.0 0.0 0.0 0.0 0.0 0.0 0.0532661595284 8 0 0.922535211268 1.11071351706 -212.054413113
-0.12623 0.35028 3.35743 -0.12979 0.55971 4.45783274376 0.78258 0.98072 0.30541 0.41196 152.77952 195.62801 147.22542 138.42519 0.3 0.3 0.0 0.0 0.0 0.0 0.0 0.0 0.72115 0.0 0.0 45.47487 -0.49999 0.07399 0.0 0.0 0.0 0.0 0.0 0.0 0.0518874399065 9 0 0.922535211268 1.18535222426 -212.054413113
-0.12623 0.35028 3.35743 -0.12979 0.55971 4.4801252635 0.78258 0.98072 0.30541 0.41196 152.77952 195.62801 147.22542 138.42519 0.3 0.3 0.0 0.0 0.0 0.0 0.0 0.0 0.72115 0.0 0.0 45.47487 -0.49999 0.07399 0.0 0.0 0.0 0.0 0.0 0.0 0.0517892765181 10 0 0.915492957746 1.12868541295 -212.054413113
-0.12623 0.35028 3.35743 -0.12979 0.55971 4.41180513582 0.78258 0.98072 0.30541 0.41196 152.77952 195.62801 147.22542 138.42519 0.3 0.3 0.0 0.0 0.0 0.0 0.0 0.0 0.72115 0.0 0.0 45.47487 -0.49999 0.07399 0.0 0.0 0.0 0.0 0.0 0.0 0.0519560973056 11 1 0.929577464789 0.990179247528 -204.534569207
-0.12623 0.35028 3.35743 -0.12979 0.55971 4.41653240782 0.78258 0.98072 0.30541 0.41196 152.77952 195.62801 147.22542 138.42519 0.3 0.3 0.0 0.0 0.0 0.0 0.0 0.0 0.72115 0.0 0.0 45.47487 -0.49999 0.07399 0.0 0.0 0.0 0.0 0.0 0.0 0.0522815136124 12 0 0.929577464789 1.01498021751 -204.534569207
-0.12623 0.35028 3.35743 -0.12979 0.55971 4.41958359143 0.78258 0.98072 0.30541 0.41196 152.77952 195.62801 147.22542 138.42519 0.3 0.3 0.0 0.0 0.0 0.0 0.0 0.0 0.72115 0.0 0.0 45.47487 -0.49999 0.07399 0.0 0.0 0.0 0.0 0.0 0.0 0.0525932900635 13 0 0.929577464789 1.01677433592 -204.534569207
-0.12623 0.35028 3.35743 -0.12979 0.55971 4.44200562267 0.78258 0.98072 0.30541 0.41196 152.77952 195.62801 147.22542 138.42519 0.3 0.3 0.0 0.0 0.0 0.0 0.0 0.0 0.72115 0.0 0.0 45.47487 -0.49999 0.07399 0.0 0.0 0.0 0.0 0.0 0.0 0.0519832459822 14 0 0.929577464789 1.14454627965 -204.534569207
-0.12623 0.35028 3.35743 -0.12979 0.55971 4.3709709988 0.78258 0.98072 0.30541 0.41196 152.77952 195.62801 147.22542 138.42519 0.3 0.3 0.0 0.0 0.0 0.0 0.0 0.0 0.72115 0.0 0.0 45.47487 -0.49999 0.07399 0.0 0.0 0.0 0.0 0.0 0.0 0.0522227140667 15 1 0.94964028777 0.879991081712 -82.9247861458
-0.12623 0.35028 3.35743 -0.12979 0.55971 4.3773779468 0.78258 0.98072 0.30541 0.41196 152.77952 195.62801 147.22542 138.42519 0.3 0.3 0.0 0.0 0.0 0.0 0.0 0.0 0.72115 0.0 0.0 45.47487 -0.49999 0.07399 0.0 0.0 0.0 0.0 0.0 0.0 0.0522993745656 16 0 0.94964028777 0.883283899387 -82.9247861458
-0.12623 0.35028 3.35743 -0.12979 0.55971 4.39872368909 0.78258 0.98072 0.30541 0.41196 152.77952 195.62801 147.22542 138.42519 0.3 0.3 0.0 0.0 0.0 0.0 0.0 0.0 0.72115 0.0 0.0 45.47487 -0.49999 0.07399 0.0 0.0 0.0 0.0 0.0 0.0 0.0524354936766 17 0 0.929078014184 0.987909230981 -82.9247861458
-0.12623 0.35028 3.35743 -0.12979 0.55971 4.40472518089 0.78258 0.98072 0.30541 0.41196 152.77952 195.62801 147.22542 138.42519 0.3 0.3 0.0 0.0 0.0 0.0 0.0 0.0 0.72115 0.0 0.0 45.47487 -0.49999 0.07399 0.0 0.0 0.0 0.0 0.0 0.0 0.0522297716893 18 0 0.936170212766 0.974690313306 -82.9247861458
-0.12623 0.35028 3.35743 -0.12979 0.55971 4.39840808202 0.78258 0.98072 0.30541 0.41196 152.77952 195.62801 147.22542 138.42519 0.3 0.3 0.0 0.0 0.0 0.0 0.0 0.0 0.72115 0.0 0.0 45.47487 -0.49999 0.07399 0.0 0.0 0.0 0.0 0.0 0.0 0.0513486901916 19 0 0.929078014184 0.987797077869 -82.9247861458
-0.12623 0.35028 3.35743 -0.12979 0.55971 4.34780507008 0.78258 0.98072 0.30541 0.41196 152.77952 195.62801 147.22542 138.42519 0.3 0.3 0.0 0.0 0.0 0.0 0.0 0.0 0.72115 0.0 0.0 45.47487 -0.49999 0.07399 0.0 0.0 0.0 0.0 0.0 0.0 0.0514000538077 20 1 0.949275362319 0.850705706266 -81.1428139452
-0.12623 0.35028 3.35743 -0.12979 0.55971 4.3317088671 0.78258 0.98072 0.30541 0.41196 152.77952 195.62801 147.22542 138.42519 0.3 0.3 0.0 0.0 0.0 0.0 0.0 0.0 0.72115 0.0 0.0 45.47487 -0.49999 0.07399 0.0 0.0 0.0 0.0 0.0 0.0 0.051955371673 21 1 0.94964028777 0.844860778712 -77.3367049292
-0.12623 0.35028 3.35743 -0.12979 0.55971 4.33023149777 0.78258 0.98072 0.30541 0.41196 152.77952 195.62801 147.22542 138.42519 0.3 0.3 0.0 0.0 0.0 0.0 0.0 0.0 0.72115 0.0 0.0 45.47487 -0.49999 0.07399 0.0 0.0 0.0 0.0 0.0 0.0 0.0518400073226 22 1 0.94964028777 0.842628021623 -77.2645327333
-0.12623 0.35028 3.35743 -0.12979 0.55971 4.3299092302 0.78258 0.98072 0.30541 0.41196 152.77952 195.62801 147.22542 138.42519 0.3 0.3 0.0 0.0 0.0 0.0 0.0 0.0 0.72115 0.0 0.0 45.47487 -0.49999 0.07399 0.0 0.0 0.0 0.0 0.0 0.0 0.0524845417599 23 1 0.94964028777 0.842531716011 -75.4544004629
-0.12623 0.35028 3.35743 -0.12979 0.55971 4.29963893244 0.78258 0.98072 0.30541 0.41196 152.77952 195.62801 147.22542 138.42519 0.3 0.3 0.0 0.0 0.0 0.0 0.0 0.0 0.72115 0.0 0.0 45.47487 -0.49999 0.07399 0.0 0.0 0.0 0.0 0.0 0.0 0.0525149344227 24 1 0.95652173913 0.835092111052 -55.7101094656
-0.12623 0.35028 3.35743 -0.12979 0.55971 4.30094981827 0.78258 0.98072 0.30541 0.41196 152.77952 195.62801 147.22542 138.42519 0.3 0.3 0.0 0.0 0.0 0.0 0.0 0.0 0.72115 0.0 0.0 45.47487 -0.49999 0.07399 0.0 0.0 0.0 0.0 0.0 0.0 0.0531345938886 25 0 0.94964028777 0.835394084781 -55.7101094656
-0.12623 0.35028 3.35743 -0.12979 0.55971 4.27683037998 0.78258 0.98072 0.30541 0.41196 152.77952 195.62801 147.22542 138.42519 0.3 0.3 0.0 0.0 0.0 0.0 0.0 0.0 0.72115 0.0 0.0 45.47487 -0.49999 0.07399 0.0 0.0 0.0 0.0 0.0 0.0 0.0525310880284 26 1 0.963768115942 0.811722324463 -37.1966490956
-0.12623 0.35028 3.35743 -0.12979 0.55971 4.25485570675 0.78258 0.98072 0.30541 0.41196 152.77952 195.62801 147.22542 138.42519 0.3 0.3 0.0 0.0 0.0 0.0 0.0 0.0 0.72115 0.0 0.0 45.47487 -0.49999 0.07399 0.0 0.0 0.0 0.0 0.0 0.0 0.0525019411153 27 1 0.970802919708 0.80958977932 -24.7357237145
-0.12623 0.35028 3.35743 -0.12979 0.55971 4.23922063589 0.78258 0.98072 0.30541 0.41196 152.77952 195.62801 147.22542 138.42519 0.3 0.3 0.0 0.0 0.0 0.0 0.0 0.0 0.72115 0.0 0.0 45.47487 -0.49999 0.07399 0.0 0.0 0.0 0.0 0.0 0.0 0.0519543756808 28 1 0.970802919708 0.787673316609 -23.9354337541
-0.12623 0.35028 3.35743 -0.12979 0.55971 4.21076522961 0.78258 0.98072 0.30541 0.41196 152.77952 195.62801 147.22542 138.42519 0.3 0.3 0.0 0.0 0.0 0.0 0.0 0.0 0.72115 0.0 0.0 45.47487 -0.49999 0.07399 0.0 0.0 0.0 0.0 0.0 0.0 0.0523467503299 29 0 0.956204379562 0.762763343116 -23.9354337541
-0.12623 0.35028 3.35743 -0.12979 0.55971 4.29696110931 0.78258 0.98072 0.30541 0.41196 152.77952 195.62801 147.22542 138.42519 0.3 0.3 0.0 0.0 0.0 0.0 0.0 0.0 0.72115 0.0 0.0 45.47487 -0.49999 0.07399 0.0 0.0 0.0 0.0 0.0 0.0 0.0517399484194 30 0 0.94964028777 0.832822243566 -23.9354337541
-0.12623 0.35028 3.35743 -0.12979 0.55971 4.23638566366 0.78258 0.98072 0.30541 0.41196 152.77952 195.62801 147.22542 138.42519 0.3 0.3 0.0 0.0 0.0 0.0 0.0 0.0 0.72115 0.0 0.0 45.47487 -0.49999 0.07399 0.0 0.0 0.0 0.0 0.0 0.0 0.0528777010529 31 1 0.970802919708 0.78826742506 -23.2717030649
-0.12623 0.35028 3.35743 -0.12979 0.55971 4.23423106356 0.78258 0.98072 0.30541 0.41196 152.77952 195.62801 147.22542 138.42519 0.3 0.3 0.0 0.0 0.0 0.0 0.0 0.0 0.72115 0.0 0.0 45.47487 -0.49999 0.07399 0.0 0.0 0.0 0.0 0.0 0.0 0.0514899770555 32 1 0.970802919708 0.78655759556 -24.2379252134
-0.12623 0.35028 3.35743 -0.12979 0.55971 4.21156123643 0.78258 0.98072 0.30541 0.41196 152.77952 195.62801 147.22542 138.42519 0.3 0.3 0.0 0.0 0.0 0.0 0.0 0.0 0.72115 0.0 0.0 45.47487 -0.49999 0.07399 0.0 0.0 0.0 0.0 0.0 0.0 0.0517956630125 33 0 0.956204379562 0.763293947808 -24.2379252134
-0.12623 0.35028 3.35743 -0.12979 0.55971 4.27961054272 0.78258 0.98072 0.30541 0.41196 152.77952 195.62801 147.22542 138.42519 0.3 0.3 0.0 0.0 0.0 0.0 0.0 0.0 0.72115 0.0 0.0 45.47487 -0.49999 0.07399 0.0 0.0 0.0 0.0 0.0 0.0 0.0519523001338 34 0 0.963768115942 0.812909250377 -24.2379252134
-0.12623 0.35028 3.35743 -0.12979 0.55971 4.20797783742 0.78258 0.98072 0.30541 0.41196 152.77952 195.62801 147.22542 138.42519 0.3 0.3 0.0 0.0 0.0 0.0 0.0 0.0 0.72115 0.0 0.0 45.47487 -0.49999 0.07399 0.0 0.0 0.0 0.0 0.0 0.0 0.0512107618148 35 0 0.956204379562 0.761972663788 -24.2379252134
-0.12623 0.35028 3.35743 -0.12979 0.55971 4.24545366709 0.78258 0.98072 0.30541 0.41196 152.77952 195.62801 147.22542 138.42519 0.3 0.3 0.0 0.0 0.0 0.0 0.0 0.0 0.72115 0.0 0.0 45.47487 -0.49999 0.07399 0.0 0.0 0.0 0.0 0.0 0.0 0.0520553618469 36 1 0.970802919708 0.793072127634 -24.1593269171
-0.12623 0.35028 3.35743 -0.12979 0.55971 4.23042038282 0.78258 0.98072 0.30541 0.41196 152.77952 195.62801 147.22542 138.42519 0.3 0.3 0.0 0.0 0.0 0.0 0.0 0.0 0.72115 0.0 0.0 45.47487 -0.49999 0.07399 0.0 0.0 0.0 0.0 0.0 0.0 0.0519032800687 37 0 0.95652173913 0.788990393965 -24.1593269171
-0.12623 0.35028 3.35743 -0.12979 0.55971 4.2223073106 0.78258 0.98072 0.30541 0.41196 152.77952 195.62801 147.22542 138.42519 0.3 0.3 0.0 0.0 0.0 0.0 0.0 0.0 0.72115 0.0 0.0 45.47487 -0.49999 0.07399 0.0 0.0 0.0 0.0 0.0 0.0 0.0523180776247 38 0 0.95652173913 0.771194462441 -24.1593269171
-0.12623 0.35028 3.35743 -0.12979 0.55971 4.26175962845 0.78258 0.98072 0.30541 0.41196 152.77952 195.62801 147.22542 138.42519 0.3 0.3 0.0 0.0 0.0 0.0 0.0 0.0 0.72115 0.0 0.0 45.47487 -0.49999 0.07399 0.0 0.0 0.0 0.0 0.0 0.0 0.05267285737 39 0 0.963768115942 0.813754895164 -24.1593269171
-0.12623 0.35028 3.35743 -0.12979 0.55971 4.21233164393 0.78258 0.98072 0.30541 0.41196 152.77952 195.62801 147.22542 138.42519 0.3 0.3 0.0 0.0 0.0 0.0 0.0 0.0 0.72115 0.0 0.0 45.47487 -0.49999 0.07399 0.0 0.0 0.0 0.0 0.0 0.0 0.05021927216 40 0 0.949275362319 0.765425964295 -24.1593269171
-0.12623 0.35028 3.35743 -0.12979 0.55971 4.24692750891 0.78258 0.98072 0.30541 0.41196 152.77952 195.62801 147.22542 138.42519 0.3 0.3 0.0 0.0 0.0 0.0 0.0 0.0 0.72115 0.0 0.0 45.47487 -0.49999 0.07399 0.0 0.0 0.0 0.0 0.0 0.0 0.0518457609217 41 1 0.970802919708 0.805643739587 -25.0416175762
-0.12623 0.35028 3.35743 -0.12979 0.55971 4.24921103384 0.78258 0.98072 0.30541 0.41196 152.77952 195.62801 147.22542 138.42519 0.3 0.3 0.0 0.0 0.0 0.0 0.0 0.0 0.72115 0.0 0.0 45.47487 -0.49999 0.07399 0.0 0.0 0.0 0.0 0.0 0.0 0.0516977723857 42 1 0.970802919708 0.80821196764 -25.3124607904
-0.12623 0.35028 3.35743 -0.12979 0.55971 4.29053033721 0.78258 0.98072 0.30541 0.41196 152.77952 195.62801 147.22542 138.42519 0.3 0.3 0.0 0.0 0.0 0.0 0.0 0.0 0.72115 0.0 0.0 45.47487 -0.49999 0.07399 0.0 0.0 0.0 0.0 0.0 0.0 0.0515847200196 43 0 0.94964028777 0.831921208428 -25.3124607904
-0.12623 0.35028 3.35743 -0.12979 0.55971 4.21846055118 0.78258 0.98072 0.30541 0.41196 152.77952 195.62801 147.22542 138.42519 0.3 0.3 0.0 0.0 0.0 0.0 0.0 0.0 0.72115 0.0 0.0 45.47487 -0.49999 0.07399 0.0 0.0 0.0 0.0 0.0 0.0 0.0513503250918 44 0 0.95652173913 0.763642457568 -25.3124607904
-0.12623 0.35028 3.35743 -0.12979 0.55971 4.22240117716 0.78258 0.98072 0.30541 0.41196 152.77952 195.62801 147.22542 138.42519 0.3 0.3 0.0 0.0 0.0 0.0 0.0 0.0 0.72115 0.0 0.0 45.47487 -0.49999 0.07399 0.0 0.0 0.0 0.0 0.0 0.0 0.0518342388903 45 0 0.95652173913 0.771223028396 -25.3124607904
-0.12623 0.35028 3.35743 -0.12979 0.55971 4.23326913292 0.78258 0.98072 0.30541 0.41196 152.77952 195.62801 147.22542 138.42519 0.3 0.3 0.0 0.0 0.0 0.0 0.0 0.0 0.72115 0.0 0.0 45.47487 -0.49999 0.07399 0.0 0.0 0.0 0.0 0.0 0.0 0.0515524162066 46 0 0.95652173913 0.793571956565 -25.3124607904
-0.12623 0.35028 3.35743 -0.12979 0.55971 4.27593255388 0.78258 0.98072 0.30541 0.41196 152.77952 195.62801 147.22542 138.42519 0.3 0.3 0.0 0.0 0.0 0.0 0.0 0.0 0.72115 0.0 0.0 45.47487 -0.49999 0.07399 0.0 0.0 0.0 0.0 0.0 0.0 0.0518056280625 47 0 0.963768115942 0.811651684958 -25.3124607904
-0.12623 0.35028 3.35743 -0.12979 0.55971 4.22544099232 0.78258 0.98072 0.30541 0.41196 152.77952 195.62801 147.22542 138.42519 0.3 0.3 0.0 0.0 0.0 0.0 0.0 0.0 0.72115 0.0 0.0 45.47487 -0.49999 0.07399 0.0 0.0 0.0 0.0 0.0 0.0 0.051908938627 48 0 0.95652173913 0.790724884475 -25.3124607904
-0.12623 0.35028 3.35743 -0.12979 0.55971 4.24180447782 0.78258 0.98072 0.30541 0.41196 152.77952 195.62801 147.22542 138.42519 0.3 0.3 0.0 0.0 0.0 0.0 0.0 0.0 0.72115 0.0 0.0 45.47487 -0.49999 0.07399 0.0 0.0 0.0 0.0 0.0 0.0 0.0517283376942 49 1 0.970802919708 0.801226621869 -24.8840307895
-0.12623 0.35028 3.35743 -0.12979 0.55971 4.25989693963 0.78258 0.98072 0.30541 0.41196 152.77952 195.62801 147.22542 138.42519 0.3 0.3 0.0 0.0 0.0 0.0 0.0 0.0 0.72115 0.0 0.0 45.47487 -0.49999 0.07399 0.0 0.0 0.0 0.0 0.0 0.0 0.0514748567212 50 0 0.970802919708 0.813745417577 -24.8840307895
-0.12623 0.35028 3.35743 -0.12979 0.55971 4.29831170382 0.78258 0.98072 0.30541 0.41196 152.77952 195.62801 147.22542 138.42519 0.3 0.3 0.0 0.0 0.0 0.0 0.0 0.0 0.72115 0.0 0.0 45.47487 -0.49999 0.07399 0.0 0.0 0.0 0.0 0.0 0.0 0.0511322214266 51 0 0.94964028777 0.833008961553 -24.8840307895
-0.12623 0.35028 3.35743 -0.12979 0.55971 4.24721580149 0.78258 0.98072 0.30541 0.41196 152.77952 195.62801 147.22542 138.42519 0.3 0.3 0.0 0.0 0.0 0.0 0.0 0.0 0.72115 0.0 0.0 45.47487 -0.49999 0.07399 0.0 0.0 0.0 0.0 0.0 0.0 0.0519036549056 52 1 0.970802919708 0.805757231865 -25.0006716409
-0.12623 0.35028 3.35743 -0.12979 0.55971 4.22544455021 0.78258 0.98072 0.30541 0.41196 152.77952 195.62801 147.22542 138.42519 0.3 0.3 0.0 0.0 0.0 0.0 0.0 0.0 0.72115 0.0 0.0 45.47487 -0.49999 0.07399 0.0 0.0 0.0 0.0 0.0 0.0 0.0523204805305 53 0 0.95652173913 0.790718365752 -25.0006716409
-0.12623 0.35028 3.35743 -0.12979 0.55971 4.26228871041 0.78258 0.98072 0.30541 0.41196 152.77952 195.62801 147.22542 138.42519 0.3 0.3 0.0 0.0 0.0 0.0 0.0 0.0 0.72115 0.0 0.0 45.47487 -0.49999 0.07399 0.0 0.0 0.0 0.0 0.0 0.0 0.0521712868562 54 0 0.963768115942 0.810537750034 -25.0006716409
-0.12623 0.35028 3.35743 -0.12979 0.55971 4.24326413878 0.78258 0.98072 0.30541 0.41196 152.77952 195.62801 147.22542 138.42519 0.3 0.3 0.0 0.0 0.0 0.0 0.0 0.0 0.72115 0.0 0.0 45.47487 -0.49999 0.07399 0.0 0.0 0.0 0.0 0.0 0.0 0.0523943518572 55 1 0.970802919708 0.793432696894 -23.91680594
-0.12623 0.35028 3.35743 -0.12979 0.55971 4.23519388806 0.78258 0.98072 0.30541 0.41196 152.77952 195.62801 147.22542 138.42519 0.3 0.3 0.0 0.0 0.0 0.0 0.0 0.0 0.72115 0.0 0.0 45.47487 -0.49999 0.07399 0.0 0.0 0.0 0.0 0.0 0.0 0.052485185358 56 1 0.970802919708 0.786922677515 -23.4891925919
-0.12623 0.35028 3.35743 -0.12979 0.55971 4.23639357339 0.78258 0.98072 0.30541 0.41196 152.77952 195.62801 147.22542 138.42519 0.3 0.3 0.0 0.0 0.0 0.0 0.0 0.0 0.72115 0.0 0.0 45.47487 -0.49999 0.07399 0.0 0.0 0.0 0.0 0.0 0.0 0.051792158909 57 1 0.970802919708 0.788270130952 -24.0956616649
-0.12623 0.35028 3.35743 -0.12979 0.55971 4.25350632528 0.78258 0.98072 0.30541 0.41196 152.77952 195.62801 147.22542 138.42519 0.3 0.3 0.0 0.0 0.0 0.0 0.0 0.0 0.72115 0.0 0.0 45.47487 -0.49999 0.07399 0.0 0.0 0.0 0.0 0.0 0.0 0.0520164837873 58 1 0.970802919708 0.809260840487 -25.1092233919
-0.12623 0.35028 3.35743 -0.12979 0.55971 4.2504450977 0.78258 0.98072 0.30541 0.41196 152.77952 195.62801 147.22542 138.42519 0.3 0.3 0.0 0.0 0.0 0.0 0.0 0.0 0.72115 0.0 0.0 45.47487 -0.49999 0.07399 0.0 0.0 0.0 0.0 0.0 0.0 0.0526631133472 59 1 0.970802919708 0.808485008905 -24.5463190688
-0.12623 0.35028 3.35743 -0.12979 0.55971 4.27401167277 0.78258 0.98072 0.30541 0.41196 152.77952 195.62801 147.22542 138.42519 0.3 0.3 0.0 0.0 0.0 0.0 0.0 0.0 0.72115 0.0 0.0 45.47487 -0.49999 0.07399 0.0 0.0 0.0 0.0 0.0 0.0 0.0527270689475 60 0 0.963768115942 0.811674194567 -24.5463190688
-0.12623 0.35028 3.35743 -0.12979 0.55971 4.23589511237 0.78258 0.98072 0.30541 0.41196 152.77952 195.62801 147.22542 138.42519 0.3 0.3 0.0 0.0 0.0 0.0 0.0 0.0 0.72115 0.0 0.0 45.47487 -0.49999 0.07399 0.0 0.0 0.0 0.0 0.0 0.0 0.052672639737 61 0 0.963503649635 0.789829138228 -24.5463190688
-0.12623 0.35028 3.35743 -0.12979 0.55971 4.24256743495 0.78258 0.98072 0.30541 0.41196 152.77952 195.62801 147.22542 138.42519 0.3 0.3 0.0 0.0 0.0 0.0 0.0 0.0 0.72115 0.0 0.0 45.47487 -0.49999 0.07399 0.0 0.0 0.0 0.0 0.0 0.0 0.0526077777988 62 0 0.963503649635 0.80428358457 -24.5463190688
-0.12623 0.35028 3.35743 -0.12979 0.55971 4.2376785175 0.78258 0.98072 0.30541 0.41196 152.77952 195.62801 147.22542 138.42519 0.3 0.3 0.0 0.0 0.0 0.0 0.0 0.0 0.72115 0.0 0.0 45.47487 -0.49999 0.07399 0.0 0.0 0.0 0.0 0.0 0.0 0.0525649229425 63 1 0.970802919708 0.788609990267 -23.521926428
-0.12623 0.35028 3.35743 -0.12979 0.55971 4.20060136347 0.78258 0.98072 0.30541 0.41196 152.77952 195.62801 147.22542 138.42519 0.3 0.3 0.0 0.0 0.0 0.0 0.0 0.0 0.72115 0.0 0.0 45.47487 -0.49999 0.07399 0.0 0.0 0.0 0.0 0.0 0.0 0.0527102372491 64 1 0.970802919708 0.738527466597 -20.7736912778
-0.12623 0.35028 3.35743 -0.12979 0.55971 4.21562452251 0.78258 0.98072 0.30541 0.41196 152.77952 195.62801 147.22542 138.42519 0.3 0.3 0.0 0.0 0.0 0.0 0.0 0.0 0.72115 0.0 0.0 45.47487 -0.49999 0.07399 0.0 0.0 0.0 0.0 0.0 0.0 0.0524479892092 65 0 0.949275362319 0.765452103729 -20.7736912778
-0.12623 0.35028 3.35743 -0.12979 0.55971 4.20251997611 0.78258 0.98072 0.30541 0.41196 152.77952 195.62801 147.22542 138.42519 0.3 0.3 0.0 0.0 0.0 0.0 0.0 0.0 0.72115 0.0 0.0 45.47487 -0.49999 0.07399 0.0 0.0 0.0 0.0 0.0 0.0 0.0533911660456 66 1 0.970802919708 0.747386816617 -20.7896005733
-0.12623 0.35028 3.35743 -0.12979 0.55971 4.21733860808 0.78258 0.98072 0.30541 0.41196 152.77952 195.62801 147.22542 138.42519 0.3 0.3 0.0 0.0 0.0 0.0 0.0 0.0 0.72115 0.0 0.0 45.47487 -0.49999 0.07399 0.0 0.0 0.0 0.0 0.0 0.0 0.0531463266535 67 0 0.949275362319 0.764294874779 -20.7896005733
-0.12623 0.35028 3.35743 -0.12979 0.55971 4.23357933215 0.78258 0.98072 0.30541 0.41196 152.77952 195.62801 147.22542 138.42519 0.3 0.3 0.0 0.0 0.0 0.0 0.0 0.0 0.72115 0.0 0.0 45.47487 -0.49999 0.07399 0.0 0.0 0.0 0.0 0.0 0.0 0.053747435432 68 0 0.95652173913 0.793270095126 -20.7896005733
-0.12623 0.35028 3.35743 -0.12979 0.55971 4.2148304694 0.78258 0.98072 0.30541 0.41196 152.77952 195.62801 147.22542 138.42519 0.3 0.3 0.0 0.0 0.0 0.0 0.0 0.0 0.72115 0.0 0.0 45.47487 -0.49999 0.07399 0.0 0.0 0.0 0.0 0.0 0.0 0.0542761655407 69 0 0.949275362319 0.765262440972 -20.7896005733
-0.12623 0.35028 3.35743 -0.12979 0.55971 4.17463661249 0.78258 0.98072 0.30541 0.41196 152.77952 195.62801 147.22542 138.42519 0.3 0.3 0.0 0.0 0.0 0.0 0.0 0.0 0.72115 0.0 0.0 45.47487 -0.49999 0.07399 0.0 0.0 0.0 0.0 0.0 0.0 0.0536413351285 70 1 0.963503649635 0.651555811299 -24.1240489479
-0.12623 0.35028 3.35743 -0.12979 0.55971 4.20328501829 0.78258 0.98072 0.30541 0.41196 152.77952 195.62801 147.22542 138.42519 0.3 0.3 0.0 0.0 0.0 0.0 0.0 0.0 0.72115 0.0 0.0 45.47487 -0.49999 0.07399 0.0 0.0 0.0 0.0 0.0 0.0 0.0537506722857 71 1 0.970802919708 0.747609385015 -20.5768478822
-0.12623 0.35028 3.35743 -0.12979 0.55971 4.2213495818 0.78258 0.98072 0.30541 0.41196 152.77952 195.62801 147.22542 138.42519 0.3 0.3 0.0 0.0 0.0 0.0 0.0 0.0 0.72115 0.0 0.0 45.47487 -0.49999 0.07399 0.0 0.0 0.0 0.0 0.0 0.0 0.0539559855574 72 0 0.95652173913 0.771027396678 -20.5768478822
-0.12623 0.35028 3.35743 -0.12979 0.55971 4.24929333345 0.78258 0.98072 0.30541 0.41196 152.77952 195.62801 147.22542 138.42519 0.3 0.3 0.0 0.0 0.0 0.0 0.0 0.0 0.72115 0.0 0.0 45.47487 -0.49999 0.07399 0.0 0.0 0.0 0.0 0.0 0.0 0.0544463168499 73 0 0.970802919708 0.808233890302 -20.5768478822
-0.12623 0.35028 3.35743 -0.12979 0.55971 4.22126746396 0.78258 0.98072 0.30541 0.41196 152.77952 195.62801 147.22542 138.42519 0.3 0.3 0.0 0.0 0.0 0.0 0.0 0.0 0.72115 0.0 0.0 45.47487 -0.49999 0.07399 0.0 0.0 0.0 0.0 0.0 0.0 0.0540548876113 74 0 0.95652173913 0.770940500619 -20.5768478822
-0.12623 0.35028 3.35743 -0.12979 0.55971 4.19593780211 0.78258 0.98072 0.30541 0.41196 152.77952 195.62801 147.22542 138.42519 0.3 0.3 0.0 0.0 0.0 0.0 0.0 0.0 0.72115 0.0 0.0 45.47487 -0.49999 0.07399 0.0 0.0 0.0 0.0 0.0 0.0 0.0543154900787 75 1 0.970802919708 0.749642988073 -20.3343431866
-0.12623 0.35028 3.35743 -0.12979 0.55971 4.17941837505 0.78258 0.98072 0.30541 0.41196 152.77952 195.62801 147.22542 138.42519 0.3 0.3 0.0 0.0 0.0 0.0 0.0 0.0 0.72115 0.0 0.0 45.47487 -0.49999 0.07399 0.0 0.0 0.0 0.0 0.0 0.0 0.0541584247521 76 0 0.956204379562 0.679159099565 -20.3343431866
-0.12623 0.35028 3.35743 -0.12979 0.55971 4.19675262215 0.78258 0.98072 0.30541 0.41196 152.77952 195.62801 147.22542 138.42519 0.3 0.3 0.0 0.0 0.0 0.0 0.0 0.0 0.72115 0.0 0.0 45.47487 -0.49999 0.07399 0.0 0.0 0.0 0.0 0.0 0.0 0.0539286556474 77 1 0.970802919708 0.74977557995 -20.5748526902
-0.12623 0.35028 3.35743 -0.12979 0.55971 4.20716716436 0.78258 0.98072 0.30541 0.41196 152.77952 195.62801 147.22542 138.42519 0.3 0.3 0.0 0.0 0.0 0.0 0.0 0.0 0.72115 0.0 0.0 45.47487 -0.49999 0.07399 0.0 0.0 0.0 0.0 0.0 0.0 0.0542587496413 78 0 0.956204379562 0.755744806378 -20.5748526902
-0.12623 0.35028 3.35743 -0.12979 0.55971 4.23696328023 0.78258 0.98072 0.30541 0.41196 152.77952 195.62801 147.22542 138.42519 0.3 0.3 0.0 0.0 0.0 0.0 0.0 0.0 0.72115 0.0 0.0 45.47487 -0.49999 0.07399 0.0 0.0 0.0 0.0 0.0 0.0 0.0542739581241 79 0 0.970802919708 0.789288345016 -20.5748526902
-0.12623 0.35028 3.35743 -0.12979 0.55971 4.1957249464 0.78258 0.98072 0.30541 0.41196 152.77952 195.62801 147.22542 138.42519 0.3 0.3 0.0 0.0 0.0 0.0 0.0 0.0 0.72115 0.0 0.0 45.47487 -0.49999 0.07399 0.0 0.0 0.0 0.0 0.0 0.0 0.0547841865589 80 1 0.970802919708 0.74960954529 -20.0569809865
-0.12623 0.35028 3.35743 -0.12979 0.55971 4.20519023797 0.78258 0.98072 0.30541 0.41196 152.77952 195.62801 147.22542 138.42519 0.3 0.3 0.0 0.0 0.0 0.0 0.0 0.0 0.72115 0.0 0.0 45.47487 -0.49999 0.07399 0.0 0.0 0.0 0.0 0.0 0.0 0.0544272087895 81 1 0.970802919708 0.747971883746 -20.1868338121
-0.12623 0.35028 3.35743 -0.12979 0.55971 4.20162443781 0.78258 0.98072 0.30541 0.41196 152.77952 195.62801 147.22542 138.42519 0.3 0.3 0.0 0.0 0.0 0.0 0.0 0.0 0.72115 0.0 0.0 45.47487 -0.49999 0.07399 0.0 0.0 0.0 0.0 0.0 0.0 0.0543948130403 82 1 0.970802919708 0.747168876731 -20.1670527193
-0.12623 0.35028 3.35743 -0.12979 0.55971 4.1705033167 0.78258 0.98072 0.30541 0.41196 152.77952 195.62801 147.22542 138.42519 0.3 0.3 0.0 0.0 0.0 0.0 0.0 0.0 0.72115 0.0 0.0 45.47487 -0.49999 0.07399 0.0 0.0 0.0 0.0 0.0 0.0 0.0541675342041 83 0 0.963503649635 0.745442661625 -20.1670527193
-0.12623 0.35028 3.35743 -0.12979 0.55971 4.20130011883 0.78258 0.98072 0.30541 0.41196 152.77952 195.62801 147.22542 138.42519 0.3 0.3 0.0 0.0 0.0 0.0 0.0 0.0 0.72115 0.0 0.0 45.47487 -0.49999 0.07399 0.0 0.0 0.0 0.0 0.0 0.0 0.0548901673276 84 1 0.970802919708 0.747056716144 -19.8741609457
-0.12623 0.35028 3.35743 -0.12979 0.55971 4.18495990496 0.78258 0.98072 0.30541 0.41196 152.77952 195.62801 147.22542 138.42519 0.3 0.3 0.0 0.0 0.0 0.0 0.0 0.0 0.72115 0.0 0.0 45.47487 -0.49999 0.07399 0.0 0.0 0.0 0.0 0.0 0.0 0.0551053848838 85 0 0.956204379562 0.732465065265 -19.8741609457
-0.12623 0.35028 3.35743 -0.12979 0.55971 4.18638500631 0.78258 0.98072 0.30541 0.41196 152.77952 195.62801 147.22542 138.42519 0.3 0.3 0.0 0.0 0.0 0.0 0.0 0.0 0.72115 0.0 0.0 45.47487 -0.49999 0.07399 0.0 0.0 0.0 0.0 0.0 0.0 0.0565891416189 86 0 0.963503649635 0.712039488399 -19.8741609457
-0.12623 0.35028 3.35743 -0.12979 0.55971 4.17606557531 0.78258 0.98072 0.30541 0.41196 152.77952 195.62801 147.22542 138.42519 0.3 0.3 0.0 0.0 0.0 0.0 0.0 0.0 0.72115 0.0 0.0 45.47487 -0.49999 0.07399 0.0 0.0 0.0 0.0 0.0 0.0 0.054536742632 87 0 0.956204379562 0.748630191214 -19.8741609457
-0.12623 0.35028 3.35743 -0.12979 0.55971 4.24312159352 0.78258 0.98072 0.30541 0.41196 152.77952 195.62801 147.22542 138.42519 0.3 0.3 0.0 0.0 0.0 0.0 0.0 0.0 0.72115 0.0 0.0 45.47487 -0.49999 0.07399 0.0 0.0 0.0 0.0 0.0 0.0 0.0534726129426 88 0 0.970802919708 0.804672242693 -19.8741609457
-0.12623 0.35028 3.35743 -0.12979 0.55971 4.21456464026 0.78258 0.98072 0.30541 0.41196 152.77952 195.62801 147.22542 138.42519 0.3 0.3 0.0 0.0 0.0 0.0 0.0 0.0 0.72115 0.0 0.0 45.47487 -0.49999 0.07399 0.0 0.0 0.0 0.0 0.0 0.0 0.0542867122757 89 0 0.949275362319 0.765259597984 -19.8741609457
-0.12623 0.35028 3.35743 -0.12979 0.55971 4.23185675907 0.78258 0.98072 0.30541 0.41196 152.77952 195.62801 147.22542 138.42519 0.3 0.3 0.0 0.0 0.0 0.0 0.0 0.0 0.72115 0.0 0.0 45.47487 -0.49999 0.07399 0.0 0.0 0.0 0.0 0.0 0.0 0.0543429887565 90 0 0.95652173913 0.792879063214 -19.8741609457
-0.12623 0.35028 3.35743 -0.12979 0.55971 4.25282911394 0.78258 0.98072 0.30541 0.41196 152.77952 195.62801 147.22542 138.42519 0.3 0.3 0.0 0.0 0.0 0.0 0.0 0.0 0.72115 0.0 0.0 45.47487 -0.49999 0.07399 0.0 0.0 0.0 0.0 0.0 0.0 0.0559584617425 91 0 0.970802919708 0.809029986707 -19.8741609457
-0.12623 0.35028 3.35743 -0.12979 0.55971 4.15452705512 0.78258 0.98072 0.30541 0.41196 152.77952 195.62801 147.22542 138.42519 0.3 0.3 0.0 0.0 0.0 0.0 0.0 0.0 0.72115 0.0 0.0 45.47487 -0.49999 0.07399 0.0 0.0 0.0 0.0 0.0 0.0 0.0554310618866 92 1 0.970588235294 0.598008164489 -13.4778728428
-0.12623 0.35028 3.35743 -0.12979 0.55971 4.14641123456 0.78258 0.98072 0.30541 0.41196 152.77952 195.62801 147.22542 138.42519 0.3 0.3 0.0 0.0 0.0 0.0 0.0 0.0 0.72115 0.0 0.0 45.47487 -0.49999 0.07399 0.0 0.0 0.0 0.0 0.0 0.0 0.0558937123358 93 1 0.970588235294 0.589782191026 -13.0224850249
-0.12623 0.35028 3.35743 -0.12979 0.55971 4.16505822843 0.78258 0.98072 0.30541 0.41196 152.77952 195.62801 147.22542 138.42519 0.3 0.3 0.0 0.0 0.0 0.0 0.0 0.0 0.72115 0.0 0.0 45.47487 -0.49999 0.07399 0.0 0.0 0.0 0.0 0.0 0.0 0.0564940025598 94 0 0.970588235294 0.602307741821 -13.0224850249
-0.12623 0.35028 3.35743 -0.12979 0.55971 4.10074658803 0.78258 0.98072 0.30541 0.41196 152.77952 195.62801 147.22542 138.42519 0.3 0.3 0.0 0.0 0.0 0.0 0.0 0.0 0.72115 0.0 0.0 45.47487 -0.49999 0.07399 0.0 0.0 0.0 0.0 0.0 0.0 0.0542277764481 95 1 0.985401459854 0.475996487377 -3.90694537772
-0.12623 0.35028 3.35743 -0.12979 0.55971 4.08673138957 0.78258 0.98072 0.30541 0.41196 152.77952 195.62801 147.22542 138.42519 0.3 0.3 0.0 0.0 0.0 0.0 0.0 0.0 0.72115 0.0 0.0 45.47487 -0.49999 0.07399 0.0 0.0 0.0 0.0 0.0 0.0 0.0554443630783 96 1 0.985401459854 0.474513373058 -3.90833568493
-0.12623 0.35028 3.35743 -0.12979 0.55971 4.08741035903 0.78258 0.98072 0.30541 0.41196 152.77952 195.62801 147.22542 138.42519 0.3 0.3 0.0 0.0 0.0 0.0 0.0 0.0 0.72115 0.0 0.0 45.47487 -0.49999 0.07399 0.0 0.0 0.0 0.0 0.0 0.0 0.0547986036439 97 1 0.985401459854 0.474591301016 -3.90118021802
-0.12623 0.35028 3.35743 -0.12979 0.55971 4.11159390405 0.78258 0.98072 0.30541 0.41196 152.77952 195.62801 147.22542 138.42519 0.3 0.3 0.0 0.0 0.0 0.0 0.0 0.0 0.72115 0.0 0.0 45.47487 -0.49999 0.07399 0.0 0.0 0.0 0.0 0.0 0.0 0.0548701154088 98 1 0.985401459854 0.477858960978 -3.92672099005
-0.12623 0.35028 3.35743 -0.12979 0.55971 4.10327973425 0.78258 0.98072 0.30541 0.41196 152.77952 195.62801 147.22542 138.42519 0.3 0.3 0.0 0.0 0.0 0.0 0.0 0.0 0.72115 0.0 0.0 45.47487 -0.49999 0.07399 0.0 0.0 0.0 0.0 0.0 0.0 0.0550804091175 99 1 0.985401459854 0.476719849425 -3.9203082286
-0.12623 0.35028 3.35743 -0.12979 0.55971 4.08404565869 0.78258 0.98072 0.30541 0.41196 152.77952 195.62801 147.22542 138.42519 0.3 0.3 0.0 0.0 0.0 0.0 0.0 0.0 0.72115 0.0 0.0 45.47487 -0.49999 0.07399 0.0 0.0 0.0 0.0 0.0 0.0 0.0548495836221 100 1 0.985401459854 0.447473024781 -3.70244404415
