-0.12623 0.35028 3.35743 -0.12979 0.55971 3.68738666667 0.78258 0.98072 0.30541 0.41196 152.77952 195.62801 147.22542 138.42519 0.3 0.3 0.0 0.0 0.0 0.0 0.0 0.0 0.72115 0.0 0.0 45.47487 -0.49999 0.07399 0.0 0.0 0.0 0.0 0.0 0.0 0.05 0 1 0.924657534247 1.16091966683 -346.021293884
-0.12623 0.35028 3.35743 -0.12979 0.55971 3.66048362893 0.78258 0.98072 0.30541 0.41196 152.77952 195.62801 147.22542 138.42519 0.3 0.3 0.0 0.0 0.0 0.0 0.0 0.0 0.72115 0.0 0.0 45.47487 -0.49999 0.07399 0.0 0.0 0.0 0.0 0.0 0.0 0.0492874274224 1 0 0.924657534247 1.15023056544 -346.021293884
-0.12623 0.35028 3.35743 -0.12979 0.55971 3.68589034239 0.78258 0.98072 0.30541 0.41196 152.77952 195.62801 147.22542 138.42519 0.3 0.3 0.0 0.0 0.0 0.0 0.0 0.0 0.72115 0.0 0.0 45.47487 -0.49999 0.07399 0.0 0.0 0.0 0.0 0.0 0.0 0.0492393508365 2 0 0.924657534247 1.17078920693 -346.021293884
-0.12623 0.35028 3.35743 -0.12979 0.55971 3.67231029211 0.78258 0.98072 0.30541 0.41196 152.77952 195.62801 147.22542 138.42519 0.3 0.3 0.0 0.0 0.0 0.0 0.0 0.0 0.72115 0.0 0.0 45.47487 -0.49999 0.07399 0.0 0.0 0.0 0.0 0.0 0.0 0.049660179159 3 0 0.917808219178 1.15872654291 -346.021293884
-0.12623 0.35028 3.35743 -0.12979 0.55971 3.77236324034 0.78258 0.98072 0.30541 0.41196 152.77952 195.62801 147.22542 138.42519 0.3 0.3 0.0 0.0 0.0 0.0 0.0 0.0 0.72115 0.0 0.0 45.47487 -0.49999 0.07399 0.0 0.0 0.0 0.0 0.0 0.0 0.0496272637202 4 1 0.957446808511 0.815625279354 -56.7522402374
-0.12623 0.35028 3.35743 -0.12979 0.55971 3.75373107804 0.78258 0.98072 0.30541 0.41196 152.77952 195.62801 147.22542 138.42519 0.3 0.3 0.0 0.0 0.0 0.0 0.0 0.0 0.72115 0.0 0.0 45.47487 -0.49999 0.07399 0.0 0.0 0.0 0.0 0.0 0.0 0.0502524515254 5 0 0.957446808511 0.863920539021 -56.7522402374
-0.12623 0.35028 3.35743 -0.12979 0.55971 3.77820372606 0.78258 0.98072 0.30541 0.41196 152.77952 195.62801 147.22542 138.42519 0.3 0.3 0.0 0.0 0.0 0.0 0.0 0.0 0.72115 0.0 0.0 45.47487 -0.49999 0.07399 0.0 0.0 0.0 0.0 0.0 0.0 0.0500584591923 6 1 0.957446808511 0.778163123117 -50.9844543078
-0.12623 0.35028 3.35743 -0.12979 0.55971 3.77517027289 0.78258 0.98072 0.30541 0.41196 152.77952 195.62801 147.22542 138.42519 0.3 0.3 0.0 0.0 0.0 0.0 0.0 0.0 0.72115 0.0 0.0 45.47487 -0.49999 0.07399 0.0 0.0 0.0 0.0 0.0 0.0 0.0501629113254 7 0 0.957446808511 0.808811488592 -50.9844543078
-0.12623 0.35028 3.35743 -0.12979 0.55971 3.71686930909 0.78258 0.98072 0.30541 0.41196 152.77952 195.62801 147.22542 138.42519 0.3 0.3 0.0 0.0 0.0 0.0 0.0 0.0 0.72115 0.0 0.0 45.47487 -0.49999 0.07399 0.0 0.0 0.0 0.0 0.0 0.0 0.0496100975173 8 0 0.923611111111 1.05329268215 -50.9844543078
-0.12623 0.35028 3.35743 -0.12979 0.55971 3.77641878531 0.78258 0.98072 0.30541 0.41196 152.77952 195.62801 147.22542 138.42519 0.3 0.3 0.0 0.0 0.0 0.0 0.0 0.0 0.72115 0.0 0.0 45.47487 -0.49999 0.07399 0.0 0.0 0.0 0.0 0.0 0.0 0.0492508830061 9 0 0.957446808511 0.808623503676 -50.9844543078
-0.12623 0.35028 3.35743 -0.12979 0.55971 3.81782339507 0.78258 0.98072 0.30541 0.41196 152.77952 195.62801 147.22542 138.42519 0.3 0.3 0.0 0.0 0.0 0.0 0.0 0.0 0.72115 0.0 0.0 45.47487 -0.49999 0.07399 0.0 0.0 0.0 0.0 0.0 0.0 0.0490739339121 10 0 0.943661971831 0.839402262854 -50.9844543078
-0.12623 0.35028 3.35743 -0.12979 0.55971 3.78235354229 0.78258 0.98072 0.30541 0.41196 152.77952 195.62801 147.22542 138.42519 0.3 0.3 0.0 0.0 0.0 0.0 0.0 0.0 0.72115 0.0 0.0 45.47487 -0.49999 0.07399 0.0 0.0 0.0 0.0 0.0 0.0 0.0498280465823 11 0 0.957446808511 0.825741126414 -50.9844543078
-0.12623 0.35028 3.35743 -0.12979 0.55971 3.75900867352 0.78258 0.98072 0.30541 0.41196 152.77952 195.62801 147.22542 138.42519 0.3 0.3 0.0 0.0 0.0 0.0 0.0 0.0 0.72115 0.0 0.0 45.47487 -0.49999 0.07399 0.0 0.0 0.0 0.0 0.0 0.0 0.0499458129772 12 1 0.957446808511 0.77459027865 -50.7458763483
-0.12623 0.35028 3.35743 -0.12979 0.55971 3.79171361365 0.78258 0.98072 0.30541 0.41196 152.77952 195.62801 147.22542 138.42519 0.3 0.3 0.0 0.0 0.0 0.0 0.0 0.0 0.72115 0.0 0.0 45.47487 -0.49999 0.07399 0.0 0.0 0.0 0.0 0.0 0.0 0.0501737781239 13 0 0.950704225352 0.853960354699 -50.7458763483
-0.12623 0.35028 3.35743 -0.12979 0.55971 3.73638341572 0.78258 0.98072 0.30541 0.41196 152.77952 195.62801 147.22542 138.42519 0.3 0.3 0.0 0.0 0.0 0.0 0.0 0.0 0.72115 0.0 0.0 45.47487 -0.49999 0.07399 0.0 0.0 0.0 0.0 0.0 0.0 0.0507039861603 14 0 0.944055944056 0.981774475549 -50.7458763483
-0.12623 0.35028 3.35743 -0.12979 0.55971 3.7372958538 0.78258 0.98072 0.30541 0.41196 152.77952 195.62801 147.22542 138.42519 0.3 0.3 0.0 0.0 0.0 0.0 0.0 0.0 0.72115 0.0 0.0 45.47487 -0.49999 0.07399 0.0 0.0 0.0 0.0 0.0 0.0 0.0500079366332 15 0 0.944055944056 0.983639259424 -50.7458763483
-0.12623 0.35028 3.35743 -0.12979 0.55971 3.77342993011 0.78258 0.98072 0.30541 0.41196 152.77952 195.62801 147.22542 138.42519 0.3 0.3 0.0 0.0 0.0 0.0 0.0 0.0 0.72115 0.0 0.0 45.47487 -0.49999 0.07399 0.0 0.0 0.0 0.0 0.0 0.0 0.050394552336 16 0 0.957446808511 0.805413078275 -50.7458763483
-0.12623 0.35028 3.35743 -0.12979 0.55971 3.76359599929 0.78258 0.98072 0.30541 0.41196 152.77952 195.62801 147.22542 138.42519 0.3 0.3 0.0 0.0 0.0 0.0 0.0 0.0 0.72115 0.0 0.0 45.47487 -0.49999 0.07399 0.0 0.0 0.0 0.0 0.0 0.0 0.0499974074295 17 0 0.957446808511 0.784277112841 -50.7458763483
-0.12623 0.35028 3.35743 -0.12979 0.55971 3.74134328169 0.78258 0.98072 0.30541 0.41196 152.77952 195.62801 147.22542 138.42519 0.3 0.3 0.0 0.0 0.0 0.0 0.0 0.0 0.72115 0.0 0.0 45.47487 -0.49999 0.07399 0.0 0.0 0.0 0.0 0.0 0.0 0.0512646785013 18 0 0.937062937063 0.98180593289 -50.7458763483
-0.12623 0.35028 3.35743 -0.12979 0.55971 3.7477455061 0.78258 0.98072 0.30541 0.41196 152.77952 195.62801 147.22542 138.42519 0.3 0.3 0.0 0.0 0.0 0.0 0.0 0.0 0.72115 0.0 0.0 45.47487 -0.49999 0.07399 0.0 0.0 0.0 0.0 0.0 0.0 0.0501345574091 19 0 0.943661971831 0.969055977805 -50.7458763483
-0.12623 0.35028 3.35743 -0.12979 0.55971 3.73828390278 0.78258 0.98072 0.30541 0.41196 152.77952 195.62801 147.22542 138.42519 0.3 0.3 0.0 0.0 0.0 0.0 0.0 0.0 0.72115 0.0 0.0 45.47487 -0.49999 0.07399 0.0 0.0 0.0 0.0 0.0 0.0 0.0499117694484 20 0 0.944055944056 0.982090302973 -50.7458763483
-0.12623 0.35028 3.35743 -0.12979 0.55971 3.75766360009 0.78258 0.98072 0.30541 0.41196 152.77952 195.62801 147.22542 138.42519 0.3 0.3 0.0 0.0 0.0 0.0 0.0 0.0 0.72115 0.0 0.0 45.47487 -0.49999 0.07399 0.0 0.0 0.0 0.0 0.0 0.0 0.0498859661213 21 0 0.957446808511 0.849941886255 -50.7458763483
-0.12623 0.35028 3.35743 -0.12979 0.55971 3.73647064827 0.78258 0.98072 0.30541 0.41196 152.77952 195.62801 147.22542 138.42519 0.3 0.3 0.0 0.0 0.0 0.0 0.0 0.0 0.72115 0.0 0.0 45.47487 -0.49999 0.07399 0.0 0.0 0.0 0.0 0.0 0.0 0.0505892769783 22 0 0.944055944056 0.981770808579 -50.7458763483
-0.12623 0.35028 3.35743 -0.12979 0.55971 3.76924003608 0.78258 0.98072 0.30541 0.41196 152.77952 195.62801 147.22542 138.42519 0.3 0.3 0.0 0.0 0.0 0.0 0.0 0.0 0.72115 0.0 0.0 45.47487 -0.49999 0.07399 0.0 0.0 0.0 0.0 0.0 0.0 0.0505675438943 23 0 0.957446808511 0.82806900421 -50.7458763483
-0.12623 0.35028 3.35743 -0.12979 0.55971 3.81509354921 0.78258 0.98072 0.30541 0.41196 152.77952 195.62801 147.22542 138.42519 0.3 0.3 0.0 0.0 0.0 0.0 0.0 0.0 0.72115 0.0 0.0 45.47487 -0.49999 0.07399 0.0 0.0 0.0 0.0 0.0 0.0 0.0484994745282 24 0 0.950704225352 0.858995803895 -50.7458763483
-0.12623 0.35028 3.35743 -0.12979 0.55971 3.75105467344 0.78258 0.98072 0.30541 0.41196 152.77952 195.62801 147.22542 138.42519 0.3 0.3 0.0 0.0 0.0 0.0 0.0 0.0 0.72115 0.0 0.0 45.47487 -0.49999 0.07399 0.0 0.0 0.0 0.0 0.0 0.0 0.0498859462054 25 0 0.957446808511 0.891965423473 -50.7458763483
-0.12623 0.35028 3.35743 -0.12979 0.55971 3.72089591583 0.78258 0.98072 0.30541 0.41196 152.77952 195.62801 147.22542 138.42519 0.3 0.3 0.0 0.0 0.0 0.0 0.0 0.0 0.72115 0.0 0.0 45.47487 -0.49999 0.07399 0.0 0.0 0.0 0.0 0.0 0.0 0.0481747132493 26 0 0.944055944056 1.04621012842 -50.7458763483
-0.12623 0.35028 3.35743 -0.12979 0.55971 3.78504689965 0.78258 0.98072 0.30541 0.41196 152.77952 195.62801 147.22542 138.42519 0.3 0.3 0.0 0.0 0.0 0.0 0.0 0.0 0.72115 0.0 0.0 45.47487 -0.49999 0.07399 0.0 0.0 0.0 0.0 0.0 0.0 0.0495799398154 27 0 0.950704225352 0.850065870374 -50.7458763483
-0.12623 0.35028 3.35743 -0.12979 0.55971 3.76479677799 0.78258 0.98072 0.30541 0.41196 152.77952 195.62801 147.22542 138.42519 0.3 0.3 0.0 0.0 0.0 0.0 0.0 0.0 0.72115 0.0 0.0 45.47487 -0.49999 0.07399 0.0 0.0 0.0 0.0 0.0 0.0 0.0513335224614 28 0 0.957446808511 0.863862872501 -50.7458763483
-0.12623 0.35028 3.35743 -0.12979 0.55971 3.7825296725 0.78258 0.98072 0.30541 0.41196 152.77952 195.62801 147.22542 138.42519 0.3 0.3 0.0 0.0 0.0 0.0 0.0 0.0 0.72115 0.0 0.0 45.47487 -0.49999 0.07399 0.0 0.0 0.0 0.0 0.0 0.0 0.0494928803627 29 0 0.957446808511 0.824389659376 -50.7458763483
-0.12623 0.35028 3.35743 -0.12979 0.55971 3.7728683772 0.78258 0.98072 0.30541 0.41196 152.77952 195.62801 147.22542 138.42519 0.3 0.3 0.0 0.0 0.0 0.0 0.0 0.0 0.72115 0.0 0.0 45.47487 -0.49999 0.07399 0.0 0.0 0.0 0.0 0.0 0.0 0.0496759635974 30 0 0.957446808511 0.805351635301 -50.7458763483
-0.12623 0.35028 3.35743 -0.12979 0.55971 3.7616255763 0.78258 0.98072 0.30541 0.41196 152.77952 195.62801 147.22542 138.42519 0.3 0.3 0.0 0.0 0.0 0.0 0.0 0.0 0.72115 0.0 0.0 45.47487 -0.49999 0.07399 0.0 0.0 0.0 0.0 0.0 0.0 0.0504905624727 31 0 0.957446808511 0.881067224844 -50.7458763483
-0.12623 0.35028 3.35743 -0.12979 0.55971 3.72418671582 0.78258 0.98072 0.30541 0.41196 152.77952 195.62801 147.22542 138.42519 0.3 0.3 0.0 0.0 0.0 0.0 0.0 0.0 0.72115 0.0 0.0 45.47487 -0.49999 0.07399 0.0 0.0 0.0 0.0 0.0 0.0 0.0510090860319 32 0 0.944055944056 1.05174133543 -50.7458763483
-0.12623 0.35028 3.35743 -0.12979 0.55971 3.78229789063 0.78258 0.98072 0.30541 0.41196 152.77952 195.62801 147.22542 138.42519 0.3 0.3 0.0 0.0 0.0 0.0 0.0 0.0 0.72115 0.0 0.0 45.47487 -0.49999 0.07399 0.0 0.0 0.0 0.0 0.0 0.0 0.0492723628333 33 0 0.957446808511 0.825745500712 -50.7458763483
-0.12623 0.35028 3.35743 -0.12979 0.55971 3.80598335347 0.78258 0.98072 0.30541 0.41196 152.77952 195.62801 147.22542 138.42519 0.3 0.3 0.0 0.0 0.0 0.0 0.0 0.0 0.72115 0.0 0.0 45.47487 -0.49999 0.07399 0.0 0.0 0.0 0.0 0.0 0.0 0.0501920652231 34 0 0.944055944056 0.787949151233 -50.7458763483
-0.12623 0.35028 3.35743 -0.12979 0.55971 3.75078918776 0.78258 0.98072 0.30541 0.41196 152.77952 195.62801 147.22542 138.42519 0.3 0.3 0.0 0.0 0.0 0.0 0.0 0.0 0.72115 0.0 0.0 45.47487 -0.49999 0.07399 0.0 0.0 0.0 0.0 0.0 0.0 0.0501723041098 35 0 0.957446808511 0.891986491317 -50.7458763483
-0.12623 0.35028 3.35743 -0.12979 0.55971 3.750452089 0.78258 0.98072 0.30541 0.41196 152.77952 195.62801 147.22542 138.42519 0.3 0.3 0.0 0.0 0.0 0.0 0.0 0.0 0.72115 0.0 0.0 45.47487 -0.49999 0.07399 0.0 0.0 0.0 0.0 0.0 0.0 0.0507533219286 36 0 0.957446808511 0.910801235563 -50.7458763483
-0.12623 0.35028 3.35743 -0.12979 0.55971 3.74668928155 0.78258 0.98072 0.30541 0.41196 152.77952 195.62801 147.22542 138.42519 0.3 0.3 0.0 0.0 0.0 0.0 0.0 0.0 0.72115 0.0 0.0 45.47487 -0.49999 0.07399 0.0 0.0 0.0 0.0 0.0 0.0 0.0507710991153 37 0 0.937062937063 0.911965675033 -50.7458763483
-0.12623 0.35028 3.35743 -0.12979 0.55971 3.68241400604 0.78258 0.98072 0.30541 0.41196 152.77952 195.62801 147.22542 138.42519 0.3 0.3 0.0 0.0 0.0 0.0 0.0 0.0 0.72115 0.0 0.0 45.47487 -0.49999 0.07399 0.0 0.0 0.0 0.0 0.0 0.0 0.0501661321997 38 0 0.924657534247 1.1614117464 -50.7458763483
-0.12623 0.35028 3.35743 -0.12979 0.55971 3.77535126736 0.78258 0.98072 0.30541 0.41196 152.77952 195.62801 147.22542 138.42519 0.3 0.3 0.0 0.0 0.0 0.0 0.0 0.0 0.72115 0.0 0.0 45.47487 -0.49999 0.07399 0.0 0.0 0.0 0.0 0.0 0.0 0.0500820954655 39 0 0.957446808511 0.808842534094 -50.7458763483
-0.12623 0.35028 3.35743 -0.12979 0.55971 3.76048645415 0.78258 0.98072 0.30541 0.41196 152.77952 195.62801 147.22542 138.42519 0.3 0.3 0.0 0.0 0.0 0.0 0.0 0.0 0.72115 0.0 0.0 45.47487 -0.49999 0.07399 0.0 0.0 0.0 0.0 0.0 0.0 0.0515902963728 40 0 0.957446808511 0.8811111667 -50.7458763483
-0.12623 0.35028 3.35743 -0.12979 0.55971 3.79069493342 0.78258 0.98072 0.30541 0.41196 152.77952 195.62801 147.22542 138.42519 0.3 0.3 0.0 0.0 0.0 0.0 0.0 0.0 0.72115 0.0 0.0 45.47487 -0.49999 0.07399 0.0 0.0 0.0 0.0 0.0 0.0 0.0501329427614 41 0 0.950704225352 0.853749674835 -50.7458763483
-0.12623 0.35028 3.35743 -0.12979 0.55971 3.76538665787 0.78258 0.98072 0.30541 0.41196 152.77952 195.62801 147.22542 138.42519 0.3 0.3 0.0 0.0 0.0 0.0 0.0 0.0 0.72115 0.0 0.0 45.47487 -0.49999 0.07399 0.0 0.0 0.0 0.0 0.0 0.0 0.0489761085495 42 0 0.957446808511 0.863832694333 -50.7458763483
-0.12623 0.35028 3.35743 -0.12979 0.55971 3.76619841995 0.78258 0.98072 0.30541 0.41196 152.77952 195.62801 147.22542 138.42519 0.3 0.3 0.0 0.0 0.0 0.0 0.0 0.0 0.72115 0.0 0.0 45.47487 -0.49999 0.07399 0.0 0.0 0.0 0.0 0.0 0.0 0.0497156748543 43 0 0.957446808511 0.850915180131 -50.7458763483
-0.12623 0.35028 3.35743 -0.12979 0.55971 3.86399903401 0.78258 0.98072 0.30541 0.41196 152.77952 195.62801 147.22542 138.42519 0.3 0.3 0.0 0.0 0.0 0.0 0.0 0.0 0.72115 0.0 0.0 45.47487 -0.49999 0.07399 0.0 0.0 0.0 0.0 0.0 0.0 0.0507956123173 44 1 0.956834532374 0.682522244141 -39.6540432072
-0.12623 0.35028 3.35743 -0.12979 0.55971 3.83607799937 0.78258 0.98072 0.30541 0.41196 152.77952 195.62801 147.22542 138.42519 0.3 0.3 0.0 0.0 0.0 0.0 0.0 0.0 0.72115 0.0 0.0 45.47487 -0.49999 0.07399 0.0 0.0 0.0 0.0 0.0 0.0 0.0509652264861 45 0 0.943262411348 0.634530801808 -39.6540432072
-0.12623 0.35028 3.35743 -0.12979 0.55971 3.85271731296 0.78258 0.98072 0.30541 0.41196 152.77952 195.62801 147.22542 138.42519 0.3 0.3 0.0 0.0 0.0 0.0 0.0 0.0 0.72115 0.0 0.0 45.47487 -0.49999 0.07399 0.0 0.0 0.0 0.0 0.0 0.0 0.0504503761516 46 0 0.94964028777 0.697632810423 -39.6540432072
-0.12623 0.35028 3.35743 -0.12979 0.55971 3.86462437153 0.78258 0.98072 0.30541 0.41196 152.77952 195.62801 147.22542 138.42519 0.3 0.3 0.0 0.0 0.0 0.0 0.0 0.0 0.72115 0.0 0.0 45.47487 -0.49999 0.07399 0.0 0.0 0.0 0.0 0.0 0.0 0.0505557449171 47 1 0.956834532374 0.682490022573 -39.9934946367
-0.12623 0.35028 3.35743 -0.12979 0.55971 3.83679122811 0.78258 0.98072 0.30541 0.41196 152.77952 195.62801 147.22542 138.42519 0.3 0.3 0.0 0.0 0.0 0.0 0.0 0.0 0.72115 0.0 0.0 45.47487 -0.49999 0.07399 0.0 0.0 0.0 0.0 0.0 0.0 0.050120642627 48 0 0.943262411348 0.538577488222 -39.9934946367
-0.12623 0.35028 3.35743 -0.12979 0.55971 3.88743990567 0.78258 0.98072 0.30541 0.41196 152.77952 195.62801 147.22542 138.42519 0.3 0.3 0.0 0.0 0.0 0.0 0.0 0.0 0.72115 0.0 0.0 45.47487 -0.49999 0.07399 0.0 0.0 0.0 0.0 0.0 0.0 0.0505202967788 49 1 0.971223021583 0.590657736496 -14.5243314757
-0.12623 0.35028 3.35743 -0.12979 0.55971 3.84444919038 0.78258 0.98072 0.30541 0.41196 152.77952 195.62801 147.22542 138.42519 0.3 0.3 0.0 0.0 0.0 0.0 0.0 0.0 0.72115 0.0 0.0 45.47487 -0.49999 0.07399 0.0 0.0 0.0 0.0 0.0 0.0 0.0508090334506 50 0 0.95 0.660892309337 -14.5243314757
-0.12623 0.35028 3.35743 -0.12979 0.55971 3.91389785543 0.78258 0.98072 0.30541 0.41196 152.77952 195.62801 147.22542 138.42519 0.3 0.3 0.0 0.0 0.0 0.0 0.0 0.0 0.72115 0.0 0.0 45.47487 -0.49999 0.07399 0.0 0.0 0.0 0.0 0.0 0.0 0.0502402445604 51 1 0.978260869565 0.541177087954 -7.93913166504
-0.12623 0.35028 3.35743 -0.12979 0.55971 3.89677250978 0.78258 0.98072 0.30541 0.41196 152.77952 195.62801 147.22542 138.42519 0.3 0.3 0.0 0.0 0.0 0.0 0.0 0.0 0.72115 0.0 0.0 45.47487 -0.49999 0.07399 0.0 0.0 0.0 0.0 0.0 0.0 0.0500294284037 52 0 0.971223021583 0.563228688422 -7.93913166504
-0.12623 0.35028 3.35743 -0.12979 0.55971 3.98364295763 0.78258 0.98072 0.30541 0.41196 152.77952 195.62801 147.22542 138.42519 0.3 0.3 0.0 0.0 0.0 0.0 0.0 0.0 0.72115 0.0 0.0 45.47487 -0.49999 0.07399 0.0 0.0 0.0 0.0 0.0 0.0 0.0500743524599 53 1 0.992647058824 0.18665556124 -1.84310196353
-0.12623 0.35028 3.35743 -0.12979 0.55971 3.98849007157 0.78258 0.98072 0.30541 0.41196 152.77952 195.62801 147.22542 138.42519 0.3 0.3 0.0 0.0 0.0 0.0 0.0 0.0 0.72115 0.0 0.0 45.47487 -0.49999 0.07399 0.0 0.0 0.0 0.0 0.0 0.0 0.0495929607264 54 1 0.992647058824 0.405469340979 -2.13177956481
-0.12623 0.35028 3.35743 -0.12979 0.55971 3.99789875685 0.78258 0.98072 0.30541 0.41196 152.77952 195.62801 147.22542 138.42519 0.3 0.3 0.0 0.0 0.0 0.0 0.0 0.0 0.72115 0.0 0.0 45.47487 -0.49999 0.07399 0.0 0.0 0.0 0.0 0.0 0.0 0.048948173357 55 1 0.985294117647 0.396845975715 -3.28016823458
-0.12623 0.35028 3.35743 -0.12979 0.55971 4.0103042116 0.78258 0.98072 0.30541 0.41196 152.77952 195.62801 147.22542 138.42519 0.3 0.3 0.0 0.0 0.0 0.0 0.0 0.0 0.72115 0.0 0.0 45.47487 -0.49999 0.07399 0.0 0.0 0.0 0.0 0.0 0.0 0.0490770748671 56 0 0.977941176471 0.37152813343 -3.28016823458
-0.12623 0.35028 3.35743 -0.12979 0.55971 3.99169348908 0.78258 0.98072 0.30541 0.41196 152.77952 195.62801 147.22542 138.42519 0.3 0.3 0.0 0.0 0.0 0.0 0.0 0.0 0.72115 0.0 0.0 45.47487 -0.49999 0.07399 0.0 0.0 0.0 0.0 0.0 0.0 0.0485920117638 57 1 0.992647058824 0.399572431177 -2.06804131608
-0.12623 0.35028 3.35743 -0.12979 0.55971 3.96884826448 0.78258 0.98072 0.30541 0.41196 152.77952 195.62801 147.22542 138.42519 0.3 0.3 0.0 0.0 0.0 0.0 0.0 0.0 0.72115 0.0 0.0 45.47487 -0.49999 0.07399 0.0 0.0 0.0 0.0 0.0 0.0 0.0491018369869 58 1 0.985294117647 0.16541856866 -1.967575437
-0.12623 0.35028 3.35743 -0.12979 0.55971 3.97906245499 0.78258 0.98072 0.30541 0.41196 152.77952 195.62801 147.22542 138.42519 0.3 0.3 0.0 0.0 0.0 0.0 0.0 0.0 0.72115 0.0 0.0 45.47487 -0.49999 0.07399 0.0 0.0 0.0 0.0 0.0 0.0 0.0489750440862 59 1 0.992647058824 0.37642625084 -2.04211274992
-0.12623 0.35028 3.35743 -0.12979 0.55971 3.94974271917 0.78258 0.98072 0.30541 0.41196 152.77952 195.62801 147.22542 138.42519 0.3 0.3 0.0 0.0 0.0 0.0 0.0 0.0 0.72115 0.0 0.0 45.47487 -0.49999 0.07399 0.0 0.0 0.0 0.0 0.0 0.0 0.04893373615 60 0 0.992647058824 0.49571887898 -2.04211274992
-0.12623 0.35028 3.35743 -0.12979 0.55971 3.98291846138 0.78258 0.98072 0.30541 0.41196 152.77952 195.62801 147.22542 138.42519 0.3 0.3 0.0 0.0 0.0 0.0 0.0 0.0 0.72115 0.0 0.0 45.47487 -0.49999 0.07399 0.0 0.0 0.0 0.0 0.0 0.0 0.0492272471597 61 1 0.992647058824 0.186752230045 -1.78757307391
-0.12623 0.35028 3.35743 -0.12979 0.55971 3.96450937 0.78258 0.98072 0.30541 0.41196 152.77952 195.62801 147.22542 138.42519 0.3 0.3 0.0 0.0 0.0 0.0 0.0 0.0 0.72115 0.0 0.0 45.47487 -0.49999 0.07399 0.0 0.0 0.0 0.0 0.0 0.0 0.0495489337004 62 0 0.985294117647 0.188913374328 -1.78757307391
-0.12623 0.35028 3.35743 -0.12979 0.55971 3.95883768373 0.78258 0.98072 0.30541 0.41196 152.77952 195.62801 147.22542 138.42519 0.3 0.3 0.0 0.0 0.0 0.0 0.0 0.0 0.72115 0.0 0.0 45.47487 -0.49999 0.07399 0.0 0.0 0.0 0.0 0.0 0.0 0.0502642335771 63 1 0.992647058824 0.208464291657 -1.87646744229
-0.12623 0.35028 3.35743 -0.12979 0.55971 3.97782514093 0.78258 0.98072 0.30541 0.41196 152.77952 195.62801 147.22542 138.42519 0.3 0.3 0.0 0.0 0.0 0.0 0.0 0.0 0.72115 0.0 0.0 45.47487 -0.49999 0.07399 0.0 0.0 0.0 0.0 0.0 0.0 0.050552851351 64 1 0.992647058824 0.376331336712 -2.12916399758
-0.12623 0.35028 3.35743 -0.12979 0.55971 3.94876351099 0.78258 0.98072 0.30541 0.41196 152.77952 195.62801 147.22542 138.42519 0.3 0.3 0.0 0.0 0.0 0.0 0.0 0.0 0.72115 0.0 0.0 45.47487 -0.49999 0.07399 0.0 0.0 0.0 0.0 0.0 0.0 0.0502485404735 65 1 0.992647058824 0.495754207487 -2.36280168283
-0.12623 0.35028 3.35743 -0.12979 0.55971 3.93269099787 0.78258 0.98072 0.30541 0.41196 152.77952 195.62801 147.22542 138.42519 0.3 0.3 0.0 0.0 0.0 0.0 0.0 0.0 0.72115 0.0 0.0 45.47487 -0.49999 0.07399 0.0 0.0 0.0 0.0 0.0 0.0 0.0511025690802 66 1 0.992647058824 0.534315259408 -2.49590335386
-0.12623 0.35028 3.35743 -0.12979 0.55971 3.93051164073 0.78258 0.98072 0.30541 0.41196 152.77952 195.62801 147.22542 138.42519 0.3 0.3 0.0 0.0 0.0 0.0 0.0 0.0 0.72115 0.0 0.0 45.47487 -0.49999 0.07399 0.0 0.0 0.0 0.0 0.0 0.0 0.0513833508462 67 1 0.992647058824 0.559403206734 -2.57187879199
-0.12623 0.35028 3.35743 -0.12979 0.55971 3.90721657603 0.78258 0.98072 0.30541 0.41196 152.77952 195.62801 147.22542 138.42519 0.3 0.3 0.0 0.0 0.0 0.0 0.0 0.0 0.72115 0.0 0.0 45.47487 -0.49999 0.07399 0.0 0.0 0.0 0.0 0.0 0.0 0.051657440389 68 0 0.964285714286 0.627494783531 -2.57187879199
-0.12623 0.35028 3.35743 -0.12979 0.55971 3.95471834273 0.78258 0.98072 0.30541 0.41196 152.77952 195.62801 147.22542 138.42519 0.3 0.3 0.0 0.0 0.0 0.0 0.0 0.0 0.72115 0.0 0.0 45.47487 -0.49999 0.07399 0.0 0.0 0.0 0.0 0.0 0.0 0.0510321110761 69 1 0.992647058824 0.416289107193 -2.23069719602
-0.12623 0.35028 3.35743 -0.12979 0.55971 3.91916178069 0.78258 0.98072 0.30541 0.41196 152.77952 195.62801 147.22542 138.42519 0.3 0.3 0.0 0.0 0.0 0.0 0.0 0.0 0.72115 0.0 0.0 45.47487 -0.49999 0.07399 0.0 0.0 0.0 0.0 0.0 0.0 0.0503572827229 70 1 0.992647058824 0.527205763368 -2.44502997488
-0.12623 0.35028 3.35743 -0.12979 0.55971 3.89857584106 0.78258 0.98072 0.30541 0.41196 152.77952 195.62801 147.22542 138.42519 0.3 0.3 0.0 0.0 0.0 0.0 0.0 0.0 0.72115 0.0 0.0 45.47487 -0.49999 0.07399 0.0 0.0 0.0 0.0 0.0 0.0 0.0502940060692 71 0 0.971223021583 0.648955105574 -2.44502997488
-0.12623 0.35028 3.35743 -0.12979 0.55971 3.88757849264 0.78258 0.98072 0.30541 0.41196 152.77952 195.62801 147.22542 138.42519 0.3 0.3 0.0 0.0 0.0 0.0 0.0 0.0 0.72115 0.0 0.0 45.47487 -0.49999 0.07399 0.0 0.0 0.0 0.0 0.0 0.0 0.0509375369632 72 0 0.971223021583 0.590664063642 -2.44502997488
-0.12623 0.35028 3.35743 -0.12979 0.55971 3.92167737417 0.78258 0.98072 0.30541 0.41196 152.77952 195.62801 147.22542 138.42519 0.3 0.3 0.0 0.0 0.0 0.0 0.0 0.0 0.72115 0.0 0.0 45.47487 -0.49999 0.07399 0.0 0.0 0.0 0.0 0.0 0.0 0.0510232347817 73 1 0.992647058824 0.527014372211 -2.47423445879
-0.12623 0.35028 3.35743 -0.12979 0.55971 3.90077804936 0.78258 0.98072 0.30541 0.41196 152.77952 195.62801 147.22542 138.42519 0.3 0.3 0.0 0.0 0.0 0.0 0.0 0.0 0.72115 0.0 0.0 45.47487 -0.49999 0.07399 0.0 0.0 0.0 0.0 0.0 0.0 0.0513050504693 74 0 0.964285714286 0.688200130158 -2.47423445879
-0.12623 0.35028 3.35743 -0.12979 0.55971 3.89168118272 0.78258 0.98072 0.30541 0.41196 152.77952 195.62801 147.22542 138.42519 0.3 0.3 0.0 0.0 0.0 0.0 0.0 0.0 0.72115 0.0 0.0 45.47487 -0.49999 0.07399 0.0 0.0 0.0 0.0 0.0 0.0 0.0516912467815 75 0 0.971223021583 0.565038573955 -2.47423445879
-0.12623 0.35028 3.35743 -0.12979 0.55971 3.91369511482 0.78258 0.98072 0.30541 0.41196 152.77952 195.62801 147.22542 138.42519 0.3 0.3 0.0 0.0 0.0 0.0 0.0 0.0 0.72115 0.0 0.0 45.47487 -0.49999 0.07399 0.0 0.0 0.0 0.0 0.0 0.0 0.0516639999417 76 0 0.971223021583 0.59772880031 -2.47423445879
-0.12623 0.35028 3.35743 -0.12979 0.55971 3.92788269153 0.78258 0.98072 0.30541 0.41196 152.77952 195.62801 147.22542 138.42519 0.3 0.3 0.0 0.0 0.0 0.0 0.0 0.0 0.72115 0.0 0.0 45.47487 -0.49999 0.07399 0.0 0.0 0.0 0.0 0.0 0.0 0.0513043052158 77 0 0.992647058824 0.638317773128 -2.47423445879
-0.12623 0.35028 3.35743 -0.12979 0.55971 3.91457952506 0.78258 0.98072 0.30541 0.41196 152.77952 195.62801 147.22542 138.42519 0.3 0.3 0.0 0.0 0.0 0.0 0.0 0.0 0.72115 0.0 0.0 45.47487 -0.49999 0.07399 0.0 0.0 0.0 0.0 0.0 0.0 0.0504347107321 78 0 0.978260869565 0.479558882036 -2.47423445879
-0.12623 0.35028 3.35743 -0.12979 0.55971 3.92536654607 0.78258 0.98072 0.30541 0.41196 152.77952 195.62801 147.22542 138.42519 0.3 0.3 0.0 0.0 0.0 0.0 0.0 0.0 0.72115 0.0 0.0 45.47487 -0.49999 0.07399 0.0 0.0 0.0 0.0 0.0 0.0 0.0523671019225 79 1 0.992647058824 0.546249826045 -2.58373703162
-0.12623 0.35028 3.35743 -0.12979 0.55971 3.92409230352 0.78258 0.98072 0.30541 0.41196 152.77952 195.62801 147.22542 138.42519 0.3 0.3 0.0 0.0 0.0 0.0 0.0 0.0 0.72115 0.0 0.0 45.47487 -0.49999 0.07399 0.0 0.0 0.0 0.0 0.0 0.0 0.0526800507624 80 1 0.992647058824 0.637529792815 -2.8355644367
-0.12623 0.35028 3.35743 -0.12979 0.55971 3.9190986229 0.78258 0.98072 0.30541 0.41196 152.77952 195.62801 147.22542 138.42519 0.3 0.3 0.0 0.0 0.0 0.0 0.0 0.0 0.72115 0.0 0.0 45.47487 -0.49999 0.07399 0.0 0.0 0.0 0.0 0.0 0.0 0.051915657025 81 1 0.992647058824 0.527139139782 -2.51628602386
-0.12623 0.35028 3.35743 -0.12979 0.55971 3.93857584142 0.78258 0.98072 0.30541 0.41196 152.77952 195.62801 147.22542 138.42519 0.3 0.3 0.0 0.0 0.0 0.0 0.0 0.0 0.72115 0.0 0.0 45.47487 -0.49999 0.07399 0.0 0.0 0.0 0.0 0.0 0.0 0.0522565195741 82 1 0.992647058824 0.536361403433 -2.55465645386
-0.12623 0.35028 3.35743 -0.12979 0.55971 3.94571911072 0.78258 0.98072 0.30541 0.41196 152.77952 195.62801 147.22542 138.42519 0.3 0.3 0.0 0.0 0.0 0.0 0.0 0.0 0.72115 0.0 0.0 45.47487 -0.49999 0.07399 0.0 0.0 0.0 0.0 0.0 0.0 0.0520381796574 83 1 0.992647058824 0.51957688596 -2.50441020577
-0.12623 0.35028 3.35743 -0.12979 0.55971 3.97774942574 0.78258 0.98072 0.30541 0.41196 152.77952 195.62801 147.22542 138.42519 0.3 0.3 0.0 0.0 0.0 0.0 0.0 0.0 0.72115 0.0 0.0 45.47487 -0.49999 0.07399 0.0 0.0 0.0 0.0 0.0 0.0 0.0522749079333 84 1 0.992647058824 0.376328558885 -2.23043881599
-0.12623 0.35028 3.35743 -0.12979 0.55971 3.9403958876 0.78258 0.98072 0.30541 0.41196 152.77952 195.62801 147.22542 138.42519 0.3 0.3 0.0 0.0 0.0 0.0 0.0 0.0 0.72115 0.0 0.0 45.47487 -0.49999 0.07399 0.0 0.0 0.0 0.0 0.0 0.0 0.0520319015969 85 1 0.992647058824 0.544152313026 -2.56283344172
-0.12623 0.35028 3.35743 -0.12979 0.55971 3.93293274751 0.78258 0.98072 0.30541 0.41196 152.77952 195.62801 147.22542 138.42519 0.3 0.3 0.0 0.0 0.0 0.0 0.0 0.0 0.72115 0.0 0.0 45.47487 -0.49999 0.07399 0.0 0.0 0.0 0.0 0.0 0.0 0.0525428342487 86 1 0.992647058824 0.534473156906 -2.56408724216
-0.12623 0.35028 3.35743 -0.12979 0.55971 3.88070178709 0.78258 0.98072 0.30541 0.41196 152.77952 195.62801 147.22542 138.42519 0.3 0.3 0.0 0.0 0.0 0.0 0.0 0.0 0.72115 0.0 0.0 45.47487 -0.49999 0.07399 0.0 0.0 0.0 0.0 0.0 0.0 0.0525208352944 87 0 0.971223021583 0.640828139061 -2.56408724216
-0.12623 0.35028 3.35743 -0.12979 0.55971 3.9567257712 0.78258 0.98072 0.30541 0.41196 152.77952 195.62801 147.22542 138.42519 0.3 0.3 0.0 0.0 0.0 0.0 0.0 0.0 0.72115 0.0 0.0 45.47487 -0.49999 0.07399 0.0 0.0 0.0 0.0 0.0 0.0 0.0535119589411 88 1 0.992647058824 0.416257503836 -2.37415823971
-0.12623 0.35028 3.35743 -0.12979 0.55971 3.96320788501 0.78258 0.98072 0.30541 0.41196 152.77952 195.62801 147.22542 138.42519 0.3 0.3 0.0 0.0 0.0 0.0 0.0 0.0 0.72115 0.0 0.0 45.47487 -0.49999 0.07399 0.0 0.0 0.0 0.0 0.0 0.0 0.0533010775273 89 1 0.985294117647 0.170935833011 -2.24069883562
-0.12623 0.35028 3.35743 -0.12979 0.55971 3.94659778349 0.78258 0.98072 0.30541 0.41196 152.77952 195.62801 147.22542 138.42519 0.3 0.3 0.0 0.0 0.0 0.0 0.0 0.0 0.72115 0.0 0.0 45.47487 -0.49999 0.07399 0.0 0.0 0.0 0.0 0.0 0.0 0.0523727885489 90 1 0.992647058824 0.416541754469 -2.30708192816
-0.12623 0.35028 3.35743 -0.12979 0.55971 3.93927147805 0.78258 0.98072 0.30541 0.41196 152.77952 195.62801 147.22542 138.42519 0.3 0.3 0.0 0.0 0.0 0.0 0.0 0.0 0.72115 0.0 0.0 45.47487 -0.49999 0.07399 0.0 0.0 0.0 0.0 0.0 0.0 0.0525899787731 91 1 0.992647058824 0.54413160296 -2.58931376818
-0.12623 0.35028 3.35743 -0.12979 0.55971 3.94008852128 0.78258 0.98072 0.30541 0.41196 152.77952 195.62801 147.22542 138.42519 0.3 0.3 0.0 0.0 0.0 0.0 0.0 0.0 0.72115 0.0 0.0 45.47487 -0.49999 0.07399 0.0 0.0 0.0 0.0 0.0 0.0 0.0526473348645 92 1 0.992647058824 0.544140900427 -2.59211162529
-0.12623 0.35028 3.35743 -0.12979 0.55971 3.90071920347 0.78258 0.98072 0.30541 0.41196 152.77952 195.62801 147.22542 138.42519 0.3 0.3 0.0 0.0 0.0 0.0 0.0 0.0 0.72115 0.0 0.0 45.47487 -0.49999 0.07399 0.0 0.0 0.0 0.0 0.0 0.0 0.0527248160554 93 0 0.964285714286 0.688197000303 -2.59211162529
-0.12623 0.35028 3.35743 -0.12979 0.55971 3.92602514924 0.78258 0.98072 0.30541 0.41196 152.77952 195.62801 147.22542 138.42519 0.3 0.3 0.0 0.0 0.0 0.0 0.0 0.0 0.72115 0.0 0.0 45.47487 -0.49999 0.07399 0.0 0.0 0.0 0.0 0.0 0.0 0.0514272567291 94 1 0.992647058824 0.639185707811 -2.79370760116
-0.12623 0.35028 3.35743 -0.12979 0.55971 3.89741898959 0.78258 0.98072 0.30541 0.41196 152.77952 195.62801 147.22542 138.42519 0.3 0.3 0.0 0.0 0.0 0.0 0.0 0.0 0.72115 0.0 0.0 45.47487 -0.49999 0.07399 0.0 0.0 0.0 0.0 0.0 0.0 0.0509290439466 95 0 0.971223021583 0.563355138497 -2.79370760116
-0.12623 0.35028 3.35743 -0.12979 0.55971 3.93263816716 0.78258 0.98072 0.30541 0.41196 152.77952 195.62801 147.22542 138.42519 0.3 0.3 0.0 0.0 0.0 0.0 0.0 0.0 0.72115 0.0 0.0 45.47487 -0.49999 0.07399 0.0 0.0 0.0 0.0 0.0 0.0 0.0529233367131 96 1 0.992647058824 0.534332227978 -2.58262206693
-0.12623 0.35028 3.35743 -0.12979 0.55971 3.93630226199 0.78258 0.98072 0.30541 0.41196 152.77952 195.62801 147.22542 138.42519 0.3 0.3 0.0 0.0 0.0 0.0 0.0 0.0 0.72115 0.0 0.0 45.47487 -0.49999 0.07399 0.0 0.0 0.0 0.0 0.0 0.0 0.0526839395627 97 1 0.992647058824 0.543821276415 -2.59312571736
-0.12623 0.35028 3.35743 -0.12979 0.55971 3.92354576253 0.78258 0.98072 0.30541 0.41196 152.77952 195.62801 147.22542 138.42519 0.3 0.3 0.0 0.0 0.0 0.0 0.0 0.0 0.72115 0.0 0.0 45.47487 -0.49999 0.07399 0.0 0.0 0.0 0.0 0.0 0.0 0.0525080812897 98 1 0.992647058824 0.528437402479 -2.54823089544
-0.12623 0.35028 3.35743 -0.12979 0.55971 3.92971803669 0.78258 0.98072 0.30541 0.41196 152.77952 195.62801 147.22542 138.42519 0.3 0.3 0.0 0.0 0.0 0.0 0.0 0.0 0.72115 0.0 0.0 45.47487 -0.49999 0.07399 0.0 0.0 0.0 0.0 0.0 0.0 0.0524621517771 99 1 0.992647058824 0.62904495092 -2.80331202611
-0.12623 0.35028 3.35743 -0.12979 0.55971 3.953087402 0.78258 0.98072 0.30541 0.41196 152.77952 195.62801 147.22542 138.42519 0.3 0.3 0.0 0.0 0.0 0.0 0.0 0.0 0.72115 0.0 0.0 45.47487 -0.49999 0.07399 0.0 0.0 0.0 0.0 0.0 0.0 0.0525256494284 100 1 0.992647058824 0.417587848186 -2.31791126053
