-0.12623 0.35028 3.35743 -0.12979 0.55971 4.42072 0.78258 0.98072 0.30541 0.41196 152.77952 195.62801 147.22542 138.42519 0.3 0.3 0.0 0.0 0.0 0.0 0.0 0.0 0.72115 0.0 0.0 45.47487 -0.49999 0.07399 0.0 0.0 0.0 0.0 0.0 0.0 0.05 0 1 0.929577464789 1.02400506765 -235.766438736
-0.12623 0.35028 3.35743 -0.12979 0.55971 4.39975208786 0.78258 0.98072 0.30541 0.41196 152.77952 195.62801 147.22542 138.42519 0.3 0.3 0.0 0.0 0.0 0.0 0.0 0.0 0.72115 0.0 0.0 45.47487 -0.49999 0.07399 0.0 0.0 0.0 0.0 0.0 0.0 0.050031204444 1 1 0.929078014184 0.988348663078 -222.582870767
-0.12623 0.35028 3.35743 -0.12979 0.55971 4.41610387112 0.78258 0.98072 0.30541 0.41196 152.77952 195.62801 147.22542 138.42519 0.3 0.3 0.0 0.0 0.0 0.0 0.0 0.0 0.72115 0.0 0.0 45.47487 -0.49999 0.07399 0.0 0.0 0.0 0.0 0.0 0.0 0.0500744762553 2 0 0.929577464789 1.01428904176 -222.582870767
-0.12623 0.35028 3.35743 -0.12979 0.55971 4.41699513869 0.78258 0.98072 0.30541 0.41196 152.77952 195.62801 147.22542 138.42519 0.3 0.3 0.0 0.0 0.0 0.0 0.0 0.0 0.72115 0.0 0.0 45.47487 -0.49999 0.07399 0.0 0.0 0.0 0.0 0.0 0.0 0.049438224837 3 0 0.929577464789 1.01515905231 -222.582870767
-0.12623 0.35028 3.35743 -0.12979 0.55971 4.39621191559 0.78258 0.98072 0.30541 0.41196 152.77952 195.62801 147.22542 138.42519 0.3 0.3 0.0 0.0 0.0 0.0 0.0 0.0 0.72115 0.0 0.0 45.47487 -0.49999 0.07399 0.0 0.0 0.0 0.0 0.0 0.0 0.0499448536653 4 1 0.929078014184 0.987884061172 -223.132827315
-0.12623 0.35028 3.35743 -0.12979 0.55971 4.38101542072 0.78258 0.98072 0.30541 0.41196 152.77952 195.62801 147.22542 138.42519 0.3 0.3 0.0 0.0 0.0 0.0 0.0 0.0 0.72115 0.0 0.0 45.47487 -0.49999 0.07399 0.0 0.0 0.0 0.0 0.0 0.0 0.0499559257286 5 1 0.94964028777 0.884512303208 -91.1946580801
-0.12623 0.35028 3.35743 -0.12979 0.55971 4.40523992848 0.78258 0.98072 0.30541 0.41196 152.77952 195.62801 147.22542 138.42519 0.3 0.3 0.0 0.0 0.0 0.0 0.0 0.0 0.72115 0.0 0.0 45.47487 -0.49999 0.07399 0.0 0.0 0.0 0.0 0.0 0.0 0.0500411690698 6 0 0.929577464789 0.98720596303 -91.1946580801
-0.12623 0.35028 3.35743 -0.12979 0.55971 4.40049107321 0.78258 0.98072 0.30541 0.41196 152.77952 195.62801 147.22542 138.42519 0.3 0.3 0.0 0.0 0.0 0.0 0.0 0.0 0.72115 0.0 0.0 45.47487 -0.49999 0.07399 0.0 0.0 0.0 0.0 0.0 0.0 0.0498029637902 7 0 0.929078014184 0.989590683277 -91.1946580801
-0.12623 0.35028 3.35743 -0.12979 0.55971 4.39764739065 0.78258 0.98072 0.30541 0.41196 152.77952 195.62801 147.22542 138.42519 0.3 0.3 0.0 0.0 0.0 0.0 0.0 0.0 0.72115 0.0 0.0 45.47487 -0.49999 0.07399 0.0 0.0 0.0 0.0 0.0 0.0 0.0501308256928 8 0 0.929078014184 0.975268614335 -91.1946580801
-0.12623 0.35028 3.35743 -0.12979 0.55971 4.39916363158 0.78258 0.98072 0.30541 0.41196 152.77952 195.62801 147.22542 138.42519 0.3 0.3 0.0 0.0 0.0 0.0 0.0 0.0 0.72115 0.0 0.0 45.47487 -0.49999 0.07399 0.0 0.0 0.0 0.0 0.0 0.0 0.0502318608619 9 0 0.929078014184 0.988067116771 -91.1946580801
-0.12623 0.35028 3.35743 -0.12979 0.55971 4.38862997629 0.78258 0.98072 0.30541 0.41196 152.77952 195.62801 147.22542 138.42519 0.3 0.3 0.0 0.0 0.0 0.0 0.0 0.0 0.72115 0.0 0.0 45.47487 -0.49999 0.07399 0.0 0.0 0.0 0.0 0.0 0.0 0.0493025550096 10 0 0.935714285714 0.9883660097 -91.1946580801
-0.12623 0.35028 3.35743 -0.12979 0.55971 4.3612832797 0.78258 0.98072 0.30541 0.41196 152.77952 195.62801 147.22542 138.42519 0.3 0.3 0.0 0.0 0.0 0.0 0.0 0.0 0.72115 0.0 0.0 45.47487 -0.49999 0.07399 0.0 0.0 0.0 0.0 0.0 0.0 0.0513322858455 11 0 0.935251798561 0.863163805684 -91.1946580801
-0.12623 0.35028 3.35743 -0.12979 0.55971 4.38867936165 0.78258 0.98072 0.30541 0.41196 152.77952 195.62801 147.22542 138.42519 0.3 0.3 0.0 0.0 0.0 0.0 0.0 0.0 0.72115 0.0 0.0 45.47487 -0.49999 0.07399 0.0 0.0 0.0 0.0 0.0 0.0 0.0501984276603 12 0 0.935714285714 0.988317950391 -91.1946580801
-0.12623 0.35028 3.35743 -0.12979 0.55971 4.36070610829 0.78258 0.98072 0.30541 0.41196 152.77952 195.62801 147.22542 138.42519 0.3 0.3 0.0 0.0 0.0 0.0 0.0 0.0 0.72115 0.0 0.0 45.47487 -0.49999 0.07399 0.0 0.0 0.0 0.0 0.0 0.0 0.0498561767274 13 0 0.942028985507 0.862865269521 -91.1946580801
-0.12623 0.35028 3.35743 -0.12979 0.55971 4.38146265559 0.78258 0.98072 0.30541 0.41196 152.77952 195.62801 147.22542 138.42519 0.3 0.3 0.0 0.0 0.0 0.0 0.0 0.0 0.72115 0.0 0.0 45.47487 -0.49999 0.07399 0.0 0.0 0.0 0.0 0.0 0.0 0.0491494480275 14 0 0.942857142857 0.884635920119 -91.1946580801
-0.12623 0.35028 3.35743 -0.12979 0.55971 4.42154651739 0.78258 0.98072 0.30541 0.41196 152.77952 195.62801 147.22542 138.42519 0.3 0.3 0.0 0.0 0.0 0.0 0.0 0.0 0.72115 0.0 0.0 45.47487 -0.49999 0.07399 0.0 0.0 0.0 0.0 0.0 0.0 0.049378337028 15 0 0.929577464789 1.02417607422 -91.1946580801
-0.12623 0.35028 3.35743 -0.12979 0.55971 4.40262466465 0.78258 0.98072 0.30541 0.41196 152.77952 195.62801 147.22542 138.42519 0.3 0.3 0.0 0.0 0.0 0.0 0.0 0.0 0.72115 0.0 0.0 45.47487 -0.49999 0.07399 0.0 0.0 0.0 0.0 0.0 0.0 0.0501112869407 16 0 0.929078014184 0.989202696966 -91.1946580801
-0.12623 0.35028 3.35743 -0.12979 0.55971 4.39760175248 0.78258 0.98072 0.30541 0.41196 152.77952 195.62801 147.22542 138.42519 0.3 0.3 0.0 0.0 0.0 0.0 0.0 0.0 0.72115 0.0 0.0 45.47487 -0.49999 0.07399 0.0 0.0 0.0 0.0 0.0 0.0 0.0513100251182 17 0 0.929078014184 0.975211883682 -91.1946580801
-0.12623 0.35028 3.35743 -0.12979 0.55971 4.37552781381 0.78258 0.98072 0.30541 0.41196 152.77952 195.62801 147.22542 138.42519 0.3 0.3 0.0 0.0 0.0 0.0 0.0 0.0 0.72115 0.0 0.0 45.47487 -0.49999 0.07399 0.0 0.0 0.0 0.0 0.0 0.0 0.0500356448005 18 0 0.942857142857 0.879123634225 -91.1946580801
-0.12623 0.35028 3.35743 -0.12979 0.55971 4.40835853049 0.78258 0.98072 0.30541 0.41196 152.77952 195.62801 147.22542 138.42519 0.3 0.3 0.0 0.0 0.0 0.0 0.0 0.0 0.72115 0.0 0.0 45.47487 -0.49999 0.07399 0.0 0.0 0.0 0.0 0.0 0.0 0.0489617326879 19 0 0.929577464789 0.988165451283 -91.1946580801
-0.12623 0.35028 3.35743 -0.12979 0.55971 4.36763666723 0.78258 0.98072 0.30541 0.41196 152.77952 195.62801 147.22542 138.42519 0.3 0.3 0.0 0.0 0.0 0.0 0.0 0.0 0.72115 0.0 0.0 45.47487 -0.49999 0.07399 0.0 0.0 0.0 0.0 0.0 0.0 0.049049438085 20 1 0.94964028777 0.859115018085 -89.2171872625
-0.12623 0.35028 3.35743 -0.12979 0.55971 4.33873418139 0.78258 0.98072 0.30541 0.41196 152.77952 195.62801 147.22542 138.42519 0.3 0.3 0.0 0.0 0.0 0.0 0.0 0.0 0.72115 0.0 0.0 45.47487 -0.49999 0.07399 0.0 0.0 0.0 0.0 0.0 0.0 0.0499487560158 21 1 0.95652173913 0.848231101424 -63.080257945
-0.12623 0.35028 3.35743 -0.12979 0.55971 4.33122456917 0.78258 0.98072 0.30541 0.41196 152.77952 195.62801 147.22542 138.42519 0.3 0.3 0.0 0.0 0.0 0.0 0.0 0.0 0.72115 0.0 0.0 45.47487 -0.49999 0.07399 0.0 0.0 0.0 0.0 0.0 0.0 0.0498640095999 22 0 0.94964028777 0.844705507795 -63.080257945
-0.12623 0.35028 3.35743 -0.12979 0.55971 4.36983652225 0.78258 0.98072 0.30541 0.41196 152.77952 195.62801 147.22542 138.42519 0.3 0.3 0.0 0.0 0.0 0.0 0.0 0.0 0.72115 0.0 0.0 45.47487 -0.49999 0.07399 0.0 0.0 0.0 0.0 0.0 0.0 0.0508051218315 23 0 0.94964028777 0.878508070355 -63.080257945
-0.12623 0.35028 3.35743 -0.12979 0.55971 4.36596266335 0.78258 0.98072 0.30541 0.41196 152.77952 195.62801 147.22542 138.42519 0.3 0.3 0.0 0.0 0.0 0.0 0.0 0.0 0.72115 0.0 0.0 45.47487 -0.49999 0.07399 0.0 0.0 0.0 0.0 0.0 0.0 0.050021630258 24 0 0.94964028777 0.858596172905 -63.080257945
-0.12623 0.35028 3.35743 -0.12979 0.55971 4.36046402126 0.78258 0.98072 0.30541 0.41196 152.77952 195.62801 147.22542 138.42519 0.3 0.3 0.0 0.0 0.0 0.0 0.0 0.0 0.72115 0.0 0.0 45.47487 -0.49999 0.07399 0.0 0.0 0.0 0.0 0.0 0.0 0.0499693717859 25 0 0.942028985507 0.862777747116 -63.080257945
-0.12623 0.35028 3.35743 -0.12979 0.55971 4.33189202426 0.78258 0.98072 0.30541 0.41196 152.77952 195.62801 147.22542 138.42519 0.3 0.3 0.0 0.0 0.0 0.0 0.0 0.0 0.72115 0.0 0.0 45.47487 -0.49999 0.07399 0.0 0.0 0.0 0.0 0.0 0.0 0.0501115266908 26 0 0.94964028777 0.844898795006 -63.080257945
-0.12623 0.35028 3.35743 -0.12979 0.55971 4.29641174003 0.78258 0.98072 0.30541 0.41196 152.77952 195.62801 147.22542 138.42519 0.3 0.3 0.0 0.0 0.0 0.0 0.0 0.0 0.72115 0.0 0.0 45.47487 -0.49999 0.07399 0.0 0.0 0.0 0.0 0.0 0.0 0.0492931346116 27 0 0.94964028777 0.83270542138 -63.080257945
-0.12623 0.35028 3.35743 -0.12979 0.55971 4.33072616403 0.78258 0.98072 0.30541 0.41196 152.77952 195.62801 147.22542 138.42519 0.3 0.3 0.0 0.0 0.0 0.0 0.0 0.0 0.72115 0.0 0.0 45.47487 -0.49999 0.07399 0.0 0.0 0.0 0.0 0.0 0.0 0.0497231865068 28 0 0.94964028777 0.8428209549 -63.080257945
-0.12623 0.35028 3.35743 -0.12979 0.55971 4.33212618406 0.78258 0.98072 0.30541 0.41196 152.77952 195.62801 147.22542 138.42519 0.3 0.3 0.0 0.0 0.0 0.0 0.0 0.0 0.72115 0.0 0.0 45.47487 -0.49999 0.07399 0.0 0.0 0.0 0.0 0.0 0.0 0.0507504652496 29 0 0.94964028777 0.844765303424 -63.080257945
-0.12623 0.35028 3.35743 -0.12979 0.55971 4.3224253238 0.78258 0.98072 0.30541 0.41196 152.77952 195.62801 147.22542 138.42519 0.3 0.3 0.0 0.0 0.0 0.0 0.0 0.0 0.72115 0.0 0.0 45.47487 -0.49999 0.07399 0.0 0.0 0.0 0.0 0.0 0.0 0.049528141941 30 0 0.94964028777 0.840772555475 -63.080257945
-0.12623 0.35028 3.35743 -0.12979 0.55971 4.31135066573 0.78258 0.98072 0.30541 0.41196 152.77952 195.62801 147.22542 138.42519 0.3 0.3 0.0 0.0 0.0 0.0 0.0 0.0 0.72115 0.0 0.0 45.47487 -0.49999 0.07399 0.0 0.0 0.0 0.0 0.0 0.0 0.0482420129983 31 0 0.94964028777 0.838283070717 -63.080257945
-0.12623 0.35028 3.35743 -0.12979 0.55971 4.33479436363 0.78258 0.98072 0.30541 0.41196 152.77952 195.62801 147.22542 138.42519 0.3 0.3 0.0 0.0 0.0 0.0 0.0 0.0 0.72115 0.0 0.0 45.47487 -0.49999 0.07399 0.0 0.0 0.0 0.0 0.0 0.0 0.0501900939683 32 0 0.94964028777 0.845322945153 -63.080257945
-0.12623 0.35028 3.35743 -0.12979 0.55971 4.28333575104 0.78258 0.98072 0.30541 0.41196 152.77952 195.62801 147.22542 138.42519 0.3 0.3 0.0 0.0 0.0 0.0 0.0 0.0 0.72115 0.0 0.0 45.47487 -0.49999 0.07399 0.0 0.0 0.0 0.0 0.0 0.0 0.0502839534417 33 1 0.963768115942 0.829099980626 -41.9235759848
-0.12623 0.35028 3.35743 -0.12979 0.55971 4.26821335615 0.78258 0.98072 0.30541 0.41196 152.77952 195.62801 147.22542 138.42519 0.3 0.3 0.0 0.0 0.0 0.0 0.0 0.0 0.72115 0.0 0.0 45.47487 -0.49999 0.07399 0.0 0.0 0.0 0.0 0.0 0.0 0.0502387737618 34 1 0.963768115942 0.810129355735 -40.1730554771
-0.12623 0.35028 3.35743 -0.12979 0.55971 4.29306060961 0.78258 0.98072 0.30541 0.41196 152.77952 195.62801 147.22542 138.42519 0.3 0.3 0.0 0.0 0.0 0.0 0.0 0.0 0.72115 0.0 0.0 45.47487 -0.49999 0.07399 0.0 0.0 0.0 0.0 0.0 0.0 0.0502549003887 35 0 0.94964028777 0.832890841503 -40.1730554771
-0.12623 0.35028 3.35743 -0.12979 0.55971 4.26959184594 0.78258 0.98072 0.30541 0.41196 152.77952 195.62801 147.22542 138.42519 0.3 0.3 0.0 0.0 0.0 0.0 0.0 0.0 0.72115 0.0 0.0 45.47487 -0.49999 0.07399 0.0 0.0 0.0 0.0 0.0 0.0 0.0507780065085 36 1 0.963768115942 0.810477218239 -39.4319378887
-0.12623 0.35028 3.35743 -0.12979 0.55971 4.263731407 0.78258 0.98072 0.30541 0.41196 152.77952 195.62801 147.22542 138.42519 0.3 0.3 0.0 0.0 0.0 0.0 0.0 0.0 0.72115 0.0 0.0 45.47487 -0.49999 0.07399 0.0 0.0 0.0 0.0 0.0 0.0 0.0510603843895 37 1 0.963768115942 0.814229123972 -39.3822452089
-0.12623 0.35028 3.35743 -0.12979 0.55971 4.25989723839 0.78258 0.98072 0.30541 0.41196 152.77952 195.62801 147.22542 138.42519 0.3 0.3 0.0 0.0 0.0 0.0 0.0 0.0 0.72115 0.0 0.0 45.47487 -0.49999 0.07399 0.0 0.0 0.0 0.0 0.0 0.0 0.0516278556388 38 1 0.970802919708 0.813745541389 -25.6938956664
-0.12623 0.35028 3.35743 -0.12979 0.55971 4.26075261268 0.78258 0.98072 0.30541 0.41196 152.77952 195.62801 147.22542 138.42519 0.3 0.3 0.0 0.0 0.0 0.0 0.0 0.0 0.72115 0.0 0.0 45.47487 -0.49999 0.07399 0.0 0.0 0.0 0.0 0.0 0.0 0.052281188349 39 1 0.970802919708 0.813952067167 -25.1611280437
-0.12623 0.35028 3.35743 -0.12979 0.55971 4.27896352563 0.78258 0.98072 0.30541 0.41196 152.77952 195.62801 147.22542 138.42519 0.3 0.3 0.0 0.0 0.0 0.0 0.0 0.0 0.72115 0.0 0.0 45.47487 -0.49999 0.07399 0.0 0.0 0.0 0.0 0.0 0.0 0.0523142008513 40 0 0.963768115942 0.812693312409 -25.1611280437
-0.12623 0.35028 3.35743 -0.12979 0.55971 4.29882324002 0.78258 0.98072 0.30541 0.41196 152.77952 195.62801 147.22542 138.42519 0.3 0.3 0.0 0.0 0.0 0.0 0.0 0.0 0.72115 0.0 0.0 45.47487 -0.49999 0.07399 0.0 0.0 0.0 0.0 0.0 0.0 0.0523134829471 41 0 0.94964028777 0.833055770216 -25.1611280437
-0.12623 0.35028 3.35743 -0.12979 0.55971 4.26204571235 0.78258 0.98072 0.30541 0.41196 152.77952 195.62801 147.22542 138.42519 0.3 0.3 0.0 0.0 0.0 0.0 0.0 0.0 0.72115 0.0 0.0 45.47487 -0.49999 0.07399 0.0 0.0 0.0 0.0 0.0 0.0 0.0517339111379 42 0 0.963768115942 0.810451248444 -25.1611280437
-0.12623 0.35028 3.35743 -0.12979 0.55971 4.24742507734 0.78258 0.98072 0.30541 0.41196 152.77952 195.62801 147.22542 138.42519 0.3 0.3 0.0 0.0 0.0 0.0 0.0 0.0 0.72115 0.0 0.0 45.47487 -0.49999 0.07399 0.0 0.0 0.0 0.0 0.0 0.0 0.0513668075982 43 1 0.970802919708 0.805823292494 -25.4516285061
-0.12623 0.35028 3.35743 -0.12979 0.55971 4.25424065624 0.78258 0.98072 0.30541 0.41196 152.77952 195.62801 147.22542 138.42519 0.3 0.3 0.0 0.0 0.0 0.0 0.0 0.0 0.72115 0.0 0.0 45.47487 -0.49999 0.07399 0.0 0.0 0.0 0.0 0.0 0.0 0.0511204424084 44 0 0.970802919708 0.809438601824 -25.4516285061
-0.12623 0.35028 3.35743 -0.12979 0.55971 4.24522658396 0.78258 0.98072 0.30541 0.41196 152.77952 195.62801 147.22542 138.42519 0.3 0.3 0.0 0.0 0.0 0.0 0.0 0.0 0.72115 0.0 0.0 45.47487 -0.49999 0.07399 0.0 0.0 0.0 0.0 0.0 0.0 0.0520412769406 45 1 0.970802919708 0.792991715286 -24.1658425441
-0.12623 0.35028 3.35743 -0.12979 0.55971 4.29810374165 0.78258 0.98072 0.30541 0.41196 152.77952 195.62801 147.22542 138.42519 0.3 0.3 0.0 0.0 0.0 0.0 0.0 0.0 0.72115 0.0 0.0 45.47487 -0.49999 0.07399 0.0 0.0 0.0 0.0 0.0 0.0 0.0522741593079 46 0 0.94964028777 0.832935001918 -24.1658425441
-0.12623 0.35028 3.35743 -0.12979 0.55971 4.25266851349 0.78258 0.98072 0.30541 0.41196 152.77952 195.62801 147.22542 138.42519 0.3 0.3 0.0 0.0 0.0 0.0 0.0 0.0 0.72115 0.0 0.0 45.47487 -0.49999 0.07399 0.0 0.0 0.0 0.0 0.0 0.0 0.0509246869309 47 0 0.970802919708 0.811199392256 -24.1658425441
-0.12623 0.35028 3.35743 -0.12979 0.55971 4.23252965229 0.78258 0.98072 0.30541 0.41196 152.77952 195.62801 147.22542 138.42519 0.3 0.3 0.0 0.0 0.0 0.0 0.0 0.0 0.72115 0.0 0.0 45.47487 -0.49999 0.07399 0.0 0.0 0.0 0.0 0.0 0.0 0.0512696196208 48 0 0.95652173913 0.789616139075 -24.1658425441
-0.12623 0.35028 3.35743 -0.12979 0.55971 4.24333894486 0.78258 0.98072 0.30541 0.41196 152.77952 195.62801 147.22542 138.42519 0.3 0.3 0.0 0.0 0.0 0.0 0.0 0.0 0.72115 0.0 0.0 45.47487 -0.49999 0.07399 0.0 0.0 0.0 0.0 0.0 0.0 0.0509788864301 49 0 0.970802919708 0.793449606571 -24.1658425441
-0.12623 0.35028 3.35743 -0.12979 0.55971 4.25485288331 0.78258 0.98072 0.30541 0.41196 152.77952 195.62801 147.22542 138.42519 0.3 0.3 0.0 0.0 0.0 0.0 0.0 0.0 0.72115 0.0 0.0 45.47487 -0.49999 0.07399 0.0 0.0 0.0 0.0 0.0 0.0 0.0523424310099 50 1 0.970802919708 0.809567864848 -24.8620600263
-0.12623 0.35028 3.35743 -0.12979 0.55971 4.26051172967 0.78258 0.98072 0.30541 0.41196 152.77952 195.62801 147.22542 138.42519 0.3 0.3 0.0 0.0 0.0 0.0 0.0 0.0 0.72115 0.0 0.0 45.47487 -0.49999 0.07399 0.0 0.0 0.0 0.0 0.0 0.0 0.0518788921691 51 0 0.970802919708 0.813905276097 -24.8620600263
-0.12623 0.35028 3.35743 -0.12979 0.55971 4.2909846766 0.78258 0.98072 0.30541 0.41196 152.77952 195.62801 147.22542 138.42519 0.3 0.3 0.0 0.0 0.0 0.0 0.0 0.0 0.72115 0.0 0.0 45.47487 -0.49999 0.07399 0.0 0.0 0.0 0.0 0.0 0.0 0.0523288487391 52 0 0.95652173913 0.832144674948 -24.8620600263
-0.12623 0.35028 3.35743 -0.12979 0.55971 4.26929550645 0.78258 0.98072 0.30541 0.41196 152.77952 195.62801 147.22542 138.42519 0.3 0.3 0.0 0.0 0.0 0.0 0.0 0.0 0.72115 0.0 0.0 45.47487 -0.49999 0.07399 0.0 0.0 0.0 0.0 0.0 0.0 0.0525051385025 53 0 0.963768115942 0.81037425751 -24.8620600263
-0.12623 0.35028 3.35743 -0.12979 0.55971 4.20703876162 0.78258 0.98072 0.30541 0.41196 152.77952 195.62801 147.22542 138.42519 0.3 0.3 0.0 0.0 0.0 0.0 0.0 0.0 0.72115 0.0 0.0 45.47487 -0.49999 0.07399 0.0 0.0 0.0 0.0 0.0 0.0 0.0533938443816 54 0 0.956204379562 0.763164922564 -24.8620600263
-0.12623 0.35028 3.35743 -0.12979 0.55971 4.24161812029 0.78258 0.98072 0.30541 0.41196 152.77952 195.62801 147.22542 138.42519 0.3 0.3 0.0 0.0 0.0 0.0 0.0 0.0 0.72115 0.0 0.0 45.47487 -0.49999 0.07399 0.0 0.0 0.0 0.0 0.0 0.0 0.0519146425697 55 1 0.970802919708 0.801238455842 -24.7332853708
-0.12623 0.35028 3.35743 -0.12979 0.55971 4.25532310124 0.78258 0.98072 0.30541 0.41196 152.77952 195.62801 147.22542 138.42519 0.3 0.3 0.0 0.0 0.0 0.0 0.0 0.0 0.72115 0.0 0.0 45.47487 -0.49999 0.07399 0.0 0.0 0.0 0.0 0.0 0.0 0.0520185004125 56 0 0.970802919708 0.812536970091 -24.7332853708
-0.12623 0.35028 3.35743 -0.12979 0.55971 4.24858684511 0.78258 0.98072 0.30541 0.41196 152.77952 195.62801 147.22542 138.42519 0.3 0.3 0.0 0.0 0.0 0.0 0.0 0.0 0.72115 0.0 0.0 45.47487 -0.49999 0.07399 0.0 0.0 0.0 0.0 0.0 0.0 0.050912102908 57 0 0.970802919708 0.806133271239 -24.7332853708
-0.12623 0.35028 3.35743 -0.12979 0.55971 4.27892712359 0.78258 0.98072 0.30541 0.41196 152.77952 195.62801 147.22542 138.42519 0.3 0.3 0.0 0.0 0.0 0.0 0.0 0.0 0.72115 0.0 0.0 45.47487 -0.49999 0.07399 0.0 0.0 0.0 0.0 0.0 0.0 0.0517970170916 58 0 0.963768115942 0.81269940498 -24.7332853708
-0.12623 0.35028 3.35743 -0.12979 0.55971 4.2670883026 0.78258 0.98072 0.30541 0.41196 152.77952 195.62801 147.22542 138.42519 0.3 0.3 0.0 0.0 0.0 0.0 0.0 0.0 0.72115 0.0 0.0 45.47487 -0.49999 0.07399 0.0 0.0 0.0 0.0 0.0 0.0 0.0526144229986 59 0 0.963768115942 0.815184140347 -24.7332853708
-0.12623 0.35028 3.35743 -0.12979 0.55971 4.26151696129 0.78258 0.98072 0.30541 0.41196 152.77952 195.62801 147.22542 138.42519 0.3 0.3 0.0 0.0 0.0 0.0 0.0 0.0 0.72115 0.0 0.0 45.47487 -0.49999 0.07399 0.0 0.0 0.0 0.0 0.0 0.0 0.0512000285403 60 0 0.963768115942 0.813700157954 -24.7332853708
-0.12623 0.35028 3.35743 -0.12979 0.55971 4.25055722498 0.78258 0.98072 0.30541 0.41196 152.77952 195.62801 147.22542 138.42519 0.3 0.3 0.0 0.0 0.0 0.0 0.0 0.0 0.72115 0.0 0.0 45.47487 -0.49999 0.07399 0.0 0.0 0.0 0.0 0.0 0.0 0.0506970389567 61 0 0.970802919708 0.808552109566 -24.7332853708
-0.12623 0.35028 3.35743 -0.12979 0.55971 4.23597726633 0.78258 0.98072 0.30541 0.41196 152.77952 195.62801 147.22542 138.42519 0.3 0.3 0.0 0.0 0.0 0.0 0.0 0.0 0.72115 0.0 0.0 45.47487 -0.49999 0.07399 0.0 0.0 0.0 0.0 0.0 0.0 0.0511498528808 62 0 0.963503649635 0.790540397255 -24.7332853708
-0.12623 0.35028 3.35743 -0.12979 0.55971 4.286528413 0.78258 0.98072 0.30541 0.41196 152.77952 195.62801 147.22542 138.42519 0.3 0.3 0.0 0.0 0.0 0.0 0.0 0.0 0.72115 0.0 0.0 45.47487 -0.49999 0.07399 0.0 0.0 0.0 0.0 0.0 0.0 0.0516183005811 63 0 0.95652173913 0.82940038135 -24.7332853708
-0.12623 0.35028 3.35743 -0.12979 0.55971 4.24162598445 0.78258 0.98072 0.30541 0.41196 152.77952 195.62801 147.22542 138.42519 0.3 0.3 0.0 0.0 0.0 0.0 0.0 0.0 0.72115 0.0 0.0 45.47487 -0.49999 0.07399 0.0 0.0 0.0 0.0 0.0 0.0 0.0514809134745 64 1 0.970802919708 0.801240631703 -25.0887833009
-0.12623 0.35028 3.35743 -0.12979 0.55971 4.23020656835 0.78258 0.98072 0.30541 0.41196 152.77952 195.62801 147.22542 138.42519 0.3 0.3 0.0 0.0 0.0 0.0 0.0 0.0 0.72115 0.0 0.0 45.47487 -0.49999 0.07399 0.0 0.0 0.0 0.0 0.0 0.0 0.0516711504072 65 0 0.95652173913 0.788922533363 -25.0887833009
-0.12623 0.35028 3.35743 -0.12979 0.55971 4.32335617567 0.78258 0.98072 0.30541 0.41196 152.77952 195.62801 147.22542 138.42519 0.3 0.3 0.0 0.0 0.0 0.0 0.0 0.0 0.72115 0.0 0.0 45.47487 -0.49999 0.07399 0.0 0.0 0.0 0.0 0.0 0.0 0.0519203602313 66 0 0.94964028777 0.84106883776 -25.0887833009
-0.12623 0.35028 3.35743 -0.12979 0.55971 4.2043503553 0.78258 0.98072 0.30541 0.41196 152.77952 195.62801 147.22542 138.42519 0.3 0.3 0.0 0.0 0.0 0.0 0.0 0.0 0.72115 0.0 0.0 45.47487 -0.49999 0.07399 0.0 0.0 0.0 0.0 0.0 0.0 0.0515318496243 67 1 0.970802919708 0.74783112141 -22.0586021526
-0.12623 0.35028 3.35743 -0.12979 0.55971 4.21041933602 0.78258 0.98072 0.30541 0.41196 152.77952 195.62801 147.22542 138.42519 0.3 0.3 0.0 0.0 0.0 0.0 0.0 0.0 0.72115 0.0 0.0 45.47487 -0.49999 0.07399 0.0 0.0 0.0 0.0 0.0 0.0 0.0502264141326 68 0 0.956204379562 0.762549885425 -22.0586021526
-0.12623 0.35028 3.35743 -0.12979 0.55971 4.15051731124 0.78258 0.98072 0.30541 0.41196 152.77952 195.62801 147.22542 138.42519 0.3 0.3 0.0 0.0 0.0 0.0 0.0 0.0 0.72115 0.0 0.0 45.47487 -0.49999 0.07399 0.0 0.0 0.0 0.0 0.0 0.0 0.0511270358497 69 1 0.970588235294 0.617848623524 -16.0447792761
-0.12623 0.35028 3.35743 -0.12979 0.55971 4.13853084767 0.78258 0.98072 0.30541 0.41196 152.77952 195.62801 147.22542 138.42519 0.3 0.3 0.0 0.0 0.0 0.0 0.0 0.0 0.72115 0.0 0.0 45.47487 -0.49999 0.07399 0.0 0.0 0.0 0.0 0.0 0.0 0.0508187733255 70 1 0.977941176471 0.589230293485 -9.17018501665
-0.12623 0.35028 3.35743 -0.12979 0.55971 4.15338140169 0.78258 0.98072 0.30541 0.41196 152.77952 195.62801 147.22542 138.42519 0.3 0.3 0.0 0.0 0.0 0.0 0.0 0.0 0.72115 0.0 0.0 45.47487 -0.49999 0.07399 0.0 0.0 0.0 0.0 0.0 0.0 0.0497704904696 71 0 0.970588235294 0.596737349928 -9.17018501665
-0.12623 0.35028 3.35743 -0.12979 0.55971 4.13996764897 0.78258 0.98072 0.30541 0.41196 152.77952 195.62801 147.22542 138.42519 0.3 0.3 0.0 0.0 0.0 0.0 0.0 0.0 0.72115 0.0 0.0 45.47487 -0.49999 0.07399 0.0 0.0 0.0 0.0 0.0 0.0 0.0517675038137 72 1 0.977941176471 0.610021937274 -9.47992175366
-0.12623 0.35028 3.35743 -0.12979 0.55971 4.12332317833 0.78258 0.98072 0.30541 0.41196 152.77952 195.62801 147.22542 138.42519 0.3 0.3 0.0 0.0 0.0 0.0 0.0 0.0 0.72115 0.0 0.0 45.47487 -0.49999 0.07399 0.0 0.0 0.0 0.0 0.0 0.0 0.0513911306023 73 0 0.970802919708 0.502267419749 -9.47992175366
-0.12623 0.35028 3.35743 -0.12979 0.55971 4.14760160868 0.78258 0.98072 0.30541 0.41196 152.77952 195.62801 147.22542 138.42519 0.3 0.3 0.0 0.0 0.0 0.0 0.0 0.0 0.72115 0.0 0.0 45.47487 -0.49999 0.07399 0.0 0.0 0.0 0.0 0.0 0.0 0.0519145300608 74 0 0.970588235294 0.589967915725 -9.47992175366
-0.12623 0.35028 3.35743 -0.12979 0.55971 4.1612159265 0.78258 0.98072 0.30541 0.41196 152.77952 195.62801 147.22542 138.42519 0.3 0.3 0.0 0.0 0.0 0.0 0.0 0.0 0.72115 0.0 0.0 45.47487 -0.49999 0.07399 0.0 0.0 0.0 0.0 0.0 0.0 0.051945634606 75 0 0.970588235294 0.602669668575 -9.47992175366
-0.12623 0.35028 3.35743 -0.12979 0.55971 4.16159604543 0.78258 0.98072 0.30541 0.41196 152.77952 195.62801 147.22542 138.42519 0.3 0.3 0.0 0.0 0.0 0.0 0.0 0.0 0.72115 0.0 0.0 45.47487 -0.49999 0.07399 0.0 0.0 0.0 0.0 0.0 0.0 0.0527373965269 76 0 0.970588235294 0.602706485861 -9.47992175366
-0.12623 0.35028 3.35743 -0.12979 0.55971 4.12962075794 0.78258 0.98072 0.30541 0.41196 152.77952 195.62801 147.22542 138.42519 0.3 0.3 0.0 0.0 0.0 0.0 0.0 0.0 0.72115 0.0 0.0 45.47487 -0.49999 0.07399 0.0 0.0 0.0 0.0 0.0 0.0 0.0518313987491 77 1 0.977941176471 0.502396687267 -7.02622075461
-0.12623 0.35028 3.35743 -0.12979 0.55971 4.13388318753 0.78258 0.98072 0.30541 0.41196 152.77952 195.62801 147.22542 138.42519 0.3 0.3 0.0 0.0 0.0 0.0 0.0 0.0 0.72115 0.0 0.0 45.47487 -0.49999 0.07399 0.0 0.0 0.0 0.0 0.0 0.0 0.05150332925 78 0 0.977941176471 0.592911325885 -7.02622075461
-0.12623 0.35028 3.35743 -0.12979 0.55971 4.15408641843 0.78258 0.98072 0.30541 0.41196 152.77952 195.62801 147.22542 138.42519 0.3 0.3 0.0 0.0 0.0 0.0 0.0 0.0 0.72115 0.0 0.0 45.47487 -0.49999 0.07399 0.0 0.0 0.0 0.0 0.0 0.0 0.051710319906 79 0 0.970588235294 0.597960463693 -7.02622075461
-0.12623 0.35028 3.35743 -0.12979 0.55971 4.11410873214 0.78258 0.98072 0.30541 0.41196 152.77952 195.62801 147.22542 138.42519 0.3 0.3 0.0 0.0 0.0 0.0 0.0 0.0 0.72115 0.0 0.0 45.47487 -0.49999 0.07399 0.0 0.0 0.0 0.0 0.0 0.0 0.0522467645445 80 1 0.985401459854 0.473673843726 -3.88382682001
-0.12623 0.35028 3.35743 -0.12979 0.55971 4.10384735666 0.78258 0.98072 0.30541 0.41196 152.77952 195.62801 147.22542 138.42519 0.3 0.3 0.0 0.0 0.0 0.0 0.0 0.0 0.72115 0.0 0.0 45.47487 -0.49999 0.07399 0.0 0.0 0.0 0.0 0.0 0.0 0.0523393039035 81 1 0.985401459854 0.476800768576 -3.90960210157
-0.12623 0.35028 3.35743 -0.12979 0.55971 4.14637516773 0.78258 0.98072 0.30541 0.41196 152.77952 195.62801 147.22542 138.42519 0.3 0.3 0.0 0.0 0.0 0.0 0.0 0.0 0.72115 0.0 0.0 45.47487 -0.49999 0.07399 0.0 0.0 0.0 0.0 0.0 0.0 0.0526501395092 82 0 0.970588235294 0.589843701823 -3.90960210157
-0.12623 0.35028 3.35743 -0.12979 0.55971 4.09333266472 0.78258 0.98072 0.30541 0.41196 152.77952 195.62801 147.22542 138.42519 0.3 0.3 0.0 0.0 0.0 0.0 0.0 0.0 0.72115 0.0 0.0 45.47487 -0.49999 0.07399 0.0 0.0 0.0 0.0 0.0 0.0 0.051895842696 83 1 0.985401459854 0.481828312498 -3.95453213601
-0.12623 0.35028 3.35743 -0.12979 0.55971 4.0873716426 0.78258 0.98072 0.30541 0.41196 152.77952 195.62801 147.22542 138.42519 0.3 0.3 0.0 0.0 0.0 0.0 0.0 0.0 0.72115 0.0 0.0 45.47487 -0.49999 0.07399 0.0 0.0 0.0 0.0 0.0 0.0 0.0523280705361 84 1 0.985401459854 0.475040090089 -3.89496549504
-0.12623 0.35028 3.35743 -0.12979 0.55971 4.0688111517 0.78258 0.98072 0.30541 0.41196 152.77952 195.62801 147.22542 138.42519 0.3 0.3 0.0 0.0 0.0 0.0 0.0 0.0 0.72115 0.0 0.0 45.47487 -0.49999 0.07399 0.0 0.0 0.0 0.0 0.0 0.0 0.0517352553706 85 1 0.992647058824 0.415085149739 -2.26773971979
-0.12623 0.35028 3.35743 -0.12979 0.55971 4.0690223347 0.78258 0.98072 0.30541 0.41196 152.77952 195.62801 147.22542 138.42519 0.3 0.3 0.0 0.0 0.0 0.0 0.0 0.0 0.72115 0.0 0.0 45.47487 -0.49999 0.07399 0.0 0.0 0.0 0.0 0.0 0.0 0.0516269050588 86 1 0.992647058824 0.415325960943 -2.26205557624
-0.12623 0.35028 3.35743 -0.12979 0.55971 4.04753781726 0.78258 0.98072 0.30541 0.41196 152.77952 195.62801 147.22542 138.42519 0.3 0.3 0.0 0.0 0.0 0.0 0.0 0.0 0.72115 0.0 0.0 45.47487 -0.49999 0.07399 0.0 0.0 0.0 0.0 0.0 0.0 0.0510474619004 87 1 1.0 0.279634844336 -1.82704551431
-0.12623 0.35028 3.35743 -0.12979 0.55971 4.03944503569 0.78258 0.98072 0.30541 0.41196 152.77952 195.62801 147.22542 138.42519 0.3 0.3 0.0 0.0 0.0 0.0 0.0 0.0 0.72115 0.0 0.0 45.47487 -0.49999 0.07399 0.0 0.0 0.0 0.0 0.0 0.0 0.05099098444 88 1 1.0 0.455440098237 -1.82303753006
-0.12623 0.35028 3.35743 -0.12979 0.55971 4.03395841108 0.78258 0.98072 0.30541 0.41196 152.77952 195.62801 147.22542 138.42519 0.3 0.3 0.0 0.0 0.0 0.0 0.0 0.0 0.72115 0.0 0.0 45.47487 -0.49999 0.07399 0.0 0.0 0.0 0.0 0.0 0.0 0.0513891242306 89 1 1.0 0.408772506852 -1.85138349206
-0.12623 0.35028 3.35743 -0.12979 0.55971 4.03885312268 0.78258 0.98072 0.30541 0.41196 152.77952 195.62801 147.22542 138.42519 0.3 0.3 0.0 0.0 0.0 0.0 0.0 0.0 0.72115 0.0 0.0 45.47487 -0.49999 0.07399 0.0 0.0 0.0 0.0 0.0 0.0 0.0511111141626 90 1 1.0 0.454831683769 -1.83156781273
-0.12623 0.35028 3.35743 -0.12979 0.55971 4.04697493978 0.78258 0.98072 0.30541 0.41196 152.77952 195.62801 147.22542 138.42519 0.3 0.3 0.0 0.0 0.0 0.0 0.0 0.0 0.72115 0.0 0.0 45.47487 -0.49999 0.07399 0.0 0.0 0.0 0.0 0.0 0.0 0.0512176320368 91 1 1.0 0.27961640074 -1.83914777995
-0.12623 0.35028 3.35743 -0.12979 0.55971 4.04639188092 0.78258 0.98072 0.30541 0.41196 152.77952 195.62801 147.22542 138.42519 0.3 0.3 0.0 0.0 0.0 0.0 0.0 0.0 0.72115 0.0 0.0 45.47487 -0.49999 0.07399 0.0 0.0 0.0 0.0 0.0 0.0 0.0502827654835 92 1 1.0 0.276586515975 -1.77314270702
-0.12623 0.35028 3.35743 -0.12979 0.55971 4.0192020638 0.78258 0.98072 0.30541 0.41196 152.77952 195.62801 147.22542 138.42519 0.3 0.3 0.0 0.0 0.0 0.0 0.0 0.0 0.72115 0.0 0.0 45.47487 -0.49999 0.07399 0.0 0.0 0.0 0.0 0.0 0.0 0.0514006946741 93 1 1.0 0.422770162118 -1.85221045077
-0.12623 0.35028 3.35743 -0.12979 0.55971 4.05254256792 0.78258 0.98072 0.30541 0.41196 152.77952 195.62801 147.22542 138.42519 0.3 0.3 0.0 0.0 0.0 0.0 0.0 0.0 0.72115 0.0 0.0 45.47487 -0.49999 0.07399 0.0 0.0 0.0 0.0 0.0 0.0 0.0512910625185 94 1 1.0 0.344518939594 -1.84438209104
-0.12623 0.35028 3.35743 -0.12979 0.55971 4.02778495629 0.78258 0.98072 0.30541 0.41196 152.77952 195.62801 147.22542 138.42519 0.3 0.3 0.0 0.0 0.0 0.0 0.0 0.0 0.72115 0.0 0.0 45.47487 -0.49999 0.07399 0.0 0.0 0.0 0.0 0.0 0.0 0.0517185971383 95 1 1.0 0.418338181431 -1.87500190043
-0.12623 0.35028 3.35743 -0.12979 0.55971 4.03056813917 0.78258 0.98072 0.30541 0.41196 152.77952 195.62801 147.22542 138.42519 0.3 0.3 0.0 0.0 0.0 0.0 0.0 0.0 0.72115 0.0 0.0 45.47487 -0.49999 0.07399 0.0 0.0 0.0 0.0 0.0 0.0 0.0518529280843 96 1 1.0 0.407848396462 -1.88467335774
-0.12623 0.35028 3.35743 -0.12979 0.55971 4.05238534574 0.78258 0.98072 0.30541 0.41196 152.77952 195.62801 147.22542 138.42519 0.3 0.3 0.0 0.0 0.0 0.0 0.0 0.0 0.72115 0.0 0.0 45.47487 -0.49999 0.07399 0.0 0.0 0.0 0.0 0.0 0.0 0.0522868819897 97 1 1.0 0.27902551607 -1.91608253508
-0.12623 0.35028 3.35743 -0.12979 0.55971 4.06844253523 0.78258 0.98072 0.30541 0.41196 152.77952 195.62801 147.22542 138.42519 0.3 0.3 0.0 0.0 0.0 0.0 0.0 0.0 0.72115 0.0 0.0 45.47487 -0.49999 0.07399 0.0 0.0 0.0 0.0 0.0 0.0 0.0522651886268 98 1 0.992647058824 0.415048595607 -2.29807896754
-0.12623 0.35028 3.35743 -0.12979 0.55971 4.0473677206 0.78258 0.98072 0.30541 0.41196 152.77952 195.62801 147.22542 138.42519 0.3 0.3 0.0 0.0 0.0 0.0 0.0 0.0 0.72115 0.0 0.0 45.47487 -0.49999 0.07399 0.0 0.0 0.0 0.0 0.0 0.0 0.0517183858315 99 1 1.0 0.279563756655 -1.87498670603
-0.12623 0.35028 3.35743 -0.12979 0.55971 4.07601773886 0.78258 0.98072 0.30541 0.41196 152.77952 195.62801 147.22542 138.42519 0.3 0.3 0.0 0.0 0.0 0.0 0.0 0.0 0.72115 0.0 0.0 45.47487 -0.49999 0.07399 0.0 0.0 0.0 0.0 0.0 0.0 0.0515451698713 100 1 0.992647058824 0.420549368242 -2.26743746163
