-0.12623 0.35028 3.35743 -0.12979 0.55971 3.65405333333 0.78258 0.98072 0.30541 0.41196 152.77952 195.62801 147.22542 138.42519 0.3 0.3 0.0 0.0 0.0 0.0 0.0 0.0 0.72115 0.0 0.0 45.47487 -0.49999 0.07399 0.0 0.0 0.0 0.0 0.0 0.0 0.05 0 1 0.924657534247 1.13512947921 -330.895163
-0.12623 0.35028 3.35743 -0.12979 0.55971 3.64120293096 0.78258 0.98072 0.30541 0.41196 152.77952 195.62801 147.22542 138.42519 0.3 0.3 0.0 0.0 0.0 0.0 0.0 0.0 0.72115 0.0 0.0 45.47487 -0.49999 0.07399 0.0 0.0 0.0 0.0 0.0 0.0 0.0494377958756 1 1 0.924657534247 1.09877628916 -317.165956528
-0.12623 0.35028 3.35743 -0.12979 0.55971 3.61719734152 0.78258 0.98072 0.30541 0.41196 152.77952 195.62801 147.22542 138.42519 0.3 0.3 0.0 0.0 0.0 0.0 0.0 0.0 0.72115 0.0 0.0 45.47487 -0.49999 0.07399 0.0 0.0 0.0 0.0 0.0 0.0 0.0480342764818 2 0 0.918367346939 1.14146393392 -317.165956528
-0.12623 0.35028 3.35743 -0.12979 0.55971 3.62471259423 0.78258 0.98072 0.30541 0.41196 152.77952 195.62801 147.22542 138.42519 0.3 0.3 0.0 0.0 0.0 0.0 0.0 0.0 0.72115 0.0 0.0 45.47487 -0.49999 0.07399 0.0 0.0 0.0 0.0 0.0 0.0 0.0481086146556 3 0 0.918367346939 1.07017961476 -317.165956528
-0.12623 0.35028 3.35743 -0.12979 0.55971 3.62046218235 0.78258 0.98072 0.30541 0.41196 152.77952 195.62801 147.22542 138.42519 0.3 0.3 0.0 0.0 0.0 0.0 0.0 0.0 0.72115 0.0 0.0 45.47487 -0.49999 0.07399 0.0 0.0 0.0 0.0 0.0 0.0 0.0497479799865 4 0 0.912162162162 1.07270503707 -317.165956528
-0.12623 0.35028 3.35743 -0.12979 0.55971 3.61180779795 0.78258 0.98072 0.30541 0.41196 152.77952 195.62801 147.22542 138.42519 0.3 0.3 0.0 0.0 0.0 0.0 0.0 0.0 0.72115 0.0 0.0 45.47487 -0.49999 0.07399 0.0 0.0 0.0 0.0 0.0 0.0 0.0498882530679 5 0 0.912162162162 1.20660106515 -317.165956528
-0.12623 0.35028 3.35743 -0.12979 0.55971 3.62584760028 0.78258 0.98072 0.30541 0.41196 152.77952 195.62801 147.22542 138.42519 0.3 0.3 0.0 0.0 0.0 0.0 0.0 0.0 0.72115 0.0 0.0 45.47487 -0.49999 0.07399 0.0 0.0 0.0 0.0 0.0 0.0 0.0497593597841 6 0 0.918367346939 1.07347866156 -317.165956528
-0.12623 0.35028 3.35743 -0.12979 0.55971 3.64397433481 0.78258 0.98072 0.30541 0.41196 152.77952 195.62801 147.22542 138.42519 0.3 0.3 0.0 0.0 0.0 0.0 0.0 0.0 0.72115 0.0 0.0 45.47487 -0.49999 0.07399 0.0 0.0 0.0 0.0 0.0 0.0 0.0495500327253 7 0 0.924657534247 1.12887933021 -317.165956528
-0.12623 0.35028 3.35743 -0.12979 0.55971 3.62328836327 0.78258 0.98072 0.30541 0.41196 152.77952 195.62801 147.22542 138.42519 0.3 0.3 0.0 0.0 0.0 0.0 0.0 0.0 0.72115 0.0 0.0 45.47487 -0.49999 0.07399 0.0 0.0 0.0 0.0 0.0 0.0 0.0490780676592 8 0 0.912162162162 1.09704992384 -317.165956528
-0.12623 0.35028 3.35743 -0.12979 0.55971 3.55867152169 0.78258 0.98072 0.30541 0.41196 152.77952 195.62801 147.22542 138.42519 0.3 0.3 0.0 0.0 0.0 0.0 0.0 0.0 0.72115 0.0 0.0 45.47487 -0.49999 0.07399 0.0 0.0 0.0 0.0 0.0 0.0 0.0504314490193 9 0 0.887417218543 1.24686219998 -317.165956528
-0.12623 0.35028 3.35743 -0.12979 0.55971 3.69591997271 0.78258 0.98072 0.30541 0.41196 152.77952 195.62801 147.22542 138.42519 0.3 0.3 0.0 0.0 0.0 0.0 0.0 0.0 0.72115 0.0 0.0 45.47487 -0.49999 0.07399 0.0 0.0 0.0 0.0 0.0 0.0 0.0486676966781 10 0 0.924137931034 1.16077458473 -317.165956528
-0.12623 0.35028 3.35743 -0.12979 0.55971 3.62254149448 0.78258 0.98072 0.30541 0.41196 152.77952 195.62801 147.22542 138.42519 0.3 0.3 0.0 0.0 0.0 0.0 0.0 0.0 0.72115 0.0 0.0 45.47487 -0.49999 0.07399 0.0 0.0 0.0 0.0 0.0 0.0 0.0497001804883 11 0 0.912162162162 1.06888859799 -317.165956528
-0.12623 0.35028 3.35743 -0.12979 0.55971 3.62259721124 0.78258 0.98072 0.30541 0.41196 152.77952 195.62801 147.22542 138.42519 0.3 0.3 0.0 0.0 0.0 0.0 0.0 0.0 0.72115 0.0 0.0 45.47487 -0.49999 0.07399 0.0 0.0 0.0 0.0 0.0 0.0 0.0498068470708 12 0 0.912162162162 1.09194347027 -317.165956528
-0.12623 0.35028 3.35743 -0.12979 0.55971 3.6486435118 0.78258 0.98072 0.30541 0.41196 152.77952 195.62801 147.22542 138.42519 0.3 0.3 0.0 0.0 0.0 0.0 0.0 0.0 0.72115 0.0 0.0 45.47487 -0.49999 0.07399 0.0 0.0 0.0 0.0 0.0 0.0 0.0498349438625 13 0 0.924657534247 1.13581308079 -317.165956528
-0.12623 0.35028 3.35743 -0.12979 0.55971 3.64351376578 0.78258 0.98072 0.30541 0.41196 152.77952 195.62801 147.22542 138.42519 0.3 0.3 0.0 0.0 0.0 0.0 0.0 0.0 0.72115 0.0 0.0 45.47487 -0.49999 0.07399 0.0 0.0 0.0 0.0 0.0 0.0 0.0495264112418 14 0 0.924657534247 1.12876922657 -317.165956528
-0.12623 0.35028 3.35743 -0.12979 0.55971 3.64999717433 0.78258 0.98072 0.30541 0.41196 152.77952 195.62801 147.22542 138.42519 0.3 0.3 0.0 0.0 0.0 0.0 0.0 0.0 0.72115 0.0 0.0 45.47487 -0.49999 0.07399 0.0 0.0 0.0 0.0 0.0 0.0 0.0486691998 15 0 0.924657534247 1.1359201039 -317.165956528
-0.12623 0.35028 3.35743 -0.12979 0.55971 3.64651760795 0.78258 0.98072 0.30541 0.41196 152.77952 195.62801 147.22542 138.42519 0.3 0.3 0.0 0.0 0.0 0.0 0.0 0.0 0.72115 0.0 0.0 45.47487 -0.49999 0.07399 0.0 0.0 0.0 0.0 0.0 0.0 0.0497849864085 16 0 0.924657534247 1.13096763099 -317.165956528
-0.12623 0.35028 3.35743 -0.12979 0.55971 3.62163672674 0.78258 0.98072 0.30541 0.41196 152.77952 195.62801 147.22542 138.42519 0.3 0.3 0.0 0.0 0.0 0.0 0.0 0.0 0.72115 0.0 0.0 45.47487 -0.49999 0.07399 0.0 0.0 0.0 0.0 0.0 0.0 0.0493100566867 17 0 0.912162162162 1.06897669902 -317.165956528
-0.12623 0.35028 3.35743 -0.12979 0.55971 3.6584105637 0.78258 0.98072 0.30541 0.41196 152.77952 195.62801 147.22542 138.42519 0.3 0.3 0.0 0.0 0.0 0.0 0.0 0.0 0.72115 0.0 0.0 45.47487 -0.49999 0.07399 0.0 0.0 0.0 0.0 0.0 0.0 0.0485423202017 18 0 0.924657534247 1.15248680548 -317.165956528
-0.12623 0.35028 3.35743 -0.12979 0.55971 3.64599569815 0.78258 0.98072 0.30541 0.41196 152.77952 195.62801 147.22542 138.42519 0.3 0.3 0.0 0.0 0.0 0.0 0.0 0.0 0.72115 0.0 0.0 45.47487 -0.49999 0.07399 0.0 0.0 0.0 0.0 0.0 0.0 0.0497133236091 19 0 0.924657534247 1.13021960487 -317.165956528
-0.12623 0.35028 3.35743 -0.12979 0.55971 3.62846389819 0.78258 0.98072 0.30541 0.41196 152.77952 195.62801 147.22542 138.42519 0.3 0.3 0.0 0.0 0.0 0.0 0.0 0.0 0.72115 0.0 0.0 45.47487 -0.49999 0.07399 0.0 0.0 0.0 0.0 0.0 0.0 0.049231478105 20 0 0.918367346939 1.11164180111 -317.165956528
-0.12623 0.35028 3.35743 -0.12979 0.55971 3.64858168749 0.78258 0.98072 0.30541 0.41196 152.77952 195.62801 147.22542 138.42519 0.3 0.3 0.0 0.0 0.0 0.0 0.0 0.0 0.72115 0.0 0.0 45.47487 -0.49999 0.07399 0.0 0.0 0.0 0.0 0.0 0.0 0.0498400457285 21 0 0.924657534247 1.13581548814 -317.165956528
-0.12623 0.35028 3.35743 -0.12979 0.55971 3.64619725565 0.78258 0.98072 0.30541 0.41196 152.77952 195.62801 147.22542 138.42519 0.3 0.3 0.0 0.0 0.0 0.0 0.0 0.0 0.72115 0.0 0.0 45.47487 -0.49999 0.07399 0.0 0.0 0.0 0.0 0.0 0.0 0.04880944301 22 0 0.924657534247 1.130204153 -317.165956528
-0.12623 0.35028 3.35743 -0.12979 0.55971 3.63205009886 0.78258 0.98072 0.30541 0.41196 152.77952 195.62801 147.22542 138.42519 0.3 0.3 0.0 0.0 0.0 0.0 0.0 0.0 0.72115 0.0 0.0 45.47487 -0.49999 0.07399 0.0 0.0 0.0 0.0 0.0 0.0 0.0497737641499 23 0 0.918367346939 1.12355366413 -317.165956528
-0.12623 0.35028 3.35743 -0.12979 0.55971 3.60065689617 0.78258 0.98072 0.30541 0.41196 152.77952 195.62801 147.22542 138.42519 0.3 0.3 0.0 0.0 0.0 0.0 0.0 0.0 0.72115 0.0 0.0 45.47487 -0.49999 0.07399 0.0 0.0 0.0 0.0 0.0 0.0 0.049360135516 24 0 0.912162162162 1.20462953475 -317.165956528
-0.12623 0.35028 3.35743 -0.12979 0.55971 3.65829655043 0.78258 0.98072 0.30541 0.41196 152.77952 195.62801 147.22542 138.42519 0.3 0.3 0.0 0.0 0.0 0.0 0.0 0.0 0.72115 0.0 0.0 45.47487 -0.49999 0.07399 0.0 0.0 0.0 0.0 0.0 0.0 0.0504773958774 25 1 0.924657534247 1.07946118094 -293.83352282
-0.12623 0.35028 3.35743 -0.12979 0.55971 3.66142693243 0.78258 0.98072 0.30541 0.41196 152.77952 195.62801 147.22542 138.42519 0.3 0.3 0.0 0.0 0.0 0.0 0.0 0.0 0.72115 0.0 0.0 45.47487 -0.49999 0.07399 0.0 0.0 0.0 0.0 0.0 0.0 0.0510676098011 26 0 0.924657534247 1.15349484959 -293.83352282
-0.12623 0.35028 3.35743 -0.12979 0.55971 3.63332025633 0.78258 0.98072 0.30541 0.41196 152.77952 195.62801 147.22542 138.42519 0.3 0.3 0.0 0.0 0.0 0.0 0.0 0.0 0.72115 0.0 0.0 45.47487 -0.49999 0.07399 0.0 0.0 0.0 0.0 0.0 0.0 0.0496950747231 27 0 0.924657534247 1.12058546336 -293.83352282
-0.12623 0.35028 3.35743 -0.12979 0.55971 3.61177731614 0.78258 0.98072 0.30541 0.41196 152.77952 195.62801 147.22542 138.42519 0.3 0.3 0.0 0.0 0.0 0.0 0.0 0.0 0.72115 0.0 0.0 45.47487 -0.49999 0.07399 0.0 0.0 0.0 0.0 0.0 0.0 0.0502431395731 28 0 0.912162162162 1.20659586288 -293.83352282
-0.12623 0.35028 3.35743 -0.12979 0.55971 3.72830271093 0.78258 0.98072 0.30541 0.41196 152.77952 195.62801 147.22542 138.42519 0.3 0.3 0.0 0.0 0.0 0.0 0.0 0.0 0.72115 0.0 0.0 45.47487 -0.49999 0.07399 0.0 0.0 0.0 0.0 0.0 0.0 0.0504520410238 29 1 0.950704225352 1.03764604175 -117.426289744
-0.12623 0.35028 3.35743 -0.12979 0.55971 3.68968835793 0.78258 0.98072 0.30541 0.41196 152.77952 195.62801 147.22542 138.42519 0.3 0.3 0.0 0.0 0.0 0.0 0.0 0.0 0.72115 0.0 0.0 45.47487 -0.49999 0.07399 0.0 0.0 0.0 0.0 0.0 0.0 0.0506825091874 30 0 0.924657534247 1.16994560215 -117.426289744
-0.12623 0.35028 3.35743 -0.12979 0.55971 3.72425105183 0.78258 0.98072 0.30541 0.41196 152.77952 195.62801 147.22542 138.42519 0.3 0.3 0.0 0.0 0.0 0.0 0.0 0.0 0.72115 0.0 0.0 45.47487 -0.49999 0.07399 0.0 0.0 0.0 0.0 0.0 0.0 0.0516616281809 31 0 0.944055944056 1.05192306439 -117.426289744
-0.12623 0.35028 3.35743 -0.12979 0.55971 3.71120201687 0.78258 0.98072 0.30541 0.41196 152.77952 195.62801 147.22542 138.42519 0.3 0.3 0.0 0.0 0.0 0.0 0.0 0.0 0.72115 0.0 0.0 45.47487 -0.49999 0.07399 0.0 0.0 0.0 0.0 0.0 0.0 0.050630788507 32 0 0.91724137931 1.11438183513 -117.426289744
-0.12623 0.35028 3.35743 -0.12979 0.55971 3.76289583437 0.78258 0.98072 0.30541 0.41196 152.77952 195.62801 147.22542 138.42519 0.3 0.3 0.0 0.0 0.0 0.0 0.0 0.0 0.72115 0.0 0.0 45.47487 -0.49999 0.07399 0.0 0.0 0.0 0.0 0.0 0.0 0.0508755575652 33 1 0.957446808511 0.80133239224 -52.353532134
-0.12623 0.35028 3.35743 -0.12979 0.55971 3.75454087392 0.78258 0.98072 0.30541 0.41196 152.77952 195.62801 147.22542 138.42519 0.3 0.3 0.0 0.0 0.0 0.0 0.0 0.0 0.72115 0.0 0.0 45.47487 -0.49999 0.07399 0.0 0.0 0.0 0.0 0.0 0.0 0.0512429263726 34 0 0.957446808511 0.863571357848 -52.353532134
-0.12623 0.35028 3.35743 -0.12979 0.55971 3.77794237727 0.78258 0.98072 0.30541 0.41196 152.77952 195.62801 147.22542 138.42519 0.3 0.3 0.0 0.0 0.0 0.0 0.0 0.0 0.72115 0.0 0.0 45.47487 -0.49999 0.07399 0.0 0.0 0.0 0.0 0.0 0.0 0.051125659277 35 1 0.957446808511 0.778704160972 -49.0915386424
-0.12623 0.35028 3.35743 -0.12979 0.55971 3.80325325812 0.78258 0.98072 0.30541 0.41196 152.77952 195.62801 147.22542 138.42519 0.3 0.3 0.0 0.0 0.0 0.0 0.0 0.0 0.72115 0.0 0.0 45.47487 -0.49999 0.07399 0.0 0.0 0.0 0.0 0.0 0.0 0.0509264812348 36 0 0.944055944056 0.880259418307 -49.0915386424
-0.12623 0.35028 3.35743 -0.12979 0.55971 3.80776524364 0.78258 0.98072 0.30541 0.41196 152.77952 195.62801 147.22542 138.42519 0.3 0.3 0.0 0.0 0.0 0.0 0.0 0.0 0.72115 0.0 0.0 45.47487 -0.49999 0.07399 0.0 0.0 0.0 0.0 0.0 0.0 0.051602170279 37 0 0.944055944056 0.787729761948 -49.0915386424
-0.12623 0.35028 3.35743 -0.12979 0.55971 3.75649121377 0.78258 0.98072 0.30541 0.41196 152.77952 195.62801 147.22542 138.42519 0.3 0.3 0.0 0.0 0.0 0.0 0.0 0.0 0.72115 0.0 0.0 45.47487 -0.49999 0.07399 0.0 0.0 0.0 0.0 0.0 0.0 0.0513277586397 38 0 0.957446808511 0.861218041542 -49.0915386424
-0.12623 0.35028 3.35743 -0.12979 0.55971 3.76015948997 0.78258 0.98072 0.30541 0.41196 152.77952 195.62801 147.22542 138.42519 0.3 0.3 0.0 0.0 0.0 0.0 0.0 0.0 0.72115 0.0 0.0 45.47487 -0.49999 0.07399 0.0 0.0 0.0 0.0 0.0 0.0 0.0523825797296 39 1 0.957446808511 0.772302082127 -46.2040455272
-0.12623 0.35028 3.35743 -0.12979 0.55971 3.77555507219 0.78258 0.98072 0.30541 0.41196 152.77952 195.62801 147.22542 138.42519 0.3 0.3 0.0 0.0 0.0 0.0 0.0 0.0 0.72115 0.0 0.0 45.47487 -0.49999 0.07399 0.0 0.0 0.0 0.0 0.0 0.0 0.0515144951348 40 0 0.957446808511 0.808884088021 -46.2040455272
-0.12623 0.35028 3.35743 -0.12979 0.55971 3.74785419716 0.78258 0.98072 0.30541 0.41196 152.77952 195.62801 147.22542 138.42519 0.3 0.3 0.0 0.0 0.0 0.0 0.0 0.0 0.72115 0.0 0.0 45.47487 -0.49999 0.07399 0.0 0.0 0.0 0.0 0.0 0.0 0.0521217484363 41 0 0.943661971831 0.968856090626 -46.2040455272
-0.12623 0.35028 3.35743 -0.12979 0.55971 3.78628265476 0.78258 0.98072 0.30541 0.41196 152.77952 195.62801 147.22542 138.42519 0.3 0.3 0.0 0.0 0.0 0.0 0.0 0.0 0.72115 0.0 0.0 45.47487 -0.49999 0.07399 0.0 0.0 0.0 0.0 0.0 0.0 0.0523412874763 42 0 0.950704225352 0.838826366316 -46.2040455272
-0.12623 0.35028 3.35743 -0.12979 0.55971 3.71912050107 0.78258 0.98072 0.30541 0.41196 152.77952 195.62801 147.22542 138.42519 0.3 0.3 0.0 0.0 0.0 0.0 0.0 0.0 0.72115 0.0 0.0 45.47487 -0.49999 0.07399 0.0 0.0 0.0 0.0 0.0 0.0 0.0518572298325 43 0 0.923611111111 1.04665259976 -46.2040455272
-0.12623 0.35028 3.35743 -0.12979 0.55971 3.76165555284 0.78258 0.98072 0.30541 0.41196 152.77952 195.62801 147.22542 138.42519 0.3 0.3 0.0 0.0 0.0 0.0 0.0 0.0 0.72115 0.0 0.0 45.47487 -0.49999 0.07399 0.0 0.0 0.0 0.0 0.0 0.0 0.0518554624437 44 0 0.957446808511 0.881070503576 -46.2040455272
-0.12623 0.35028 3.35743 -0.12979 0.55971 3.74475024829 0.78258 0.98072 0.30541 0.41196 152.77952 195.62801 147.22542 138.42519 0.3 0.3 0.0 0.0 0.0 0.0 0.0 0.0 0.72115 0.0 0.0 45.47487 -0.49999 0.07399 0.0 0.0 0.0 0.0 0.0 0.0 0.0537360132705 45 0 0.944055944056 0.916551420273 -46.2040455272
-0.12623 0.35028 3.35743 -0.12979 0.55971 3.75880103536 0.78258 0.98072 0.30541 0.41196 152.77952 195.62801 147.22542 138.42519 0.3 0.3 0.0 0.0 0.0 0.0 0.0 0.0 0.72115 0.0 0.0 45.47487 -0.49999 0.07399 0.0 0.0 0.0 0.0 0.0 0.0 0.0523819103419 46 1 0.957446808511 0.774619913347 -46.4713262712
-0.12623 0.35028 3.35743 -0.12979 0.55971 3.75036632026 0.78258 0.98072 0.30541 0.41196 152.77952 195.62801 147.22542 138.42519 0.3 0.3 0.0 0.0 0.0 0.0 0.0 0.0 0.72115 0.0 0.0 45.47487 -0.49999 0.07399 0.0 0.0 0.0 0.0 0.0 0.0 0.0517798810647 47 0 0.957446808511 0.910805654976 -46.4713262712
-0.12623 0.35028 3.35743 -0.12979 0.55971 3.77499012558 0.78258 0.98072 0.30541 0.41196 152.77952 195.62801 147.22542 138.42519 0.3 0.3 0.0 0.0 0.0 0.0 0.0 0.0 0.72115 0.0 0.0 45.47487 -0.49999 0.07399 0.0 0.0 0.0 0.0 0.0 0.0 0.052417976751 48 0 0.957446808511 0.80882926027 -46.4713262712
-0.12623 0.35028 3.35743 -0.12979 0.55971 3.7649873906 0.78258 0.98072 0.30541 0.41196 152.77952 195.62801 147.22542 138.42519 0.3 0.3 0.0 0.0 0.0 0.0 0.0 0.0 0.72115 0.0 0.0 45.47487 -0.49999 0.07399 0.0 0.0 0.0 0.0 0.0 0.0 0.0521592765496 49 0 0.957446808511 0.863880567123 -46.4713262712
-0.12623 0.35028 3.35743 -0.12979 0.55971 3.73710849688 0.78258 0.98072 0.30541 0.41196 152.77952 195.62801 147.22542 138.42519 0.3 0.3 0.0 0.0 0.0 0.0 0.0 0.0 0.72115 0.0 0.0 45.47487 -0.49999 0.07399 0.0 0.0 0.0 0.0 0.0 0.0 0.0518932453606 50 0 0.944055944056 0.983626869685 -46.4713262712
-0.12623 0.35028 3.35743 -0.12979 0.55971 3.755641074 0.78258 0.98072 0.30541 0.41196 152.77952 195.62801 147.22542 138.42519 0.3 0.3 0.0 0.0 0.0 0.0 0.0 0.0 0.72115 0.0 0.0 45.47487 -0.49999 0.07399 0.0 0.0 0.0 0.0 0.0 0.0 0.0529963943624 51 0 0.957446808511 0.861142227711 -46.4713262712
-0.12623 0.35028 3.35743 -0.12979 0.55971 3.73981089463 0.78258 0.98072 0.30541 0.41196 152.77952 195.62801 147.22542 138.42519 0.3 0.3 0.0 0.0 0.0 0.0 0.0 0.0 0.72115 0.0 0.0 45.47487 -0.49999 0.07399 0.0 0.0 0.0 0.0 0.0 0.0 0.0523428645938 52 0 0.937062937063 1.0051468288 -46.4713262712
-0.12623 0.35028 3.35743 -0.12979 0.55971 3.75749696411 0.78258 0.98072 0.30541 0.41196 152.77952 195.62801 147.22542 138.42519 0.3 0.3 0.0 0.0 0.0 0.0 0.0 0.0 0.72115 0.0 0.0 45.47487 -0.49999 0.07399 0.0 0.0 0.0 0.0 0.0 0.0 0.0524342265623 53 0 0.957446808511 0.849830182371 -46.4713262712
-0.12623 0.35028 3.35743 -0.12979 0.55971 3.70148586605 0.78258 0.98072 0.30541 0.41196 152.77952 195.62801 147.22542 138.42519 0.3 0.3 0.0 0.0 0.0 0.0 0.0 0.0 0.72115 0.0 0.0 45.47487 -0.49999 0.07399 0.0 0.0 0.0 0.0 0.0 0.0 0.0542035277411 54 0 0.91724137931 1.12005808171 -46.4713262712
-0.12623 0.35028 3.35743 -0.12979 0.55971 3.75699951476 0.78258 0.98072 0.30541 0.41196 152.77952 195.62801 147.22542 138.42519 0.3 0.3 0.0 0.0 0.0 0.0 0.0 0.0 0.72115 0.0 0.0 45.47487 -0.49999 0.07399 0.0 0.0 0.0 0.0 0.0 0.0 0.0523613438313 55 0 0.957446808511 0.861206601284 -46.4713262712
-0.12623 0.35028 3.35743 -0.12979 0.55971 3.73999488073 0.78258 0.98072 0.30541 0.41196 152.77952 195.62801 147.22542 138.42519 0.3 0.3 0.0 0.0 0.0 0.0 0.0 0.0 0.72115 0.0 0.0 45.47487 -0.49999 0.07399 0.0 0.0 0.0 0.0 0.0 0.0 0.0507278951131 56 0 0.937062937063 1.00515287559 -46.4713262712
-0.12623 0.35028 3.35743 -0.12979 0.55971 3.75646887586 0.78258 0.98072 0.30541 0.41196 152.77952 195.62801 147.22542 138.42519 0.3 0.3 0.0 0.0 0.0 0.0 0.0 0.0 0.72115 0.0 0.0 45.47487 -0.49999 0.07399 0.0 0.0 0.0 0.0 0.0 0.0 0.0522459162378 57 0 0.957446808511 0.861416551557 -46.4713262712
-0.12623 0.35028 3.35743 -0.12979 0.55971 3.80297727232 0.78258 0.98072 0.30541 0.41196 152.77952 195.62801 147.22542 138.42519 0.3 0.3 0.0 0.0 0.0 0.0 0.0 0.0 0.72115 0.0 0.0 45.47487 -0.49999 0.07399 0.0 0.0 0.0 0.0 0.0 0.0 0.0515955244111 58 0 0.944055944056 0.880184725641 -46.4713262712
-0.12623 0.35028 3.35743 -0.12979 0.55971 3.7631342208 0.78258 0.98072 0.30541 0.41196 152.77952 195.62801 147.22542 138.42519 0.3 0.3 0.0 0.0 0.0 0.0 0.0 0.0 0.72115 0.0 0.0 45.47487 -0.49999 0.07399 0.0 0.0 0.0 0.0 0.0 0.0 0.0527807588774 59 1 0.957446808511 0.785929865427 -47.1203717442
-0.12623 0.35028 3.35743 -0.12979 0.55971 3.77684341762 0.78258 0.98072 0.30541 0.41196 152.77952 195.62801 147.22542 138.42519 0.3 0.3 0.0 0.0 0.0 0.0 0.0 0.0 0.72115 0.0 0.0 45.47487 -0.49999 0.07399 0.0 0.0 0.0 0.0 0.0 0.0 0.0533823698021 60 1 0.957446808511 0.792419334589 -46.884597719
-0.12623 0.35028 3.35743 -0.12979 0.55971 3.7744939621 0.78258 0.98072 0.30541 0.41196 152.77952 195.62801 147.22542 138.42519 0.3 0.3 0.0 0.0 0.0 0.0 0.0 0.0 0.72115 0.0 0.0 45.47487 -0.49999 0.07399 0.0 0.0 0.0 0.0 0.0 0.0 0.0529158230227 61 0 0.957446808511 0.80871465271 -46.884597719
-0.12623 0.35028 3.35743 -0.12979 0.55971 3.80933265425 0.78258 0.98072 0.30541 0.41196 152.77952 195.62801 147.22542 138.42519 0.3 0.3 0.0 0.0 0.0 0.0 0.0 0.0 0.72115 0.0 0.0 45.47487 -0.49999 0.07399 0.0 0.0 0.0 0.0 0.0 0.0 0.0541606566765 62 0 0.944055944056 0.86548513644 -46.884597719
-0.12623 0.35028 3.35743 -0.12979 0.55971 3.8020751694 0.78258 0.98072 0.30541 0.41196 152.77952 195.62801 147.22542 138.42519 0.3 0.3 0.0 0.0 0.0 0.0 0.0 0.0 0.72115 0.0 0.0 45.47487 -0.49999 0.07399 0.0 0.0 0.0 0.0 0.0 0.0 0.0533317077079 63 0 0.944055944056 0.894025416949 -46.884597719
-0.12623 0.35028 3.35743 -0.12979 0.55971 3.72001459333 0.78258 0.98072 0.30541 0.41196 152.77952 195.62801 147.22542 138.42519 0.3 0.3 0.0 0.0 0.0 0.0 0.0 0.0 0.72115 0.0 0.0 45.47487 -0.49999 0.07399 0.0 0.0 0.0 0.0 0.0 0.0 0.0537005769692 64 0 0.93006993007 1.07184135279 -46.884597719
-0.12623 0.35028 3.35743 -0.12979 0.55971 3.78145087371 0.78258 0.98072 0.30541 0.41196 152.77952 195.62801 147.22542 138.42519 0.3 0.3 0.0 0.0 0.0 0.0 0.0 0.0 0.72115 0.0 0.0 45.47487 -0.49999 0.07399 0.0 0.0 0.0 0.0 0.0 0.0 0.0546659457337 65 1 0.957446808511 0.829038251597 -48.9452038202
-0.12623 0.35028 3.35743 -0.12979 0.55971 3.80254725945 0.78258 0.98072 0.30541 0.41196 152.77952 195.62801 147.22542 138.42519 0.3 0.3 0.0 0.0 0.0 0.0 0.0 0.0 0.72115 0.0 0.0 45.47487 -0.49999 0.07399 0.0 0.0 0.0 0.0 0.0 0.0 0.0547365918813 66 0 0.944055944056 0.898319739489 -48.9452038202
-0.12623 0.35028 3.35743 -0.12979 0.55971 3.77676808976 0.78258 0.98072 0.30541 0.41196 152.77952 195.62801 147.22542 138.42519 0.3 0.3 0.0 0.0 0.0 0.0 0.0 0.0 0.72115 0.0 0.0 45.47487 -0.49999 0.07399 0.0 0.0 0.0 0.0 0.0 0.0 0.0537547296178 67 1 0.957446808511 0.792725792705 -46.3268172628
-0.12623 0.35028 3.35743 -0.12979 0.55971 3.7619906883 0.78258 0.98072 0.30541 0.41196 152.77952 195.62801 147.22542 138.42519 0.3 0.3 0.0 0.0 0.0 0.0 0.0 0.0 0.72115 0.0 0.0 45.47487 -0.49999 0.07399 0.0 0.0 0.0 0.0 0.0 0.0 0.0532172639696 68 0 0.957446808511 0.801316846058 -46.3268172628
-0.12623 0.35028 3.35743 -0.12979 0.55971 3.80833085189 0.78258 0.98072 0.30541 0.41196 152.77952 195.62801 147.22542 138.42519 0.3 0.3 0.0 0.0 0.0 0.0 0.0 0.0 0.72115 0.0 0.0 45.47487 -0.49999 0.07399 0.0 0.0 0.0 0.0 0.0 0.0 0.0541585355363 69 0 0.944055944056 0.83413482748 -46.3268172628
-0.12623 0.35028 3.35743 -0.12979 0.55971 3.77636569365 0.78258 0.98072 0.30541 0.41196 152.77952 195.62801 147.22542 138.42519 0.3 0.3 0.0 0.0 0.0 0.0 0.0 0.0 0.72115 0.0 0.0 45.47487 -0.49999 0.07399 0.0 0.0 0.0 0.0 0.0 0.0 0.0537173974369 70 0 0.957446808511 0.808628632094 -46.3268172628
-0.12623 0.35028 3.35743 -0.12979 0.55971 3.77358618461 0.78258 0.98072 0.30541 0.41196 152.77952 195.62801 147.22542 138.42519 0.3 0.3 0.0 0.0 0.0 0.0 0.0 0.0 0.72115 0.0 0.0 45.47487 -0.49999 0.07399 0.0 0.0 0.0 0.0 0.0 0.0 0.0531931505626 71 0 0.957446808511 0.805560947585 -46.3268172628
-0.12623 0.35028 3.35743 -0.12979 0.55971 3.79715750071 0.78258 0.98072 0.30541 0.41196 152.77952 195.62801 147.22542 138.42519 0.3 0.3 0.0 0.0 0.0 0.0 0.0 0.0 0.72115 0.0 0.0 45.47487 -0.49999 0.07399 0.0 0.0 0.0 0.0 0.0 0.0 0.053447108983 72 0 0.944055944056 0.937934545483 -46.3268172628
-0.12623 0.35028 3.35743 -0.12979 0.55971 3.8042032427 0.78258 0.98072 0.30541 0.41196 152.77952 195.62801 147.22542 138.42519 0.3 0.3 0.0 0.0 0.0 0.0 0.0 0.0 0.72115 0.0 0.0 45.47487 -0.49999 0.07399 0.0 0.0 0.0 0.0 0.0 0.0 0.0541354269917 73 0 0.944055944056 0.830757669196 -46.3268172628
-0.12623 0.35028 3.35743 -0.12979 0.55971 3.76765948735 0.78258 0.98072 0.30541 0.41196 152.77952 195.62801 147.22542 138.42519 0.3 0.3 0.0 0.0 0.0 0.0 0.0 0.0 0.72115 0.0 0.0 45.47487 -0.49999 0.07399 0.0 0.0 0.0 0.0 0.0 0.0 0.0535707676765 74 0 0.957446808511 0.862263079372 -46.3268172628
-0.12623 0.35028 3.35743 -0.12979 0.55971 3.77393303027 0.78258 0.98072 0.30541 0.41196 152.77952 195.62801 147.22542 138.42519 0.3 0.3 0.0 0.0 0.0 0.0 0.0 0.0 0.72115 0.0 0.0 45.47487 -0.49999 0.07399 0.0 0.0 0.0 0.0 0.0 0.0 0.0538566293857 75 0 0.957446808511 0.820480754173 -46.3268172628
-0.12623 0.35028 3.35743 -0.12979 0.55971 3.80627626309 0.78258 0.98072 0.30541 0.41196 152.77952 195.62801 147.22542 138.42519 0.3 0.3 0.0 0.0 0.0 0.0 0.0 0.0 0.72115 0.0 0.0 45.47487 -0.49999 0.07399 0.0 0.0 0.0 0.0 0.0 0.0 0.052813016617 76 0 0.944055944056 0.788050837301 -46.3268172628
-0.12623 0.35028 3.35743 -0.12979 0.55971 3.85609190129 0.78258 0.98072 0.30541 0.41196 152.77952 195.62801 147.22542 138.42519 0.3 0.3 0.0 0.0 0.0 0.0 0.0 0.0 0.72115 0.0 0.0 45.47487 -0.49999 0.07399 0.0 0.0 0.0 0.0 0.0 0.0 0.0526024281923 77 0 0.94964028777 0.694644455353 -46.3268172628
-0.12623 0.35028 3.35743 -0.12979 0.55971 3.80885696482 0.78258 0.98072 0.30541 0.41196 152.77952 195.62801 147.22542 138.42519 0.3 0.3 0.0 0.0 0.0 0.0 0.0 0.0 0.72115 0.0 0.0 45.47487 -0.49999 0.07399 0.0 0.0 0.0 0.0 0.0 0.0 0.0540384353477 78 0 0.944055944056 0.834133816218 -46.3268172628
-0.12623 0.35028 3.35743 -0.12979 0.55971 3.82176840344 0.78258 0.98072 0.30541 0.41196 152.77952 195.62801 147.22542 138.42519 0.3 0.3 0.0 0.0 0.0 0.0 0.0 0.0 0.72115 0.0 0.0 45.47487 -0.49999 0.07399 0.0 0.0 0.0 0.0 0.0 0.0 0.0537372191669 79 0 0.943661971831 0.684134617354 -46.3268172628
-0.12623 0.35028 3.35743 -0.12979 0.55971 3.75845747945 0.78258 0.98072 0.30541 0.41196 152.77952 195.62801 147.22542 138.42519 0.3 0.3 0.0 0.0 0.0 0.0 0.0 0.0 0.72115 0.0 0.0 45.47487 -0.49999 0.07399 0.0 0.0 0.0 0.0 0.0 0.0 0.0539741422916 80 0 0.957446808511 0.863991339066 -46.3268172628
-0.12623 0.35028 3.35743 -0.12979 0.55971 3.81441906329 0.78258 0.98072 0.30541 0.41196 152.77952 195.62801 147.22542 138.42519 0.3 0.3 0.0 0.0 0.0 0.0 0.0 0.0 0.72115 0.0 0.0 45.47487 -0.49999 0.07399 0.0 0.0 0.0 0.0 0.0 0.0 0.0540530486132 81 0 0.943661971831 0.862240657189 -46.3268172628
-0.12623 0.35028 3.35743 -0.12979 0.55971 3.7931997669 0.78258 0.98072 0.30541 0.41196 152.77952 195.62801 147.22542 138.42519 0.3 0.3 0.0 0.0 0.0 0.0 0.0 0.0 0.72115 0.0 0.0 45.47487 -0.49999 0.07399 0.0 0.0 0.0 0.0 0.0 0.0 0.0535922510473 82 0 0.944055944056 0.876359032441 -46.3268172628
-0.12623 0.35028 3.35743 -0.12979 0.55971 3.76493231524 0.78258 0.98072 0.30541 0.41196 152.77952 195.62801 147.22542 138.42519 0.3 0.3 0.0 0.0 0.0 0.0 0.0 0.0 0.72115 0.0 0.0 45.47487 -0.49999 0.07399 0.0 0.0 0.0 0.0 0.0 0.0 0.0527741431316 83 0 0.957446808511 0.863871086496 -46.3268172628
-0.12623 0.35028 3.35743 -0.12979 0.55971 3.75615661263 0.78258 0.98072 0.30541 0.41196 152.77952 195.62801 147.22542 138.42519 0.3 0.3 0.0 0.0 0.0 0.0 0.0 0.0 0.72115 0.0 0.0 45.47487 -0.49999 0.07399 0.0 0.0 0.0 0.0 0.0 0.0 0.0538402536388 84 0 0.957446808511 0.861395881163 -46.3268172628
-0.12623 0.35028 3.35743 -0.12979 0.55971 3.78219070107 0.78258 0.98072 0.30541 0.41196 152.77952 195.62801 147.22542 138.42519 0.3 0.3 0.0 0.0 0.0 0.0 0.0 0.0 0.72115 0.0 0.0 45.47487 -0.49999 0.07399 0.0 0.0 0.0 0.0 0.0 0.0 0.0516035840476 85 1 0.957446808511 0.757516552699 -45.7643954911
-0.12623 0.35028 3.35743 -0.12979 0.55971 3.78296741986 0.78258 0.98072 0.30541 0.41196 152.77952 195.62801 147.22542 138.42519 0.3 0.3 0.0 0.0 0.0 0.0 0.0 0.0 0.72115 0.0 0.0 45.47487 -0.49999 0.07399 0.0 0.0 0.0 0.0 0.0 0.0 0.050956192987 86 0 0.957446808511 0.756130560874 -45.7643954911
-0.12623 0.35028 3.35743 -0.12979 0.55971 3.76903287461 0.78258 0.98072 0.30541 0.41196 152.77952 195.62801 147.22542 138.42519 0.3 0.3 0.0 0.0 0.0 0.0 0.0 0.0 0.72115 0.0 0.0 45.47487 -0.49999 0.07399 0.0 0.0 0.0 0.0 0.0 0.0 0.0508362102098 87 0 0.957446808511 0.828046892549 -45.7643954911
-0.12623 0.35028 3.35743 -0.12979 0.55971 3.78525174381 0.78258 0.98072 0.30541 0.41196 152.77952 195.62801 147.22542 138.42519 0.3 0.3 0.0 0.0 0.0 0.0 0.0 0.0 0.72115 0.0 0.0 45.47487 -0.49999 0.07399 0.0 0.0 0.0 0.0 0.0 0.0 0.0510098530712 88 0 0.950704225352 0.838779252817 -45.7643954911
-0.12623 0.35028 3.35743 -0.12979 0.55971 3.77484325533 0.78258 0.98072 0.30541 0.41196 152.77952 195.62801 147.22542 138.42519 0.3 0.3 0.0 0.0 0.0 0.0 0.0 0.0 0.72115 0.0 0.0 45.47487 -0.49999 0.07399 0.0 0.0 0.0 0.0 0.0 0.0 0.053043681751 89 0 0.957446808511 0.808686703353 -45.7643954911
-0.12623 0.35028 3.35743 -0.12979 0.55971 3.76371551195 0.78258 0.98072 0.30541 0.41196 152.77952 195.62801 147.22542 138.42519 0.3 0.3 0.0 0.0 0.0 0.0 0.0 0.0 0.72115 0.0 0.0 45.47487 -0.49999 0.07399 0.0 0.0 0.0 0.0 0.0 0.0 0.0510917977122 90 0 0.957446808511 0.866082260396 -45.7643954911
-0.12623 0.35028 3.35743 -0.12979 0.55971 3.82061051383 0.78258 0.98072 0.30541 0.41196 152.77952 195.62801 147.22542 138.42519 0.3 0.3 0.0 0.0 0.0 0.0 0.0 0.0 0.72115 0.0 0.0 45.47487 -0.49999 0.07399 0.0 0.0 0.0 0.0 0.0 0.0 0.0508447748 91 0 0.943661971831 0.684467002694 -45.7643954911
-0.12623 0.35028 3.35743 -0.12979 0.55971 3.78251129625 0.78258 0.98072 0.30541 0.41196 152.77952 195.62801 147.22542 138.42519 0.3 0.3 0.0 0.0 0.0 0.0 0.0 0.0 0.72115 0.0 0.0 45.47487 -0.49999 0.07399 0.0 0.0 0.0 0.0 0.0 0.0 0.0521088411161 92 0 0.957446808511 0.824384892258 -45.7643954911
-0.12623 0.35028 3.35743 -0.12979 0.55971 3.73290095195 0.78258 0.98072 0.30541 0.41196 152.77952 195.62801 147.22542 138.42519 0.3 0.3 0.0 0.0 0.0 0.0 0.0 0.0 0.72115 0.0 0.0 45.47487 -0.49999 0.07399 0.0 0.0 0.0 0.0 0.0 0.0 0.0505838076779 93 0 0.944055944056 1.11059963729 -45.7643954911
-0.12623 0.35028 3.35743 -0.12979 0.55971 3.77195843165 0.78258 0.98072 0.30541 0.41196 152.77952 195.62801 147.22542 138.42519 0.3 0.3 0.0 0.0 0.0 0.0 0.0 0.0 0.72115 0.0 0.0 45.47487 -0.49999 0.07399 0.0 0.0 0.0 0.0 0.0 0.0 0.0519810927044 94 0 0.957446808511 0.815626418095 -45.7643954911
-0.12623 0.35028 3.35743 -0.12979 0.55971 3.77303871083 0.78258 0.98072 0.30541 0.41196 152.77952 195.62801 147.22542 138.42519 0.3 0.3 0.0 0.0 0.0 0.0 0.0 0.0 0.72115 0.0 0.0 45.47487 -0.49999 0.07399 0.0 0.0 0.0 0.0 0.0 0.0 0.0525028629321 95 0 0.957446808511 0.805488302265 -45.7643954911
-0.12623 0.35028 3.35743 -0.12979 0.55971 3.83212109315 0.78258 0.98072 0.30541 0.41196 152.77952 195.62801 147.22542 138.42519 0.3 0.3 0.0 0.0 0.0 0.0 0.0 0.0 0.72115 0.0 0.0 45.47487 -0.49999 0.07399 0.0 0.0 0.0 0.0 0.0 0.0 0.051918191741 96 1 0.950354609929 0.580922000036 -36.6035607489
-0.12623 0.35028 3.35743 -0.12979 0.55971 3.82731941187 0.78258 0.98072 0.30541 0.41196 152.77952 195.62801 147.22542 138.42519 0.3 0.3 0.0 0.0 0.0 0.0 0.0 0.0 0.72115 0.0 0.0 45.47487 -0.49999 0.07399 0.0 0.0 0.0 0.0 0.0 0.0 0.0519509030696 97 1 0.950354609929 0.581506779421 -36.6320565396
-0.12623 0.35028 3.35743 -0.12979 0.55971 3.87100979814 0.78258 0.98072 0.30541 0.41196 152.77952 195.62801 147.22542 138.42519 0.3 0.3 0.0 0.0 0.0 0.0 0.0 0.0 0.72115 0.0 0.0 45.47487 -0.49999 0.07399 0.0 0.0 0.0 0.0 0.0 0.0 0.0511878151198 98 1 0.956834532374 0.49644892641 -21.5540495133
-0.12623 0.35028 3.35743 -0.12979 0.55971 3.88042215413 0.78258 0.98072 0.30541 0.41196 152.77952 195.62801 147.22542 138.42519 0.3 0.3 0.0 0.0 0.0 0.0 0.0 0.0 0.72115 0.0 0.0 45.47487 -0.49999 0.07399 0.0 0.0 0.0 0.0 0.0 0.0 0.0510438604098 99 1 0.971223021583 0.652918720785 -17.0699186999
-0.12623 0.35028 3.35743 -0.12979 0.55971 3.85595775146 0.78258 0.98072 0.30541 0.41196 152.77952 195.62801 147.22542 138.42519 0.3 0.3 0.0 0.0 0.0 0.0 0.0 0.0 0.72115 0.0 0.0 45.47487 -0.49999 0.07399 0.0 0.0 0.0 0.0 0.0 0.0 0.051102366449 100 0 0.94964028777 0.694646694357 -17.0699186999
