-0.12623 0.35028 3.35743 -0.12979 0.55971 4.42072 0.78258 0.98072 0.30541 0.41196 152.77952 195.62801 147.22542 138.42519 0.3 0.3 0.0 0.0 0.0 0.0 0.0 0.0 0.72115 0.0 0.0 45.47487 -0.49999 0.07399 0.0 0.0 0.0 0.0 0.0 0.0 0.05 0 1 0.929577464789 1.02400506765 -235.766438736
-0.12623 0.35028 3.35743 -0.12979 0.55971 4.42982183867 0.78258 0.98072 0.30541 0.41196 152.77952 195.62801 147.22542 138.42519 0.3 0.3 0.0 0.0 0.0 0.0 0.0 0.0 0.72115 0.0 0.0 45.47487 -0.49999 0.07399 0.0 0.0 0.0 0.0 0.0 0.0 0.0493418867251 1 0 0.922535211268 1.11048206959 -235.766438736
-0.12623 0.35028 3.35743 -0.12979 0.55971 4.41165765626 0.78258 0.98072 0.30541 0.41196 152.77952 195.62801 147.22542 138.42519 0.3 0.3 0.0 0.0 0.0 0.0 0.0 0.0 0.72115 0.0 0.0 45.47487 -0.49999 0.07399 0.0 0.0 0.0 0.0 0.0 0.0 0.0496383484002 2 1 0.929577464789 0.990032091812 -223.670451634
-0.12623 0.35028 3.35743 -0.12979 0.55971 4.42910810839 0.78258 0.98072 0.30541 0.41196 152.77952 195.62801 147.22542 138.42519 0.3 0.3 0.0 0.0 0.0 0.0 0.0 0.0 0.72115 0.0 0.0 45.47487 -0.49999 0.07399 0.0 0.0 0.0 0.0 0.0 0.0 0.0499529664533 3 0 0.922535211268 1.05701427986 -223.670451634
-0.12623 0.35028 3.35743 -0.12979 0.55971 4.4119303759 0.78258 0.98072 0.30541 0.41196 152.77952 195.62801 147.22542 138.42519 0.3 0.3 0.0 0.0 0.0 0.0 0.0 0.0 0.72115 0.0 0.0 45.47487 -0.49999 0.07399 0.0 0.0 0.0 0.0 0.0 0.0 0.0485396942136 4 0 0.929577464789 0.99029026941 -223.670451634
-0.12623 0.35028 3.35743 -0.12979 0.55971 4.4198493773 0.78258 0.98072 0.30541 0.41196 152.77952 195.62801 147.22542 138.42519 0.3 0.3 0.0 0.0 0.0 0.0 0.0 0.0 0.72115 0.0 0.0 45.47487 -0.49999 0.07399 0.0 0.0 0.0 0.0 0.0 0.0 0.0499954186163 5 0 0.929577464789 1.01684305669 -223.670451634
-0.12623 0.35028 3.35743 -0.12979 0.55971 4.40211193586 0.78258 0.98072 0.30541 0.41196 152.77952 195.62801 147.22542 138.42519 0.3 0.3 0.0 0.0 0.0 0.0 0.0 0.0 0.72115 0.0 0.0 45.47487 -0.49999 0.07399 0.0 0.0 0.0 0.0 0.0 0.0 0.0497619683337 6 0 0.929078014184 0.991517327069 -223.670451634
-0.12623 0.35028 3.35743 -0.12979 0.55971 4.40435876356 0.78258 0.98072 0.30541 0.41196 152.77952 195.62801 147.22542 138.42519 0.3 0.3 0.0 0.0 0.0 0.0 0.0 0.0 0.72115 0.0 0.0 45.47487 -0.49999 0.07399 0.0 0.0 0.0 0.0 0.0 0.0 0.0498200596639 7 1 0.936170212766 0.974559904126 -177.132153631
-0.12623 0.35028 3.35743 -0.12979 0.55971 4.38408637843 0.78258 0.98072 0.30541 0.41196 152.77952 195.62801 147.22542 138.42519 0.3 0.3 0.0 0.0 0.0 0.0 0.0 0.0 0.72115 0.0 0.0 45.47487 -0.49999 0.07399 0.0 0.0 0.0 0.0 0.0 0.0 0.0492509573333 8 1 0.942446043165 0.974518633146 -147.601172425
-0.12623 0.35028 3.35743 -0.12979 0.55971 4.393775001 0.78258 0.98072 0.30541 0.41196 152.77952 195.62801 147.22542 138.42519 0.3 0.3 0.0 0.0 0.0 0.0 0.0 0.0 0.72115 0.0 0.0 45.47487 -0.49999 0.07399 0.0 0.0 0.0 0.0 0.0 0.0 0.0489019419076 9 0 0.929078014184 0.974773982117 -147.601172425
-0.12623 0.35028 3.35743 -0.12979 0.55971 4.38040376987 0.78258 0.98072 0.30541 0.41196 152.77952 195.62801 147.22542 138.42519 0.3 0.3 0.0 0.0 0.0 0.0 0.0 0.0 0.72115 0.0 0.0 45.47487 -0.49999 0.07399 0.0 0.0 0.0 0.0 0.0 0.0 0.0471383460993 10 1 0.94964028777 0.884306883931 -101.969645895
-0.12623 0.35028 3.35743 -0.12979 0.55971 4.38340976786 0.78258 0.98072 0.30541 0.41196 152.77952 195.62801 147.22542 138.42519 0.3 0.3 0.0 0.0 0.0 0.0 0.0 0.0 0.72115 0.0 0.0 45.47487 -0.49999 0.07399 0.0 0.0 0.0 0.0 0.0 0.0 0.0475192020166 11 0 0.942857142857 0.969659444152 -101.969645895
-0.12623 0.35028 3.35743 -0.12979 0.55971 4.37876427289 0.78258 0.98072 0.30541 0.41196 152.77952 195.62801 147.22542 138.42519 0.3 0.3 0.0 0.0 0.0 0.0 0.0 0.0 0.72115 0.0 0.0 45.47487 -0.49999 0.07399 0.0 0.0 0.0 0.0 0.0 0.0 0.0467767691745 12 0 0.94964028777 0.883774716739 -101.969645895
-0.12623 0.35028 3.35743 -0.12979 0.55971 4.3752254261 0.78258 0.98072 0.30541 0.41196 152.77952 195.62801 147.22542 138.42519 0.3 0.3 0.0 0.0 0.0 0.0 0.0 0.0 0.72115 0.0 0.0 45.47487 -0.49999 0.07399 0.0 0.0 0.0 0.0 0.0 0.0 0.0469324717151 13 1 0.94964028777 0.878117492855 -101.426031323
-0.12623 0.35028 3.35743 -0.12979 0.55971 4.39114018248 0.78258 0.98072 0.30541 0.41196 152.77952 195.62801 147.22542 138.42519 0.3 0.3 0.0 0.0 0.0 0.0 0.0 0.0 0.72115 0.0 0.0 45.47487 -0.49999 0.07399 0.0 0.0 0.0 0.0 0.0 0.0 0.046401977484 14 0 0.929078014184 0.974798565343 -101.426031323
-0.12623 0.35028 3.35743 -0.12979 0.55971 4.38570634287 0.78258 0.98072 0.30541 0.41196 152.77952 195.62801 147.22542 138.42519 0.3 0.3 0.0 0.0 0.0 0.0 0.0 0.0 0.72115 0.0 0.0 45.47487 -0.49999 0.07399 0.0 0.0 0.0 0.0 0.0 0.0 0.0458880175693 15 0 0.935714285714 0.974889573971 -101.426031323
-0.12623 0.35028 3.35743 -0.12979 0.55971 4.39247643166 0.78258 0.98072 0.30541 0.41196 152.77952 195.62801 147.22542 138.42519 0.3 0.3 0.0 0.0 0.0 0.0 0.0 0.0 0.72115 0.0 0.0 45.47487 -0.49999 0.07399 0.0 0.0 0.0 0.0 0.0 0.0 0.047157424904 16 0 0.929078014184 0.987587573685 -101.426031323
-0.12623 0.35028 3.35743 -0.12979 0.55971 4.35678236954 0.78258 0.98072 0.30541 0.41196 152.77952 195.62801 147.22542 138.42519 0.3 0.3 0.0 0.0 0.0 0.0 0.0 0.0 0.72115 0.0 0.0 45.47487 -0.49999 0.07399 0.0 0.0 0.0 0.0 0.0 0.0 0.0476204174956 17 1 0.949275362319 0.859176374628 -95.8171841377
-0.12623 0.35028 3.35743 -0.12979 0.55971 4.40269602938 0.78258 0.98072 0.30541 0.41196 152.77952 195.62801 147.22542 138.42519 0.3 0.3 0.0 0.0 0.0 0.0 0.0 0.0 0.72115 0.0 0.0 45.47487 -0.49999 0.07399 0.0 0.0 0.0 0.0 0.0 0.0 0.0484391372708 18 0 0.929078014184 0.990693198599 -95.8171841377
-0.12623 0.35028 3.35743 -0.12979 0.55971 4.36342127383 0.78258 0.98072 0.30541 0.41196 152.77952 195.62801 147.22542 138.42519 0.3 0.3 0.0 0.0 0.0 0.0 0.0 0.0 0.72115 0.0 0.0 45.47487 -0.49999 0.07399 0.0 0.0 0.0 0.0 0.0 0.0 0.0464093710481 19 0 0.942446043165 0.860697295238 -95.8171841377
-0.12623 0.35028 3.35743 -0.12979 0.55971 4.35399163912 0.78258 0.98072 0.30541 0.41196 152.77952 195.62801 147.22542 138.42519 0.3 0.3 0.0 0.0 0.0 0.0 0.0 0.0 0.72115 0.0 0.0 45.47487 -0.49999 0.07399 0.0 0.0 0.0 0.0 0.0 0.0 0.0485067145415 20 1 0.949275362319 0.857163481302 -92.0396709054
-0.12623 0.35028 3.35743 -0.12979 0.55971 4.34286342547 0.78258 0.98072 0.30541 0.41196 152.77952 195.62801 147.22542 138.42519 0.3 0.3 0.0 0.0 0.0 0.0 0.0 0.0 0.72115 0.0 0.0 45.47487 -0.49999 0.07399 0.0 0.0 0.0 0.0 0.0 0.0 0.0480694535124 21 1 0.95652173913 0.849383052746 -68.0212056907
-0.12623 0.35028 3.35743 -0.12979 0.55971 4.3319317461 0.78258 0.98072 0.30541 0.41196 152.77952 195.62801 147.22542 138.42519 0.3 0.3 0.0 0.0 0.0 0.0 0.0 0.0 0.72115 0.0 0.0 45.47487 -0.49999 0.07399 0.0 0.0 0.0 0.0 0.0 0.0 0.0474323365141 22 0 0.94964028777 0.844946923298 -68.0212056907
-0.12623 0.35028 3.35743 -0.12979 0.55971 4.34695195789 0.78258 0.98072 0.30541 0.41196 152.77952 195.62801 147.22542 138.42519 0.3 0.3 0.0 0.0 0.0 0.0 0.0 0.0 0.72115 0.0 0.0 45.47487 -0.49999 0.07399 0.0 0.0 0.0 0.0 0.0 0.0 0.0492924183833 23 0 0.949275362319 0.8504505365 -68.0212056907
-0.12623 0.35028 3.35743 -0.12979 0.55971 4.33662305398 0.78258 0.98072 0.30541 0.41196 152.77952 195.62801 147.22542 138.42519 0.3 0.3 0.0 0.0 0.0 0.0 0.0 0.0 0.72115 0.0 0.0 45.47487 -0.49999 0.07399 0.0 0.0 0.0 0.0 0.0 0.0 0.0477597189532 24 1 0.95652173913 0.846752284735 -68.4485326981
-0.12623 0.35028 3.35743 -0.12979 0.55971 4.32202487706 0.78258 0.98072 0.30541 0.41196 152.77952 195.62801 147.22542 138.42519 0.3 0.3 0.0 0.0 0.0 0.0 0.0 0.0 0.72115 0.0 0.0 45.47487 -0.49999 0.07399 0.0 0.0 0.0 0.0 0.0 0.0 0.0475995354956 25 0 0.94964028777 0.84066788342 -68.4485326981
-0.12623 0.35028 3.35743 -0.12979 0.55971 4.34019422303 0.78258 0.98072 0.30541 0.41196 152.77952 195.62801 147.22542 138.42519 0.3 0.3 0.0 0.0 0.0 0.0 0.0 0.0 0.72115 0.0 0.0 45.47487 -0.49999 0.07399 0.0 0.0 0.0 0.0 0.0 0.0 0.048807580799 26 1 0.95652173913 0.848600433115 -65.9592190469
-0.12623 0.35028 3.35743 -0.12979 0.55971 4.35604232739 0.78258 0.98072 0.30541 0.41196 152.77952 195.62801 147.22542 138.42519 0.3 0.3 0.0 0.0 0.0 0.0 0.0 0.0 0.72115 0.0 0.0 45.47487 -0.49999 0.07399 0.0 0.0 0.0 0.0 0.0 0.0 0.0491292795647 27 0 0.949275362319 0.858945012776 -65.9592190469
-0.12623 0.35028 3.35743 -0.12979 0.55971 4.31064920579 0.78258 0.98072 0.30541 0.41196 152.77952 195.62801 147.22542 138.42519 0.3 0.3 0.0 0.0 0.0 0.0 0.0 0.0 0.72115 0.0 0.0 45.47487 -0.49999 0.07399 0.0 0.0 0.0 0.0 0.0 0.0 0.0497703076195 28 0 0.94964028777 0.838222611269 -65.9592190469
-0.12623 0.35028 3.35743 -0.12979 0.55971 4.33382065004 0.78258 0.98072 0.30541 0.41196 152.77952 195.62801 147.22542 138.42519 0.3 0.3 0.0 0.0 0.0 0.0 0.0 0.0 0.72115 0.0 0.0 45.47487 -0.49999 0.07399 0.0 0.0 0.0 0.0 0.0 0.0 0.0494982523995 29 0 0.94964028777 0.84526021482 -65.9592190469
-0.12623 0.35028 3.35743 -0.12979 0.55971 4.3207501434 0.78258 0.98072 0.30541 0.41196 152.77952 195.62801 147.22542 138.42519 0.3 0.3 0.0 0.0 0.0 0.0 0.0 0.0 0.72115 0.0 0.0 45.47487 -0.49999 0.07399 0.0 0.0 0.0 0.0 0.0 0.0 0.0496342142186 30 0 0.94964028777 0.840330280367 -65.9592190469
-0.12623 0.35028 3.35743 -0.12979 0.55971 4.31060080249 0.78258 0.98072 0.30541 0.41196 152.77952 195.62801 147.22542 138.42519 0.3 0.3 0.0 0.0 0.0 0.0 0.0 0.0 0.72115 0.0 0.0 45.47487 -0.49999 0.07399 0.0 0.0 0.0 0.0 0.0 0.0 0.0487377986066 31 0 0.94964028777 0.838207332544 -65.9592190469
-0.12623 0.35028 3.35743 -0.12979 0.55971 4.31298581583 0.78258 0.98072 0.30541 0.41196 152.77952 195.62801 147.22542 138.42519 0.3 0.3 0.0 0.0 0.0 0.0 0.0 0.0 0.72115 0.0 0.0 45.47487 -0.49999 0.07399 0.0 0.0 0.0 0.0 0.0 0.0 0.049307371762 32 0 0.94964028777 0.838583754529 -65.9592190469
-0.12623 0.35028 3.35743 -0.12979 0.55971 4.33127866902 0.78258 0.98072 0.30541 0.41196 152.77952 195.62801 147.22542 138.42519 0.3 0.3 0.0 0.0 0.0 0.0 0.0 0.0 0.72115 0.0 0.0 45.47487 -0.49999 0.07399 0.0 0.0 0.0 0.0 0.0 0.0 0.0485267171105 33 0 0.94964028777 0.844713480552 -65.9592190469
-0.12623 0.35028 3.35743 -0.12979 0.55971 4.37188087182 0.78258 0.98072 0.30541 0.41196 152.77952 195.62801 147.22542 138.42519 0.3 0.3 0.0 0.0 0.0 0.0 0.0 0.0 0.72115 0.0 0.0 45.47487 -0.49999 0.07399 0.0 0.0 0.0 0.0 0.0 0.0 0.050550513644 34 0 0.94964028777 0.880325023037 -65.9592190469
-0.12623 0.35028 3.35743 -0.12979 0.55971 4.32602748938 0.78258 0.98072 0.30541 0.41196 152.77952 195.62801 147.22542 138.42519 0.3 0.3 0.0 0.0 0.0 0.0 0.0 0.0 0.72115 0.0 0.0 45.47487 -0.49999 0.07399 0.0 0.0 0.0 0.0 0.0 0.0 0.0487333272791 35 0 0.94964028777 0.841293535775 -65.9592190469
-0.12623 0.35028 3.35743 -0.12979 0.55971 4.35247729934 0.78258 0.98072 0.30541 0.41196 152.77952 195.62801 147.22542 138.42519 0.3 0.3 0.0 0.0 0.0 0.0 0.0 0.0 0.72115 0.0 0.0 45.47487 -0.49999 0.07399 0.0 0.0 0.0 0.0 0.0 0.0 0.0488202789173 36 0 0.949275362319 0.85672572632 -65.9592190469
-0.12623 0.35028 3.35743 -0.12979 0.55971 4.34460482477 0.78258 0.98072 0.30541 0.41196 152.77952 195.62801 147.22542 138.42519 0.3 0.3 0.0 0.0 0.0 0.0 0.0 0.0 0.72115 0.0 0.0 45.47487 -0.49999 0.07399 0.0 0.0 0.0 0.0 0.0 0.0 0.0481134092234 37 0 0.949275362319 0.849676502286 -65.9592190469
-0.12623 0.35028 3.35743 -0.12979 0.55971 4.35511671142 0.78258 0.98072 0.30541 0.41196 152.77952 195.62801 147.22542 138.42519 0.3 0.3 0.0 0.0 0.0 0.0 0.0 0.0 0.72115 0.0 0.0 45.47487 -0.49999 0.07399 0.0 0.0 0.0 0.0 0.0 0.0 0.0487165995017 38 0 0.949275362319 0.857577461644 -65.9592190469
-0.12623 0.35028 3.35743 -0.12979 0.55971 4.36588635272 0.78258 0.98072 0.30541 0.41196 152.77952 195.62801 147.22542 138.42519 0.3 0.3 0.0 0.0 0.0 0.0 0.0 0.0 0.72115 0.0 0.0 45.47487 -0.49999 0.07399 0.0 0.0 0.0 0.0 0.0 0.0 0.0482348347764 39 0 0.94964028777 0.858567813474 -65.9592190469
-0.12623 0.35028 3.35743 -0.12979 0.55971 4.33651904875 0.78258 0.98072 0.30541 0.41196 152.77952 195.62801 147.22542 138.42519 0.3 0.3 0.0 0.0 0.0 0.0 0.0 0.0 0.72115 0.0 0.0 45.47487 -0.49999 0.07399 0.0 0.0 0.0 0.0 0.0 0.0 0.0487101275069 40 0 0.94964028777 0.844997103781 -65.9592190469
-0.12623 0.35028 3.35743 -0.12979 0.55971 4.31807840098 0.78258 0.98072 0.30541 0.41196 152.77952 195.62801 147.22542 138.42519 0.3 0.3 0.0 0.0 0.0 0.0 0.0 0.0 0.72115 0.0 0.0 45.47487 -0.49999 0.07399 0.0 0.0 0.0 0.0 0.0 0.0 0.0494645496429 41 0 0.94964028777 0.840423356182 -65.9592190469
-0.12623 0.35028 3.35743 -0.12979 0.55971 4.38875248844 0.78258 0.98072 0.30541 0.41196 152.77952 195.62801 147.22542 138.42519 0.3 0.3 0.0 0.0 0.0 0.0 0.0 0.0 0.72115 0.0 0.0 45.47487 -0.49999 0.07399 0.0 0.0 0.0 0.0 0.0 0.0 0.0480569261536 42 0 0.935714285714 0.9883422222 -65.9592190469
-0.12623 0.35028 3.35743 -0.12979 0.55971 4.36535266705 0.78258 0.98072 0.30541 0.41196 152.77952 195.62801 147.22542 138.42519 0.3 0.3 0.0 0.0 0.0 0.0 0.0 0.0 0.72115 0.0 0.0 45.47487 -0.49999 0.07399 0.0 0.0 0.0 0.0 0.0 0.0 0.0486452889328 43 0 0.94964028777 0.858398082612 -65.9592190469
-0.12623 0.35028 3.35743 -0.12979 0.55971 4.36306591669 0.78258 0.98072 0.30541 0.41196 152.77952 195.62801 147.22542 138.42519 0.3 0.3 0.0 0.0 0.0 0.0 0.0 0.0 0.72115 0.0 0.0 45.47487 -0.49999 0.07399 0.0 0.0 0.0 0.0 0.0 0.0 0.0477790113525 44 0 0.942446043165 0.86048723794 -65.9592190469
-0.12623 0.35028 3.35743 -0.12979 0.55971 4.33275195214 0.78258 0.98072 0.30541 0.41196 152.77952 195.62801 147.22542 138.42519 0.3 0.3 0.0 0.0 0.0 0.0 0.0 0.0 0.72115 0.0 0.0 45.47487 -0.49999 0.07399 0.0 0.0 0.0 0.0 0.0 0.0 0.0482763268816 45 0 0.94964028777 0.845196287833 -65.9592190469
-0.12623 0.35028 3.35743 -0.12979 0.55971 4.34235159168 0.78258 0.98072 0.30541 0.41196 152.77952 195.62801 147.22542 138.42519 0.3 0.3 0.0 0.0 0.0 0.0 0.0 0.0 0.72115 0.0 0.0 45.47487 -0.49999 0.07399 0.0 0.0 0.0 0.0 0.0 0.0 0.049793172765 46 1 0.95652173913 0.849220204819 -63.5973323312
-0.12623 0.35028 3.35743 -0.12979 0.55971 4.34250308029 0.78258 0.98072 0.30541 0.41196 152.77952 195.62801 147.22542 138.42519 0.3 0.3 0.0 0.0 0.0 0.0 0.0 0.0 0.72115 0.0 0.0 45.47487 -0.49999 0.07399 0.0 0.0 0.0 0.0 0.0 0.0 0.0503077529024 47 1 0.95652173913 0.849279454024 -62.3826535857
-0.12623 0.35028 3.35743 -0.12979 0.55971 4.32235308861 0.78258 0.98072 0.30541 0.41196 152.77952 195.62801 147.22542 138.42519 0.3 0.3 0.0 0.0 0.0 0.0 0.0 0.0 0.72115 0.0 0.0 45.47487 -0.49999 0.07399 0.0 0.0 0.0 0.0 0.0 0.0 0.0500585365426 48 0 0.94964028777 0.84076171209 -62.3826535857
-0.12623 0.35028 3.35743 -0.12979 0.55971 4.41171049774 0.78258 0.98072 0.30541 0.41196 152.77952 195.62801 147.22542 138.42519 0.3 0.3 0.0 0.0 0.0 0.0 0.0 0.0 0.72115 0.0 0.0 45.47487 -0.49999 0.07399 0.0 0.0 0.0 0.0 0.0 0.0 0.0497332229743 49 0 0.929577464789 0.990049013131 -62.3826535857
-0.12623 0.35028 3.35743 -0.12979 0.55971 4.34266942111 0.78258 0.98072 0.30541 0.41196 152.77952 195.62801 147.22542 138.42519 0.3 0.3 0.0 0.0 0.0 0.0 0.0 0.0 0.72115 0.0 0.0 45.47487 -0.49999 0.07399 0.0 0.0 0.0 0.0 0.0 0.0 0.0504458679396 50 1 0.95652173913 0.849306070629 -62.0646937855
-0.12623 0.35028 3.35743 -0.12979 0.55971 4.33840398684 0.78258 0.98072 0.30541 0.41196 152.77952 195.62801 147.22542 138.42519 0.3 0.3 0.0 0.0 0.0 0.0 0.0 0.0 0.72115 0.0 0.0 45.47487 -0.49999 0.07399 0.0 0.0 0.0 0.0 0.0 0.0 0.0507500416787 51 1 0.95652173913 0.848134582176 -61.201493109
-0.12623 0.35028 3.35743 -0.12979 0.55971 4.32390697284 0.78258 0.98072 0.30541 0.41196 152.77952 195.62801 147.22542 138.42519 0.3 0.3 0.0 0.0 0.0 0.0 0.0 0.0 0.72115 0.0 0.0 45.47487 -0.49999 0.07399 0.0 0.0 0.0 0.0 0.0 0.0 0.0503843907467 52 0 0.94964028777 0.841180199745 -61.201493109
-0.12623 0.35028 3.35743 -0.12979 0.55971 4.36221306448 0.78258 0.98072 0.30541 0.41196 152.77952 195.62801 147.22542 138.42519 0.3 0.3 0.0 0.0 0.0 0.0 0.0 0.0 0.72115 0.0 0.0 45.47487 -0.49999 0.07399 0.0 0.0 0.0 0.0 0.0 0.0 0.0498007467907 53 0 0.942446043165 0.860211647923 -61.201493109
-0.12623 0.35028 3.35743 -0.12979 0.55971 4.34732512077 0.78258 0.98072 0.30541 0.41196 152.77952 195.62801 147.22542 138.42519 0.3 0.3 0.0 0.0 0.0 0.0 0.0 0.0 0.72115 0.0 0.0 45.47487 -0.49999 0.07399 0.0 0.0 0.0 0.0 0.0 0.0 0.0510406384284 54 0 0.949275362319 0.850587420087 -61.201493109
-0.12623 0.35028 3.35743 -0.12979 0.55971 4.36200342918 0.78258 0.98072 0.30541 0.41196 152.77952 195.62801 147.22542 138.42519 0.3 0.3 0.0 0.0 0.0 0.0 0.0 0.0 0.72115 0.0 0.0 45.47487 -0.49999 0.07399 0.0 0.0 0.0 0.0 0.0 0.0 0.0516116609607 55 0 0.942446043165 0.860075064755 -61.201493109
-0.12623 0.35028 3.35743 -0.12979 0.55971 4.31498373425 0.78258 0.98072 0.30541 0.41196 152.77952 195.62801 147.22542 138.42519 0.3 0.3 0.0 0.0 0.0 0.0 0.0 0.0 0.72115 0.0 0.0 45.47487 -0.49999 0.07399 0.0 0.0 0.0 0.0 0.0 0.0 0.0507222060166 56 0 0.94964028777 0.839104505885 -61.201493109
-0.12623 0.35028 3.35743 -0.12979 0.55971 4.34315562951 0.78258 0.98072 0.30541 0.41196 152.77952 195.62801 147.22542 138.42519 0.3 0.3 0.0 0.0 0.0 0.0 0.0 0.0 0.72115 0.0 0.0 45.47487 -0.49999 0.07399 0.0 0.0 0.0 0.0 0.0 0.0 0.0510588413487 57 1 0.95652173913 0.84945111746 -60.6894075874
-0.12623 0.35028 3.35743 -0.12979 0.55971 4.35808674552 0.78258 0.98072 0.30541 0.41196 152.77952 195.62801 147.22542 138.42519 0.3 0.3 0.0 0.0 0.0 0.0 0.0 0.0 0.72115 0.0 0.0 45.47487 -0.49999 0.07399 0.0 0.0 0.0 0.0 0.0 0.0 0.0509673709023 58 0 0.949275362319 0.858766597315 -60.6894075874
-0.12623 0.35028 3.35743 -0.12979 0.55971 4.34234357232 0.78258 0.98072 0.30541 0.41196 152.77952 195.62801 147.22542 138.42519 0.3 0.3 0.0 0.0 0.0 0.0 0.0 0.0 0.72115 0.0 0.0 45.47487 -0.49999 0.07399 0.0 0.0 0.0 0.0 0.0 0.0 0.050260593522 59 0 0.95652173913 0.849220837366 -60.6894075874
-0.12623 0.35028 3.35743 -0.12979 0.55971 4.34176068106 0.78258 0.98072 0.30541 0.41196 152.77952 195.62801 147.22542 138.42519 0.3 0.3 0.0 0.0 0.0 0.0 0.0 0.0 0.72115 0.0 0.0 45.47487 -0.49999 0.07399 0.0 0.0 0.0 0.0 0.0 0.0 0.0515030860475 60 1 0.95652173913 0.849025669732 -59.652103666
-0.12623 0.35028 3.35743 -0.12979 0.55971 4.31011389093 0.78258 0.98072 0.30541 0.41196 152.77952 195.62801 147.22542 138.42519 0.3 0.3 0.0 0.0 0.0 0.0 0.0 0.0 0.72115 0.0 0.0 45.47487 -0.49999 0.07399 0.0 0.0 0.0 0.0 0.0 0.0 0.0505452097704 61 0 0.94964028777 0.837452407496 -59.652103666
-0.12623 0.35028 3.35743 -0.12979 0.55971 4.33164567977 0.78258 0.98072 0.30541 0.41196 152.77952 195.62801 147.22542 138.42519 0.3 0.3 0.0 0.0 0.0 0.0 0.0 0.0 0.72115 0.0 0.0 45.47487 -0.49999 0.07399 0.0 0.0 0.0 0.0 0.0 0.0 0.0524863161374 62 0 0.94964028777 0.844806570752 -59.652103666
-0.12623 0.35028 3.35743 -0.12979 0.55971 4.36590557057 0.78258 0.98072 0.30541 0.41196 152.77952 195.62801 147.22542 138.42519 0.3 0.3 0.0 0.0 0.0 0.0 0.0 0.0 0.72115 0.0 0.0 45.47487 -0.49999 0.07399 0.0 0.0 0.0 0.0 0.0 0.0 0.0523418244726 63 0 0.94964028777 0.858571396234 -59.652103666
-0.12623 0.35028 3.35743 -0.12979 0.55971 4.31879416703 0.78258 0.98072 0.30541 0.41196 152.77952 195.62801 147.22542 138.42519 0.3 0.3 0.0 0.0 0.0 0.0 0.0 0.0 0.72115 0.0 0.0 45.47487 -0.49999 0.07399 0.0 0.0 0.0 0.0 0.0 0.0 0.0511312020517 64 0 0.94964028777 0.839555003214 -59.652103666
-0.12623 0.35028 3.35743 -0.12979 0.55971 4.36432856627 0.78258 0.98072 0.30541 0.41196 152.77952 195.62801 147.22542 138.42519 0.3 0.3 0.0 0.0 0.0 0.0 0.0 0.0 0.72115 0.0 0.0 45.47487 -0.49999 0.07399 0.0 0.0 0.0 0.0 0.0 0.0 0.0514272448367 65 0 0.94964028777 0.858573088883 -59.652103666
-0.12623 0.35028 3.35743 -0.12979 0.55971 4.34415938617 0.78258 0.98072 0.30541 0.41196 152.77952 195.62801 147.22542 138.42519 0.3 0.3 0.0 0.0 0.0 0.0 0.0 0.0 0.72115 0.0 0.0 45.47487 -0.49999 0.07399 0.0 0.0 0.0 0.0 0.0 0.0 0.0527058520625 66 0 0.949275362319 0.84953366506 -59.652103666
-0.12623 0.35028 3.35743 -0.12979 0.55971 4.33169562854 0.78258 0.98072 0.30541 0.41196 152.77952 195.62801 147.22542 138.42519 0.3 0.3 0.0 0.0 0.0 0.0 0.0 0.0 0.72115 0.0 0.0 45.47487 -0.49999 0.07399 0.0 0.0 0.0 0.0 0.0 0.0 0.0515081303609 67 0 0.94964028777 0.844854186925 -59.652103666
-0.12623 0.35028 3.35743 -0.12979 0.55971 4.3808743518 0.78258 0.98072 0.30541 0.41196 152.77952 195.62801 147.22542 138.42519 0.3 0.3 0.0 0.0 0.0 0.0 0.0 0.0 0.72115 0.0 0.0 45.47487 -0.49999 0.07399 0.0 0.0 0.0 0.0 0.0 0.0 0.0526912323403 68 0 0.94964028777 0.884484734828 -59.652103666
-0.12623 0.35028 3.35743 -0.12979 0.55971 4.32203509219 0.78258 0.98072 0.30541 0.41196 152.77952 195.62801 147.22542 138.42519 0.3 0.3 0.0 0.0 0.0 0.0 0.0 0.0 0.72115 0.0 0.0 45.47487 -0.49999 0.07399 0.0 0.0 0.0 0.0 0.0 0.0 0.0523991039333 69 0 0.94964028777 0.840675981959 -59.652103666
-0.12623 0.35028 3.35743 -0.12979 0.55971 4.28775195833 0.78258 0.98072 0.30541 0.41196 152.77952 195.62801 147.22542 138.42519 0.3 0.3 0.0 0.0 0.0 0.0 0.0 0.0 0.72115 0.0 0.0 45.47487 -0.49999 0.07399 0.0 0.0 0.0 0.0 0.0 0.0 0.0505766116913 70 1 0.95652173913 0.831382843533 -59.2582455935
-0.12623 0.35028 3.35743 -0.12979 0.55971 4.24266220301 0.78258 0.98072 0.30541 0.41196 152.77952 195.62801 147.22542 138.42519 0.3 0.3 0.0 0.0 0.0 0.0 0.0 0.0 0.72115 0.0 0.0 45.47487 -0.49999 0.07399 0.0 0.0 0.0 0.0 0.0 0.0 0.0506932235818 71 1 0.970802919708 0.792415341569 -25.2354853948
-0.12623 0.35028 3.35743 -0.12979 0.55971 4.25142999354 0.78258 0.98072 0.30541 0.41196 152.77952 195.62801 147.22542 138.42519 0.3 0.3 0.0 0.0 0.0 0.0 0.0 0.0 0.72115 0.0 0.0 45.47487 -0.49999 0.07399 0.0 0.0 0.0 0.0 0.0 0.0 0.0509025372284 72 0 0.970802919708 0.808787080097 -25.2354853948
-0.12623 0.35028 3.35743 -0.12979 0.55971 4.27398835617 0.78258 0.98072 0.30541 0.41196 152.77952 195.62801 147.22542 138.42519 0.3 0.3 0.0 0.0 0.0 0.0 0.0 0.0 0.72115 0.0 0.0 45.47487 -0.49999 0.07399 0.0 0.0 0.0 0.0 0.0 0.0 0.0505981172234 73 0 0.963768115942 0.811656948303 -25.2354853948
-0.12623 0.35028 3.35743 -0.12979 0.55971 4.29091664883 0.78258 0.98072 0.30541 0.41196 152.77952 195.62801 147.22542 138.42519 0.3 0.3 0.0 0.0 0.0 0.0 0.0 0.0 0.72115 0.0 0.0 45.47487 -0.49999 0.07399 0.0 0.0 0.0 0.0 0.0 0.0 0.0507765689072 74 0 0.95652173913 0.832123823653 -25.2354853948
-0.12623 0.35028 3.35743 -0.12979 0.55971 4.26730077465 0.78258 0.98072 0.30541 0.41196 152.77952 195.62801 147.22542 138.42519 0.3 0.3 0.0 0.0 0.0 0.0 0.0 0.0 0.72115 0.0 0.0 45.47487 -0.49999 0.07399 0.0 0.0 0.0 0.0 0.0 0.0 0.0490589519201 75 0 0.963768115942 0.815227764016 -25.2354853948
-0.12623 0.35028 3.35743 -0.12979 0.55971 4.23473243245 0.78258 0.98072 0.30541 0.41196 152.77952 195.62801 147.22542 138.42519 0.3 0.3 0.0 0.0 0.0 0.0 0.0 0.0 0.72115 0.0 0.0 45.47487 -0.49999 0.07399 0.0 0.0 0.0 0.0 0.0 0.0 0.0502410355661 76 1 0.970802919708 0.786694332748 -25.2842095313
-0.12623 0.35028 3.35743 -0.12979 0.55971 4.23976166212 0.78258 0.98072 0.30541 0.41196 152.77952 195.62801 147.22542 138.42519 0.3 0.3 0.0 0.0 0.0 0.0 0.0 0.0 0.72115 0.0 0.0 45.47487 -0.49999 0.07399 0.0 0.0 0.0 0.0 0.0 0.0 0.0499225242606 77 1 0.970802919708 0.790033225164 -25.7655896193
-0.12623 0.35028 3.35743 -0.12979 0.55971 4.25202558416 0.78258 0.98072 0.30541 0.41196 152.77952 195.62801 147.22542 138.42519 0.3 0.3 0.0 0.0 0.0 0.0 0.0 0.0 0.72115 0.0 0.0 45.47487 -0.49999 0.07399 0.0 0.0 0.0 0.0 0.0 0.0 0.0497375224114 78 0 0.970802919708 0.808940346455 -25.7655896193
-0.12623 0.35028 3.35743 -0.12979 0.55971 4.21651093526 0.78258 0.98072 0.30541 0.41196 152.77952 195.62801 147.22542 138.42519 0.3 0.3 0.0 0.0 0.0 0.0 0.0 0.0 0.72115 0.0 0.0 45.47487 -0.49999 0.07399 0.0 0.0 0.0 0.0 0.0 0.0 0.0506551341009 79 0 0.949275362319 0.764090286441 -25.7655896193
-0.12623 0.35028 3.35743 -0.12979 0.55971 4.25151898997 0.78258 0.98072 0.30541 0.41196 152.77952 195.62801 147.22542 138.42519 0.3 0.3 0.0 0.0 0.0 0.0 0.0 0.0 0.72115 0.0 0.0 45.47487 -0.49999 0.07399 0.0 0.0 0.0 0.0 0.0 0.0 0.0498146414734 80 0 0.970802919708 0.808806829772 -25.7655896193
-0.12623 0.35028 3.35743 -0.12979 0.55971 4.29784385153 0.78258 0.98072 0.30541 0.41196 152.77952 195.62801 147.22542 138.42519 0.3 0.3 0.0 0.0 0.0 0.0 0.0 0.0 0.72115 0.0 0.0 45.47487 -0.49999 0.07399 0.0 0.0 0.0 0.0 0.0 0.0 0.0493612763899 81 0 0.94964028777 0.833056175623 -25.7655896193
-0.12623 0.35028 3.35743 -0.12979 0.55971 4.23250148481 0.78258 0.98072 0.30541 0.41196 152.77952 195.62801 147.22542 138.42519 0.3 0.3 0.0 0.0 0.0 0.0 0.0 0.0 0.72115 0.0 0.0 45.47487 -0.49999 0.07399 0.0 0.0 0.0 0.0 0.0 0.0 0.0501535897715 82 0 0.95652173913 0.78961101374 -25.7655896193
-0.12623 0.35028 3.35743 -0.12979 0.55971 4.26386609653 0.78258 0.98072 0.30541 0.41196 152.77952 195.62801 147.22542 138.42519 0.3 0.3 0.0 0.0 0.0 0.0 0.0 0.0 0.72115 0.0 0.0 45.47487 -0.49999 0.07399 0.0 0.0 0.0 0.0 0.0 0.0 0.0501041053056 83 0 0.963768115942 0.814267524148 -25.7655896193
-0.12623 0.35028 3.35743 -0.12979 0.55971 4.18872654068 0.78258 0.98072 0.30541 0.41196 152.77952 195.62801 147.22542 138.42519 0.3 0.3 0.0 0.0 0.0 0.0 0.0 0.0 0.72115 0.0 0.0 45.47487 -0.49999 0.07399 0.0 0.0 0.0 0.0 0.0 0.0 0.0492746382344 84 0 0.963503649635 0.750186881907 -25.7655896193
-0.12623 0.35028 3.35743 -0.12979 0.55971 4.21176910865 0.78258 0.98072 0.30541 0.41196 152.77952 195.62801 147.22542 138.42519 0.3 0.3 0.0 0.0 0.0 0.0 0.0 0.0 0.72115 0.0 0.0 45.47487 -0.49999 0.07399 0.0 0.0 0.0 0.0 0.0 0.0 0.0509072114037 85 0 0.949275362319 0.765438732901 -25.7655896193
-0.12623 0.35028 3.35743 -0.12979 0.55971 4.24608618454 0.78258 0.98072 0.30541 0.41196 152.77952 195.62801 147.22542 138.42519 0.3 0.3 0.0 0.0 0.0 0.0 0.0 0.0 0.72115 0.0 0.0 45.47487 -0.49999 0.07399 0.0 0.0 0.0 0.0 0.0 0.0 0.0499984282188 86 0 0.970802919708 0.805428347847 -25.7655896193
-0.12623 0.35028 3.35743 -0.12979 0.55971 4.31716592961 0.78258 0.98072 0.30541 0.41196 152.77952 195.62801 147.22542 138.42519 0.3 0.3 0.0 0.0 0.0 0.0 0.0 0.0 0.72115 0.0 0.0 45.47487 -0.49999 0.07399 0.0 0.0 0.0 0.0 0.0 0.0 0.0509564365992 87 0 0.94964028777 0.839822376796 -25.7655896193
-0.12623 0.35028 3.35743 -0.12979 0.55971 4.27374091909 0.78258 0.98072 0.30541 0.41196 152.77952 195.62801 147.22542 138.42519 0.3 0.3 0.0 0.0 0.0 0.0 0.0 0.0 0.72115 0.0 0.0 45.47487 -0.49999 0.07399 0.0 0.0 0.0 0.0 0.0 0.0 0.0497668416537 88 0 0.956834532374 0.811657630325 -25.7655896193
-0.12623 0.35028 3.35743 -0.12979 0.55971 4.27506502688 0.78258 0.98072 0.30541 0.41196 152.77952 195.62801 147.22542 138.42519 0.3 0.3 0.0 0.0 0.0 0.0 0.0 0.0 0.72115 0.0 0.0 45.47487 -0.49999 0.07399 0.0 0.0 0.0 0.0 0.0 0.0 0.0496106286887 89 0 0.963768115942 0.812023614052 -25.7655896193
-0.12623 0.35028 3.35743 -0.12979 0.55971 4.2252085518 0.78258 0.98072 0.30541 0.41196 152.77952 195.62801 147.22542 138.42519 0.3 0.3 0.0 0.0 0.0 0.0 0.0 0.0 0.72115 0.0 0.0 45.47487 -0.49999 0.07399 0.0 0.0 0.0 0.0 0.0 0.0 0.0494266838197 90 0 0.95652173913 0.790646928377 -25.7655896193
-0.12623 0.35028 3.35743 -0.12979 0.55971 4.21966400885 0.78258 0.98072 0.30541 0.41196 152.77952 195.62801 147.22542 138.42519 0.3 0.3 0.0 0.0 0.0 0.0 0.0 0.0 0.72115 0.0 0.0 45.47487 -0.49999 0.07399 0.0 0.0 0.0 0.0 0.0 0.0 0.0495896605652 91 0 0.95652173913 0.76671735601 -25.7655896193
-0.12623 0.35028 3.35743 -0.12979 0.55971 4.2622749206 0.78258 0.98072 0.30541 0.41196 152.77952 195.62801 147.22542 138.42519 0.3 0.3 0.0 0.0 0.0 0.0 0.0 0.0 0.72115 0.0 0.0 45.47487 -0.49999 0.07399 0.0 0.0 0.0 0.0 0.0 0.0 0.0497385027019 92 0 0.963768115942 0.810536915696 -25.7655896193
-0.12623 0.35028 3.35743 -0.12979 0.55971 4.28318615348 0.78258 0.98072 0.30541 0.41196 152.77952 195.62801 147.22542 138.42519 0.3 0.3 0.0 0.0 0.0 0.0 0.0 0.0 0.72115 0.0 0.0 45.47487 -0.49999 0.07399 0.0 0.0 0.0 0.0 0.0 0.0 0.049248225513 93 0 0.963768115942 0.829061963084 -25.7655896193
-0.12623 0.35028 3.35743 -0.12979 0.55971 4.25334685957 0.78258 0.98072 0.30541 0.41196 152.77952 195.62801 147.22542 138.42519 0.3 0.3 0.0 0.0 0.0 0.0 0.0 0.0 0.72115 0.0 0.0 45.47487 -0.49999 0.07399 0.0 0.0 0.0 0.0 0.0 0.0 0.0496989831847 94 0 0.970802919708 0.809159207787 -25.7655896193
-0.12623 0.35028 3.35743 -0.12979 0.55971 4.28524769944 0.78258 0.98072 0.30541 0.41196 152.77952 195.62801 147.22542 138.42519 0.3 0.3 0.0 0.0 0.0 0.0 0.0 0.0 0.72115 0.0 0.0 45.47487 -0.49999 0.07399 0.0 0.0 0.0 0.0 0.0 0.0 0.0486420381282 95 0 0.963768115942 0.829705780419 -25.7655896193
-0.12623 0.35028 3.35743 -0.12979 0.55971 4.22309286291 0.78258 0.98072 0.30541 0.41196 152.77952 195.62801 147.22542 138.42519 0.3 0.3 0.0 0.0 0.0 0.0 0.0 0.0 0.72115 0.0 0.0 45.47487 -0.49999 0.07399 0.0 0.0 0.0 0.0 0.0 0.0 0.0489365805268 96 0 0.95652173913 0.77151662147 -25.7655896193
-0.12623 0.35028 3.35743 -0.12979 0.55971 4.25261877332 0.78258 0.98072 0.30541 0.41196 152.77952 195.62801 147.22542 138.42519 0.3 0.3 0.0 0.0 0.0 0.0 0.0 0.0 0.72115 0.0 0.0 45.47487 -0.49999 0.07399 0.0 0.0 0.0 0.0 0.0 0.0 0.0498790315311 97 0 0.970802919708 0.811204528091 -25.7655896193
-0.12623 0.35028 3.35743 -0.12979 0.55971 4.25087790291 0.78258 0.98072 0.30541 0.41196 152.77952 195.62801 147.22542 138.42519 0.3 0.3 0.0 0.0 0.0 0.0 0.0 0.0 0.72115 0.0 0.0 45.47487 -0.49999 0.07399 0.0 0.0 0.0 0.0 0.0 0.0 0.0502165024501 98 1 0.970802919708 0.808642132704 -26.6370999873
-0.12623 0.35028 3.35743 -0.12979 0.55971 4.22946237796 0.78258 0.98072 0.30541 0.41196 152.77952 195.62801 147.22542 138.42519 0.3 0.3 0.0 0.0 0.0 0.0 0.0 0.0 0.72115 0.0 0.0 45.47487 -0.49999 0.07399 0.0 0.0 0.0 0.0 0.0 0.0 0.0515006042662 99 0 0.95652173913 0.791065364314 -26.6370999873
-0.12623 0.35028 3.35743 -0.12979 0.55971 4.24376233883 0.78258 0.98072 0.30541 0.41196 152.77952 195.62801 147.22542 138.42519 0.3 0.3 0.0 0.0 0.0 0.0 0.0 0.0 0.72115 0.0 0.0 45.47487 -0.49999 0.07399 0.0 0.0 0.0 0.0 0.0 0.0 0.0504501297409 100 1 0.970802919708 0.794138368682 -25.5477570962
