-0.12623 0.35028 3.35743 -0.12979 0.55971 4.22072 0.78258 0.98072 0.30541 0.41196 152.77952 195.62801 147.22542 138.42519 0.3 0.3 0.0 0.0 0.0 0.0 0.0 0.0 0.72115 0.0 0.0 45.47487 -0.49999 0.07399 0.0 0.0 0.0 0.0 0.0 0.0 0.05 0 1 0.95652173913 0.768040622504 -51.9327826024
-0.12623 0.35028 3.35743 -0.12979 0.55971 4.23062386105 0.78258 0.98072 0.30541 0.41196 152.77952 195.62801 147.22542 138.42519 0.3 0.3 0.0 0.0 0.0 0.0 0.0 0.0 0.72115 0.0 0.0 45.47487 -0.49999 0.07399 0.0 0.0 0.0 0.0 0.0 0.0 0.0500431675804 1 0 0.95652173913 0.788678726761 -51.9327826024
-0.12623 0.35028 3.35743 -0.12979 0.55971 4.22048569311 0.78258 0.98072 0.30541 0.41196 152.77952 195.62801 147.22542 138.42519 0.3 0.3 0.0 0.0 0.0 0.0 0.0 0.0 0.72115 0.0 0.0 45.47487 -0.49999 0.07399 0.0 0.0 0.0 0.0 0.0 0.0 0.0490353910114 2 1 0.95652173913 0.767884469751 -53.8387122509
-0.12623 0.35028 3.35743 -0.12979 0.55971 4.21502726424 0.78258 0.98072 0.30541 0.41196 152.77952 195.62801 147.22542 138.42519 0.3 0.3 0.0 0.0 0.0 0.0 0.0 0.0 0.72115 0.0 0.0 45.47487 -0.49999 0.07399 0.0 0.0 0.0 0.0 0.0 0.0 0.0482764624931 3 0 0.949275362319 0.765330012848 -53.8387122509
-0.12623 0.35028 3.35743 -0.12979 0.55971 4.20338184149 0.78258 0.98072 0.30541 0.41196 152.77952 195.62801 147.22542 138.42519 0.3 0.3 0.0 0.0 0.0 0.0 0.0 0.0 0.72115 0.0 0.0 45.47487 -0.49999 0.07399 0.0 0.0 0.0 0.0 0.0 0.0 0.0488327723282 4 1 0.970802919708 0.747624760467 -24.1520463034
-0.12623 0.35028 3.35743 -0.12979 0.55971 4.14836376307 0.78258 0.98072 0.30541 0.41196 152.77952 195.62801 147.22542 138.42519 0.3 0.3 0.0 0.0 0.0 0.0 0.0 0.0 0.72115 0.0 0.0 45.47487 -0.49999 0.07399 0.0 0.0 0.0 0.0 0.0 0.0 0.049158580317 5 1 0.970588235294 0.616459413924 -16.999333052
-0.12623 0.35028 3.35743 -0.12979 0.55971 4.13861350566 0.78258 0.98072 0.30541 0.41196 152.77952 195.62801 147.22542 138.42519 0.3 0.3 0.0 0.0 0.0 0.0 0.0 0.0 0.72115 0.0 0.0 45.47487 -0.49999 0.07399 0.0 0.0 0.0 0.0 0.0 0.0 0.0491215394944 6 1 0.977941176471 0.589243663962 -9.5698379237
-0.12623 0.35028 3.35743 -0.12979 0.55971 4.13250029227 0.78258 0.98072 0.30541 0.41196 152.77952 195.62801 147.22542 138.42519 0.3 0.3 0.0 0.0 0.0 0.0 0.0 0.0 0.72115 0.0 0.0 45.47487 -0.49999 0.07399 0.0 0.0 0.0 0.0 0.0 0.0 0.0489011666699 7 1 0.977941176471 0.495895079146 -7.30710604642
-0.12623 0.35028 3.35743 -0.12979 0.55971 4.1284009882 0.78258 0.98072 0.30541 0.41196 152.77952 195.62801 147.22542 138.42519 0.3 0.3 0.0 0.0 0.0 0.0 0.0 0.0 0.72115 0.0 0.0 45.47487 -0.49999 0.07399 0.0 0.0 0.0 0.0 0.0 0.0 0.0490520249925 8 0 0.977941176471 0.505941978247 -7.30710604642
-0.12623 0.35028 3.35743 -0.12979 0.55971 4.16583489534 0.78258 0.98072 0.30541 0.41196 152.77952 195.62801 147.22542 138.42519 0.3 0.3 0.0 0.0 0.0 0.0 0.0 0.0 0.72115 0.0 0.0 45.47487 -0.49999 0.07399 0.0 0.0 0.0 0.0 0.0 0.0 0.0481902684139 9 0 0.970588235294 0.604307996252 -7.30710604642
-0.12623 0.35028 3.35743 -0.12979 0.55971 4.14612355018 0.78258 0.98072 0.30541 0.41196 152.77952 195.62801 147.22542 138.42519 0.3 0.3 0.0 0.0 0.0 0.0 0.0 0.0 0.72115 0.0 0.0 45.47487 -0.49999 0.07399 0.0 0.0 0.0 0.0 0.0 0.0 0.0486088531452 10 0 0.970588235294 0.589822625758 -7.30710604642
-0.12623 0.35028 3.35743 -0.12979 0.55971 4.07144939784 0.78258 0.98072 0.30541 0.41196 152.77952 195.62801 147.22542 138.42519 0.3 0.3 0.0 0.0 0.0 0.0 0.0 0.0 0.72115 0.0 0.0 45.47487 -0.49999 0.07399 0.0 0.0 0.0 0.0 0.0 0.0 0.0481530781297 11 1 0.992647058824 0.42705267157 -2.10557939379
-0.12623 0.35028 3.35743 -0.12979 0.55971 4.05089397652 0.78258 0.98072 0.30541 0.41196 152.77952 195.62801 147.22542 138.42519 0.3 0.3 0.0 0.0 0.0 0.0 0.0 0.0 0.72115 0.0 0.0 45.47487 -0.49999 0.07399 0.0 0.0 0.0 0.0 0.0 0.0 0.0477930774137 12 1 1.0 0.280561247124 -1.60311390524
-0.12623 0.35028 3.35743 -0.12979 0.55971 4.03814021996 0.78258 0.98072 0.30541 0.41196 152.77952 195.62801 147.22542 138.42519 0.3 0.3 0.0 0.0 0.0 0.0 0.0 0.0 0.72115 0.0 0.0 45.47487 -0.49999 0.07399 0.0 0.0 0.0 0.0 0.0 0.0 0.0476807229539 13 1 1.0 0.454770690031 -1.59563853527
-0.12623 0.35028 3.35743 -0.12979 0.55971 4.04402474236 0.78258 0.98072 0.30541 0.41196 152.77952 195.62801 147.22542 138.42519 0.3 0.3 0.0 0.0 0.0 0.0 0.0 0.0 0.72115 0.0 0.0 45.47487 -0.49999 0.07399 0.0 0.0 0.0 0.0 0.0 0.0 0.0475056920311 14 1 1.0 0.273443007799 -1.58402713062
-0.12623 0.35028 3.35743 -0.12979 0.55971 4.07579076232 0.78258 0.98072 0.30541 0.41196 152.77952 195.62801 147.22542 138.42519 0.3 0.3 0.0 0.0 0.0 0.0 0.0 0.0 0.72115 0.0 0.0 45.47487 -0.49999 0.07399 0.0 0.0 0.0 0.0 0.0 0.0 0.047609914084 15 1 0.992647058824 0.420479674972 -2.06536371295
-0.12623 0.35028 3.35743 -0.12979 0.55971 4.05988197643 0.78258 0.98072 0.30541 0.41196 152.77952 195.62801 147.22542 138.42519 0.3 0.3 0.0 0.0 0.0 0.0 0.0 0.0 0.72115 0.0 0.0 45.47487 -0.49999 0.07399 0.0 0.0 0.0 0.0 0.0 0.0 0.0476558318924 16 1 0.992647058824 0.40265666925 -2.02820731732
-0.12623 0.35028 3.35743 -0.12979 0.55971 4.06314911479 0.78258 0.98072 0.30541 0.41196 152.77952 195.62801 147.22542 138.42519 0.3 0.3 0.0 0.0 0.0 0.0 0.0 0.0 0.72115 0.0 0.0 45.47487 -0.49999 0.07399 0.0 0.0 0.0 0.0 0.0 0.0 0.0473830578547 17 1 0.992647058824 0.40354033815 -2.01708282825
-0.12623 0.35028 3.35743 -0.12979 0.55971 4.0556844449 0.78258 0.98072 0.30541 0.41196 152.77952 195.62801 147.22542 138.42519 0.3 0.3 0.0 0.0 0.0 0.0 0.0 0.0 0.72115 0.0 0.0 45.47487 -0.49999 0.07399 0.0 0.0 0.0 0.0 0.0 0.0 0.0479725487687 18 1 0.992647058824 0.36854576904 -1.97407170774
-0.12623 0.35028 3.35743 -0.12979 0.55971 4.05477256217 0.78258 0.98072 0.30541 0.41196 152.77952 195.62801 147.22542 138.42519 0.3 0.3 0.0 0.0 0.0 0.0 0.0 0.0 0.72115 0.0 0.0 45.47487 -0.49999 0.07399 0.0 0.0 0.0 0.0 0.0 0.0 0.0478991787501 19 1 0.992647058824 0.37275410364 -1.97854127001
-0.12623 0.35028 3.35743 -0.12979 0.55971 4.06825487775 0.78258 0.98072 0.30541 0.41196 152.77952 195.62801 147.22542 138.42519 0.3 0.3 0.0 0.0 0.0 0.0 0.0 0.0 0.72115 0.0 0.0 45.47487 -0.49999 0.07399 0.0 0.0 0.0 0.0 0.0 0.0 0.0472082917961 20 1 0.992647058824 0.416679959451 -2.03824574342
-0.12623 0.35028 3.35743 -0.12979 0.55971 4.05799527047 0.78258 0.98072 0.30541 0.41196 152.77952 195.62801 147.22542 138.42519 0.3 0.3 0.0 0.0 0.0 0.0 0.0 0.0 0.72115 0.0 0.0 45.47487 -0.49999 0.07399 0.0 0.0 0.0 0.0 0.0 0.0 0.0463166942975 21 1 0.992647058824 0.369693468139 -1.89375965076
-0.12623 0.35028 3.35743 -0.12979 0.55971 4.07307464574 0.78258 0.98072 0.30541 0.41196 152.77952 195.62801 147.22542 138.42519 0.3 0.3 0.0 0.0 0.0 0.0 0.0 0.0 0.72115 0.0 0.0 45.47487 -0.49999 0.07399 0.0 0.0 0.0 0.0 0.0 0.0 0.0467122151467 22 1 0.992647058824 0.426639187843 -2.03929161839
-0.12623 0.35028 3.35743 -0.12979 0.55971 4.05817152249 0.78258 0.98072 0.30541 0.41196 152.77952 195.62801 147.22542 138.42519 0.3 0.3 0.0 0.0 0.0 0.0 0.0 0.0 0.72115 0.0 0.0 45.47487 -0.49999 0.07399 0.0 0.0 0.0 0.0 0.0 0.0 0.0466640605221 23 1 0.992647058824 0.369703431457 -1.91055695053
-0.12623 0.35028 3.35743 -0.12979 0.55971 4.0863983488 0.78258 0.98072 0.30541 0.41196 152.77952 195.62801 147.22542 138.42519 0.3 0.3 0.0 0.0 0.0 0.0 0.0 0.0 0.72115 0.0 0.0 45.47487 -0.49999 0.07399 0.0 0.0 0.0 0.0 0.0 0.0 0.0471200851189 24 0 0.985401459854 0.447463234175 -1.91055695053
-0.12623 0.35028 3.35743 -0.12979 0.55971 4.0281214509 0.78258 0.98072 0.30541 0.41196 152.77952 195.62801 147.22542 138.42519 0.3 0.3 0.0 0.0 0.0 0.0 0.0 0.0 0.72115 0.0 0.0 45.47487 -0.49999 0.07399 0.0 0.0 0.0 0.0 0.0 0.0 0.0475155038725 25 1 1.0 0.4183698045 -1.5846769418
-0.12623 0.35028 3.35743 -0.12979 0.55971 4.04856480762 0.78258 0.98072 0.30541 0.41196 152.77952 195.62801 147.22542 138.42519 0.3 0.3 0.0 0.0 0.0 0.0 0.0 0.0 0.72115 0.0 0.0 45.47487 -0.49999 0.07399 0.0 0.0 0.0 0.0 0.0 0.0 0.0477018800032 26 1 1.0 0.279594491957 -1.59704488763
-0.12623 0.35028 3.35743 -0.12979 0.55971 4.03256707992 0.78258 0.98072 0.30541 0.41196 152.77952 195.62801 147.22542 138.42519 0.3 0.3 0.0 0.0 0.0 0.0 0.0 0.0 0.72115 0.0 0.0 45.47487 -0.49999 0.07399 0.0 0.0 0.0 0.0 0.0 0.0 0.0476540912348 27 1 1.0 0.408071000825 -1.59386913236
-0.12623 0.35028 3.35743 -0.12979 0.55971 4.05378613935 0.78258 0.98072 0.30541 0.41196 152.77952 195.62801 147.22542 138.42519 0.3 0.3 0.0 0.0 0.0 0.0 0.0 0.0 0.72115 0.0 0.0 45.47487 -0.49999 0.07399 0.0 0.0 0.0 0.0 0.0 0.0 0.0472186618931 28 1 1.0 0.352751868496 -1.56507564977
-0.12623 0.35028 3.35743 -0.12979 0.55971 4.01856303866 0.78258 0.98072 0.30541 0.41196 152.77952 195.62801 147.22542 138.42519 0.3 0.3 0.0 0.0 0.0 0.0 0.0 0.0 0.72115 0.0 0.0 45.47487 -0.49999 0.07399 0.0 0.0 0.0 0.0 0.0 0.0 0.0479294052585 29 0 0.992592592593 0.118513590176 -1.56507564977
-0.12623 0.35028 3.35743 -0.12979 0.55971 4.10955932128 0.78258 0.98072 0.30541 0.41196 152.77952 195.62801 147.22542 138.42519 0.3 0.3 0.0 0.0 0.0 0.0 0.0 0.0 0.72115 0.0 0.0 45.47487 -0.49999 0.07399 0.0 0.0 0.0 0.0 0.0 0.0 0.0481948390409 30 0 0.985401459854 0.468168223112 -1.56507564977
-0.12623 0.35028 3.35743 -0.12979 0.55971 4.03052779104 0.78258 0.98072 0.30541 0.41196 152.77952 195.62801 147.22542 138.42519 0.3 0.3 0.0 0.0 0.0 0.0 0.0 0.0 0.72115 0.0 0.0 45.47487 -0.49999 0.07399 0.0 0.0 0.0 0.0 0.0 0.0 0.0472018969098 31 1 1.0 0.407843309453 -1.56397217502
-0.12623 0.35028 3.35743 -0.12979 0.55971 4.04574291075 0.78258 0.98072 0.30541 0.41196 152.77952 195.62801 147.22542 138.42519 0.3 0.3 0.0 0.0 0.0 0.0 0.0 0.0 0.72115 0.0 0.0 45.47487 -0.49999 0.07399 0.0 0.0 0.0 0.0 0.0 0.0 0.0465237423585 32 1 1.0 0.275006957527 -1.51965546936
-0.12623 0.35028 3.35743 -0.12979 0.55971 4.04753314562 0.78258 0.98072 0.30541 0.41196 152.77952 195.62801 147.22542 138.42519 0.3 0.3 0.0 0.0 0.0 0.0 0.0 0.0 0.72115 0.0 0.0 45.47487 -0.49999 0.07399 0.0 0.0 0.0 0.0 0.0 0.0 0.0457055550232 33 1 1.0 0.279635251823 -1.46701870702
-0.12623 0.35028 3.35743 -0.12979 0.55971 4.05996924202 0.78258 0.98072 0.30541 0.41196 152.77952 195.62801 147.22542 138.42519 0.3 0.3 0.0 0.0 0.0 0.0 0.0 0.0 0.72115 0.0 0.0 45.47487 -0.49999 0.07399 0.0 0.0 0.0 0.0 0.0 0.0 0.0457005543565 34 1 0.992647058824 0.402679682669 -1.93892721774
-0.12623 0.35028 3.35743 -0.12979 0.55971 4.02160244704 0.78258 0.98072 0.30541 0.41196 152.77952 195.62801 147.22542 138.42519 0.3 0.3 0.0 0.0 0.0 0.0 0.0 0.0 0.72115 0.0 0.0 45.47487 -0.49999 0.07399 0.0 0.0 0.0 0.0 0.0 0.0 0.0453510914369 35 1 0.992592592593 0.113561152626 -1.48320246115
-0.12623 0.35028 3.35743 -0.12979 0.55971 4.00051600024 0.78258 0.98072 0.30541 0.41196 152.77952 195.62801 147.22542 138.42519 0.3 0.3 0.0 0.0 0.0 0.0 0.0 0.0 0.72115 0.0 0.0 45.47487 -0.49999 0.07399 0.0 0.0 0.0 0.0 0.0 0.0 0.0448307409219 36 0 0.985294117647 0.399774959671 -1.48320246115
-0.12623 0.35028 3.35743 -0.12979 0.55971 4.02024003166 0.78258 0.98072 0.30541 0.41196 152.77952 195.62801 147.22542 138.42519 0.3 0.3 0.0 0.0 0.0 0.0 0.0 0.0 0.72115 0.0 0.0 45.47487 -0.49999 0.07399 0.0 0.0 0.0 0.0 0.0 0.0 0.0452906404236 37 1 1.0 0.422734139674 -1.44067348151
-0.12623 0.35028 3.35743 -0.12979 0.55971 4.00844874118 0.78258 0.98072 0.30541 0.41196 152.77952 195.62801 147.22542 138.42519 0.3 0.3 0.0 0.0 0.0 0.0 0.0 0.0 0.72115 0.0 0.0 45.47487 -0.49999 0.07399 0.0 0.0 0.0 0.0 0.0 0.0 0.0456018932145 38 0 0.977941176471 0.371484577946 -1.44067348151
-0.12623 0.35028 3.35743 -0.12979 0.55971 3.99383885019 0.78258 0.98072 0.30541 0.41196 152.77952 195.62801 147.22542 138.42519 0.3 0.3 0.0 0.0 0.0 0.0 0.0 0.0 0.72115 0.0 0.0 45.47487 -0.49999 0.07399 0.0 0.0 0.0 0.0 0.0 0.0 0.0464787628986 39 0 0.985294117647 0.401747253585 -1.44067348151
-0.12623 0.35028 3.35743 -0.12979 0.55971 4.00546673129 0.78258 0.98072 0.30541 0.41196 152.77952 195.62801 147.22542 138.42519 0.3 0.3 0.0 0.0 0.0 0.0 0.0 0.0 0.72115 0.0 0.0 45.47487 -0.49999 0.07399 0.0 0.0 0.0 0.0 0.0 0.0 0.0454515042544 40 0 0.977941176471 0.379443013387 -1.44067348151
-0.12623 0.35028 3.35743 -0.12979 0.55971 4.01619742296 0.78258 0.98072 0.30541 0.41196 152.77952 195.62801 147.22542 138.42519 0.3 0.3 0.0 0.0 0.0 0.0 0.0 0.0 0.72115 0.0 0.0 45.47487 -0.49999 0.07399 0.0 0.0 0.0 0.0 0.0 0.0 0.0458267578059 41 1 0.985294117647 0.133783707287 -1.68210816019
-0.12623 0.35028 3.35743 -0.12979 0.55971 4.00574227325 0.78258 0.98072 0.30541 0.41196 152.77952 195.62801 147.22542 138.42519 0.3 0.3 0.0 0.0 0.0 0.0 0.0 0.0 0.72115 0.0 0.0 45.47487 -0.49999 0.07399 0.0 0.0 0.0 0.0 0.0 0.0 0.0451795642575 42 0 0.977941176471 0.379462564354 -1.68210816019
-0.12623 0.35028 3.35743 -0.12979 0.55971 4.02207378467 0.78258 0.98072 0.30541 0.41196 152.77952 195.62801 147.22542 138.42519 0.3 0.3 0.0 0.0 0.0 0.0 0.0 0.0 0.72115 0.0 0.0 45.47487 -0.49999 0.07399 0.0 0.0 0.0 0.0 0.0 0.0 0.0461554984736 43 1 0.992592592593 0.113712662921 -1.53332015878
-0.12623 0.35028 3.35743 -0.12979 0.55971 4.04174850312 0.78258 0.98072 0.30541 0.41196 152.77952 195.62801 147.22542 138.42519 0.3 0.3 0.0 0.0 0.0 0.0 0.0 0.0 0.72115 0.0 0.0 45.47487 -0.49999 0.07399 0.0 0.0 0.0 0.0 0.0 0.0 0.0457871549566 44 1 1.0 0.271879377998 -1.47222747918
-0.12623 0.35028 3.35743 -0.12979 0.55971 4.03355026726 0.78258 0.98072 0.30541 0.41196 152.77952 195.62801 147.22542 138.42519 0.3 0.3 0.0 0.0 0.0 0.0 0.0 0.0 0.72115 0.0 0.0 45.47487 -0.49999 0.07399 0.0 0.0 0.0 0.0 0.0 0.0 0.0463472531028 45 1 1.0 0.408705733671 -1.50822441326
-0.12623 0.35028 3.35743 -0.12979 0.55971 4.02498686155 0.78258 0.98072 0.30541 0.41196 152.77952 195.62801 147.22542 138.42519 0.3 0.3 0.0 0.0 0.0 0.0 0.0 0.0 0.72115 0.0 0.0 45.47487 -0.49999 0.07399 0.0 0.0 0.0 0.0 0.0 0.0 0.0465669100519 46 1 1.0 0.410686037689 -1.52245783905
-0.12623 0.35028 3.35743 -0.12979 0.55971 4.00693720939 0.78258 0.98072 0.30541 0.41196 152.77952 195.62801 147.22542 138.42519 0.3 0.3 0.0 0.0 0.0 0.0 0.0 0.0 0.72115 0.0 0.0 45.47487 -0.49999 0.07399 0.0 0.0 0.0 0.0 0.0 0.0 0.0458200187455 47 0 0.977941176471 0.379262289224 -1.52245783905
-0.12623 0.35028 3.35743 -0.12979 0.55971 4.06765066008 0.78258 0.98072 0.30541 0.41196 152.77952 195.62801 147.22542 138.42519 0.3 0.3 0.0 0.0 0.0 0.0 0.0 0.0 0.72115 0.0 0.0 45.47487 -0.49999 0.07399 0.0 0.0 0.0 0.0 0.0 0.0 0.0471638312349 48 1 0.992647058824 0.416806447948 -2.03650288129
-0.12623 0.35028 3.35743 -0.12979 0.55971 4.04556626642 0.78258 0.98072 0.30541 0.41196 152.77952 195.62801 147.22542 138.42519 0.3 0.3 0.0 0.0 0.0 0.0 0.0 0.0 0.72115 0.0 0.0 45.47487 -0.49999 0.07399 0.0 0.0 0.0 0.0 0.0 0.0 0.0473230259613 49 1 1.0 0.275020001637 -1.57195348323
-0.12623 0.35028 3.35743 -0.12979 0.55971 4.04995018525 0.78258 0.98072 0.30541 0.41196 152.77952 195.62801 147.22542 138.42519 0.3 0.3 0.0 0.0 0.0 0.0 0.0 0.0 0.72115 0.0 0.0 45.47487 -0.49999 0.07399 0.0 0.0 0.0 0.0 0.0 0.0 0.0473728813603 50 1 1.0 0.27974611573 -1.57524428016
-0.12623 0.35028 3.35743 -0.12979 0.55971 4.05973156929 0.78258 0.98072 0.30541 0.41196 152.77952 195.62801 147.22542 138.42519 0.3 0.3 0.0 0.0 0.0 0.0 0.0 0.0 0.72115 0.0 0.0 45.47487 -0.49999 0.07399 0.0 0.0 0.0 0.0 0.0 0.0 0.0477904001212 51 1 0.992647058824 0.402633698456 -2.03466695306
-0.12623 0.35028 3.35743 -0.12979 0.55971 4.08565243642 0.78258 0.98072 0.30541 0.41196 152.77952 195.62801 147.22542 138.42519 0.3 0.3 0.0 0.0 0.0 0.0 0.0 0.0 0.72115 0.0 0.0 45.47487 -0.49999 0.07399 0.0 0.0 0.0 0.0 0.0 0.0 0.0473075228116 52 0 0.985401459854 0.447378814435 -2.03466695306
-0.12623 0.35028 3.35743 -0.12979 0.55971 4.00298290461 0.78258 0.98072 0.30541 0.41196 152.77952 195.62801 147.22542 138.42519 0.3 0.3 0.0 0.0 0.0 0.0 0.0 0.0 0.72115 0.0 0.0 45.47487 -0.49999 0.07399 0.0 0.0 0.0 0.0 0.0 0.0 0.0464494181774 53 0 0.977941176471 0.378961872701 -2.03466695306
-0.12623 0.35028 3.35743 -0.12979 0.55971 4.07714486589 0.78258 0.98072 0.30541 0.41196 152.77952 195.62801 147.22542 138.42519 0.3 0.3 0.0 0.0 0.0 0.0 0.0 0.0 0.72115 0.0 0.0 45.47487 -0.49999 0.07399 0.0 0.0 0.0 0.0 0.0 0.0 0.0476455589016 54 1 0.992647058824 0.420702041476 -2.06752160591
-0.12623 0.35028 3.35743 -0.12979 0.55971 4.09439286997 0.78258 0.98072 0.30541 0.41196 152.77952 195.62801 147.22542 138.42519 0.3 0.3 0.0 0.0 0.0 0.0 0.0 0.0 0.72115 0.0 0.0 45.47487 -0.49999 0.07399 0.0 0.0 0.0 0.0 0.0 0.0 0.0486950390365 55 0 0.985401459854 0.481976381923 -2.06752160591
-0.12623 0.35028 3.35743 -0.12979 0.55971 4.11217728847 0.78258 0.98072 0.30541 0.41196 152.77952 195.62801 147.22542 138.42519 0.3 0.3 0.0 0.0 0.0 0.0 0.0 0.0 0.72115 0.0 0.0 45.47487 -0.49999 0.07399 0.0 0.0 0.0 0.0 0.0 0.0 0.0482108952306 56 0 0.985401459854 0.477915879069 -2.06752160591
-0.12623 0.35028 3.35743 -0.12979 0.55971 4.10128041736 0.78258 0.98072 0.30541 0.41196 152.77952 195.62801 147.22542 138.42519 0.3 0.3 0.0 0.0 0.0 0.0 0.0 0.0 0.72115 0.0 0.0 45.47487 -0.49999 0.07399 0.0 0.0 0.0 0.0 0.0 0.0 0.047894964954 57 0 0.985401459854 0.47295175283 -2.06752160591
-0.12623 0.35028 3.35743 -0.12979 0.55971 4.1356870719 0.78258 0.98072 0.30541 0.41196 152.77952 195.62801 147.22542 138.42519 0.3 0.3 0.0 0.0 0.0 0.0 0.0 0.0 0.72115 0.0 0.0 45.47487 -0.49999 0.07399 0.0 0.0 0.0 0.0 0.0 0.0 0.046812641531 58 0 0.977941176471 0.608679487223 -2.06752160591
-0.12623 0.35028 3.35743 -0.12979 0.55971 4.09320712981 0.78258 0.98072 0.30541 0.41196 152.77952 195.62801 147.22542 138.42519 0.3 0.3 0.0 0.0 0.0 0.0 0.0 0.0 0.72115 0.0 0.0 45.47487 -0.49999 0.07399 0.0 0.0 0.0 0.0 0.0 0.0 0.0474808735724 59 0 0.985401459854 0.481797788258 -2.06752160591
-0.12623 0.35028 3.35743 -0.12979 0.55971 4.09302570313 0.78258 0.98072 0.30541 0.41196 152.77952 195.62801 147.22542 138.42519 0.3 0.3 0.0 0.0 0.0 0.0 0.0 0.0 0.72115 0.0 0.0 45.47487 -0.49999 0.07399 0.0 0.0 0.0 0.0 0.0 0.0 0.0484428721153 60 1 0.985401459854 0.480934310186 -4.00978808152
-0.12623 0.35028 3.35743 -0.12979 0.55971 4.05753708575 0.78258 0.98072 0.30541 0.41196 152.77952 195.62801 147.22542 138.42519 0.3 0.3 0.0 0.0 0.0 0.0 0.0 0.0 0.72115 0.0 0.0 45.47487 -0.49999 0.07399 0.0 0.0 0.0 0.0 0.0 0.0 0.0486640259207 61 1 0.992647058824 0.369452210372 -2.01221141007
-0.12623 0.35028 3.35743 -0.12979 0.55971 4.06370254734 0.78258 0.98072 0.30541 0.41196 152.77952 195.62801 147.22542 138.42519 0.3 0.3 0.0 0.0 0.0 0.0 0.0 0.0 0.72115 0.0 0.0 45.47487 -0.49999 0.07399 0.0 0.0 0.0 0.0 0.0 0.0 0.0486163866614 62 1 0.992647058824 0.415270912019 -2.10219795806
-0.12623 0.35028 3.35743 -0.12979 0.55971 4.06358167595 0.78258 0.98072 0.30541 0.41196 152.77952 195.62801 147.22542 138.42519 0.3 0.3 0.0 0.0 0.0 0.0 0.0 0.0 0.72115 0.0 0.0 45.47487 -0.49999 0.07399 0.0 0.0 0.0 0.0 0.0 0.0 0.0486365195209 63 1 0.992647058824 0.403817620033 -2.07907251543
-0.12623 0.35028 3.35743 -0.12979 0.55971 4.06495555137 0.78258 0.98072 0.30541 0.41196 152.77952 195.62801 147.22542 138.42519 0.3 0.3 0.0 0.0 0.0 0.0 0.0 0.0 0.72115 0.0 0.0 45.47487 -0.49999 0.07399 0.0 0.0 0.0 0.0 0.0 0.0 0.0492865292018 64 1 0.992647058824 0.415911923654 -2.13723419977
-0.12623 0.35028 3.35743 -0.12979 0.55971 4.04038010705 0.78258 0.98072 0.30541 0.41196 152.77952 195.62801 147.22542 138.42519 0.3 0.3 0.0 0.0 0.0 0.0 0.0 0.0 0.72115 0.0 0.0 45.47487 -0.49999 0.07399 0.0 0.0 0.0 0.0 0.0 0.0 0.0496871306437 65 1 1.0 0.455522972007 -1.73170299997
-0.12623 0.35028 3.35743 -0.12979 0.55971 4.04900442601 0.78258 0.98072 0.30541 0.41196 152.77952 195.62801 147.22542 138.42519 0.3 0.3 0.0 0.0 0.0 0.0 0.0 0.0 0.72115 0.0 0.0 45.47487 -0.49999 0.07399 0.0 0.0 0.0 0.0 0.0 0.0 0.04987943187 66 1 1.0 0.279648605169 -1.74502953289
-0.12623 0.35028 3.35743 -0.12979 0.55971 4.05227720761 0.78258 0.98072 0.30541 0.41196 152.77952 195.62801 147.22542 138.42519 0.3 0.3 0.0 0.0 0.0 0.0 0.0 0.0 0.72115 0.0 0.0 45.47487 -0.49999 0.07399 0.0 0.0 0.0 0.0 0.0 0.0 0.050015594116 67 1 1.0 0.27682803423 -1.7544957876
-0.12623 0.35028 3.35743 -0.12979 0.55971 4.05569706179 0.78258 0.98072 0.30541 0.41196 152.77952 195.62801 147.22542 138.42519 0.3 0.3 0.0 0.0 0.0 0.0 0.0 0.0 0.72115 0.0 0.0 45.47487 -0.49999 0.07399 0.0 0.0 0.0 0.0 0.0 0.0 0.0509821375595 68 1 0.992647058824 0.36854645598 -2.14026074023
-0.12623 0.35028 3.35743 -0.12979 0.55971 4.01206508837 0.78258 0.98072 0.30541 0.41196 152.77952 195.62801 147.22542 138.42519 0.3 0.3 0.0 0.0 0.0 0.0 0.0 0.0 0.72115 0.0 0.0 45.47487 -0.49999 0.07399 0.0 0.0 0.0 0.0 0.0 0.0 0.0509880364006 69 1 0.985294117647 0.0536262952195 -1.84974091667
-0.12623 0.35028 3.35743 -0.12979 0.55971 4.0114851054 0.78258 0.98072 0.30541 0.41196 152.77952 195.62801 147.22542 138.42519 0.3 0.3 0.0 0.0 0.0 0.0 0.0 0.0 0.72115 0.0 0.0 45.47487 -0.49999 0.07399 0.0 0.0 0.0 0.0 0.0 0.0 0.0500465425874 70 1 0.985294117647 0.0525542772278 -1.78347975937
-0.12623 0.35028 3.35743 -0.12979 0.55971 4.01488352837 0.78258 0.98072 0.30541 0.41196 152.77952 195.62801 147.22542 138.42519 0.3 0.3 0.0 0.0 0.0 0.0 0.0 0.0 0.72115 0.0 0.0 45.47487 -0.49999 0.07399 0.0 0.0 0.0 0.0 0.0 0.0 0.0496448802972 71 1 0.985294117647 0.0410236376677 -1.74539495548
-0.12623 0.35028 3.35743 -0.12979 0.55971 4.01164493238 0.78258 0.98072 0.30541 0.41196 152.77952 195.62801 147.22542 138.42519 0.3 0.3 0.0 0.0 0.0 0.0 0.0 0.0 0.72115 0.0 0.0 45.47487 -0.49999 0.07399 0.0 0.0 0.0 0.0 0.0 0.0 0.0486421237554 72 1 0.985294117647 0.0528861912208 -1.68891702996
-0.12623 0.35028 3.35743 -0.12979 0.55971 4.02501618497 0.78258 0.98072 0.30541 0.41196 152.77952 195.62801 147.22542 138.42519 0.3 0.3 0.0 0.0 0.0 0.0 0.0 0.0 0.72115 0.0 0.0 45.47487 -0.49999 0.07399 0.0 0.0 0.0 0.0 0.0 0.0 0.0477864162877 73 1 1.0 0.410689400259 -1.60267023841
-0.12623 0.35028 3.35743 -0.12979 0.55971 4.01300374295 0.78258 0.98072 0.30541 0.41196 152.77952 195.62801 147.22542 138.42519 0.3 0.3 0.0 0.0 0.0 0.0 0.0 0.0 0.72115 0.0 0.0 45.47487 -0.49999 0.07399 0.0 0.0 0.0 0.0 0.0 0.0 0.0473679390713 74 1 0.985294117647 0.0417515647143 -1.59382005599
-0.12623 0.35028 3.35743 -0.12979 0.55971 4.00580746519 0.78258 0.98072 0.30541 0.41196 152.77952 195.62801 147.22542 138.42519 0.3 0.3 0.0 0.0 0.0 0.0 0.0 0.0 0.72115 0.0 0.0 45.47487 -0.49999 0.07399 0.0 0.0 0.0 0.0 0.0 0.0 0.0479731440087 75 0 0.977941176471 0.379467474348 -1.59382005599
-0.12623 0.35028 3.35743 -0.12979 0.55971 4.05305981496 0.78258 0.98072 0.30541 0.41196 152.77952 195.62801 147.22542 138.42519 0.3 0.3 0.0 0.0 0.0 0.0 0.0 0.0 0.72115 0.0 0.0 45.47487 -0.49999 0.07399 0.0 0.0 0.0 0.0 0.0 0.0 0.047481125865 76 1 1.0 0.344854473696 -1.5824007534
-0.12623 0.35028 3.35743 -0.12979 0.55971 4.04120829745 0.78258 0.98072 0.30541 0.41196 152.77952 195.62801 147.22542 138.42519 0.3 0.3 0.0 0.0 0.0 0.0 0.0 0.0 0.72115 0.0 0.0 45.47487 -0.49999 0.07399 0.0 0.0 0.0 0.0 0.0 0.0 0.0473145261389 77 1 1.0 0.271847865946 -1.57139277303
-0.12623 0.35028 3.35743 -0.12979 0.55971 4.03259491175 0.78258 0.98072 0.30541 0.41196 152.77952 195.62801 147.22542 138.42519 0.3 0.3 0.0 0.0 0.0 0.0 0.0 0.0 0.72115 0.0 0.0 45.47487 -0.49999 0.07399 0.0 0.0 0.0 0.0 0.0 0.0 0.0470830255276 78 1 1.0 0.408077353792 -1.5561589653
-0.12623 0.35028 3.35743 -0.12979 0.55971 4.00058211516 0.78258 0.98072 0.30541 0.41196 152.77952 195.62801 147.22542 138.42519 0.3 0.3 0.0 0.0 0.0 0.0 0.0 0.0 0.72115 0.0 0.0 45.47487 -0.49999 0.07399 0.0 0.0 0.0 0.0 0.0 0.0 0.0462567915322 79 1 0.985294117647 0.399784389515 -3.31971818981
-0.12623 0.35028 3.35743 -0.12979 0.55971 4.00168206087 0.78258 0.98072 0.30541 0.41196 152.77952 195.62801 147.22542 138.42519 0.3 0.3 0.0 0.0 0.0 0.0 0.0 0.0 0.72115 0.0 0.0 45.47487 -0.49999 0.07399 0.0 0.0 0.0 0.0 0.0 0.0 0.046638036897 80 1 0.985294117647 0.379480642483 -3.13785039658
-0.12623 0.35028 3.35743 -0.12979 0.55971 4.00378707479 0.78258 0.98072 0.30541 0.41196 152.77952 195.62801 147.22542 138.42519 0.3 0.3 0.0 0.0 0.0 0.0 0.0 0.0 0.72115 0.0 0.0 45.47487 -0.49999 0.07399 0.0 0.0 0.0 0.0 0.0 0.0 0.0470309579407 81 0 0.977941176471 0.379076668993 -3.13785039658
-0.12623 0.35028 3.35743 -0.12979 0.55971 3.98904770837 0.78258 0.98072 0.30541 0.41196 152.77952 195.62801 147.22542 138.42519 0.3 0.3 0.0 0.0 0.0 0.0 0.0 0.0 0.72115 0.0 0.0 45.47487 -0.49999 0.07399 0.0 0.0 0.0 0.0 0.0 0.0 0.0461233392986 82 1 0.992647058824 0.405488661225 -1.96388300798
-0.12623 0.35028 3.35743 -0.12979 0.55971 3.98041103184 0.78258 0.98072 0.30541 0.41196 152.77952 195.62801 147.22542 138.42519 0.3 0.3 0.0 0.0 0.0 0.0 0.0 0.0 0.72115 0.0 0.0 45.47487 -0.49999 0.07399 0.0 0.0 0.0 0.0 0.0 0.0 0.0454414953394 83 1 0.992647058824 0.186006081393 -1.55213664629
-0.12623 0.35028 3.35743 -0.12979 0.55971 3.9876784811 0.78258 0.98072 0.30541 0.41196 152.77952 195.62801 147.22542 138.42519 0.3 0.3 0.0 0.0 0.0 0.0 0.0 0.0 0.72115 0.0 0.0 45.47487 -0.49999 0.07399 0.0 0.0 0.0 0.0 0.0 0.0 0.0458600213118 84 1 0.992647058824 0.405421116136 -1.95224235536
-0.12623 0.35028 3.35743 -0.12979 0.55971 4.0029203531 0.78258 0.98072 0.30541 0.41196 152.77952 195.62801 147.22542 138.42519 0.3 0.3 0.0 0.0 0.0 0.0 0.0 0.0 0.72115 0.0 0.0 45.47487 -0.49999 0.07399 0.0 0.0 0.0 0.0 0.0 0.0 0.0458589351356 85 0 0.977941176471 0.37900828986 -1.95224235536
-0.12623 0.35028 3.35743 -0.12979 0.55971 3.99962020126 0.78258 0.98072 0.30541 0.41196 152.77952 195.62801 147.22542 138.42519 0.3 0.3 0.0 0.0 0.0 0.0 0.0 0.0 0.72115 0.0 0.0 45.47487 -0.49999 0.07399 0.0 0.0 0.0 0.0 0.0 0.0 0.045818007495 86 1 0.985294117647 0.396570055065 -3.29684444066
-0.12623 0.35028 3.35743 -0.12979 0.55971 4.03113999309 0.78258 0.98072 0.30541 0.41196 152.77952 195.62801 147.22542 138.42519 0.3 0.3 0.0 0.0 0.0 0.0 0.0 0.0 0.72115 0.0 0.0 45.47487 -0.49999 0.07399 0.0 0.0 0.0 0.0 0.0 0.0 0.0458894898956 87 1 1.0 0.407914006774 -1.47877262042
-0.12623 0.35028 3.35743 -0.12979 0.55971 4.00112733391 0.78258 0.98072 0.30541 0.41196 152.77952 195.62801 147.22542 138.42519 0.3 0.3 0.0 0.0 0.0 0.0 0.0 0.0 0.72115 0.0 0.0 45.47487 -0.49999 0.07399 0.0 0.0 0.0 0.0 0.0 0.0 0.046321572409 88 1 0.985294117647 0.400355775734 -3.32400556154
-0.12623 0.35028 3.35743 -0.12979 0.55971 4.00239441029 0.78258 0.98072 0.30541 0.41196 152.77952 195.62801 147.22542 138.42519 0.3 0.3 0.0 0.0 0.0 0.0 0.0 0.0 0.72115 0.0 0.0 45.47487 -0.49999 0.07399 0.0 0.0 0.0 0.0 0.0 0.0 0.0461308883804 89 0 0.977941176471 0.378968785479 -3.32400556154
-0.12623 0.35028 3.35743 -0.12979 0.55971 4.00630953183 0.78258 0.98072 0.30541 0.41196 152.77952 195.62801 147.22542 138.42519 0.3 0.3 0.0 0.0 0.0 0.0 0.0 0.0 0.72115 0.0 0.0 45.47487 -0.49999 0.07399 0.0 0.0 0.0 0.0 0.0 0.0 0.0461982467566 90 0 0.977941176471 0.379126291689 -3.32400556154
-0.12623 0.35028 3.35743 -0.12979 0.55971 3.97954606453 0.78258 0.98072 0.30541 0.41196 152.77952 195.62801 147.22542 138.42519 0.3 0.3 0.0 0.0 0.0 0.0 0.0 0.0 0.72115 0.0 0.0 45.47487 -0.49999 0.07399 0.0 0.0 0.0 0.0 0.0 0.0 0.0460472028774 91 1 0.992647058824 0.375275673446 -1.89287601502
-0.12623 0.35028 3.35743 -0.12979 0.55971 3.98151842482 0.78258 0.98072 0.30541 0.41196 152.77952 195.62801 147.22542 138.42519 0.3 0.3 0.0 0.0 0.0 0.0 0.0 0.0 0.72115 0.0 0.0 45.47487 -0.49999 0.07399 0.0 0.0 0.0 0.0 0.0 0.0 0.0458278272337 92 1 0.992647058824 0.18651546886 -1.57557728622
-0.12623 0.35028 3.35743 -0.12979 0.55971 3.97521723721 0.78258 0.98072 0.30541 0.41196 152.77952 195.62801 147.22542 138.42519 0.3 0.3 0.0 0.0 0.0 0.0 0.0 0.0 0.72115 0.0 0.0 45.47487 -0.49999 0.07399 0.0 0.0 0.0 0.0 0.0 0.0 0.0460064796073 93 1 0.985294117647 0.373929135938 -3.09349239526
-0.12623 0.35028 3.35743 -0.12979 0.55971 3.95531565298 0.78258 0.98072 0.30541 0.41196 152.77952 195.62801 147.22542 138.42519 0.3 0.3 0.0 0.0 0.0 0.0 0.0 0.0 0.72115 0.0 0.0 45.47487 -0.49999 0.07399 0.0 0.0 0.0 0.0 0.0 0.0 0.0468278661495 94 1 0.992647058824 0.416304159834 -2.02016726774
-0.12623 0.35028 3.35743 -0.12979 0.55971 3.9742973282 0.78258 0.98072 0.30541 0.41196 152.77952 195.62801 147.22542 138.42519 0.3 0.3 0.0 0.0 0.0 0.0 0.0 0.0 0.72115 0.0 0.0 45.47487 -0.49999 0.07399 0.0 0.0 0.0 0.0 0.0 0.0 0.0463681910385 95 0 0.985294117647 0.373937228124 -2.02016726774
-0.12623 0.35028 3.35743 -0.12979 0.55971 3.92743690228 0.78258 0.98072 0.30541 0.41196 152.77952 195.62801 147.22542 138.42519 0.3 0.3 0.0 0.0 0.0 0.0 0.0 0.0 0.72115 0.0 0.0 45.47487 -0.49999 0.07399 0.0 0.0 0.0 0.0 0.0 0.0 0.0465354564762 96 0 0.992647058824 0.633786642924 -2.02016726774
-0.12623 0.35028 3.35743 -0.12979 0.55971 3.94175518395 0.78258 0.98072 0.30541 0.41196 152.77952 195.62801 147.22542 138.42519 0.3 0.3 0.0 0.0 0.0 0.0 0.0 0.0 0.72115 0.0 0.0 45.47487 -0.49999 0.07399 0.0 0.0 0.0 0.0 0.0 0.0 0.0469210605177 97 1 0.992647058824 0.542966367209 -2.36003256592
-0.12623 0.35028 3.35743 -0.12979 0.55971 3.99106828485 0.78258 0.98072 0.30541 0.41196 152.77952 195.62801 147.22542 138.42519 0.3 0.3 0.0 0.0 0.0 0.0 0.0 0.0 0.72115 0.0 0.0 45.47487 -0.49999 0.07399 0.0 0.0 0.0 0.0 0.0 0.0 0.0459055677725 98 1 0.992647058824 0.404560665699 -1.95220374702
-0.12623 0.35028 3.35743 -0.12979 0.55971 4.01047330122 0.78258 0.98072 0.30541 0.41196 152.77952 195.62801 147.22542 138.42519 0.3 0.3 0.0 0.0 0.0 0.0 0.0 0.0 0.72115 0.0 0.0 45.47487 -0.49999 0.07399 0.0 0.0 0.0 0.0 0.0 0.0 0.0456533449319 99 1 0.985294117647 0.0519440886524 -1.49518718651
-0.12623 0.35028 3.35743 -0.12979 0.55971 4.02189035628 0.78258 0.98072 0.30541 0.41196 152.77952 195.62801 147.22542 138.42519 0.3 0.3 0.0 0.0 0.0 0.0 0.0 0.0 0.72115 0.0 0.0 45.47487 -0.49999 0.07399 0.0 0.0 0.0 0.0 0.0 0.0 0.0460149652123 100 1 0.992592592593 0.113703889465 -1.5245081751
