-0.12623 0.35028 3.35743 -0.12979 0.55971 3.85405333333 0.78258 0.98072 0.30541 0.41196 152.77952 195.62801 147.22542 138.42519 0.3 0.3 0.0 0.0 0.0 0.0 0.0 0.0 0.72115 0.0 0.0 45.47487 -0.49999 0.07399 0.0 0.0 0.0 0.0 0.0 0.0 0.05 0 1 0.94964028777 0.693483680103 -56.6381342694
-0.12623 0.35028 3.35743 -0.12979 0.55971 3.86976434972 0.78258 0.98072 0.30541 0.41196 152.77952 195.62801 147.22542 138.42519 0.3 0.3 0.0 0.0 0.0 0.0 0.0 0.0 0.72115 0.0 0.0 45.47487 -0.49999 0.07399 0.0 0.0 0.0 0.0 0.0 0.0 0.0497497431192 1 1 0.956834532374 0.49663909647 -22.6254164637
-0.12623 0.35028 3.35743 -0.12979 0.55971 3.88911048801 0.78258 0.98072 0.30541 0.41196 152.77952 195.62801 147.22542 138.42519 0.3 0.3 0.0 0.0 0.0 0.0 0.0 0.0 0.72115 0.0 0.0 45.47487 -0.49999 0.07399 0.0 0.0 0.0 0.0 0.0 0.0 0.0488201343393 2 1 0.971223021583 0.590725870219 -15.3123207804
-0.12623 0.35028 3.35743 -0.12979 0.55971 3.92236787337 0.78258 0.98072 0.30541 0.41196 152.77952 195.62801 147.22542 138.42519 0.3 0.3 0.0 0.0 0.0 0.0 0.0 0.0 0.72115 0.0 0.0 45.47487 -0.49999 0.07399 0.0 0.0 0.0 0.0 0.0 0.0 0.0487647085326 3 1 0.992647058824 0.528166202821 -2.38199058156
-0.12623 0.35028 3.35743 -0.12979 0.55971 3.89579062314 0.78258 0.98072 0.30541 0.41196 152.77952 195.62801 147.22542 138.42519 0.3 0.3 0.0 0.0 0.0 0.0 0.0 0.0 0.72115 0.0 0.0 45.47487 -0.49999 0.07399 0.0 0.0 0.0 0.0 0.0 0.0 0.0492888839932 4 0 0.971223021583 0.563197331869 -2.38199058156
-0.12623 0.35028 3.35743 -0.12979 0.55971 3.92995219202 0.78258 0.98072 0.30541 0.41196 152.77952 195.62801 147.22542 138.42519 0.3 0.3 0.0 0.0 0.0 0.0 0.0 0.0 0.72115 0.0 0.0 45.47487 -0.49999 0.07399 0.0 0.0 0.0 0.0 0.0 0.0 0.0485514482505 5 1 0.992647058824 0.629052231308 -2.67506048447
-0.12623 0.35028 3.35743 -0.12979 0.55971 3.91907311087 0.78258 0.98072 0.30541 0.41196 152.77952 195.62801 147.22542 138.42519 0.3 0.3 0.0 0.0 0.0 0.0 0.0 0.0 0.72115 0.0 0.0 45.47487 -0.49999 0.07399 0.0 0.0 0.0 0.0 0.0 0.0 0.0490732732501 6 1 0.992647058824 0.527141233961 -2.39133734818
-0.12623 0.35028 3.35743 -0.12979 0.55971 3.8996731996 0.78258 0.98072 0.30541 0.41196 152.77952 195.62801 147.22542 138.42519 0.3 0.3 0.0 0.0 0.0 0.0 0.0 0.0 0.72115 0.0 0.0 45.47487 -0.49999 0.07399 0.0 0.0 0.0 0.0 0.0 0.0 0.048470520815 7 0 0.964285714286 0.688106913856 -2.39133734818
-0.12623 0.35028 3.35743 -0.12979 0.55971 3.91340250129 0.78258 0.98072 0.30541 0.41196 152.77952 195.62801 147.22542 138.42519 0.3 0.3 0.0 0.0 0.0 0.0 0.0 0.0 0.72115 0.0 0.0 45.47487 -0.49999 0.07399 0.0 0.0 0.0 0.0 0.0 0.0 0.0479190541236 8 0 0.971223021583 0.597720152358 -2.39133734818
-0.12623 0.35028 3.35743 -0.12979 0.55971 3.91418664646 0.78258 0.98072 0.30541 0.41196 152.77952 195.62801 147.22542 138.42519 0.3 0.3 0.0 0.0 0.0 0.0 0.0 0.0 0.72115 0.0 0.0 45.47487 -0.49999 0.07399 0.0 0.0 0.0 0.0 0.0 0.0 0.0494567929241 9 0 0.978260869565 0.479633546481 -2.39133734818
-0.12623 0.35028 3.35743 -0.12979 0.55971 3.87337651928 0.78258 0.98072 0.30541 0.41196 152.77952 195.62801 147.22542 138.42519 0.3 0.3 0.0 0.0 0.0 0.0 0.0 0.0 0.72115 0.0 0.0 45.47487 -0.49999 0.07399 0.0 0.0 0.0 0.0 0.0 0.0 0.0493668885056 10 0 0.971223021583 0.531747306742 -2.39133734818
-0.12623 0.35028 3.35743 -0.12979 0.55971 3.91134708008 0.78258 0.98072 0.30541 0.41196 152.77952 195.62801 147.22542 138.42519 0.3 0.3 0.0 0.0 0.0 0.0 0.0 0.0 0.72115 0.0 0.0 45.47487 -0.49999 0.07399 0.0 0.0 0.0 0.0 0.0 0.0 0.0488419992709 11 0 0.978260869565 0.628175071999 -2.39133734818
-0.12623 0.35028 3.35743 -0.12979 0.55971 3.9192698106 0.78258 0.98072 0.30541 0.41196 152.77952 195.62801 147.22542 138.42519 0.3 0.3 0.0 0.0 0.0 0.0 0.0 0.0 0.72115 0.0 0.0 45.47487 -0.49999 0.07399 0.0 0.0 0.0 0.0 0.0 0.0 0.0487436497168 12 1 0.992647058824 0.636296196966 -2.70351420723
-0.12623 0.35028 3.35743 -0.12979 0.55971 3.96487522549 0.78258 0.98072 0.30541 0.41196 152.77952 195.62801 147.22542 138.42519 0.3 0.3 0.0 0.0 0.0 0.0 0.0 0.0 0.72115 0.0 0.0 45.47487 -0.49999 0.07399 0.0 0.0 0.0 0.0 0.0 0.0 0.0490914885654 13 1 0.985294117647 0.188906535324 -2.05100178624
-0.12623 0.35028 3.35743 -0.12979 0.55971 3.92558415672 0.78258 0.98072 0.30541 0.41196 152.77952 195.62801 147.22542 138.42519 0.3 0.3 0.0 0.0 0.0 0.0 0.0 0.0 0.72115 0.0 0.0 45.47487 -0.49999 0.07399 0.0 0.0 0.0 0.0 0.0 0.0 0.0486058247102 14 1 0.992647058824 0.546415364969 -2.42637497229
-0.12623 0.35028 3.35743 -0.12979 0.55971 3.92650570652 0.78258 0.98072 0.30541 0.41196 152.77952 195.62801 147.22542 138.42519 0.3 0.3 0.0 0.0 0.0 0.0 0.0 0.0 0.72115 0.0 0.0 45.47487 -0.49999 0.07399 0.0 0.0 0.0 0.0 0.0 0.0 0.0483355628032 15 1 0.992647058824 0.639225762741 -2.70322278008
-0.12623 0.35028 3.35743 -0.12979 0.55971 3.95211317821 0.78258 0.98072 0.30541 0.41196 152.77952 195.62801 147.22542 138.42519 0.3 0.3 0.0 0.0 0.0 0.0 0.0 0.0 0.72115 0.0 0.0 45.47487 -0.49999 0.07399 0.0 0.0 0.0 0.0 0.0 0.0 0.0485355426661 16 1 0.992647058824 0.417542789397 -2.10309217973
-0.12623 0.35028 3.35743 -0.12979 0.55971 3.94842516428 0.78258 0.98072 0.30541 0.41196 152.77952 195.62801 147.22542 138.42519 0.3 0.3 0.0 0.0 0.0 0.0 0.0 0.0 0.72115 0.0 0.0 45.47487 -0.49999 0.07399 0.0 0.0 0.0 0.0 0.0 0.0 0.048945638745 17 1 0.992647058824 0.495726763993 -2.30470841209
-0.12623 0.35028 3.35743 -0.12979 0.55971 3.93234636871 0.78258 0.98072 0.30541 0.41196 152.77952 195.62801 147.22542 138.42519 0.3 0.3 0.0 0.0 0.0 0.0 0.0 0.0 0.72115 0.0 0.0 45.47487 -0.49999 0.07399 0.0 0.0 0.0 0.0 0.0 0.0 0.0493035003511 18 1 0.992647058824 0.534235788 -2.41940936675
-0.12623 0.35028 3.35743 -0.12979 0.55971 3.91597079709 0.78258 0.98072 0.30541 0.41196 152.77952 195.62801 147.22542 138.42519 0.3 0.3 0.0 0.0 0.0 0.0 0.0 0.0 0.72115 0.0 0.0 45.47487 -0.49999 0.07399 0.0 0.0 0.0 0.0 0.0 0.0 0.0490228986132 19 0 0.985401459854 0.479595045942 -2.41940936675
-0.12623 0.35028 3.35743 -0.12979 0.55971 3.94300577128 0.78258 0.98072 0.30541 0.41196 152.77952 195.62801 147.22542 138.42519 0.3 0.3 0.0 0.0 0.0 0.0 0.0 0.0 0.72115 0.0 0.0 45.47487 -0.49999 0.07399 0.0 0.0 0.0 0.0 0.0 0.0 0.0500806321681 20 1 0.992647058824 0.519604251934 -2.41378369779
-0.12623 0.35028 3.35743 -0.12979 0.55971 3.9226589362 0.78258 0.98072 0.30541 0.41196 152.77952 195.62801 147.22542 138.42519 0.3 0.3 0.0 0.0 0.0 0.0 0.0 0.0 0.72115 0.0 0.0 45.47487 -0.49999 0.07399 0.0 0.0 0.0 0.0 0.0 0.0 0.0506398074259 21 1 0.992647058824 0.526920075981 -2.45674914285
-0.12623 0.35028 3.35743 -0.12979 0.55971 3.94175077386 0.78258 0.98072 0.30541 0.41196 152.77952 195.62801 147.22542 138.42519 0.3 0.3 0.0 0.0 0.0 0.0 0.0 0.0 0.72115 0.0 0.0 45.47487 -0.49999 0.07399 0.0 0.0 0.0 0.0 0.0 0.0 0.0505418141334 22 1 0.992647058824 0.542970342435 -2.49329545349
-0.12623 0.35028 3.35743 -0.12979 0.55971 3.97250495912 0.78258 0.98072 0.30541 0.41196 152.77952 195.62801 147.22542 138.42519 0.3 0.3 0.0 0.0 0.0 0.0 0.0 0.0 0.72115 0.0 0.0 45.47487 -0.49999 0.07399 0.0 0.0 0.0 0.0 0.0 0.0 0.0505708823657 23 1 0.985294117647 0.165515039452 -2.05397982267
-0.12623 0.35028 3.35743 -0.12979 0.55971 3.9360183176 0.78258 0.98072 0.30541 0.41196 152.77952 195.62801 147.22542 138.42519 0.3 0.3 0.0 0.0 0.0 0.0 0.0 0.0 0.72115 0.0 0.0 45.47487 -0.49999 0.07399 0.0 0.0 0.0 0.0 0.0 0.0 0.051120470073 24 0 0.992647058824 0.543653595066 -2.05397982267
-0.12623 0.35028 3.35743 -0.12979 0.55971 3.94616587808 0.78258 0.98072 0.30541 0.41196 152.77952 195.62801 147.22542 138.42519 0.3 0.3 0.0 0.0 0.0 0.0 0.0 0.0 0.72115 0.0 0.0 45.47487 -0.49999 0.07399 0.0 0.0 0.0 0.0 0.0 0.0 0.0511522687167 25 1 0.992647058824 0.51957374399 -2.46203156366
-0.12623 0.35028 3.35743 -0.12979 0.55971 3.9397395152 0.78258 0.98072 0.30541 0.41196 152.77952 195.62801 147.22542 138.42519 0.3 0.3 0.0 0.0 0.0 0.0 0.0 0.0 0.72115 0.0 0.0 45.47487 -0.49999 0.07399 0.0 0.0 0.0 0.0 0.0 0.0 0.0514613905547 26 1 0.992647058824 0.544163150712 -2.53664698013
-0.12623 0.35028 3.35743 -0.12979 0.55971 3.96584996965 0.78258 0.98072 0.30541 0.41196 152.77952 195.62801 147.22542 138.42519 0.3 0.3 0.0 0.0 0.0 0.0 0.0 0.0 0.72115 0.0 0.0 45.47487 -0.49999 0.07399 0.0 0.0 0.0 0.0 0.0 0.0 0.0517486560351 27 1 0.985294117647 0.18886448903 -2.20123270786
-0.12623 0.35028 3.35743 -0.12979 0.55971 3.96979003066 0.78258 0.98072 0.30541 0.41196 152.77952 195.62801 147.22542 138.42519 0.3 0.3 0.0 0.0 0.0 0.0 0.0 0.0 0.72115 0.0 0.0 45.47487 -0.49999 0.07399 0.0 0.0 0.0 0.0 0.0 0.0 0.0519269840368 28 1 0.985294117647 0.165554613203 -2.13731951424
-0.12623 0.35028 3.35743 -0.12979 0.55971 3.98077726355 0.78258 0.98072 0.30541 0.41196 152.77952 195.62801 147.22542 138.42519 0.3 0.3 0.0 0.0 0.0 0.0 0.0 0.0 0.72115 0.0 0.0 45.47487 -0.49999 0.07399 0.0 0.0 0.0 0.0 0.0 0.0 0.0518953393019 29 1 0.992647058824 0.185978482943 -1.96584849736
-0.12623 0.35028 3.35743 -0.12979 0.55971 3.98378951917 0.78258 0.98072 0.30541 0.41196 152.77952 195.62801 147.22542 138.42519 0.3 0.3 0.0 0.0 0.0 0.0 0.0 0.0 0.72115 0.0 0.0 45.47487 -0.49999 0.07399 0.0 0.0 0.0 0.0 0.0 0.0 0.0524429760977 30 1 0.992647058824 0.186665926149 -2.00450253664
-0.12623 0.35028 3.35743 -0.12979 0.55971 3.95674438684 0.78258 0.98072 0.30541 0.41196 152.77952 195.62801 147.22542 138.42519 0.3 0.3 0.0 0.0 0.0 0.0 0.0 0.0 0.72115 0.0 0.0 45.47487 -0.49999 0.07399 0.0 0.0 0.0 0.0 0.0 0.0 0.0527226467572 31 1 0.992647058824 0.416259093969 -2.32702437932
-0.12623 0.35028 3.35743 -0.12979 0.55971 3.97167458196 0.78258 0.98072 0.30541 0.41196 152.77952 195.62801 147.22542 138.42519 0.3 0.3 0.0 0.0 0.0 0.0 0.0 0.0 0.72115 0.0 0.0 45.47487 -0.49999 0.07399 0.0 0.0 0.0 0.0 0.0 0.0 0.0519430569303 32 1 0.985294117647 0.165469405253 -2.13807257551
-0.12623 0.35028 3.35743 -0.12979 0.55971 3.96081639196 0.78258 0.98072 0.30541 0.41196 152.77952 195.62801 147.22542 138.42519 0.3 0.3 0.0 0.0 0.0 0.0 0.0 0.0 0.72115 0.0 0.0 45.47487 -0.49999 0.07399 0.0 0.0 0.0 0.0 0.0 0.0 0.0516729831146 33 1 0.985294117647 0.200897050977 -2.23947508673
-0.12623 0.35028 3.35743 -0.12979 0.55971 3.9747185643 0.78258 0.98072 0.30541 0.41196 152.77952 195.62801 147.22542 138.42519 0.3 0.3 0.0 0.0 0.0 0.0 0.0 0.0 0.72115 0.0 0.0 45.47487 -0.49999 0.07399 0.0 0.0 0.0 0.0 0.0 0.0 0.0517508922367 34 0 0.985294117647 0.373949209335 -2.23947508673
-0.12623 0.35028 3.35743 -0.12979 0.55971 3.92100269244 0.78258 0.98072 0.30541 0.41196 152.77952 195.62801 147.22542 138.42519 0.3 0.3 0.0 0.0 0.0 0.0 0.0 0.0 0.72115 0.0 0.0 45.47487 -0.49999 0.07399 0.0 0.0 0.0 0.0 0.0 0.0 0.0517792628958 35 1 0.992647058824 0.527025355265 -2.5094906296
-0.12623 0.35028 3.35743 -0.12979 0.55971 3.9309979756 0.78258 0.98072 0.30541 0.41196 152.77952 195.62801 147.22542 138.42519 0.3 0.3 0.0 0.0 0.0 0.0 0.0 0.0 0.72115 0.0 0.0 45.47487 -0.49999 0.07399 0.0 0.0 0.0 0.0 0.0 0.0 0.0516748956138 36 1 0.992647058824 0.559435055647 -2.58473813561
-0.12623 0.35028 3.35743 -0.12979 0.55971 3.96470093453 0.78258 0.98072 0.30541 0.41196 152.77952 195.62801 147.22542 138.42519 0.3 0.3 0.0 0.0 0.0 0.0 0.0 0.0 0.72115 0.0 0.0 45.47487 -0.49999 0.07399 0.0 0.0 0.0 0.0 0.0 0.0 0.0515131490389 37 1 0.985294117647 0.188900516618 -2.18742058807
-0.12623 0.35028 3.35743 -0.12979 0.55971 4.01069522537 0.78258 0.98072 0.30541 0.41196 152.77952 195.62801 147.22542 138.42519 0.3 0.3 0.0 0.0 0.0 0.0 0.0 0.0 0.72115 0.0 0.0 45.47487 -0.49999 0.07399 0.0 0.0 0.0 0.0 0.0 0.0 0.0523474072346 38 1 0.985294117647 0.0525444838551 -1.94499651682
-0.12623 0.35028 3.35743 -0.12979 0.55971 3.98484127201 0.78258 0.98072 0.30541 0.41196 152.77952 195.62801 147.22542 138.42519 0.3 0.3 0.0 0.0 0.0 0.0 0.0 0.0 0.72115 0.0 0.0 45.47487 -0.49999 0.07399 0.0 0.0 0.0 0.0 0.0 0.0 0.0518212240355 39 1 0.992647058824 0.405536984284 -2.25488344581
-0.12623 0.35028 3.35743 -0.12979 0.55971 3.94020814569 0.78258 0.98072 0.30541 0.41196 152.77952 195.62801 147.22542 138.42519 0.3 0.3 0.0 0.0 0.0 0.0 0.0 0.0 0.72115 0.0 0.0 45.47487 -0.49999 0.07399 0.0 0.0 0.0 0.0 0.0 0.0 0.0520247285989 40 1 0.992647058824 0.54413387851 -2.56245303668
-0.12623 0.35028 3.35743 -0.12979 0.55971 3.93953054368 0.78258 0.98072 0.30541 0.41196 152.77952 195.62801 147.22542 138.42519 0.3 0.3 0.0 0.0 0.0 0.0 0.0 0.0 0.72115 0.0 0.0 45.47487 -0.49999 0.07399 0.0 0.0 0.0 0.0 0.0 0.0 0.0521092120793 41 1 0.992647058824 0.544152500705 -2.56645717039
-0.12623 0.35028 3.35743 -0.12979 0.55971 3.8887761311 0.78258 0.98072 0.30541 0.41196 152.77952 195.62801 147.22542 138.42519 0.3 0.3 0.0 0.0 0.0 0.0 0.0 0.0 0.72115 0.0 0.0 45.47487 -0.49999 0.07399 0.0 0.0 0.0 0.0 0.0 0.0 0.051022182353 42 0 0.971223021583 0.590727280375 -2.56645717039
-0.12623 0.35028 3.35743 -0.12979 0.55971 3.99414964298 0.78258 0.98072 0.30541 0.41196 152.77952 195.62801 147.22542 138.42519 0.3 0.3 0.0 0.0 0.0 0.0 0.0 0.0 0.72115 0.0 0.0 45.47487 -0.49999 0.07399 0.0 0.0 0.0 0.0 0.0 0.0 0.0520249421977 43 0 0.985294117647 0.40188030587 -2.56645717039
-0.12623 0.35028 3.35743 -0.12979 0.55971 3.93742454389 0.78258 0.98072 0.30541 0.41196 152.77952 195.62801 147.22542 138.42519 0.3 0.3 0.0 0.0 0.0 0.0 0.0 0.0 0.72115 0.0 0.0 45.47487 -0.49999 0.07399 0.0 0.0 0.0 0.0 0.0 0.0 0.0526859821619 44 1 0.992647058824 0.5363493546 -2.57553982556
-0.12623 0.35028 3.35743 -0.12979 0.55971 3.94400794176 0.78258 0.98072 0.30541 0.41196 152.77952 195.62801 147.22542 138.42519 0.3 0.3 0.0 0.0 0.0 0.0 0.0 0.0 0.72115 0.0 0.0 45.47487 -0.49999 0.07399 0.0 0.0 0.0 0.0 0.0 0.0 0.0519888768303 45 1 0.992647058824 0.519534668463 -2.50189733407
-0.12623 0.35028 3.35743 -0.12979 0.55971 3.92456805539 0.78258 0.98072 0.30541 0.41196 152.77952 195.62801 147.22542 138.42519 0.3 0.3 0.0 0.0 0.0 0.0 0.0 0.0 0.72115 0.0 0.0 45.47487 -0.49999 0.07399 0.0 0.0 0.0 0.0 0.0 0.0 0.0528657485541 46 0 0.992647058824 0.528871063589 -2.50189733407
-0.12623 0.35028 3.35743 -0.12979 0.55971 3.94451901654 0.78258 0.98072 0.30541 0.41196 152.77952 195.62801 147.22542 138.42519 0.3 0.3 0.0 0.0 0.0 0.0 0.0 0.0 0.72115 0.0 0.0 45.47487 -0.49999 0.07399 0.0 0.0 0.0 0.0 0.0 0.0 0.0525829863859 47 1 0.992647058824 0.519678376053 -2.53175118079
-0.12623 0.35028 3.35743 -0.12979 0.55971 3.97406119935 0.78258 0.98072 0.30541 0.41196 152.77952 195.62801 147.22542 138.42519 0.3 0.3 0.0 0.0 0.0 0.0 0.0 0.0 0.72115 0.0 0.0 45.47487 -0.49999 0.07399 0.0 0.0 0.0 0.0 0.0 0.0 0.0520435364728 48 1 0.985294117647 0.373924919427 -3.15438121146
-0.12623 0.35028 3.35743 -0.12979 0.55971 3.98777626603 0.78258 0.98072 0.30541 0.41196 152.77952 195.62801 147.22542 138.42519 0.3 0.3 0.0 0.0 0.0 0.0 0.0 0.0 0.72115 0.0 0.0 45.47487 -0.49999 0.07399 0.0 0.0 0.0 0.0 0.0 0.0 0.0519862809003 49 1 0.992647058824 0.405422961984 -2.26422355949
-0.12623 0.35028 3.35743 -0.12979 0.55971 3.96611202995 0.78258 0.98072 0.30541 0.41196 152.77952 195.62801 147.22542 138.42519 0.3 0.3 0.0 0.0 0.0 0.0 0.0 0.0 0.72115 0.0 0.0 45.47487 -0.49999 0.07399 0.0 0.0 0.0 0.0 0.0 0.0 0.0524183720094 50 1 0.985294117647 0.1888296742 -2.24137397791
-0.12623 0.35028 3.35743 -0.12979 0.55971 3.95388024912 0.78258 0.98072 0.30541 0.41196 152.77952 195.62801 147.22542 138.42519 0.3 0.3 0.0 0.0 0.0 0.0 0.0 0.0 0.72115 0.0 0.0 45.47487 -0.49999 0.07399 0.0 0.0 0.0 0.0 0.0 0.0 0.0531318516492 51 1 0.992647058824 0.41806787245 -2.35454704437
-0.12623 0.35028 3.35743 -0.12979 0.55971 3.99716141969 0.78258 0.98072 0.30541 0.41196 152.77952 195.62801 147.22542 138.42519 0.3 0.3 0.0 0.0 0.0 0.0 0.0 0.0 0.72115 0.0 0.0 45.47487 -0.49999 0.07399 0.0 0.0 0.0 0.0 0.0 0.0 0.0526475225177 52 0 0.985294117647 0.396787884704 -2.35454704437
-0.12623 0.35028 3.35743 -0.12979 0.55971 3.97308349881 0.78258 0.98072 0.30541 0.41196 152.77952 195.62801 147.22542 138.42519 0.3 0.3 0.0 0.0 0.0 0.0 0.0 0.0 0.72115 0.0 0.0 45.47487 -0.49999 0.07399 0.0 0.0 0.0 0.0 0.0 0.0 0.0532031154828 53 1 0.985294117647 0.166035496134 -2.22018216979
-0.12623 0.35028 3.35743 -0.12979 0.55971 3.94632756424 0.78258 0.98072 0.30541 0.41196 152.77952 195.62801 147.22542 138.42519 0.3 0.3 0.0 0.0 0.0 0.0 0.0 0.0 0.72115 0.0 0.0 45.47487 -0.49999 0.07399 0.0 0.0 0.0 0.0 0.0 0.0 0.0527520749743 54 1 0.992647058824 0.495827294342 -2.48738264718
-0.12623 0.35028 3.35743 -0.12979 0.55971 3.98774403221 0.78258 0.98072 0.30541 0.41196 152.77952 195.62801 147.22542 138.42519 0.3 0.3 0.0 0.0 0.0 0.0 0.0 0.0 0.72115 0.0 0.0 45.47487 -0.49999 0.07399 0.0 0.0 0.0 0.0 0.0 0.0 0.0531477906207 55 1 0.992647058824 0.405421388923 -2.3330727639
-0.12623 0.35028 3.35743 -0.12979 0.55971 3.96766348737 0.78258 0.98072 0.30541 0.41196 152.77952 195.62801 147.22542 138.42519 0.3 0.3 0.0 0.0 0.0 0.0 0.0 0.0 0.72115 0.0 0.0 45.47487 -0.49999 0.07399 0.0 0.0 0.0 0.0 0.0 0.0 0.0530594545613 56 1 0.985294117647 0.167594022429 -2.21535787802
-0.12623 0.35028 3.35743 -0.12979 0.55971 3.96892731665 0.78258 0.98072 0.30541 0.41196 152.77952 195.62801 147.22542 138.42519 0.3 0.3 0.0 0.0 0.0 0.0 0.0 0.0 0.72115 0.0 0.0 45.47487 -0.49999 0.07399 0.0 0.0 0.0 0.0 0.0 0.0 0.0525455601523 57 1 0.985294117647 0.165400559836 -2.17599208653
-0.12623 0.35028 3.35743 -0.12979 0.55971 3.97112628513 0.78258 0.98072 0.30541 0.41196 152.77952 195.62801 147.22542 138.42519 0.3 0.3 0.0 0.0 0.0 0.0 0.0 0.0 0.72115 0.0 0.0 45.47487 -0.49999 0.07399 0.0 0.0 0.0 0.0 0.0 0.0 0.0526013870787 58 1 0.985294117647 0.165512891971 -2.17988597022
-0.12623 0.35028 3.35743 -0.12979 0.55971 3.97197643969 0.78258 0.98072 0.30541 0.41196 152.77952 195.62801 147.22542 138.42519 0.3 0.3 0.0 0.0 0.0 0.0 0.0 0.0 0.72115 0.0 0.0 45.47487 -0.49999 0.07399 0.0 0.0 0.0 0.0 0.0 0.0 0.0529443034096 59 1 0.985294117647 0.169548538938 -2.21365568483
-0.12623 0.35028 3.35743 -0.12979 0.55971 3.98653242751 0.78258 0.98072 0.30541 0.41196 152.77952 195.62801 147.22542 138.42519 0.3 0.3 0.0 0.0 0.0 0.0 0.0 0.0 0.72115 0.0 0.0 45.47487 -0.49999 0.07399 0.0 0.0 0.0 0.0 0.0 0.0 0.0528872970653 60 0 0.992647058824 0.405723434415 -2.21365568483
-0.12623 0.35028 3.35743 -0.12979 0.55971 3.99478225066 0.78258 0.98072 0.30541 0.41196 152.77952 195.62801 147.22542 138.42519 0.3 0.3 0.0 0.0 0.0 0.0 0.0 0.0 0.72115 0.0 0.0 45.47487 -0.49999 0.07399 0.0 0.0 0.0 0.0 0.0 0.0 0.0536150626946 61 1 0.985294117647 0.401038811387 -3.3750229603
-0.12623 0.35028 3.35743 -0.12979 0.55971 3.99073541052 0.78258 0.98072 0.30541 0.41196 152.77952 195.62801 147.22542 138.42519 0.3 0.3 0.0 0.0 0.0 0.0 0.0 0.0 0.72115 0.0 0.0 45.47487 -0.49999 0.07399 0.0 0.0 0.0 0.0 0.0 0.0 0.0533272193768 62 1 0.992647058824 0.404626789524 -2.34258638546
-0.12623 0.35028 3.35743 -0.12979 0.55971 4.00274499781 0.78258 0.98072 0.30541 0.41196 152.77952 195.62801 147.22542 138.42519 0.3 0.3 0.0 0.0 0.0 0.0 0.0 0.0 0.72115 0.0 0.0 45.47487 -0.49999 0.07399 0.0 0.0 0.0 0.0 0.0 0.0 0.0536894565899 63 0 0.977941176471 0.378995322592 -2.34258638546
-0.12623 0.35028 3.35743 -0.12979 0.55971 3.97246054476 0.78258 0.98072 0.30541 0.41196 152.77952 195.62801 147.22542 138.42519 0.3 0.3 0.0 0.0 0.0 0.0 0.0 0.0 0.72115 0.0 0.0 45.47487 -0.49999 0.07399 0.0 0.0 0.0 0.0 0.0 0.0 0.0525085025355 64 1 0.985294117647 0.165519094549 -2.17397365822
-0.12623 0.35028 3.35743 -0.12979 0.55971 3.9444520832 0.78258 0.98072 0.30541 0.41196 152.77952 195.62801 147.22542 138.42519 0.3 0.3 0.0 0.0 0.0 0.0 0.0 0.0 0.72115 0.0 0.0 45.47487 -0.49999 0.07399 0.0 0.0 0.0 0.0 0.0 0.0 0.0528754199085 65 1 0.992647058824 0.519645755459 -2.54654913357
-0.12623 0.35028 3.35743 -0.12979 0.55971 3.93571605052 0.78258 0.98072 0.30541 0.41196 152.77952 195.62801 147.22542 138.42519 0.3 0.3 0.0 0.0 0.0 0.0 0.0 0.0 0.72115 0.0 0.0 45.47487 -0.49999 0.07399 0.0 0.0 0.0 0.0 0.0 0.0 0.0530819726413 66 1 0.992647058824 0.543720106312 -2.61244909124
-0.12623 0.35028 3.35743 -0.12979 0.55971 3.96061394759 0.78258 0.98072 0.30541 0.41196 152.77952 195.62801 147.22542 138.42519 0.3 0.3 0.0 0.0 0.0 0.0 0.0 0.0 0.72115 0.0 0.0 45.47487 -0.49999 0.07399 0.0 0.0 0.0 0.0 0.0 0.0 0.053296475035 67 1 0.985294117647 0.200928246671 -2.33592993172
-0.12623 0.35028 3.35743 -0.12979 0.55971 3.93060758634 0.78258 0.98072 0.30541 0.41196 152.77952 195.62801 147.22542 138.42519 0.3 0.3 0.0 0.0 0.0 0.0 0.0 0.0 0.72115 0.0 0.0 45.47487 -0.49999 0.07399 0.0 0.0 0.0 0.0 0.0 0.0 0.0536593848826 68 1 0.992647058824 0.559428774817 -2.67819553728
-0.12623 0.35028 3.35743 -0.12979 0.55971 3.92431252619 0.78258 0.98072 0.30541 0.41196 152.77952 195.62801 147.22542 138.42519 0.3 0.3 0.0 0.0 0.0 0.0 0.0 0.0 0.72115 0.0 0.0 45.47487 -0.49999 0.07399 0.0 0.0 0.0 0.0 0.0 0.0 0.0533954985022 69 1 0.992647058824 0.528873220691 -2.5941881283
-0.12623 0.35028 3.35743 -0.12979 0.55971 3.93475036662 0.78258 0.98072 0.30541 0.41196 152.77952 195.62801 147.22542 138.42519 0.3 0.3 0.0 0.0 0.0 0.0 0.0 0.0 0.72115 0.0 0.0 45.47487 -0.49999 0.07399 0.0 0.0 0.0 0.0 0.0 0.0 0.0536016186084 70 1 0.992647058824 0.551394235903 -2.65642522145
-0.12623 0.35028 3.35743 -0.12979 0.55971 3.92332141046 0.78258 0.98072 0.30541 0.41196 152.77952 195.62801 147.22542 138.42519 0.3 0.3 0.0 0.0 0.0 0.0 0.0 0.0 0.72115 0.0 0.0 45.47487 -0.49999 0.07399 0.0 0.0 0.0 0.0 0.0 0.0 0.0539344490861 71 1 0.992647058824 0.526623076929 -2.61751790593
-0.12623 0.35028 3.35743 -0.12979 0.55971 3.91768931407 0.78258 0.98072 0.30541 0.41196 152.77952 195.62801 147.22542 138.42519 0.3 0.3 0.0 0.0 0.0 0.0 0.0 0.0 0.72115 0.0 0.0 45.47487 -0.49999 0.07399 0.0 0.0 0.0 0.0 0.0 0.0 0.0539727267552 72 1 0.992647058824 0.527230594784 -2.62089967143
-0.12623 0.35028 3.35743 -0.12979 0.55971 3.90185628194 0.78258 0.98072 0.30541 0.41196 152.77952 195.62801 147.22542 138.42519 0.3 0.3 0.0 0.0 0.0 0.0 0.0 0.0 0.72115 0.0 0.0 45.47487 -0.49999 0.07399 0.0 0.0 0.0 0.0 0.0 0.0 0.0540995393253 73 0 0.971223021583 0.651521759652 -2.62089967143
-0.12623 0.35028 3.35743 -0.12979 0.55971 3.90233073841 0.78258 0.98072 0.30541 0.41196 152.77952 195.62801 147.22542 138.42519 0.3 0.3 0.0 0.0 0.0 0.0 0.0 0.0 0.72115 0.0 0.0 45.47487 -0.49999 0.07399 0.0 0.0 0.0 0.0 0.0 0.0 0.0542265937395 74 0 0.971223021583 0.651555239626 -2.62089967143
-0.12623 0.35028 3.35743 -0.12979 0.55971 3.86248830943 0.78258 0.98072 0.30541 0.41196 152.77952 195.62801 147.22542 138.42519 0.3 0.3 0.0 0.0 0.0 0.0 0.0 0.0 0.72115 0.0 0.0 45.47487 -0.49999 0.07399 0.0 0.0 0.0 0.0 0.0 0.0 0.05488607744 75 0 0.956834532374 0.697352020861 -2.62089967143
-0.12623 0.35028 3.35743 -0.12979 0.55971 3.91302818833 0.78258 0.98072 0.30541 0.41196 152.77952 195.62801 147.22542 138.42519 0.3 0.3 0.0 0.0 0.0 0.0 0.0 0.0 0.72115 0.0 0.0 45.47487 -0.49999 0.07399 0.0 0.0 0.0 0.0 0.0 0.0 0.0527357324131 76 0 0.971223021583 0.59773384765 -2.62089967143
-0.12623 0.35028 3.35743 -0.12979 0.55971 3.89462560805 0.78258 0.98072 0.30541 0.41196 152.77952 195.62801 147.22542 138.42519 0.3 0.3 0.0 0.0 0.0 0.0 0.0 0.0 0.72115 0.0 0.0 45.47487 -0.49999 0.07399 0.0 0.0 0.0 0.0 0.0 0.0 0.054336254434 77 0 0.971223021583 0.563179216352 -2.62089967143
-0.12623 0.35028 3.35743 -0.12979 0.55971 3.97417300064 0.78258 0.98072 0.30541 0.41196 152.77952 195.62801 147.22542 138.42519 0.3 0.3 0.0 0.0 0.0 0.0 0.0 0.0 0.72115 0.0 0.0 45.47487 -0.49999 0.07399 0.0 0.0 0.0 0.0 0.0 0.0 0.0546934885081 78 0 0.985294117647 0.373926362868 -2.62089967143
-0.12623 0.35028 3.35743 -0.12979 0.55971 3.94116773971 0.78258 0.98072 0.30541 0.41196 152.77952 195.62801 147.22542 138.42519 0.3 0.3 0.0 0.0 0.0 0.0 0.0 0.0 0.72115 0.0 0.0 45.47487 -0.49999 0.07399 0.0 0.0 0.0 0.0 0.0 0.0 0.0537270774034 79 1 0.992647058824 0.533601752269 -2.62209431804
-0.12623 0.35028 3.35743 -0.12979 0.55971 3.91120422485 0.78258 0.98072 0.30541 0.41196 152.77952 195.62801 147.22542 138.42519 0.3 0.3 0.0 0.0 0.0 0.0 0.0 0.0 0.72115 0.0 0.0 45.47487 -0.49999 0.07399 0.0 0.0 0.0 0.0 0.0 0.0 0.0538864104745 80 0 0.978260869565 0.628139919248 -2.62209431804
-0.12623 0.35028 3.35743 -0.12979 0.55971 3.98937031082 0.78258 0.98072 0.30541 0.41196 152.77952 195.62801 147.22542 138.42519 0.3 0.3 0.0 0.0 0.0 0.0 0.0 0.0 0.72115 0.0 0.0 45.47487 -0.49999 0.07399 0.0 0.0 0.0 0.0 0.0 0.0 0.0551891788609 81 1 0.992647058824 0.405972666467 -2.46176362032
-0.12623 0.35028 3.35743 -0.12979 0.55971 3.98037691333 0.78258 0.98072 0.30541 0.41196 152.77952 195.62801 147.22542 138.42519 0.3 0.3 0.0 0.0 0.0 0.0 0.0 0.0 0.72115 0.0 0.0 45.47487 -0.49999 0.07399 0.0 0.0 0.0 0.0 0.0 0.0 0.05459109362 82 1 0.992647058824 0.375196475971 -2.3743989681
-0.12623 0.35028 3.35743 -0.12979 0.55971 3.97043791482 0.78258 0.98072 0.30541 0.41196 152.77952 195.62801 147.22542 138.42519 0.3 0.3 0.0 0.0 0.0 0.0 0.0 0.0 0.72115 0.0 0.0 45.47487 -0.49999 0.07399 0.0 0.0 0.0 0.0 0.0 0.0 0.0546735900809 83 1 0.985294117647 0.165466414765 -2.31618778778
-0.12623 0.35028 3.35743 -0.12979 0.55971 3.97508576713 0.78258 0.98072 0.30541 0.41196 152.77952 195.62801 147.22542 138.42519 0.3 0.3 0.0 0.0 0.0 0.0 0.0 0.0 0.72115 0.0 0.0 45.47487 -0.49999 0.07399 0.0 0.0 0.0 0.0 0.0 0.0 0.0552896475106 84 0 0.985294117647 0.373923121513 -2.31618778778
-0.12623 0.35028 3.35743 -0.12979 0.55971 3.95153870659 0.78258 0.98072 0.30541 0.41196 152.77952 195.62801 147.22542 138.42519 0.3 0.3 0.0 0.0 0.0 0.0 0.0 0.0 0.72115 0.0 0.0 45.47487 -0.49999 0.07399 0.0 0.0 0.0 0.0 0.0 0.0 0.0555663417441 85 1 0.992647058824 0.416641069157 -2.50356820696
-0.12623 0.35028 3.35743 -0.12979 0.55971 3.9727637804 0.78258 0.98072 0.30541 0.41196 152.77952 195.62801 147.22542 138.42519 0.3 0.3 0.0 0.0 0.0 0.0 0.0 0.0 0.72115 0.0 0.0 45.47487 -0.49999 0.07399 0.0 0.0 0.0 0.0 0.0 0.0 0.0552502979588 86 1 0.985294117647 0.165471531985 -2.35554930838
-0.12623 0.35028 3.35743 -0.12979 0.55971 3.9619567433 0.78258 0.98072 0.30541 0.41196 152.77952 195.62801 147.22542 138.42519 0.3 0.3 0.0 0.0 0.0 0.0 0.0 0.0 0.72115 0.0 0.0 45.47487 -0.49999 0.07399 0.0 0.0 0.0 0.0 0.0 0.0 0.0551998313638 87 1 0.985294117647 0.200202377128 -2.45348968395
-0.12623 0.35028 3.35743 -0.12979 0.55971 3.98911829543 0.78258 0.98072 0.30541 0.41196 152.77952 195.62801 147.22542 138.42519 0.3 0.3 0.0 0.0 0.0 0.0 0.0 0.0 0.72115 0.0 0.0 45.47487 -0.49999 0.07399 0.0 0.0 0.0 0.0 0.0 0.0 0.0552774410707 88 0 0.992647058824 0.405497503535 -2.45348968395
-0.12623 0.35028 3.35743 -0.12979 0.55971 3.96282876754 0.78258 0.98072 0.30541 0.41196 152.77952 195.62801 147.22542 138.42519 0.3 0.3 0.0 0.0 0.0 0.0 0.0 0.0 0.72115 0.0 0.0 45.47487 -0.49999 0.07399 0.0 0.0 0.0 0.0 0.0 0.0 0.0546220485565 89 1 0.985294117647 0.171715284988 -2.32988158284
-0.12623 0.35028 3.35743 -0.12979 0.55971 3.98224395199 0.78258 0.98072 0.30541 0.41196 152.77952 195.62801 147.22542 138.42519 0.3 0.3 0.0 0.0 0.0 0.0 0.0 0.0 0.72115 0.0 0.0 45.47487 -0.49999 0.07399 0.0 0.0 0.0 0.0 0.0 0.0 0.054645534539 90 1 0.992647058824 0.186467459107 -2.16203920981
-0.12623 0.35028 3.35743 -0.12979 0.55971 3.98725310483 0.78258 0.98072 0.30541 0.41196 152.77952 195.62801 147.22542 138.42519 0.3 0.3 0.0 0.0 0.0 0.0 0.0 0.0 0.72115 0.0 0.0 45.47487 -0.49999 0.07399 0.0 0.0 0.0 0.0 0.0 0.0 0.0548170200625 91 1 0.992647058824 0.405394059939 -2.43689866418
-0.12623 0.35028 3.35743 -0.12979 0.55971 3.96522640614 0.78258 0.98072 0.30541 0.41196 152.77952 195.62801 147.22542 138.42519 0.3 0.3 0.0 0.0 0.0 0.0 0.0 0.0 0.72115 0.0 0.0 45.47487 -0.49999 0.07399 0.0 0.0 0.0 0.0 0.0 0.0 0.0544285304456 92 1 0.985294117647 0.188884143863 -2.36779589543
-0.12623 0.35028 3.35743 -0.12979 0.55971 4.00064202528 0.78258 0.98072 0.30541 0.41196 152.77952 195.62801 147.22542 138.42519 0.3 0.3 0.0 0.0 0.0 0.0 0.0 0.0 0.72115 0.0 0.0 45.47487 -0.49999 0.07399 0.0 0.0 0.0 0.0 0.0 0.0 0.0538971415149 93 0 0.985294117647 0.399677520045 -2.36779589543
-0.12623 0.35028 3.35743 -0.12979 0.55971 4.00472324391 0.78258 0.98072 0.30541 0.41196 152.77952 195.62801 147.22542 138.42519 0.3 0.3 0.0 0.0 0.0 0.0 0.0 0.0 0.72115 0.0 0.0 45.47487 -0.49999 0.07399 0.0 0.0 0.0 0.0 0.0 0.0 0.0546321742464 94 0 0.977941176471 0.379399446285 -2.36779589543
-0.12623 0.35028 3.35743 -0.12979 0.55971 3.95506214282 0.78258 0.98072 0.30541 0.41196 152.77952 195.62801 147.22542 138.42519 0.3 0.3 0.0 0.0 0.0 0.0 0.0 0.0 0.72115 0.0 0.0 45.47487 -0.49999 0.07399 0.0 0.0 0.0 0.0 0.0 0.0 0.0538862800974 95 1 0.992647058824 0.416307297496 -2.397060647
-0.12623 0.35028 3.35743 -0.12979 0.55971 3.95202715045 0.78258 0.98072 0.30541 0.41196 152.77952 195.62801 147.22542 138.42519 0.3 0.3 0.0 0.0 0.0 0.0 0.0 0.0 0.72115 0.0 0.0 45.47487 -0.49999 0.07399 0.0 0.0 0.0 0.0 0.0 0.0 0.0538267213128 96 1 0.992647058824 0.417539724757 -2.39556834317
-0.12623 0.35028 3.35743 -0.12979 0.55971 3.95064296347 0.78258 0.98072 0.30541 0.41196 152.77952 195.62801 147.22542 138.42519 0.3 0.3 0.0 0.0 0.0 0.0 0.0 0.0 0.72115 0.0 0.0 45.47487 -0.49999 0.07399 0.0 0.0 0.0 0.0 0.0 0.0 0.0537084566054 97 1 0.992647058824 0.41917782962 -2.39124284333
-0.12623 0.35028 3.35743 -0.12979 0.55971 3.95924471052 0.78258 0.98072 0.30541 0.41196 152.77952 195.62801 147.22542 138.42519 0.3 0.3 0.0 0.0 0.0 0.0 0.0 0.0 0.72115 0.0 0.0 45.47487 -0.49999 0.07399 0.0 0.0 0.0 0.0 0.0 0.0 0.0540375940988 98 1 0.985294117647 0.200978803574 -2.38190836482
-0.12623 0.35028 3.35743 -0.12979 0.55971 3.96368987167 0.78258 0.98072 0.30541 0.41196 152.77952 195.62801 147.22542 138.42519 0.3 0.3 0.0 0.0 0.0 0.0 0.0 0.0 0.72115 0.0 0.0 45.47487 -0.49999 0.07399 0.0 0.0 0.0 0.0 0.0 0.0 0.0543767772964 99 1 0.985294117647 0.170880618316 -2.31115153744
-0.12623 0.35028 3.35743 -0.12979 0.55971 3.96720073294 0.78258 0.98072 0.30541 0.41196 152.77952 195.62801 147.22542 138.42519 0.3 0.3 0.0 0.0 0.0 0.0 0.0 0.0 0.72115 0.0 0.0 45.47487 -0.49999 0.07399 0.0 0.0 0.0 0.0 0.0 0.0 0.0545142675138 100 1 0.985294117647 0.188673394242 -2.37270508589
