-0.12623 0.35028 3.35743 -0.12979 0.55971 3.75405333333 0.78258 0.98072 0.30541 0.41196 152.77952 195.62801 147.22542 138.42519 0.3 0.3 0.0 0.0 0.0 0.0 0.0 0.0 0.72115 0.0 0.0 45.47487 -0.49999 0.07399 0.0 0.0 0.0 0.0 0.0 0.0 0.05 0 1 0.957446808511 0.863570267945 -62.5210198858
-0.12623 0.35028 3.35743 -0.12979 0.55971 3.74075097576 0.78258 0.98072 0.30541 0.41196 152.77952 195.62801 147.22542 138.42519 0.3 0.3 0.0 0.0 0.0 0.0 0.0 0.0 0.72115 0.0 0.0 45.47487 -0.49999 0.07399 0.0 0.0 0.0 0.0 0.0 0.0 0.0494268795248 1 0 0.937062937063 0.981779114698 -62.5210198858
-0.12623 0.35028 3.35743 -0.12979 0.55971 3.82713931162 0.78258 0.98072 0.30541 0.41196 152.77952 195.62801 147.22542 138.42519 0.3 0.3 0.0 0.0 0.0 0.0 0.0 0.0 0.72115 0.0 0.0 45.47487 -0.49999 0.07399 0.0 0.0 0.0 0.0 0.0 0.0 0.0503963653294 2 1 0.950354609929 0.581544238061 -38.7024409174
-0.12623 0.35028 3.35743 -0.12979 0.55971 3.83484668522 0.78258 0.98072 0.30541 0.41196 152.77952 195.62801 147.22542 138.42519 0.3 0.3 0.0 0.0 0.0 0.0 0.0 0.0 0.72115 0.0 0.0 45.47487 -0.49999 0.07399 0.0 0.0 0.0 0.0 0.0 0.0 0.0489612176202 3 1 0.950354609929 0.576045328333 -40.0631111385
-0.12623 0.35028 3.35743 -0.12979 0.55971 3.81819430771 0.78258 0.98072 0.30541 0.41196 152.77952 195.62801 147.22542 138.42519 0.3 0.3 0.0 0.0 0.0 0.0 0.0 0.0 0.72115 0.0 0.0 45.47487 -0.49999 0.07399 0.0 0.0 0.0 0.0 0.0 0.0 0.0489573080291 4 0 0.943661971831 0.839407498567 -40.0631111385
-0.12623 0.35028 3.35743 -0.12979 0.55971 3.83856915154 0.78258 0.98072 0.30541 0.41196 152.77952 195.62801 147.22542 138.42519 0.3 0.3 0.0 0.0 0.0 0.0 0.0 0.0 0.72115 0.0 0.0 45.47487 -0.49999 0.07399 0.0 0.0 0.0 0.0 0.0 0.0 0.0495302243618 5 0 0.943262411348 0.538224872031 -40.0631111385
-0.12623 0.35028 3.35743 -0.12979 0.55971 3.81978888912 0.78258 0.98072 0.30541 0.41196 152.77952 195.62801 147.22542 138.42519 0.3 0.3 0.0 0.0 0.0 0.0 0.0 0.0 0.72115 0.0 0.0 45.47487 -0.49999 0.07399 0.0 0.0 0.0 0.0 0.0 0.0 0.0490470499891 6 0 0.943661971831 0.684616308554 -40.0631111385
-0.12623 0.35028 3.35743 -0.12979 0.55971 3.83092115815 0.78258 0.98072 0.30541 0.41196 152.77952 195.62801 147.22542 138.42519 0.3 0.3 0.0 0.0 0.0 0.0 0.0 0.0 0.72115 0.0 0.0 45.47487 -0.49999 0.07399 0.0 0.0 0.0 0.0 0.0 0.0 0.0485327570695 7 1 0.950354609929 0.580910239532 -41.377260955
-0.12623 0.35028 3.35743 -0.12979 0.55971 3.82262384014 0.78258 0.98072 0.30541 0.41196 152.77952 195.62801 147.22542 138.42519 0.3 0.3 0.0 0.0 0.0 0.0 0.0 0.0 0.72115 0.0 0.0 45.47487 -0.49999 0.07399 0.0 0.0 0.0 0.0 0.0 0.0 0.0489981215547 8 0 0.943661971831 0.687953745251 -41.377260955
-0.12623 0.35028 3.35743 -0.12979 0.55971 3.81268941032 0.78258 0.98072 0.30541 0.41196 152.77952 195.62801 147.22542 138.42519 0.3 0.3 0.0 0.0 0.0 0.0 0.0 0.0 0.72115 0.0 0.0 45.47487 -0.49999 0.07399 0.0 0.0 0.0 0.0 0.0 0.0 0.0488382442322 9 0 0.944055944056 0.796079759226 -41.377260955
-0.12623 0.35028 3.35743 -0.12979 0.55971 3.82113837311 0.78258 0.98072 0.30541 0.41196 152.77952 195.62801 147.22542 138.42519 0.3 0.3 0.0 0.0 0.0 0.0 0.0 0.0 0.72115 0.0 0.0 45.47487 -0.49999 0.07399 0.0 0.0 0.0 0.0 0.0 0.0 0.0489981372002 10 0 0.943661971831 0.684599509879 -41.377260955
-0.12623 0.35028 3.35743 -0.12979 0.55971 3.84865021379 0.78258 0.98072 0.30541 0.41196 152.77952 195.62801 147.22542 138.42519 0.3 0.3 0.0 0.0 0.0 0.0 0.0 0.0 0.72115 0.0 0.0 45.47487 -0.49999 0.07399 0.0 0.0 0.0 0.0 0.0 0.0 0.0492884111939 11 0 0.95 0.663965686557 -41.377260955
-0.12623 0.35028 3.35743 -0.12979 0.55971 3.83890034236 0.78258 0.98072 0.30541 0.41196 152.77952 195.62801 147.22542 138.42519 0.3 0.3 0.0 0.0 0.0 0.0 0.0 0.0 0.72115 0.0 0.0 45.47487 -0.49999 0.07399 0.0 0.0 0.0 0.0 0.0 0.0 0.0482358414801 12 0 0.943262411348 0.538164664313 -41.377260955
-0.12623 0.35028 3.35743 -0.12979 0.55971 3.80682091302 0.78258 0.98072 0.30541 0.41196 152.77952 195.62801 147.22542 138.42519 0.3 0.3 0.0 0.0 0.0 0.0 0.0 0.0 0.72115 0.0 0.0 45.47487 -0.49999 0.07399 0.0 0.0 0.0 0.0 0.0 0.0 0.0490745654711 13 0 0.944055944056 0.787766154491 -41.377260955
-0.12623 0.35028 3.35743 -0.12979 0.55971 3.85818084856 0.78258 0.98072 0.30541 0.41196 152.77952 195.62801 147.22542 138.42519 0.3 0.3 0.0 0.0 0.0 0.0 0.0 0.0 0.72115 0.0 0.0 45.47487 -0.49999 0.07399 0.0 0.0 0.0 0.0 0.0 0.0 0.0484750826754 14 0 0.94964028777 0.69724742137 -41.377260955
-0.12623 0.35028 3.35743 -0.12979 0.55971 3.85119761555 0.78258 0.98072 0.30541 0.41196 152.77952 195.62801 147.22542 138.42519 0.3 0.3 0.0 0.0 0.0 0.0 0.0 0.0 0.72115 0.0 0.0 45.47487 -0.49999 0.07399 0.0 0.0 0.0 0.0 0.0 0.0 0.0492590712203 15 0 0.94964028777 0.6963519081 -41.377260955
-0.12623 0.35028 3.35743 -0.12979 0.55971 3.85658952975 0.78258 0.98072 0.30541 0.41196 152.77952 195.62801 147.22542 138.42519 0.3 0.3 0.0 0.0 0.0 0.0 0.0 0.0 0.72115 0.0 0.0 45.47487 -0.49999 0.07399 0.0 0.0 0.0 0.0 0.0 0.0 0.0488597531645 16 0 0.94964028777 0.694649656091 -41.377260955
-0.12623 0.35028 3.35743 -0.12979 0.55971 3.83496466832 0.78258 0.98072 0.30541 0.41196 152.77952 195.62801 147.22542 138.42519 0.3 0.3 0.0 0.0 0.0 0.0 0.0 0.0 0.72115 0.0 0.0 45.47487 -0.49999 0.07399 0.0 0.0 0.0 0.0 0.0 0.0 0.0497747571496 17 0 0.943262411348 0.635952840454 -41.377260955
-0.12623 0.35028 3.35743 -0.12979 0.55971 3.85164281234 0.78258 0.98072 0.30541 0.41196 152.77952 195.62801 147.22542 138.42519 0.3 0.3 0.0 0.0 0.0 0.0 0.0 0.0 0.72115 0.0 0.0 45.47487 -0.49999 0.07399 0.0 0.0 0.0 0.0 0.0 0.0 0.0488139924429 18 0 0.94964028777 0.696348341293 -41.377260955
-0.12623 0.35028 3.35743 -0.12979 0.55971 3.81710150266 0.78258 0.98072 0.30541 0.41196 152.77952 195.62801 147.22542 138.42519 0.3 0.3 0.0 0.0 0.0 0.0 0.0 0.0 0.72115 0.0 0.0 45.47487 -0.49999 0.07399 0.0 0.0 0.0 0.0 0.0 0.0 0.0476641511453 19 0 0.943661971831 0.839661998965 -41.377260955
-0.12623 0.35028 3.35743 -0.12979 0.55971 3.80877575964 0.78258 0.98072 0.30541 0.41196 152.77952 195.62801 147.22542 138.42519 0.3 0.3 0.0 0.0 0.0 0.0 0.0 0.0 0.72115 0.0 0.0 45.47487 -0.49999 0.07399 0.0 0.0 0.0 0.0 0.0 0.0 0.0489253950772 20 0 0.944055944056 0.834142855251 -41.377260955
-0.12623 0.35028 3.35743 -0.12979 0.55971 3.78697012842 0.78258 0.98072 0.30541 0.41196 152.77952 195.62801 147.22542 138.42519 0.3 0.3 0.0 0.0 0.0 0.0 0.0 0.0 0.72115 0.0 0.0 45.47487 -0.49999 0.07399 0.0 0.0 0.0 0.0 0.0 0.0 0.048780387729 21 0 0.950704225352 0.83935020837 -41.377260955
-0.12623 0.35028 3.35743 -0.12979 0.55971 3.8379177689 0.78258 0.98072 0.30541 0.41196 152.77952 195.62801 147.22542 138.42519 0.3 0.3 0.0 0.0 0.0 0.0 0.0 0.0 0.72115 0.0 0.0 45.47487 -0.49999 0.07399 0.0 0.0 0.0 0.0 0.0 0.0 0.0488692200052 22 0 0.943262411348 0.538317413359 -41.377260955
-0.12623 0.35028 3.35743 -0.12979 0.55971 3.80506816932 0.78258 0.98072 0.30541 0.41196 152.77952 195.62801 147.22542 138.42519 0.3 0.3 0.0 0.0 0.0 0.0 0.0 0.0 0.72115 0.0 0.0 45.47487 -0.49999 0.07399 0.0 0.0 0.0 0.0 0.0 0.0 0.046784302668 23 0 0.944055944056 0.83047621282 -41.377260955
-0.12623 0.35028 3.35743 -0.12979 0.55971 3.87350095933 0.78258 0.98072 0.30541 0.41196 152.77952 195.62801 147.22542 138.42519 0.3 0.3 0.0 0.0 0.0 0.0 0.0 0.0 0.72115 0.0 0.0 45.47487 -0.49999 0.07399 0.0 0.0 0.0 0.0 0.0 0.0 0.0486197291274 24 1 0.971223021583 0.531875591975 -12.8076919723
-0.12623 0.35028 3.35743 -0.12979 0.55971 3.8864990582 0.78258 0.98072 0.30541 0.41196 152.77952 195.62801 147.22542 138.42519 0.3 0.3 0.0 0.0 0.0 0.0 0.0 0.0 0.72115 0.0 0.0 45.47487 -0.49999 0.07399 0.0 0.0 0.0 0.0 0.0 0.0 0.0483217278019 25 0 0.971223021583 0.607629214079 -12.8076919723
-0.12623 0.35028 3.35743 -0.12979 0.55971 3.8695413903 0.78258 0.98072 0.30541 0.41196 152.77952 195.62801 147.22542 138.42519 0.3 0.3 0.0 0.0 0.0 0.0 0.0 0.0 0.72115 0.0 0.0 45.47487 -0.49999 0.07399 0.0 0.0 0.0 0.0 0.0 0.0 0.0486327919 26 0 0.956834532374 0.493754102109 -12.8076919723
-0.12623 0.35028 3.35743 -0.12979 0.55971 3.86784626901 0.78258 0.98072 0.30541 0.41196 152.77952 195.62801 147.22542 138.42519 0.3 0.3 0.0 0.0 0.0 0.0 0.0 0.0 0.72115 0.0 0.0 45.47487 -0.49999 0.07399 0.0 0.0 0.0 0.0 0.0 0.0 0.0484740007338 27 0 0.956834532374 0.534599122888 -12.8076919723
-0.12623 0.35028 3.35743 -0.12979 0.55971 3.84984727188 0.78258 0.98072 0.30541 0.41196 152.77952 195.62801 147.22542 138.42519 0.3 0.3 0.0 0.0 0.0 0.0 0.0 0.0 0.72115 0.0 0.0 45.47487 -0.49999 0.07399 0.0 0.0 0.0 0.0 0.0 0.0 0.0479372159087 28 0 0.94964028777 0.694436466018 -12.8076919723
-0.12623 0.35028 3.35743 -0.12979 0.55971 3.87781964655 0.78258 0.98072 0.30541 0.41196 152.77952 195.62801 147.22542 138.42519 0.3 0.3 0.0 0.0 0.0 0.0 0.0 0.0 0.72115 0.0 0.0 45.47487 -0.49999 0.07399 0.0 0.0 0.0 0.0 0.0 0.0 0.0482518170717 29 0 0.971223021583 0.653348123953 -12.8076919723
-0.12623 0.35028 3.35743 -0.12979 0.55971 3.86466431714 0.78258 0.98072 0.30541 0.41196 152.77952 195.62801 147.22542 138.42519 0.3 0.3 0.0 0.0 0.0 0.0 0.0 0.0 0.72115 0.0 0.0 45.47487 -0.49999 0.07399 0.0 0.0 0.0 0.0 0.0 0.0 0.0470052783563 30 0 0.956834532374 0.682489780537 -12.8076919723
-0.12623 0.35028 3.35743 -0.12979 0.55971 3.88300792486 0.78258 0.98072 0.30541 0.41196 152.77952 195.62801 147.22542 138.42519 0.3 0.3 0.0 0.0 0.0 0.0 0.0 0.0 0.72115 0.0 0.0 45.47487 -0.49999 0.07399 0.0 0.0 0.0 0.0 0.0 0.0 0.0488731569727 31 0 0.971223021583 0.59804169781 -12.8076919723
-0.12623 0.35028 3.35743 -0.12979 0.55971 3.99201960275 0.78258 0.98072 0.30541 0.41196 152.77952 195.62801 147.22542 138.42519 0.3 0.3 0.0 0.0 0.0 0.0 0.0 0.0 0.72115 0.0 0.0 45.47487 -0.49999 0.07399 0.0 0.0 0.0 0.0 0.0 0.0 0.0494023349722 32 1 0.992647058824 0.399225014707 -2.1092637594
-0.12623 0.35028 3.35743 -0.12979 0.55971 3.9495859915 0.78258 0.98072 0.30541 0.41196 152.77952 195.62801 147.22542 138.42519 0.3 0.3 0.0 0.0 0.0 0.0 0.0 0.0 0.72115 0.0 0.0 45.47487 -0.49999 0.07399 0.0 0.0 0.0 0.0 0.0 0.0 0.0487279075748 33 1 0.992647058824 0.495721555193 -2.29547289171
-0.12623 0.35028 3.35743 -0.12979 0.55971 3.96297740533 0.78258 0.98072 0.30541 0.41196 152.77952 195.62801 147.22542 138.42519 0.3 0.3 0.0 0.0 0.0 0.0 0.0 0.0 0.72115 0.0 0.0 45.47487 -0.49999 0.07399 0.0 0.0 0.0 0.0 0.0 0.0 0.0486437428446 34 1 0.985294117647 0.171742847364 -1.96354238819
-0.12623 0.35028 3.35743 -0.12979 0.55971 3.96206098773 0.78258 0.98072 0.30541 0.41196 152.77952 195.62801 147.22542 138.42519 0.3 0.3 0.0 0.0 0.0 0.0 0.0 0.0 0.72115 0.0 0.0 45.47487 -0.49999 0.07399 0.0 0.0 0.0 0.0 0.0 0.0 0.0485166664422 35 1 0.985294117647 0.200112487596 -2.06557195094
-0.12623 0.35028 3.35743 -0.12979 0.55971 3.94906531614 0.78258 0.98072 0.30541 0.41196 152.77952 195.62801 147.22542 138.42519 0.3 0.3 0.0 0.0 0.0 0.0 0.0 0.0 0.72115 0.0 0.0 45.47487 -0.49999 0.07399 0.0 0.0 0.0 0.0 0.0 0.0 0.048459196556 36 1 0.992647058824 0.49583455873 -2.28457383483
-0.12623 0.35028 3.35743 -0.12979 0.55971 3.96062839863 0.78258 0.98072 0.30541 0.41196 152.77952 195.62801 147.22542 138.42519 0.3 0.3 0.0 0.0 0.0 0.0 0.0 0.0 0.72115 0.0 0.0 45.47487 -0.49999 0.07399 0.0 0.0 0.0 0.0 0.0 0.0 0.0485766611405 37 1 0.985294117647 0.20092805595 -2.07197993409
-0.12623 0.35028 3.35743 -0.12979 0.55971 3.93553824043 0.78258 0.98072 0.30541 0.41196 152.77952 195.62801 147.22542 138.42519 0.3 0.3 0.0 0.0 0.0 0.0 0.0 0.0 0.72115 0.0 0.0 45.47487 -0.49999 0.07399 0.0 0.0 0.0 0.0 0.0 0.0 0.0482117975375 38 1 0.992647058824 0.543706508677 -2.40468904924
-0.12623 0.35028 3.35743 -0.12979 0.55971 3.93812097457 0.78258 0.98072 0.30541 0.41196 152.77952 195.62801 147.22542 138.42519 0.3 0.3 0.0 0.0 0.0 0.0 0.0 0.0 0.72115 0.0 0.0 45.47487 -0.49999 0.07399 0.0 0.0 0.0 0.0 0.0 0.0 0.0485446827168 39 1 0.992647058824 0.536347138911 -2.39603812179
-0.12623 0.35028 3.35743 -0.12979 0.55971 3.97517045631 0.78258 0.98072 0.30541 0.41196 152.77952 195.62801 147.22542 138.42519 0.3 0.3 0.0 0.0 0.0 0.0 0.0 0.0 0.72115 0.0 0.0 45.47487 -0.49999 0.07399 0.0 0.0 0.0 0.0 0.0 0.0 0.0482281667027 40 1 0.985294117647 0.37392851469 -3.09477208365
-0.12623 0.35028 3.35743 -0.12979 0.55971 4.00469552266 0.78258 0.98072 0.30541 0.41196 152.77952 195.62801 147.22542 138.42519 0.3 0.3 0.0 0.0 0.0 0.0 0.0 0.0 0.72115 0.0 0.0 45.47487 -0.49999 0.07399 0.0 0.0 0.0 0.0 0.0 0.0 0.0474686565973 41 0 0.977941176471 0.379396800973 -3.09477208365
-0.12623 0.35028 3.35743 -0.12979 0.55971 4.04636397441 0.78258 0.98072 0.30541 0.41196 152.77952 195.62801 147.22542 138.42519 0.3 0.3 0.0 0.0 0.0 0.0 0.0 0.0 0.72115 0.0 0.0 45.47487 -0.49999 0.07399 0.0 0.0 0.0 0.0 0.0 0.0 0.049539602329 42 1 1.0 0.276584631523 -1.72151307292
-0.12623 0.35028 3.35743 -0.12979 0.55971 4.0330673278 0.78258 0.98072 0.30541 0.41196 152.77952 195.62801 147.22542 138.42519 0.3 0.3 0.0 0.0 0.0 0.0 0.0 0.0 0.72115 0.0 0.0 45.47487 -0.49999 0.07399 0.0 0.0 0.0 0.0 0.0 0.0 0.049562016133 43 1 1.0 0.408668330268 -1.72305932395
-0.12623 0.35028 3.35743 -0.12979 0.55971 4.02182207484 0.78258 0.98072 0.30541 0.41196 152.77952 195.62801 147.22542 138.42519 0.3 0.3 0.0 0.0 0.0 0.0 0.0 0.0 0.72115 0.0 0.0 45.47487 -0.49999 0.07399 0.0 0.0 0.0 0.0 0.0 0.0 0.0500552440762 44 1 0.992592592593 0.113914228081 -1.78922696418
-0.12623 0.35028 3.35743 -0.12979 0.55971 4.00224293106 0.78258 0.98072 0.30541 0.41196 152.77952 195.62801 147.22542 138.42519 0.3 0.3 0.0 0.0 0.0 0.0 0.0 0.0 0.72115 0.0 0.0 45.47487 -0.49999 0.07399 0.0 0.0 0.0 0.0 0.0 0.0 0.0491926473018 45 0 0.977941176471 0.378955481934 -1.78922696418
-0.12623 0.35028 3.35743 -0.12979 0.55971 4.007677024 0.78258 0.98072 0.30541 0.41196 152.77952 195.62801 147.22542 138.42519 0.3 0.3 0.0 0.0 0.0 0.0 0.0 0.0 0.72115 0.0 0.0 45.47487 -0.49999 0.07399 0.0 0.0 0.0 0.0 0.0 0.0 0.0497089143479 46 0 0.977941176471 0.371307708848 -1.78922696418
-0.12623 0.35028 3.35743 -0.12979 0.55971 4.00379014416 0.78258 0.98072 0.30541 0.41196 152.77952 195.62801 147.22542 138.42519 0.3 0.3 0.0 0.0 0.0 0.0 0.0 0.0 0.72115 0.0 0.0 45.47487 -0.49999 0.07399 0.0 0.0 0.0 0.0 0.0 0.0 0.0497443712657 47 1 0.977941176471 0.379076661396 -4.91461252643
-0.12623 0.35028 3.35743 -0.12979 0.55971 4.00632802684 0.78258 0.98072 0.30541 0.41196 152.77952 195.62801 147.22542 138.42519 0.3 0.3 0.0 0.0 0.0 0.0 0.0 0.0 0.72115 0.0 0.0 45.47487 -0.49999 0.07399 0.0 0.0 0.0 0.0 0.0 0.0 0.0500463291958 48 1 0.977941176471 0.379091690874 -4.89758793423
-0.12623 0.35028 3.35743 -0.12979 0.55971 4.02536207049 0.78258 0.98072 0.30541 0.41196 152.77952 195.62801 147.22542 138.42519 0.3 0.3 0.0 0.0 0.0 0.0 0.0 0.0 0.72115 0.0 0.0 45.47487 -0.49999 0.07399 0.0 0.0 0.0 0.0 0.0 0.0 0.0503158694714 49 1 1.0 0.410719924781 -1.7754598631
-0.12623 0.35028 3.35743 -0.12979 0.55971 4.01940699585 0.78258 0.98072 0.30541 0.41196 152.77952 195.62801 147.22542 138.42519 0.3 0.3 0.0 0.0 0.0 0.0 0.0 0.0 0.72115 0.0 0.0 45.47487 -0.49999 0.07399 0.0 0.0 0.0 0.0 0.0 0.0 0.0498135864336 50 1 1.0 0.422712195129 -1.74046080671
-0.12623 0.35028 3.35743 -0.12979 0.55971 3.99511409377 0.78258 0.98072 0.30541 0.41196 152.77952 195.62801 147.22542 138.42519 0.3 0.3 0.0 0.0 0.0 0.0 0.0 0.0 0.72115 0.0 0.0 45.47487 -0.49999 0.07399 0.0 0.0 0.0 0.0 0.0 0.0 0.0503398908247 51 0 0.985294117647 0.40096563919 -1.74046080671
-0.12623 0.35028 3.35743 -0.12979 0.55971 4.04179110346 0.78258 0.98072 0.30541 0.41196 152.77952 195.62801 147.22542 138.42519 0.3 0.3 0.0 0.0 0.0 0.0 0.0 0.0 0.72115 0.0 0.0 45.47487 -0.49999 0.07399 0.0 0.0 0.0 0.0 0.0 0.0 0.0500658020879 52 1 1.0 0.271984806458 -1.75799265068
-0.12623 0.35028 3.35743 -0.12979 0.55971 4.01786935786 0.78258 0.98072 0.30541 0.41196 152.77952 195.62801 147.22542 138.42519 0.3 0.3 0.0 0.0 0.0 0.0 0.0 0.0 0.72115 0.0 0.0 45.47487 -0.49999 0.07399 0.0 0.0 0.0 0.0 0.0 0.0 0.0496233436657 53 1 0.985294117647 0.133291923406 -1.90283123079
-0.12623 0.35028 3.35743 -0.12979 0.55971 4.02353917334 0.78258 0.98072 0.30541 0.41196 152.77952 195.62801 147.22542 138.42519 0.3 0.3 0.0 0.0 0.0 0.0 0.0 0.0 0.72115 0.0 0.0 45.47487 -0.49999 0.07399 0.0 0.0 0.0 0.0 0.0 0.0 0.0493346671536 54 1 0.992592592593 0.117910581383 -1.74266706546
-0.12623 0.35028 3.35743 -0.12979 0.55971 4.00585360131 0.78258 0.98072 0.30541 0.41196 152.77952 195.62801 147.22542 138.42519 0.3 0.3 0.0 0.0 0.0 0.0 0.0 0.0 0.72115 0.0 0.0 45.47487 -0.49999 0.07399 0.0 0.0 0.0 0.0 0.0 0.0 0.0490772644096 55 0 0.977941176471 0.379474210712 -1.74266706546
-0.12623 0.35028 3.35743 -0.12979 0.55971 4.04195108491 0.78258 0.98072 0.30541 0.41196 152.77952 195.62801 147.22542 138.42519 0.3 0.3 0.0 0.0 0.0 0.0 0.0 0.0 0.72115 0.0 0.0 45.47487 -0.49999 0.07399 0.0 0.0 0.0 0.0 0.0 0.0 0.0507499263439 56 1 1.0 0.271993752367 -1.80597886608
-0.12623 0.35028 3.35743 -0.12979 0.55971 4.06825124529 0.78258 0.98072 0.30541 0.41196 152.77952 195.62801 147.22542 138.42519 0.3 0.3 0.0 0.0 0.0 0.0 0.0 0.0 0.72115 0.0 0.0 45.47487 -0.49999 0.07399 0.0 0.0 0.0 0.0 0.0 0.0 0.0495992579431 57 1 0.992647058824 0.416679623787 -2.15489836273
-0.12623 0.35028 3.35743 -0.12979 0.55971 4.06241529967 0.78258 0.98072 0.30541 0.41196 152.77952 195.62801 147.22542 138.42519 0.3 0.3 0.0 0.0 0.0 0.0 0.0 0.0 0.72115 0.0 0.0 45.47487 -0.49999 0.07399 0.0 0.0 0.0 0.0 0.0 0.0 0.0497088900556 58 1 0.992647058824 0.403352072255 -2.13368319837
-0.12623 0.35028 3.35743 -0.12979 0.55971 4.06218816722 0.78258 0.98072 0.30541 0.41196 152.77952 195.62801 147.22542 138.42519 0.3 0.3 0.0 0.0 0.0 0.0 0.0 0.0 0.72115 0.0 0.0 45.47487 -0.49999 0.07399 0.0 0.0 0.0 0.0 0.0 0.0 0.0498320754981 59 1 0.992647058824 0.403319987678 -2.14017695637
-0.12623 0.35028 3.35743 -0.12979 0.55971 4.09543137867 0.78258 0.98072 0.30541 0.41196 152.77952 195.62801 147.22542 138.42519 0.3 0.3 0.0 0.0 0.0 0.0 0.0 0.0 0.72115 0.0 0.0 45.47487 -0.49999 0.07399 0.0 0.0 0.0 0.0 0.0 0.0 0.050609392791 60 0 0.985401459854 0.482523456716 -2.14017695637
-0.12623 0.35028 3.35743 -0.12979 0.55971 4.06773276851 0.78258 0.98072 0.30541 0.41196 152.77952 195.62801 147.22542 138.42519 0.3 0.3 0.0 0.0 0.0 0.0 0.0 0.0 0.72115 0.0 0.0 45.47487 -0.49999 0.07399 0.0 0.0 0.0 0.0 0.0 0.0 0.0491724569884 61 1 0.992647058824 0.41660928414 -2.13288661275
-0.12623 0.35028 3.35743 -0.12979 0.55971 4.03155874551 0.78258 0.98072 0.30541 0.41196 152.77952 195.62801 147.22542 138.42519 0.3 0.3 0.0 0.0 0.0 0.0 0.0 0.0 0.72115 0.0 0.0 45.47487 -0.49999 0.07399 0.0 0.0 0.0 0.0 0.0 0.0 0.0487350288117 62 1 1.0 0.407962455684 -1.66645765177
-0.12623 0.35028 3.35743 -0.12979 0.55971 4.03054096286 0.78258 0.98072 0.30541 0.41196 152.77952 195.62801 147.22542 138.42519 0.3 0.3 0.0 0.0 0.0 0.0 0.0 0.0 0.72115 0.0 0.0 45.47487 -0.49999 0.07399 0.0 0.0 0.0 0.0 0.0 0.0 0.0481467078503 63 1 1.0 0.40784644556 -1.62675385156
-0.12623 0.35028 3.35743 -0.12979 0.55971 4.05324716899 0.78258 0.98072 0.30541 0.41196 152.77952 195.62801 147.22542 138.42519 0.3 0.3 0.0 0.0 0.0 0.0 0.0 0.0 0.72115 0.0 0.0 45.47487 -0.49999 0.07399 0.0 0.0 0.0 0.0 0.0 0.0 0.0485058708339 64 1 1.0 0.344861924399 -1.65093688715
-0.12623 0.35028 3.35743 -0.12979 0.55971 4.04748767563 0.78258 0.98072 0.30541 0.41196 152.77952 195.62801 147.22542 138.42519 0.3 0.3 0.0 0.0 0.0 0.0 0.0 0.0 0.72115 0.0 0.0 45.47487 -0.49999 0.07399 0.0 0.0 0.0 0.0 0.0 0.0 0.0487865294877 65 1 1.0 0.279612292954 -1.6699555407
-0.12623 0.35028 3.35743 -0.12979 0.55971 4.05967600722 0.78258 0.98072 0.30541 0.41196 152.77952 195.62801 147.22542 138.42519 0.3 0.3 0.0 0.0 0.0 0.0 0.0 0.0 0.72115 0.0 0.0 45.47487 -0.49999 0.07399 0.0 0.0 0.0 0.0 0.0 0.0 0.0487165213356 66 1 0.992647058824 0.402629421963 -2.08066530649
-0.12623 0.35028 3.35743 -0.12979 0.55971 4.01815545061 0.78258 0.98072 0.30541 0.41196 152.77952 195.62801 147.22542 138.42519 0.3 0.3 0.0 0.0 0.0 0.0 0.0 0.0 0.72115 0.0 0.0 45.47487 -0.49999 0.07399 0.0 0.0 0.0 0.0 0.0 0.0 0.0484483206847 67 1 0.985294117647 0.133193604686 -1.83093421775
-0.12623 0.35028 3.35743 -0.12979 0.55971 4.00768554256 0.78258 0.98072 0.30541 0.41196 152.77952 195.62801 147.22542 138.42519 0.3 0.3 0.0 0.0 0.0 0.0 0.0 0.0 0.72115 0.0 0.0 45.47487 -0.49999 0.07399 0.0 0.0 0.0 0.0 0.0 0.0 0.0486565654612 68 0 0.977941176471 0.371308369907 -1.83093421775
-0.12623 0.35028 3.35743 -0.12979 0.55971 4.05219394455 0.78258 0.98072 0.30541 0.41196 152.77952 195.62801 147.22542 138.42519 0.3 0.3 0.0 0.0 0.0 0.0 0.0 0.0 0.72115 0.0 0.0 45.47487 -0.49999 0.07399 0.0 0.0 0.0 0.0 0.0 0.0 0.0488468682933 69 1 1.0 0.278627444999 -1.67405827031
-0.12623 0.35028 3.35743 -0.12979 0.55971 4.05193571371 0.78258 0.98072 0.30541 0.41196 152.77952 195.62801 147.22542 138.42519 0.3 0.3 0.0 0.0 0.0 0.0 0.0 0.0 0.72115 0.0 0.0 45.47487 -0.49999 0.07399 0.0 0.0 0.0 0.0 0.0 0.0 0.0493317734946 70 1 1.0 0.347173679981 -1.70720798075
-0.12623 0.35028 3.35743 -0.12979 0.55971 4.02367055023 0.78258 0.98072 0.30541 0.41196 152.77952 195.62801 147.22542 138.42519 0.3 0.3 0.0 0.0 0.0 0.0 0.0 0.0 0.72115 0.0 0.0 45.47487 -0.49999 0.07399 0.0 0.0 0.0 0.0 0.0 0.0 0.0489848999915 71 0 0.992592592593 0.117925702303 -1.70720798075
-0.12623 0.35028 3.35743 -0.12979 0.55971 4.03940229788 0.78258 0.98072 0.30541 0.41196 152.77952 195.62801 147.22542 138.42519 0.3 0.3 0.0 0.0 0.0 0.0 0.0 0.0 0.72115 0.0 0.0 45.47487 -0.49999 0.07399 0.0 0.0 0.0 0.0 0.0 0.0 0.0505683211447 72 1 1.0 0.455435321808 -1.79317912304
-0.12623 0.35028 3.35743 -0.12979 0.55971 4.03747323536 0.78258 0.98072 0.30541 0.41196 152.77952 195.62801 147.22542 138.42519 0.3 0.3 0.0 0.0 0.0 0.0 0.0 0.0 0.72115 0.0 0.0 45.47487 -0.49999 0.07399 0.0 0.0 0.0 0.0 0.0 0.0 0.0499845138233 73 1 1.0 0.454703844446 -1.75233282461
-0.12623 0.35028 3.35743 -0.12979 0.55971 4.04554687349 0.78258 0.98072 0.30541 0.41196 152.77952 195.62801 147.22542 138.42519 0.3 0.3 0.0 0.0 0.0 0.0 0.0 0.0 0.72115 0.0 0.0 45.47487 -0.49999 0.07399 0.0 0.0 0.0 0.0 0.0 0.0 0.0493733444123 74 1 1.0 0.275024343516 -1.71006468751
-0.12623 0.35028 3.35743 -0.12979 0.55971 4.04411879853 0.78258 0.98072 0.30541 0.41196 152.77952 195.62801 147.22542 138.42519 0.3 0.3 0.0 0.0 0.0 0.0 0.0 0.0 0.72115 0.0 0.0 45.47487 -0.49999 0.07399 0.0 0.0 0.0 0.0 0.0 0.0 0.0487507263736 75 1 1.0 0.2734525592 -1.66752343899
-0.12623 0.35028 3.35743 -0.12979 0.55971 4.05087451062 0.78258 0.98072 0.30541 0.41196 152.77952 195.62801 147.22542 138.42519 0.3 0.3 0.0 0.0 0.0 0.0 0.0 0.0 0.72115 0.0 0.0 45.47487 -0.49999 0.07399 0.0 0.0 0.0 0.0 0.0 0.0 0.0478901349562 76 1 1.0 0.280559741691 -1.60958527604
-0.12623 0.35028 3.35743 -0.12979 0.55971 4.04101051702 0.78258 0.98072 0.30541 0.41196 152.77952 195.62801 147.22542 138.42519 0.3 0.3 0.0 0.0 0.0 0.0 0.0 0.0 0.72115 0.0 0.0 45.47487 -0.49999 0.07399 0.0 0.0 0.0 0.0 0.0 0.0 0.0485673408114 77 1 1.0 0.271848002581 -1.65509325093
-0.12623 0.35028 3.35743 -0.12979 0.55971 4.00816983307 0.78258 0.98072 0.30541 0.41196 152.77952 195.62801 147.22542 138.42519 0.3 0.3 0.0 0.0 0.0 0.0 0.0 0.0 0.72115 0.0 0.0 45.47487 -0.49999 0.07399 0.0 0.0 0.0 0.0 0.0 0.0 0.048334403973 78 0 0.977941176471 0.371458026029 -1.65509325093
-0.12623 0.35028 3.35743 -0.12979 0.55971 4.04353934843 0.78258 0.98072 0.30541 0.41196 152.77952 195.62801 147.22542 138.42519 0.3 0.3 0.0 0.0 0.0 0.0 0.0 0.0 0.72115 0.0 0.0 45.47487 -0.49999 0.07399 0.0 0.0 0.0 0.0 0.0 0.0 0.0474496492141 79 1 1.0 0.273455873184 -1.58031806997
-0.12623 0.35028 3.35743 -0.12979 0.55971 4.00144037278 0.78258 0.98072 0.30541 0.41196 152.77952 195.62801 147.22542 138.42519 0.3 0.3 0.0 0.0 0.0 0.0 0.0 0.0 0.72115 0.0 0.0 45.47487 -0.49999 0.07399 0.0 0.0 0.0 0.0 0.0 0.0 0.046499642345 80 0 0.985294117647 0.379459608104 -1.58031806997
-0.12623 0.35028 3.35743 -0.12979 0.55971 4.03694857098 0.78258 0.98072 0.30541 0.41196 152.77952 195.62801 147.22542 138.42519 0.3 0.3 0.0 0.0 0.0 0.0 0.0 0.0 0.72115 0.0 0.0 45.47487 -0.49999 0.07399 0.0 0.0 0.0 0.0 0.0 0.0 0.0478560202638 81 1 1.0 0.454794771153 -1.60730920427
-0.12623 0.35028 3.35743 -0.12979 0.55971 4.03356752905 0.78258 0.98072 0.30541 0.41196 152.77952 195.62801 147.22542 138.42519 0.3 0.3 0.0 0.0 0.0 0.0 0.0 0.0 0.72115 0.0 0.0 45.47487 -0.49999 0.07399 0.0 0.0 0.0 0.0 0.0 0.0 0.0483681482258 82 1 1.0 0.408708413803 -1.64164316646
-0.12623 0.35028 3.35743 -0.12979 0.55971 4.01294109013 0.78258 0.98072 0.30541 0.41196 152.77952 195.62801 147.22542 138.42519 0.3 0.3 0.0 0.0 0.0 0.0 0.0 0.0 0.72115 0.0 0.0 45.47487 -0.49999 0.07399 0.0 0.0 0.0 0.0 0.0 0.0 0.0486401639098 83 1 0.985294117647 0.0417382571683 -1.6779387354
-0.12623 0.35028 3.35743 -0.12979 0.55971 3.99005329745 0.78258 0.98072 0.30541 0.41196 152.77952 195.62801 147.22542 138.42519 0.3 0.3 0.0 0.0 0.0 0.0 0.0 0.0 0.72115 0.0 0.0 45.47487 -0.49999 0.07399 0.0 0.0 0.0 0.0 0.0 0.0 0.0491772700374 84 1 0.992647058824 0.406001648535 -2.11118456649
-0.12623 0.35028 3.35743 -0.12979 0.55971 3.94766507627 0.78258 0.98072 0.30541 0.41196 152.77952 195.62801 147.22542 138.42519 0.3 0.3 0.0 0.0 0.0 0.0 0.0 0.0 0.72115 0.0 0.0 45.47487 -0.49999 0.07399 0.0 0.0 0.0 0.0 0.0 0.0 0.0491559831557 85 1 0.992647058824 0.495716272797 -2.31372285772
-0.12623 0.35028 3.35743 -0.12979 0.55971 3.94402685792 0.78258 0.98072 0.30541 0.41196 152.77952 195.62801 147.22542 138.42519 0.3 0.3 0.0 0.0 0.0 0.0 0.0 0.0 0.72115 0.0 0.0 45.47487 -0.49999 0.07399 0.0 0.0 0.0 0.0 0.0 0.0 0.0505217882217 86 1 0.992647058824 0.519544133411 -2.4331304731
-0.12623 0.35028 3.35743 -0.12979 0.55971 3.94017281752 0.78258 0.98072 0.30541 0.41196 152.77952 195.62801 147.22542 138.42519 0.3 0.3 0.0 0.0 0.0 0.0 0.0 0.0 0.72115 0.0 0.0 45.47487 -0.49999 0.07399 0.0 0.0 0.0 0.0 0.0 0.0 0.050530194552 87 1 0.992647058824 0.544136099475 -2.49582023095
-0.12623 0.35028 3.35743 -0.12979 0.55971 3.97692667708 0.78258 0.98072 0.30541 0.41196 152.77952 195.62801 147.22542 138.42519 0.3 0.3 0.0 0.0 0.0 0.0 0.0 0.0 0.72115 0.0 0.0 45.47487 -0.49999 0.07399 0.0 0.0 0.0 0.0 0.0 0.0 0.0498756558351 88 1 0.992647058824 0.376019971616 -2.09048322257
-0.12623 0.35028 3.35743 -0.12979 0.55971 3.96019292835 0.78258 0.98072 0.30541 0.41196 152.77952 195.62801 147.22542 138.42519 0.3 0.3 0.0 0.0 0.0 0.0 0.0 0.0 0.72115 0.0 0.0 45.47487 -0.49999 0.07399 0.0 0.0 0.0 0.0 0.0 0.0 0.0503277924602 89 1 0.985294117647 0.200945558662 -2.164155473
-0.12623 0.35028 3.35743 -0.12979 0.55971 3.95751563675 0.78258 0.98072 0.30541 0.41196 152.77952 195.62801 147.22542 138.42519 0.3 0.3 0.0 0.0 0.0 0.0 0.0 0.0 0.72115 0.0 0.0 45.47487 -0.49999 0.07399 0.0 0.0 0.0 0.0 0.0 0.0 0.0498454771696 90 1 0.992647058824 0.208359503136 -1.84895241137
-0.12623 0.35028 3.35743 -0.12979 0.55971 3.97243233458 0.78258 0.98072 0.30541 0.41196 152.77952 195.62801 147.22542 138.42519 0.3 0.3 0.0 0.0 0.0 0.0 0.0 0.0 0.72115 0.0 0.0 45.47487 -0.49999 0.07399 0.0 0.0 0.0 0.0 0.0 0.0 0.0501025658829 91 1 0.985294117647 0.165518211226 -2.02608087346
-0.12623 0.35028 3.35743 -0.12979 0.55971 3.98158378751 0.78258 0.98072 0.30541 0.41196 152.77952 195.62801 147.22542 138.42519 0.3 0.3 0.0 0.0 0.0 0.0 0.0 0.0 0.72115 0.0 0.0 45.47487 -0.49999 0.07399 0.0 0.0 0.0 0.0 0.0 0.0 0.0494553210982 92 1 0.992647058824 0.186499217169 -1.80220219711
-0.12623 0.35028 3.35743 -0.12979 0.55971 3.97734256354 0.78258 0.98072 0.30541 0.41196 152.77952 195.62801 147.22542 138.42519 0.3 0.3 0.0 0.0 0.0 0.0 0.0 0.0 0.72115 0.0 0.0 45.47487 -0.49999 0.07399 0.0 0.0 0.0 0.0 0.0 0.0 0.0492733767569 93 1 0.992647058824 0.374533388093 -2.05462273365
-0.12623 0.35028 3.35743 -0.12979 0.55971 3.97332410618 0.78258 0.98072 0.30541 0.41196 152.77952 195.62801 147.22542 138.42519 0.3 0.3 0.0 0.0 0.0 0.0 0.0 0.0 0.72115 0.0 0.0 45.47487 -0.49999 0.07399 0.0 0.0 0.0 0.0 0.0 0.0 0.0496739190846 94 1 0.985294117647 0.166018500503 -2.00255257463
-0.12623 0.35028 3.35743 -0.12979 0.55971 3.99081728632 0.78258 0.98072 0.30541 0.41196 152.77952 195.62801 147.22542 138.42519 0.3 0.3 0.0 0.0 0.0 0.0 0.0 0.0 0.72115 0.0 0.0 45.47487 -0.49999 0.07399 0.0 0.0 0.0 0.0 0.0 0.0 0.0494887649422 95 1 0.992647058824 0.404634888643 -2.12462792
-0.12623 0.35028 3.35743 -0.12979 0.55971 3.97796256815 0.78258 0.98072 0.30541 0.41196 152.77952 195.62801 147.22542 138.42519 0.3 0.3 0.0 0.0 0.0 0.0 0.0 0.0 0.72115 0.0 0.0 45.47487 -0.49999 0.07399 0.0 0.0 0.0 0.0 0.0 0.0 0.0496612078617 96 1 0.992647058824 0.376348335879 -2.07922770414
-0.12623 0.35028 3.35743 -0.12979 0.55971 4.01709881312 0.78258 0.98072 0.30541 0.41196 152.77952 195.62801 147.22542 138.42519 0.3 0.3 0.0 0.0 0.0 0.0 0.0 0.0 0.72115 0.0 0.0 45.47487 -0.49999 0.07399 0.0 0.0 0.0 0.0 0.0 0.0 0.04953094623 97 1 0.985294117647 0.132086473148 -1.89393682841
-0.12623 0.35028 3.35743 -0.12979 0.55971 3.96427734473 0.78258 0.98072 0.30541 0.41196 152.77952 195.62801 147.22542 138.42519 0.3 0.3 0.0 0.0 0.0 0.0 0.0 0.0 0.72115 0.0 0.0 45.47487 -0.49999 0.07399 0.0 0.0 0.0 0.0 0.0 0.0 0.0494337699817 98 0 0.985294117647 0.170845272806 -1.89393682841
-0.12623 0.35028 3.35743 -0.12979 0.55971 3.98166156033 0.78258 0.98072 0.30541 0.41196 152.77952 195.62801 147.22542 138.42519 0.3 0.3 0.0 0.0 0.0 0.0 0.0 0.0 0.72115 0.0 0.0 45.47487 -0.49999 0.07399 0.0 0.0 0.0 0.0 0.0 0.0 0.0486054951581 99 1 0.992647058824 0.186489201301 -1.74721448613
-0.12623 0.35028 3.35743 -0.12979 0.55971 3.95822788526 0.78258 0.98072 0.30541 0.41196 152.77952 195.62801 147.22542 138.42519 0.3 0.3 0.0 0.0 0.0 0.0 0.0 0.0 0.72115 0.0 0.0 45.47487 -0.49999 0.07399 0.0 0.0 0.0 0.0 0.0 0.0 0.047983953663 100 1 0.992647058824 0.414657049405 -2.07006706791
