-0.12623 0.35028 3.35743 -0.12979 0.55971 3.75405333333 0.78258 0.98072 0.30541 0.41196 152.77952 195.62801 147.22542 138.42519 0.3 0.3 0.0 0.0 0.0 0.0 0.0 0.0 0.72115 0.0 0.0 45.47487 -0.49999 0.07399 0.0 0.0 0.0 0.0 0.0 0.0 0.05 0 1 0.957446808511 0.863570267945 -62.5210198858
-0.12623 0.35028 3.35743 -0.12979 0.55971 3.78813430169 0.78258 0.98072 0.30541 0.41196 152.77952 195.62801 147.22542 138.42519 0.3 0.3 0.0 0.0 0.0 0.0 0.0 0.0 0.72115 0.0 0.0 45.47487 -0.49999 0.07399 0.0 0.0 0.0 0.0 0.0 0.0 0.0506700163344 1 1 0.957446808511 0.839408405791 -57.706716737
-0.12623 0.35028 3.35743 -0.12979 0.55971 3.78874824682 0.78258 0.98072 0.30541 0.41196 152.77952 195.62801 147.22542 138.42519 0.3 0.3 0.0 0.0 0.0 0.0 0.0 0.0 0.72115 0.0 0.0 45.47487 -0.49999 0.07399 0.0 0.0 0.0 0.0 0.0 0.0 0.0510196500007 2 1 0.957446808511 0.839557685671 -56.9874431007
-0.12623 0.35028 3.35743 -0.12979 0.55971 3.79368908391 0.78258 0.98072 0.30541 0.41196 152.77952 195.62801 147.22542 138.42519 0.3 0.3 0.0 0.0 0.0 0.0 0.0 0.0 0.72115 0.0 0.0 45.47487 -0.49999 0.07399 0.0 0.0 0.0 0.0 0.0 0.0 0.0508236244203 3 0 0.944055944056 0.876434529523 -56.9874431007
-0.12623 0.35028 3.35743 -0.12979 0.55971 3.79608182428 0.78258 0.98072 0.30541 0.41196 152.77952 195.62801 147.22542 138.42519 0.3 0.3 0.0 0.0 0.0 0.0 0.0 0.0 0.72115 0.0 0.0 45.47487 -0.49999 0.07399 0.0 0.0 0.0 0.0 0.0 0.0 0.0502149808388 4 0 0.944055944056 0.954878902506 -56.9874431007
-0.12623 0.35028 3.35743 -0.12979 0.55971 3.80249837806 0.78258 0.98072 0.30541 0.41196 152.77952 195.62801 147.22542 138.42519 0.3 0.3 0.0 0.0 0.0 0.0 0.0 0.0 0.72115 0.0 0.0 45.47487 -0.49999 0.07399 0.0 0.0 0.0 0.0 0.0 0.0 0.0502331877983 5 0 0.944055944056 0.898316554604 -56.9874431007
-0.12623 0.35028 3.35743 -0.12979 0.55971 3.77035424924 0.78258 0.98072 0.30541 0.41196 152.77952 195.62801 147.22542 138.42519 0.3 0.3 0.0 0.0 0.0 0.0 0.0 0.0 0.72115 0.0 0.0 45.47487 -0.49999 0.07399 0.0 0.0 0.0 0.0 0.0 0.0 0.0499125055023 6 1 0.957446808511 0.826546438936 -57.6113966741
-0.12623 0.35028 3.35743 -0.12979 0.55971 3.79839894419 0.78258 0.98072 0.30541 0.41196 152.77952 195.62801 147.22542 138.42519 0.3 0.3 0.0 0.0 0.0 0.0 0.0 0.0 0.72115 0.0 0.0 45.47487 -0.49999 0.07399 0.0 0.0 0.0 0.0 0.0 0.0 0.0499235148355 7 0 0.944055944056 0.845456712422 -57.6113966741
-0.12623 0.35028 3.35743 -0.12979 0.55971 3.71735382639 0.78258 0.98072 0.30541 0.41196 152.77952 195.62801 147.22542 138.42519 0.3 0.3 0.0 0.0 0.0 0.0 0.0 0.0 0.72115 0.0 0.0 45.47487 -0.49999 0.07399 0.0 0.0 0.0 0.0 0.0 0.0 0.0498401278472 8 0 0.923611111111 1.05325355401 -57.6113966741
-0.12623 0.35028 3.35743 -0.12979 0.55971 3.76967049063 0.78258 0.98072 0.30541 0.41196 152.77952 195.62801 147.22542 138.42519 0.3 0.3 0.0 0.0 0.0 0.0 0.0 0.0 0.72115 0.0 0.0 45.47487 -0.49999 0.07399 0.0 0.0 0.0 0.0 0.0 0.0 0.0498186506586 9 1 0.957446808511 0.826567986886 -57.8184920956
-0.12623 0.35028 3.35743 -0.12979 0.55971 3.75875228345 0.78258 0.98072 0.30541 0.41196 152.77952 195.62801 147.22542 138.42519 0.3 0.3 0.0 0.0 0.0 0.0 0.0 0.0 0.72115 0.0 0.0 45.47487 -0.49999 0.07399 0.0 0.0 0.0 0.0 0.0 0.0 0.0485781364406 10 1 0.957446808511 0.774619505267 -53.4537000513
-0.12623 0.35028 3.35743 -0.12979 0.55971 3.71519752642 0.78258 0.98072 0.30541 0.41196 152.77952 195.62801 147.22542 138.42519 0.3 0.3 0.0 0.0 0.0 0.0 0.0 0.0 0.72115 0.0 0.0 45.47487 -0.49999 0.07399 0.0 0.0 0.0 0.0 0.0 0.0 0.0481159653503 11 0 0.923611111111 1.05262745818 -53.4537000513
-0.12623 0.35028 3.35743 -0.12979 0.55971 3.84920518108 0.78258 0.98072 0.30541 0.41196 152.77952 195.62801 147.22542 138.42519 0.3 0.3 0.0 0.0 0.0 0.0 0.0 0.0 0.72115 0.0 0.0 45.47487 -0.49999 0.07399 0.0 0.0 0.0 0.0 0.0 0.0 0.0478929818315 12 0 0.95 0.663452811175 -53.4537000513
-0.12623 0.35028 3.35743 -0.12979 0.55971 3.7601721292 0.78258 0.98072 0.30541 0.41196 152.77952 195.62801 147.22542 138.42519 0.3 0.3 0.0 0.0 0.0 0.0 0.0 0.0 0.72115 0.0 0.0 45.47487 -0.49999 0.07399 0.0 0.0 0.0 0.0 0.0 0.0 0.0484097370556 13 1 0.957446808511 0.772299273252 -53.4913240603
-0.12623 0.35028 3.35743 -0.12979 0.55971 3.75962061164 0.78258 0.98072 0.30541 0.41196 152.77952 195.62801 147.22542 138.42519 0.3 0.3 0.0 0.0 0.0 0.0 0.0 0.0 0.72115 0.0 0.0 45.47487 -0.49999 0.07399 0.0 0.0 0.0 0.0 0.0 0.0 0.0482327823736 14 0 0.957446808511 0.784919595795 -53.4913240603
-0.12623 0.35028 3.35743 -0.12979 0.55971 3.75279587017 0.78258 0.98072 0.30541 0.41196 152.77952 195.62801 147.22542 138.42519 0.3 0.3 0.0 0.0 0.0 0.0 0.0 0.0 0.72115 0.0 0.0 45.47487 -0.49999 0.07399 0.0 0.0 0.0 0.0 0.0 0.0 0.0486794957384 15 0 0.957446808511 0.875874202204 -53.4913240603
-0.12623 0.35028 3.35743 -0.12979 0.55971 3.76080361661 0.78258 0.98072 0.30541 0.41196 152.77952 195.62801 147.22542 138.42519 0.3 0.3 0.0 0.0 0.0 0.0 0.0 0.0 0.72115 0.0 0.0 45.47487 -0.49999 0.07399 0.0 0.0 0.0 0.0 0.0 0.0 0.0486985534634 16 0 0.957446808511 0.881117547769 -53.4913240603
-0.12623 0.35028 3.35743 -0.12979 0.55971 3.76054659479 0.78258 0.98072 0.30541 0.41196 152.77952 195.62801 147.22542 138.42519 0.3 0.3 0.0 0.0 0.0 0.0 0.0 0.0 0.72115 0.0 0.0 45.47487 -0.49999 0.07399 0.0 0.0 0.0 0.0 0.0 0.0 0.0482798733437 17 0 0.957446808511 0.881140665135 -53.4913240603
-0.12623 0.35028 3.35743 -0.12979 0.55971 3.76271853414 0.78258 0.98072 0.30541 0.41196 152.77952 195.62801 147.22542 138.42519 0.3 0.3 0.0 0.0 0.0 0.0 0.0 0.0 0.72115 0.0 0.0 45.47487 -0.49999 0.07399 0.0 0.0 0.0 0.0 0.0 0.0 0.0485752954706 18 0 0.957446808511 0.80133676928 -53.4913240603
-0.12623 0.35028 3.35743 -0.12979 0.55971 3.76104266176 0.78258 0.98072 0.30541 0.41196 152.77952 195.62801 147.22542 138.42519 0.3 0.3 0.0 0.0 0.0 0.0 0.0 0.0 0.72115 0.0 0.0 45.47487 -0.49999 0.07399 0.0 0.0 0.0 0.0 0.0 0.0 0.047429371304 19 0 0.957446808511 0.801374639976 -53.4913240603
-0.12623 0.35028 3.35743 -0.12979 0.55971 3.78547782146 0.78258 0.98072 0.30541 0.41196 152.77952 195.62801 147.22542 138.42519 0.3 0.3 0.0 0.0 0.0 0.0 0.0 0.0 0.72115 0.0 0.0 45.47487 -0.49999 0.07399 0.0 0.0 0.0 0.0 0.0 0.0 0.0484829210586 20 0 0.950704225352 0.838811832984 -53.4913240603
-0.12623 0.35028 3.35743 -0.12979 0.55971 3.80589587008 0.78258 0.98072 0.30541 0.41196 152.77952 195.62801 147.22542 138.42519 0.3 0.3 0.0 0.0 0.0 0.0 0.0 0.0 0.72115 0.0 0.0 45.47487 -0.49999 0.07399 0.0 0.0 0.0 0.0 0.0 0.0 0.0486446722263 21 0 0.944055944056 0.787937336545 -53.4913240603
-0.12623 0.35028 3.35743 -0.12979 0.55971 3.74906040465 0.78258 0.98072 0.30541 0.41196 152.77952 195.62801 147.22542 138.42519 0.3 0.3 0.0 0.0 0.0 0.0 0.0 0.0 0.72115 0.0 0.0 45.47487 -0.49999 0.07399 0.0 0.0 0.0 0.0 0.0 0.0 0.0478640807335 22 0 0.957446808511 0.94013249561 -53.4913240603
-0.12623 0.35028 3.35743 -0.12979 0.55971 3.77831682653 0.78258 0.98072 0.30541 0.41196 152.77952 195.62801 147.22542 138.42519 0.3 0.3 0.0 0.0 0.0 0.0 0.0 0.0 0.72115 0.0 0.0 45.47487 -0.49999 0.07399 0.0 0.0 0.0 0.0 0.0 0.0 0.0482647391982 23 1 0.957446808511 0.778071111991 -54.5760856302
-0.12623 0.35028 3.35743 -0.12979 0.55971 3.77735676392 0.78258 0.98072 0.30541 0.41196 152.77952 195.62801 147.22542 138.42519 0.3 0.3 0.0 0.0 0.0 0.0 0.0 0.0 0.72115 0.0 0.0 45.47487 -0.49999 0.07399 0.0 0.0 0.0 0.0 0.0 0.0 0.0482768276244 24 1 0.957446808511 0.77870287989 -54.6363542804
-0.12623 0.35028 3.35743 -0.12979 0.55971 3.79017069959 0.78258 0.98072 0.30541 0.41196 152.77952 195.62801 147.22542 138.42519 0.3 0.3 0.0 0.0 0.0 0.0 0.0 0.0 0.72115 0.0 0.0 45.47487 -0.49999 0.07399 0.0 0.0 0.0 0.0 0.0 0.0 0.0477056458762 25 0 0.950704225352 0.853488946213 -54.6363542804
-0.12623 0.35028 3.35743 -0.12979 0.55971 3.76602214293 0.78258 0.98072 0.30541 0.41196 152.77952 195.62801 147.22542 138.42519 0.3 0.3 0.0 0.0 0.0 0.0 0.0 0.0 0.72115 0.0 0.0 45.47487 -0.49999 0.07399 0.0 0.0 0.0 0.0 0.0 0.0 0.0480701538675 26 0 0.957446808511 0.850921298056 -54.6363542804
-0.12623 0.35028 3.35743 -0.12979 0.55971 3.75021018183 0.78258 0.98072 0.30541 0.41196 152.77952 195.62801 147.22542 138.42519 0.3 0.3 0.0 0.0 0.0 0.0 0.0 0.0 0.72115 0.0 0.0 45.47487 -0.49999 0.07399 0.0 0.0 0.0 0.0 0.0 0.0 0.0488990565895 27 0 0.957446808511 0.910799341984 -54.6363542804
-0.12623 0.35028 3.35743 -0.12979 0.55971 3.77544395011 0.78258 0.98072 0.30541 0.41196 152.77952 195.62801 147.22542 138.42519 0.3 0.3 0.0 0.0 0.0 0.0 0.0 0.0 0.72115 0.0 0.0 45.47487 -0.49999 0.07399 0.0 0.0 0.0 0.0 0.0 0.0 0.0485232149891 28 0 0.957446808511 0.808860928089 -54.6363542804
-0.12623 0.35028 3.35743 -0.12979 0.55971 3.75489294661 0.78258 0.98072 0.30541 0.41196 152.77952 195.62801 147.22542 138.42519 0.3 0.3 0.0 0.0 0.0 0.0 0.0 0.0 0.72115 0.0 0.0 45.47487 -0.49999 0.07399 0.0 0.0 0.0 0.0 0.0 0.0 0.0475107480384 29 0 0.957446808511 0.863803401903 -54.6363542804
-0.12623 0.35028 3.35743 -0.12979 0.55971 3.73851792256 0.78258 0.98072 0.30541 0.41196 152.77952 195.62801 147.22542 138.42519 0.3 0.3 0.0 0.0 0.0 0.0 0.0 0.0 0.72115 0.0 0.0 45.47487 -0.49999 0.07399 0.0 0.0 0.0 0.0 0.0 0.0 0.047147835254 30 0 0.944055944056 0.981891180148 -54.6363542804
-0.12623 0.35028 3.35743 -0.12979 0.55971 3.77206496101 0.78258 0.98072 0.30541 0.41196 152.77952 195.62801 147.22542 138.42519 0.3 0.3 0.0 0.0 0.0 0.0 0.0 0.0 0.72115 0.0 0.0 45.47487 -0.49999 0.07399 0.0 0.0 0.0 0.0 0.0 0.0 0.0487304712529 31 0 0.957446808511 0.815645915143 -54.6363542804
-0.12623 0.35028 3.35743 -0.12979 0.55971 3.77698845477 0.78258 0.98072 0.30541 0.41196 152.77952 195.62801 147.22542 138.42519 0.3 0.3 0.0 0.0 0.0 0.0 0.0 0.0 0.72115 0.0 0.0 45.47487 -0.49999 0.07399 0.0 0.0 0.0 0.0 0.0 0.0 0.0483889639579 32 1 0.957446808511 0.792492687685 -56.2835478516
-0.12623 0.35028 3.35743 -0.12979 0.55971 3.82133306081 0.78258 0.98072 0.30541 0.41196 152.77952 195.62801 147.22542 138.42519 0.3 0.3 0.0 0.0 0.0 0.0 0.0 0.0 0.72115 0.0 0.0 45.47487 -0.49999 0.07399 0.0 0.0 0.0 0.0 0.0 0.0 0.0481669868662 33 0 0.943661971831 0.684592650871 -56.2835478516
-0.12623 0.35028 3.35743 -0.12979 0.55971 3.76094470122 0.78258 0.98072 0.30541 0.41196 152.77952 195.62801 147.22542 138.42519 0.3 0.3 0.0 0.0 0.0 0.0 0.0 0.0 0.72115 0.0 0.0 45.47487 -0.49999 0.07399 0.0 0.0 0.0 0.0 0.0 0.0 0.0482467493841 34 0 0.957446808511 0.880525550728 -56.2835478516
-0.12623 0.35028 3.35743 -0.12979 0.55971 3.76552954485 0.78258 0.98072 0.30541 0.41196 152.77952 195.62801 147.22542 138.42519 0.3 0.3 0.0 0.0 0.0 0.0 0.0 0.0 0.72115 0.0 0.0 45.47487 -0.49999 0.07399 0.0 0.0 0.0 0.0 0.0 0.0 0.0487477677521 35 0 0.957446808511 0.877998468054 -56.2835478516
-0.12623 0.35028 3.35743 -0.12979 0.55971 3.75494111755 0.78258 0.98072 0.30541 0.41196 152.77952 195.62801 147.22542 138.42519 0.3 0.3 0.0 0.0 0.0 0.0 0.0 0.0 0.72115 0.0 0.0 45.47487 -0.49999 0.07399 0.0 0.0 0.0 0.0 0.0 0.0 0.047665826559 36 0 0.957446808511 0.863802687629 -56.2835478516
-0.12623 0.35028 3.35743 -0.12979 0.55971 3.78687644902 0.78258 0.98072 0.30541 0.41196 152.77952 195.62801 147.22542 138.42519 0.3 0.3 0.0 0.0 0.0 0.0 0.0 0.0 0.72115 0.0 0.0 45.47487 -0.49999 0.07399 0.0 0.0 0.0 0.0 0.0 0.0 0.0478885242207 37 0 0.950704225352 0.839364189499 -56.2835478516
-0.12623 0.35028 3.35743 -0.12979 0.55971 3.84664818605 0.78258 0.98072 0.30541 0.41196 152.77952 195.62801 147.22542 138.42519 0.3 0.3 0.0 0.0 0.0 0.0 0.0 0.0 0.72115 0.0 0.0 45.47487 -0.49999 0.07399 0.0 0.0 0.0 0.0 0.0 0.0 0.048172458786 38 1 0.95 0.663814724828 -55.0343116449
-0.12623 0.35028 3.35743 -0.12979 0.55971 3.89175903474 0.78258 0.98072 0.30541 0.41196 152.77952 195.62801 147.22542 138.42519 0.3 0.3 0.0 0.0 0.0 0.0 0.0 0.0 0.72115 0.0 0.0 45.47487 -0.49999 0.07399 0.0 0.0 0.0 0.0 0.0 0.0 0.0491016250481 39 1 0.971223021583 0.565026184935 -14.0278312671
-0.12623 0.35028 3.35743 -0.12979 0.55971 3.8600572442 0.78258 0.98072 0.30541 0.41196 152.77952 195.62801 147.22542 138.42519 0.3 0.3 0.0 0.0 0.0 0.0 0.0 0.0 0.72115 0.0 0.0 45.47487 -0.49999 0.07399 0.0 0.0 0.0 0.0 0.0 0.0 0.0493436379717 40 0 0.94964028777 0.68771113769 -14.0278312671
-0.12623 0.35028 3.35743 -0.12979 0.55971 3.89392341041 0.78258 0.98072 0.30541 0.41196 152.77952 195.62801 147.22542 138.42519 0.3 0.3 0.0 0.0 0.0 0.0 0.0 0.0 0.72115 0.0 0.0 45.47487 -0.49999 0.07399 0.0 0.0 0.0 0.0 0.0 0.0 0.0483257161693 41 1 0.971223021583 0.563299254469 -14.2967723834
-0.12623 0.35028 3.35743 -0.12979 0.55971 3.91889242048 0.78258 0.98072 0.30541 0.41196 152.77952 195.62801 147.22542 138.42519 0.3 0.3 0.0 0.0 0.0 0.0 0.0 0.0 0.72115 0.0 0.0 45.47487 -0.49999 0.07399 0.0 0.0 0.0 0.0 0.0 0.0 0.0479348256007 42 1 0.992647058824 0.527092159488 -2.34800640721
-0.12623 0.35028 3.35743 -0.12979 0.55971 3.90136619429 0.78258 0.98072 0.30541 0.41196 152.77952 195.62801 147.22542 138.42519 0.3 0.3 0.0 0.0 0.0 0.0 0.0 0.0 0.72115 0.0 0.0 45.47487 -0.49999 0.07399 0.0 0.0 0.0 0.0 0.0 0.0 0.0479621313313 43 0 0.971223021583 0.651487723345 -2.34800640721
-0.12623 0.35028 3.35743 -0.12979 0.55971 3.86595193921 0.78258 0.98072 0.30541 0.41196 152.77952 195.62801 147.22542 138.42519 0.3 0.3 0.0 0.0 0.0 0.0 0.0 0.0 0.72115 0.0 0.0 45.47487 -0.49999 0.07399 0.0 0.0 0.0 0.0 0.0 0.0 0.0492491103822 44 0 0.94964028777 0.684969882558 -2.34800640721
-0.12623 0.35028 3.35743 -0.12979 0.55971 3.91479348145 0.78258 0.98072 0.30541 0.41196 152.77952 195.62801 147.22542 138.42519 0.3 0.3 0.0 0.0 0.0 0.0 0.0 0.0 0.72115 0.0 0.0 45.47487 -0.49999 0.07399 0.0 0.0 0.0 0.0 0.0 0.0 0.0475730697625 45 0 0.978260869565 0.479556268939 -2.34800640721
-0.12623 0.35028 3.35743 -0.12979 0.55971 3.95098550775 0.78258 0.98072 0.30541 0.41196 152.77952 195.62801 147.22542 138.42519 0.3 0.3 0.0 0.0 0.0 0.0 0.0 0.0 0.72115 0.0 0.0 45.47487 -0.49999 0.07399 0.0 0.0 0.0 0.0 0.0 0.0 0.0488859037875 46 1 0.992647058824 0.419182680089 -2.12392774404
-0.12623 0.35028 3.35743 -0.12979 0.55971 3.95497545239 0.78258 0.98072 0.30541 0.41196 152.77952 195.62801 147.22542 138.42519 0.3 0.3 0.0 0.0 0.0 0.0 0.0 0.0 0.72115 0.0 0.0 45.47487 -0.49999 0.07399 0.0 0.0 0.0 0.0 0.0 0.0 0.0489560404125 47 1 0.992647058824 0.416208719329 -2.1211210511
-0.12623 0.35028 3.35743 -0.12979 0.55971 3.96522908928 0.78258 0.98072 0.30541 0.41196 152.77952 195.62801 147.22542 138.42519 0.3 0.3 0.0 0.0 0.0 0.0 0.0 0.0 0.72115 0.0 0.0 45.47487 -0.49999 0.07399 0.0 0.0 0.0 0.0 0.0 0.0 0.0489330705102 48 1 0.985294117647 0.188879456467 -2.04242077001
-0.12623 0.35028 3.35743 -0.12979 0.55971 3.94848889253 0.78258 0.98072 0.30541 0.41196 152.77952 195.62801 147.22542 138.42519 0.3 0.3 0.0 0.0 0.0 0.0 0.0 0.0 0.72115 0.0 0.0 45.47487 -0.49999 0.07399 0.0 0.0 0.0 0.0 0.0 0.0 0.0492529955451 49 1 0.992647058824 0.495728385428 -2.31796578878
-0.12623 0.35028 3.35743 -0.12979 0.55971 3.97828292947 0.78258 0.98072 0.30541 0.41196 152.77952 195.62801 147.22542 138.42519 0.3 0.3 0.0 0.0 0.0 0.0 0.0 0.0 0.72115 0.0 0.0 45.47487 -0.49999 0.07399 0.0 0.0 0.0 0.0 0.0 0.0 0.0498841032966 50 1 0.992647058824 0.376365114877 -2.09158738821
-0.12623 0.35028 3.35743 -0.12979 0.55971 3.95797981454 0.78258 0.98072 0.30541 0.41196 152.77952 195.62801 147.22542 138.42519 0.3 0.3 0.0 0.0 0.0 0.0 0.0 0.0 0.72115 0.0 0.0 45.47487 -0.49999 0.07399 0.0 0.0 0.0 0.0 0.0 0.0 0.0509805947339 51 1 0.992647058824 0.208302946862 -1.92384502496
-0.12623 0.35028 3.35743 -0.12979 0.55971 3.95308697044 0.78258 0.98072 0.30541 0.41196 152.77952 195.62801 147.22542 138.42519 0.3 0.3 0.0 0.0 0.0 0.0 0.0 0.0 0.72115 0.0 0.0 45.47487 -0.49999 0.07399 0.0 0.0 0.0 0.0 0.0 0.0 0.0512199182589 52 0 0.992647058824 0.417587642234 -1.92384502496
-0.12623 0.35028 3.35743 -0.12979 0.55971 3.93284465106 0.78258 0.98072 0.30541 0.41196 152.77952 195.62801 147.22542 138.42519 0.3 0.3 0.0 0.0 0.0 0.0 0.0 0.0 0.72115 0.0 0.0 45.47487 -0.49999 0.07399 0.0 0.0 0.0 0.0 0.0 0.0 0.0509247677407 53 1 0.992647058824 0.534332801447 -2.48798212404
-0.12623 0.35028 3.35743 -0.12979 0.55971 3.93843128691 0.78258 0.98072 0.30541 0.41196 152.77952 195.62801 147.22542 138.42519 0.3 0.3 0.0 0.0 0.0 0.0 0.0 0.0 0.72115 0.0 0.0 45.47487 -0.49999 0.07399 0.0 0.0 0.0 0.0 0.0 0.0 0.0504204749976 54 1 0.992647058824 0.536361360825 -2.47108846122
-0.12623 0.35028 3.35743 -0.12979 0.55971 3.93731784835 0.78258 0.98072 0.30541 0.41196 152.77952 195.62801 147.22542 138.42519 0.3 0.3 0.0 0.0 0.0 0.0 0.0 0.0 0.72115 0.0 0.0 45.47487 -0.49999 0.07399 0.0 0.0 0.0 0.0 0.0 0.0 0.0499885230662 55 1 0.992647058824 0.536385386826 -2.45291796309
-0.12623 0.35028 3.35743 -0.12979 0.55971 3.94720016546 0.78258 0.98072 0.30541 0.41196 152.77952 195.62801 147.22542 138.42519 0.3 0.3 0.0 0.0 0.0 0.0 0.0 0.0 0.72115 0.0 0.0 45.47487 -0.49999 0.07399 0.0 0.0 0.0 0.0 0.0 0.0 0.050599873537 56 1 0.992647058824 0.416511408679 -2.20752543383
-0.12623 0.35028 3.35743 -0.12979 0.55971 3.93886010451 0.78258 0.98072 0.30541 0.41196 152.77952 195.62801 147.22542 138.42519 0.3 0.3 0.0 0.0 0.0 0.0 0.0 0.0 0.72115 0.0 0.0 45.47487 -0.49999 0.07399 0.0 0.0 0.0 0.0 0.0 0.0 0.050935676176 57 1 0.992647058824 0.544121312898 -2.51321665566
-0.12623 0.35028 3.35743 -0.12979 0.55971 3.95054482948 0.78258 0.98072 0.30541 0.41196 152.77952 195.62801 147.22542 138.42519 0.3 0.3 0.0 0.0 0.0 0.0 0.0 0.0 0.72115 0.0 0.0 45.47487 -0.49999 0.07399 0.0 0.0 0.0 0.0 0.0 0.0 0.051605805682 58 1 0.992647058824 0.419171407389 -2.26819231398
-0.12623 0.35028 3.35743 -0.12979 0.55971 3.91826226746 0.78258 0.98072 0.30541 0.41196 152.77952 195.62801 147.22542 138.42519 0.3 0.3 0.0 0.0 0.0 0.0 0.0 0.0 0.72115 0.0 0.0 45.47487 -0.49999 0.07399 0.0 0.0 0.0 0.0 0.0 0.0 0.0522933183707 59 0 0.992647058824 0.527187549024 -2.26819231398
-0.12623 0.35028 3.35743 -0.12979 0.55971 3.89188113589 0.78258 0.98072 0.30541 0.41196 152.77952 195.62801 147.22542 138.42519 0.3 0.3 0.0 0.0 0.0 0.0 0.0 0.0 0.72115 0.0 0.0 45.47487 -0.49999 0.07399 0.0 0.0 0.0 0.0 0.0 0.0 0.0513373690417 60 0 0.971223021583 0.565041354426 -2.26819231398
-0.12623 0.35028 3.35743 -0.12979 0.55971 3.92326830639 0.78258 0.98072 0.30541 0.41196 152.77952 195.62801 147.22542 138.42519 0.3 0.3 0.0 0.0 0.0 0.0 0.0 0.0 0.72115 0.0 0.0 45.47487 -0.49999 0.07399 0.0 0.0 0.0 0.0 0.0 0.0 0.0520225009341 61 1 0.992647058824 0.526765096396 -2.5205456672
-0.12623 0.35028 3.35743 -0.12979 0.55971 3.91746030477 0.78258 0.98072 0.30541 0.41196 152.77952 195.62801 147.22542 138.42519 0.3 0.3 0.0 0.0 0.0 0.0 0.0 0.0 0.72115 0.0 0.0 45.47487 -0.49999 0.07399 0.0 0.0 0.0 0.0 0.0 0.0 0.0519310729284 62 1 0.992647058824 0.52664653222 -2.51585575144
-0.12623 0.35028 3.35743 -0.12979 0.55971 3.9260170248 0.78258 0.98072 0.30541 0.41196 152.77952 195.62801 147.22542 138.42519 0.3 0.3 0.0 0.0 0.0 0.0 0.0 0.0 0.72115 0.0 0.0 45.47487 -0.49999 0.07399 0.0 0.0 0.0 0.0 0.0 0.0 0.0517647458659 63 1 0.992647058824 0.639186970712 -2.80571164373
-0.12623 0.35028 3.35743 -0.12979 0.55971 3.97575044478 0.78258 0.98072 0.30541 0.41196 152.77952 195.62801 147.22542 138.42519 0.3 0.3 0.0 0.0 0.0 0.0 0.0 0.0 0.72115 0.0 0.0 45.47487 -0.49999 0.07399 0.0 0.0 0.0 0.0 0.0 0.0 0.0518252819462 64 1 0.985294117647 0.373959831578 -3.14946111368
-0.12623 0.35028 3.35743 -0.12979 0.55971 3.98913842958 0.78258 0.98072 0.30541 0.41196 152.77952 195.62801 147.22542 138.42519 0.3 0.3 0.0 0.0 0.0 0.0 0.0 0.0 0.72115 0.0 0.0 45.47487 -0.49999 0.07399 0.0 0.0 0.0 0.0 0.0 0.0 0.0509430640938 65 1 0.992647058824 0.40550117281 -2.20501985557
-0.12623 0.35028 3.35743 -0.12979 0.55971 3.96961218495 0.78258 0.98072 0.30541 0.41196 152.77952 195.62801 147.22542 138.42519 0.3 0.3 0.0 0.0 0.0 0.0 0.0 0.0 0.72115 0.0 0.0 45.47487 -0.49999 0.07399 0.0 0.0 0.0 0.0 0.0 0.0 0.0511787608708 66 1 0.985294117647 0.16543275037 -2.09059310887
-0.12623 0.35028 3.35743 -0.12979 0.55971 3.95728089183 0.78258 0.98072 0.30541 0.41196 152.77952 195.62801 147.22542 138.42519 0.3 0.3 0.0 0.0 0.0 0.0 0.0 0.0 0.72115 0.0 0.0 45.47487 -0.49999 0.07399 0.0 0.0 0.0 0.0 0.0 0.0 0.0503501117185 67 1 0.992647058824 0.208382559976 -1.88204117728
-0.12623 0.35028 3.35743 -0.12979 0.55971 3.94867667611 0.78258 0.98072 0.30541 0.41196 152.77952 195.62801 147.22542 138.42519 0.3 0.3 0.0 0.0 0.0 0.0 0.0 0.0 0.72115 0.0 0.0 45.47487 -0.49999 0.07399 0.0 0.0 0.0 0.0 0.0 0.0 0.0509200602866 68 1 0.992647058824 0.495753871009 -2.39454996706
-0.12623 0.35028 3.35743 -0.12979 0.55971 3.91591968623 0.78258 0.98072 0.30541 0.41196 152.77952 195.62801 147.22542 138.42519 0.3 0.3 0.0 0.0 0.0 0.0 0.0 0.0 0.72115 0.0 0.0 45.47487 -0.49999 0.07399 0.0 0.0 0.0 0.0 0.0 0.0 0.0511012181977 69 0 0.985401459854 0.4795944116 -2.39454996706
-0.12623 0.35028 3.35743 -0.12979 0.55971 3.97988037926 0.78258 0.98072 0.30541 0.41196 152.77952 195.62801 147.22542 138.42519 0.3 0.3 0.0 0.0 0.0 0.0 0.0 0.0 0.72115 0.0 0.0 45.47487 -0.49999 0.07399 0.0 0.0 0.0 0.0 0.0 0.0 0.050389551699 70 1 0.992647058824 0.375227808704 -2.1178973374
-0.12623 0.35028 3.35743 -0.12979 0.55971 3.96324572508 0.78258 0.98072 0.30541 0.41196 152.77952 195.62801 147.22542 138.42519 0.3 0.3 0.0 0.0 0.0 0.0 0.0 0.0 0.72115 0.0 0.0 45.47487 -0.49999 0.07399 0.0 0.0 0.0 0.0 0.0 0.0 0.0497898069871 71 1 0.985294117647 0.170929205705 -2.02555102507
-0.12623 0.35028 3.35743 -0.12979 0.55971 3.97361865894 0.78258 0.98072 0.30541 0.41196 152.77952 195.62801 147.22542 138.42519 0.3 0.3 0.0 0.0 0.0 0.0 0.0 0.0 0.72115 0.0 0.0 45.47487 -0.49999 0.07399 0.0 0.0 0.0 0.0 0.0 0.0 0.0502493573753 72 1 0.985294117647 0.165430652361 -2.0345030338
-0.12623 0.35028 3.35743 -0.12979 0.55971 3.95189468415 0.78258 0.98072 0.30541 0.41196 152.77952 195.62801 147.22542 138.42519 0.3 0.3 0.0 0.0 0.0 0.0 0.0 0.0 0.72115 0.0 0.0 45.47487 -0.49999 0.07399 0.0 0.0 0.0 0.0 0.0 0.0 0.0501034134391 73 1 0.992647058824 0.417537237749 -2.18302083137
-0.12623 0.35028 3.35743 -0.12979 0.55971 3.93992499385 0.78258 0.98072 0.30541 0.41196 152.77952 195.62801 147.22542 138.42519 0.3 0.3 0.0 0.0 0.0 0.0 0.0 0.0 0.72115 0.0 0.0 45.47487 -0.49999 0.07399 0.0 0.0 0.0 0.0 0.0 0.0 0.0491011116443 74 1 0.992647058824 0.544155027341 -2.43842836836
-0.12623 0.35028 3.35743 -0.12979 0.55971 3.96466820244 0.78258 0.98072 0.30541 0.41196 152.77952 195.62801 147.22542 138.42519 0.3 0.3 0.0 0.0 0.0 0.0 0.0 0.0 0.72115 0.0 0.0 45.47487 -0.49999 0.07399 0.0 0.0 0.0 0.0 0.0 0.0 0.0487660175248 75 1 0.985294117647 0.188906314567 -2.03364617744
-0.12623 0.35028 3.35743 -0.12979 0.55971 3.96605743011 0.78258 0.98072 0.30541 0.41196 152.77952 195.62801 147.22542 138.42519 0.3 0.3 0.0 0.0 0.0 0.0 0.0 0.0 0.72115 0.0 0.0 45.47487 -0.49999 0.07399 0.0 0.0 0.0 0.0 0.0 0.0 0.0484185524353 76 1 0.985294117647 0.188845787891 -2.01514717547
-0.12623 0.35028 3.35743 -0.12979 0.55971 3.94195607419 0.78258 0.98072 0.30541 0.41196 152.77952 195.62801 147.22542 138.42519 0.3 0.3 0.0 0.0 0.0 0.0 0.0 0.0 0.72115 0.0 0.0 45.47487 -0.49999 0.07399 0.0 0.0 0.0 0.0 0.0 0.0 0.0483644686006 77 0 0.992647058824 0.519408437434 -2.01514717547
-0.12623 0.35028 3.35743 -0.12979 0.55971 3.95972612921 0.78258 0.98072 0.30541 0.41196 152.77952 195.62801 147.22542 138.42519 0.3 0.3 0.0 0.0 0.0 0.0 0.0 0.0 0.72115 0.0 0.0 45.47487 -0.49999 0.07399 0.0 0.0 0.0 0.0 0.0 0.0 0.0485508348575 78 1 0.985294117647 0.200980597831 -2.07089363758
-0.12623 0.35028 3.35743 -0.12979 0.55971 3.9685924131 0.78258 0.98072 0.30541 0.41196 152.77952 195.62801 147.22542 138.42519 0.3 0.3 0.0 0.0 0.0 0.0 0.0 0.0 0.72115 0.0 0.0 45.47487 -0.49999 0.07399 0.0 0.0 0.0 0.0 0.0 0.0 0.0492490970604 79 1 0.985294117647 0.165444033666 -1.97609544911
-0.12623 0.35028 3.35743 -0.12979 0.55971 3.95891150177 0.78258 0.98072 0.30541 0.41196 152.77952 195.62801 147.22542 138.42519 0.3 0.3 0.0 0.0 0.0 0.0 0.0 0.0 0.72115 0.0 0.0 45.47487 -0.49999 0.07399 0.0 0.0 0.0 0.0 0.0 0.0 0.0495864551678 80 1 0.992647058824 0.208451074475 -1.83223328796
-0.12623 0.35028 3.35743 -0.12979 0.55971 3.94062775672 0.78258 0.98072 0.30541 0.41196 152.77952 195.62801 147.22542 138.42519 0.3 0.3 0.0 0.0 0.0 0.0 0.0 0.0 0.72115 0.0 0.0 45.47487 -0.49999 0.07399 0.0 0.0 0.0 0.0 0.0 0.0 0.0491342307932 81 0 0.992647058824 0.544141091662 -1.83223328796
-0.12623 0.35028 3.35743 -0.12979 0.55971 3.91883966446 0.78258 0.98072 0.30541 0.41196 152.77952 195.62801 147.22542 138.42519 0.3 0.3 0.0 0.0 0.0 0.0 0.0 0.0 0.72115 0.0 0.0 45.47487 -0.49999 0.07399 0.0 0.0 0.0 0.0 0.0 0.0 0.0504366523194 82 1 0.992647058824 0.527085010811 -2.44819504636
-0.12623 0.35028 3.35743 -0.12979 0.55971 3.89998933655 0.78258 0.98072 0.30541 0.41196 152.77952 195.62801 147.22542 138.42519 0.3 0.3 0.0 0.0 0.0 0.0 0.0 0.0 0.72115 0.0 0.0 45.47487 -0.49999 0.07399 0.0 0.0 0.0 0.0 0.0 0.0 0.0506924728878 83 0 0.964285714286 0.688129665112 -2.44819504636
-0.12623 0.35028 3.35743 -0.12979 0.55971 3.92508964769 0.78258 0.98072 0.30541 0.41196 152.77952 195.62801 147.22542 138.42519 0.3 0.3 0.0 0.0 0.0 0.0 0.0 0.0 0.72115 0.0 0.0 45.47487 -0.49999 0.07399 0.0 0.0 0.0 0.0 0.0 0.0 0.0497625975814 84 1 0.992647058824 0.546281260283 -2.4699222946
-0.12623 0.35028 3.35743 -0.12979 0.55971 3.9067299659 0.78258 0.98072 0.30541 0.41196 152.77952 195.62801 147.22542 138.42519 0.3 0.3 0.0 0.0 0.0 0.0 0.0 0.0 0.72115 0.0 0.0 45.47487 -0.49999 0.07399 0.0 0.0 0.0 0.0 0.0 0.0 0.0497214590229 85 0 0.964285714286 0.627487895125 -2.4699222946
-0.12623 0.35028 3.35743 -0.12979 0.55971 3.92324842858 0.78258 0.98072 0.30541 0.41196 152.77952 195.62801 147.22542 138.42519 0.3 0.3 0.0 0.0 0.0 0.0 0.0 0.0 0.72115 0.0 0.0 45.47487 -0.49999 0.07399 0.0 0.0 0.0 0.0 0.0 0.0 0.0493626979674 86 1 0.992647058824 0.526765591355 -2.4019794849
-0.12623 0.35028 3.35743 -0.12979 0.55971 3.93441460597 0.78258 0.98072 0.30541 0.41196 152.77952 195.62801 147.22542 138.42519 0.3 0.3 0.0 0.0 0.0 0.0 0.0 0.0 0.72115 0.0 0.0 45.47487 -0.49999 0.07399 0.0 0.0 0.0 0.0 0.0 0.0 0.0494315317106 87 1 0.992647058824 0.551386450292 -2.47086303493
-0.12623 0.35028 3.35743 -0.12979 0.55971 3.9236869112 0.78258 0.98072 0.30541 0.41196 152.77952 195.62801 147.22542 138.42519 0.3 0.3 0.0 0.0 0.0 0.0 0.0 0.0 0.72115 0.0 0.0 45.47487 -0.49999 0.07399 0.0 0.0 0.0 0.0 0.0 0.0 0.0493992542315 88 1 0.992647058824 0.528430874705 -2.40784804373
-0.12623 0.35028 3.35743 -0.12979 0.55971 3.90983836046 0.78258 0.98072 0.30541 0.41196 152.77952 195.62801 147.22542 138.42519 0.3 0.3 0.0 0.0 0.0 0.0 0.0 0.0 0.72115 0.0 0.0 45.47487 -0.49999 0.07399 0.0 0.0 0.0 0.0 0.0 0.0 0.049359880753 89 0 0.978260869565 0.628063244553 -2.40784804373
-0.12623 0.35028 3.35743 -0.12979 0.55971 3.96710374082 0.78258 0.98072 0.30541 0.41196 152.77952 195.62801 147.22542 138.42519 0.3 0.3 0.0 0.0 0.0 0.0 0.0 0.0 0.72115 0.0 0.0 45.47487 -0.49999 0.07399 0.0 0.0 0.0 0.0 0.0 0.0 0.0497297483471 90 1 0.985294117647 0.188885941665 -2.08564753211
-0.12623 0.35028 3.35743 -0.12979 0.55971 3.96924600876 0.78258 0.98072 0.30541 0.41196 152.77952 195.62801 147.22542 138.42519 0.3 0.3 0.0 0.0 0.0 0.0 0.0 0.0 0.72115 0.0 0.0 45.47487 -0.49999 0.07399 0.0 0.0 0.0 0.0 0.0 0.0 0.0501365404354 91 1 0.985294117647 0.16544840751 -2.02786738283
-0.12623 0.35028 3.35743 -0.12979 0.55971 3.95621253055 0.78258 0.98072 0.30541 0.41196 152.77952 195.62801 147.22542 138.42519 0.3 0.3 0.0 0.0 0.0 0.0 0.0 0.0 0.72115 0.0 0.0 45.47487 -0.49999 0.07399 0.0 0.0 0.0 0.0 0.0 0.0 0.0502765263319 92 1 0.992647058824 0.416362974126 -2.18985244146
-0.12623 0.35028 3.35743 -0.12979 0.55971 3.93640541799 0.78258 0.98072 0.30541 0.41196 152.77952 195.62801 147.22542 138.42519 0.3 0.3 0.0 0.0 0.0 0.0 0.0 0.0 0.72115 0.0 0.0 45.47487 -0.49999 0.07399 0.0 0.0 0.0 0.0 0.0 0.0 0.0500058030968 93 0 0.992647058824 0.543623342354 -2.18985244146
-0.12623 0.35028 3.35743 -0.12979 0.55971 3.96039009766 0.78258 0.98072 0.30541 0.41196 152.77952 195.62801 147.22542 138.42519 0.3 0.3 0.0 0.0 0.0 0.0 0.0 0.0 0.72115 0.0 0.0 45.47487 -0.49999 0.07399 0.0 0.0 0.0 0.0 0.0 0.0 0.0512793689208 94 1 0.985294117647 0.200983717413 -2.21728936543
-0.12623 0.35028 3.35743 -0.12979 0.55971 3.93169010599 0.78258 0.98072 0.30541 0.41196 152.77952 195.62801 147.22542 138.42519 0.3 0.3 0.0 0.0 0.0 0.0 0.0 0.0 0.72115 0.0 0.0 45.47487 -0.49999 0.07399 0.0 0.0 0.0 0.0 0.0 0.0 0.0513886421086 95 1 0.992647058824 0.559424186774 -2.57216251824
-0.12623 0.35028 3.35743 -0.12979 0.55971 3.91495826848 0.78258 0.98072 0.30541 0.41196 152.77952 195.62801 147.22542 138.42519 0.3 0.3 0.0 0.0 0.0 0.0 0.0 0.0 0.72115 0.0 0.0 45.47487 -0.49999 0.07399 0.0 0.0 0.0 0.0 0.0 0.0 0.0518863977839 96 0 0.978260869565 0.479552171661 -2.57216251824
-0.12623 0.35028 3.35743 -0.12979 0.55971 3.95187197172 0.78258 0.98072 0.30541 0.41196 152.77952 195.62801 147.22542 138.42519 0.3 0.3 0.0 0.0 0.0 0.0 0.0 0.0 0.72115 0.0 0.0 45.47487 -0.49999 0.07399 0.0 0.0 0.0 0.0 0.0 0.0 0.051147206375 97 1 0.992647058824 0.417523975643 -2.23945043981
-0.12623 0.35028 3.35743 -0.12979 0.55971 3.95310254806 0.78258 0.98072 0.30541 0.41196 152.77952 195.62801 147.22542 138.42519 0.3 0.3 0.0 0.0 0.0 0.0 0.0 0.0 0.72115 0.0 0.0 45.47487 -0.49999 0.07399 0.0 0.0 0.0 0.0 0.0 0.0 0.0508501959783 98 1 0.992647058824 0.417587591602 -2.22325459103
-0.12623 0.35028 3.35743 -0.12979 0.55971 3.98222046265 0.78258 0.98072 0.30541 0.41196 152.77952 195.62801 147.22542 138.42519 0.3 0.3 0.0 0.0 0.0 0.0 0.0 0.0 0.72115 0.0 0.0 45.47487 -0.49999 0.07399 0.0 0.0 0.0 0.0 0.0 0.0 0.0501787051517 99 1 0.992647058824 0.186468330899 -1.84986204868
-0.12623 0.35028 3.35743 -0.12979 0.55971 3.98818699657 0.78258 0.98072 0.30541 0.41196 152.77952 195.62801 147.22542 138.42519 0.3 0.3 0.0 0.0 0.0 0.0 0.0 0.0 0.72115 0.0 0.0 45.47487 -0.49999 0.07399 0.0 0.0 0.0 0.0 0.0 0.0 0.0504337295769 100 1 0.992647058824 0.405441980918 -2.17680978588
