-0.12623 0.35028 3.35743 -0.12979 0.55971 4.15405333333 0.78258 0.98072 0.30541 0.41196 152.77952 195.62801 147.22542 138.42519 0.3 0.3 0.0 0.0 0.0 0.0 0.0 0.0 0.72115 0.0 0.0 45.47487 -0.49999 0.07399 0.0 0.0 0.0 0.0 0.0 0.0 0.05 0 1 0.970588235294 0.597940217602 -15.6711981661
-0.12623 0.35028 3.35743 -0.12979 0.55971 4.13654561822 0.78258 0.98072 0.30541 0.41196 152.77952 195.62801 147.22542 138.42519 0.3 0.3 0.0 0.0 0.0 0.0 0.0 0.0 0.72115 0.0 0.0 45.47487 -0.49999 0.07399 0.0 0.0 0.0 0.0 0.0 0.0 0.0515831984738 1 1 0.977941176471 0.586134677446 -8.93326138538
-0.12623 0.35028 3.35743 -0.12979 0.55971 4.14829633834 0.78258 0.98072 0.30541 0.41196 152.77952 195.62801 147.22542 138.42519 0.3 0.3 0.0 0.0 0.0 0.0 0.0 0.0 0.72115 0.0 0.0 45.47487 -0.49999 0.07399 0.0 0.0 0.0 0.0 0.0 0.0 0.0516766141537 2 0 0.970588235294 0.616522326005 -8.93326138538
-0.12623 0.35028 3.35743 -0.12979 0.55971 4.14554219384 0.78258 0.98072 0.30541 0.41196 152.77952 195.62801 147.22542 138.42519 0.3 0.3 0.0 0.0 0.0 0.0 0.0 0.0 0.72115 0.0 0.0 45.47487 -0.49999 0.07399 0.0 0.0 0.0 0.0 0.0 0.0 0.0506631365684 3 1 0.977941176471 0.587706727338 -9.16624091968
-0.12623 0.35028 3.35743 -0.12979 0.55971 4.15227315603 0.78258 0.98072 0.30541 0.41196 152.77952 195.62801 147.22542 138.42519 0.3 0.3 0.0 0.0 0.0 0.0 0.0 0.0 0.72115 0.0 0.0 45.47487 -0.49999 0.07399 0.0 0.0 0.0 0.0 0.0 0.0 0.0510433311542 4 0 0.970588235294 0.601039297262 -9.16624091968
-0.12623 0.35028 3.35743 -0.12979 0.55971 4.15746594894 0.78258 0.98072 0.30541 0.41196 152.77952 195.62801 147.22542 138.42519 0.3 0.3 0.0 0.0 0.0 0.0 0.0 0.0 0.72115 0.0 0.0 45.47487 -0.49999 0.07399 0.0 0.0 0.0 0.0 0.0 0.0 0.0498144196186 5 0 0.963235294118 0.5970892046 -9.16624091968
-0.12623 0.35028 3.35743 -0.12979 0.55971 4.14320430379 0.78258 0.98072 0.30541 0.41196 152.77952 195.62801 147.22542 138.42519 0.3 0.3 0.0 0.0 0.0 0.0 0.0 0.0 0.72115 0.0 0.0 45.47487 -0.49999 0.07399 0.0 0.0 0.0 0.0 0.0 0.0 0.0512378025934 6 0 0.977941176471 0.610512776048 -9.16624091968
-0.12623 0.35028 3.35743 -0.12979 0.55971 4.06846088351 0.78258 0.98072 0.30541 0.41196 152.77952 195.62801 147.22542 138.42519 0.3 0.3 0.0 0.0 0.0 0.0 0.0 0.0 0.72115 0.0 0.0 45.47487 -0.49999 0.07399 0.0 0.0 0.0 0.0 0.0 0.0 0.0515435842176 7 1 0.992647058824 0.415049508502 -2.2568272912
-0.12623 0.35028 3.35743 -0.12979 0.55971 4.08207103735 0.78258 0.98072 0.30541 0.41196 152.77952 195.62801 147.22542 138.42519 0.3 0.3 0.0 0.0 0.0 0.0 0.0 0.0 0.72115 0.0 0.0 45.47487 -0.49999 0.07399 0.0 0.0 0.0 0.0 0.0 0.0 0.0512560159305 8 0 0.985401459854 0.447050155129 -2.2568272912
-0.12623 0.35028 3.35743 -0.12979 0.55971 4.06850520136 0.78258 0.98072 0.30541 0.41196 152.77952 195.62801 147.22542 138.42519 0.3 0.3 0.0 0.0 0.0 0.0 0.0 0.0 0.72115 0.0 0.0 45.47487 -0.49999 0.07399 0.0 0.0 0.0 0.0 0.0 0.0 0.0519396174334 9 1 0.992647058824 0.415049056496 -2.2793248139
-0.12623 0.35028 3.35743 -0.12979 0.55971 4.09058359541 0.78258 0.98072 0.30541 0.41196 152.77952 195.62801 147.22542 138.42519 0.3 0.3 0.0 0.0 0.0 0.0 0.0 0.0 0.72115 0.0 0.0 45.47487 -0.49999 0.07399 0.0 0.0 0.0 0.0 0.0 0.0 0.052082019301 10 0 0.985401459854 0.486704376792 -2.2793248139
-0.12623 0.35028 3.35743 -0.12979 0.55971 4.02588377837 0.78258 0.98072 0.30541 0.41196 152.77952 195.62801 147.22542 138.42519 0.3 0.3 0.0 0.0 0.0 0.0 0.0 0.0 0.72115 0.0 0.0 45.47487 -0.49999 0.07399 0.0 0.0 0.0 0.0 0.0 0.0 0.051068947955 11 1 1.0 0.410752923391 -1.82857142298
-0.12623 0.35028 3.35743 -0.12979 0.55971 3.99783999636 0.78258 0.98072 0.30541 0.41196 152.77952 195.62801 147.22542 138.42519 0.3 0.3 0.0 0.0 0.0 0.0 0.0 0.0 0.72115 0.0 0.0 45.47487 -0.49999 0.07399 0.0 0.0 0.0 0.0 0.0 0.0 0.0502375641276 12 0 0.985294117647 0.396841137204 -1.82857142298
-0.12623 0.35028 3.35743 -0.12979 0.55971 4.03199388771 0.78258 0.98072 0.30541 0.41196 152.77952 195.62801 147.22542 138.42519 0.3 0.3 0.0 0.0 0.0 0.0 0.0 0.0 0.72115 0.0 0.0 45.47487 -0.49999 0.07399 0.0 0.0 0.0 0.0 0.0 0.0 0.0522843849858 13 1 1.0 0.408008384014 -1.91590108069
-0.12623 0.35028 3.35743 -0.12979 0.55971 4.04506995667 0.78258 0.98072 0.30541 0.41196 152.77952 195.62801 147.22542 138.42519 0.3 0.3 0.0 0.0 0.0 0.0 0.0 0.0 0.72115 0.0 0.0 45.47487 -0.49999 0.07399 0.0 0.0 0.0 0.0 0.0 0.0 0.0518300972798 14 1 1.0 0.273488152815 -1.88302789195
-0.12623 0.35028 3.35743 -0.12979 0.55971 4.04982414737 0.78258 0.98072 0.30541 0.41196 152.77952 195.62801 147.22542 138.42519 0.3 0.3 0.0 0.0 0.0 0.0 0.0 0.0 0.72115 0.0 0.0 45.47487 -0.49999 0.07399 0.0 0.0 0.0 0.0 0.0 0.0 0.0513043320401 15 1 1.0 0.279718048398 -1.84532875022
-0.12623 0.35028 3.35743 -0.12979 0.55971 4.05579005828 0.78258 0.98072 0.30541 0.41196 152.77952 195.62801 147.22542 138.42519 0.3 0.3 0.0 0.0 0.0 0.0 0.0 0.0 0.72115 0.0 0.0 45.47487 -0.49999 0.07399 0.0 0.0 0.0 0.0 0.0 0.0 0.0507516982742 16 0 0.992647058824 0.36855524403 -1.84532875022
-0.12623 0.35028 3.35743 -0.12979 0.55971 4.02061869862 0.78258 0.98072 0.30541 0.41196 152.77952 195.62801 147.22542 138.42519 0.3 0.3 0.0 0.0 0.0 0.0 0.0 0.0 0.72115 0.0 0.0 45.47487 -0.49999 0.07399 0.0 0.0 0.0 0.0 0.0 0.0 0.0514187890128 17 1 1.0 0.00043294891185 -1.85350404409
-0.12623 0.35028 3.35743 -0.12979 0.55971 4.00359036911 0.78258 0.98072 0.30541 0.41196 152.77952 195.62801 147.22542 138.42519 0.3 0.3 0.0 0.0 0.0 0.0 0.0 0.0 0.72115 0.0 0.0 45.47487 -0.49999 0.07399 0.0 0.0 0.0 0.0 0.0 0.0 0.0518332650943 18 0 0.977941176471 0.379067126092 -1.85350404409
-0.12623 0.35028 3.35743 -0.12979 0.55971 4.04328097352 0.78258 0.98072 0.30541 0.41196 152.77952 195.62801 147.22542 138.42519 0.3 0.3 0.0 0.0 0.0 0.0 0.0 0.0 0.72115 0.0 0.0 45.47487 -0.49999 0.07399 0.0 0.0 0.0 0.0 0.0 0.0 0.049787164959 19 1 1.0 0.272722208919 -1.73862918102
-0.12623 0.35028 3.35743 -0.12979 0.55971 4.04205027897 0.78258 0.98072 0.30541 0.41196 152.77952 195.62801 147.22542 138.42519 0.3 0.3 0.0 0.0 0.0 0.0 0.0 0.0 0.72115 0.0 0.0 45.47487 -0.49999 0.07399 0.0 0.0 0.0 0.0 0.0 0.0 0.0500890132065 20 1 1.0 0.271997380624 -1.75961039776
-0.12623 0.35028 3.35743 -0.12979 0.55971 4.03281637557 0.78258 0.98072 0.30541 0.41196 152.77952 195.62801 147.22542 138.42519 0.3 0.3 0.0 0.0 0.0 0.0 0.0 0.0 0.72115 0.0 0.0 45.47487 -0.49999 0.07399 0.0 0.0 0.0 0.0 0.0 0.0 0.0505313674088 21 1 1.0 0.408489168779 -1.79058002181
-0.12623 0.35028 3.35743 -0.12979 0.55971 4.03035603957 0.78258 0.98072 0.30541 0.41196 152.77952 195.62801 147.22542 138.42519 0.3 0.3 0.0 0.0 0.0 0.0 0.0 0.0 0.72115 0.0 0.0 45.47487 -0.49999 0.07399 0.0 0.0 0.0 0.0 0.0 0.0 0.0504573710822 22 1 1.0 0.407821060586 -1.78538110118
-0.12623 0.35028 3.35743 -0.12979 0.55971 4.05951753175 0.78258 0.98072 0.30541 0.41196 152.77952 195.62801 147.22542 138.42519 0.3 0.3 0.0 0.0 0.0 0.0 0.0 0.0 0.72115 0.0 0.0 45.47487 -0.49999 0.07399 0.0 0.0 0.0 0.0 0.0 0.0 0.0498199319401 23 1 0.992647058824 0.402609890833 -2.1381265267
-0.12623 0.35028 3.35743 -0.12979 0.55971 4.05857204457 0.78258 0.98072 0.30541 0.41196 152.77952 195.62801 147.22542 138.42519 0.3 0.3 0.0 0.0 0.0 0.0 0.0 0.0 0.72115 0.0 0.0 45.47487 -0.49999 0.07399 0.0 0.0 0.0 0.0 0.0 0.0 0.0498168133067 24 1 0.992647058824 0.36972681552 -2.0757153579
-0.12623 0.35028 3.35743 -0.12979 0.55971 4.06674375953 0.78258 0.98072 0.30541 0.41196 152.77952 195.62801 147.22542 138.42519 0.3 0.3 0.0 0.0 0.0 0.0 0.0 0.0 0.72115 0.0 0.0 45.47487 -0.49999 0.07399 0.0 0.0 0.0 0.0 0.0 0.0 0.0500264320796 25 1 0.992647058824 0.416200654382 -2.17624943388
-0.12623 0.35028 3.35743 -0.12979 0.55971 4.07560991509 0.78258 0.98072 0.30541 0.41196 152.77952 195.62801 147.22542 138.42519 0.3 0.3 0.0 0.0 0.0 0.0 0.0 0.0 0.72115 0.0 0.0 45.47487 -0.49999 0.07399 0.0 0.0 0.0 0.0 0.0 0.0 0.0505059620858 26 1 0.992647058824 0.420465244406 -2.21034473893
-0.12623 0.35028 3.35743 -0.12979 0.55971 4.07793539024 0.78258 0.98072 0.30541 0.41196 152.77952 195.62801 147.22542 138.42519 0.3 0.3 0.0 0.0 0.0 0.0 0.0 0.0 0.72115 0.0 0.0 45.47487 -0.49999 0.07399 0.0 0.0 0.0 0.0 0.0 0.0 0.0490072913989 27 1 0.992647058824 0.420497424298 -2.13278592202
-0.12623 0.35028 3.35743 -0.12979 0.55971 4.08709187289 0.78258 0.98072 0.30541 0.41196 152.77952 195.62801 147.22542 138.42519 0.3 0.3 0.0 0.0 0.0 0.0 0.0 0.0 0.72115 0.0 0.0 45.47487 -0.49999 0.07399 0.0 0.0 0.0 0.0 0.0 0.0 0.0489122904596 28 0 0.985401459854 0.475016093138 -2.13278592202
-0.12623 0.35028 3.35743 -0.12979 0.55971 4.09450887401 0.78258 0.98072 0.30541 0.41196 152.77952 195.62801 147.22542 138.42519 0.3 0.3 0.0 0.0 0.0 0.0 0.0 0.0 0.72115 0.0 0.0 45.47487 -0.49999 0.07399 0.0 0.0 0.0 0.0 0.0 0.0 0.0479515105948 29 0 0.985401459854 0.481998647053 -2.13278592202
-0.12623 0.35028 3.35743 -0.12979 0.55971 4.03970140598 0.78258 0.98072 0.30541 0.41196 152.77952 195.62801 147.22542 138.42519 0.3 0.3 0.0 0.0 0.0 0.0 0.0 0.0 0.72115 0.0 0.0 45.47487 -0.49999 0.07399 0.0 0.0 0.0 0.0 0.0 0.0 0.0494319170854 30 1 1.0 0.455426528422 -1.71409369621
-0.12623 0.35028 3.35743 -0.12979 0.55971 4.04905548715 0.78258 0.98072 0.30541 0.41196 152.77952 195.62801 147.22542 138.42519 0.3 0.3 0.0 0.0 0.0 0.0 0.0 0.0 0.72115 0.0 0.0 45.47487 -0.49999 0.07399 0.0 0.0 0.0 0.0 0.0 0.0 0.0491947736429 31 1 1.0 0.279660953609 -1.69781002506
-0.12623 0.35028 3.35743 -0.12979 0.55971 4.05035151603 0.78258 0.98072 0.30541 0.41196 152.77952 195.62801 147.22542 138.42519 0.3 0.3 0.0 0.0 0.0 0.0 0.0 0.0 0.72115 0.0 0.0 45.47487 -0.49999 0.07399 0.0 0.0 0.0 0.0 0.0 0.0 0.0493004618546 32 1 1.0 0.279711036607 -1.70505782097
-0.12623 0.35028 3.35743 -0.12979 0.55971 4.0467167402 0.78258 0.98072 0.30541 0.41196 152.77952 195.62801 147.22542 138.42519 0.3 0.3 0.0 0.0 0.0 0.0 0.0 0.0 0.72115 0.0 0.0 45.47487 -0.49999 0.07399 0.0 0.0 0.0 0.0 0.0 0.0 0.0497253544547 33 1 1.0 0.279538050397 -1.73434794799
-0.12623 0.35028 3.35743 -0.12979 0.55971 4.02654572922 0.78258 0.98072 0.30541 0.41196 152.77952 195.62801 147.22542 138.42519 0.3 0.3 0.0 0.0 0.0 0.0 0.0 0.0 0.72115 0.0 0.0 45.47487 -0.49999 0.07399 0.0 0.0 0.0 0.0 0.0 0.0 0.0493439329278 34 1 1.0 0.410835893021 -1.70804332186
-0.12623 0.35028 3.35743 -0.12979 0.55971 4.07199300237 0.78258 0.98072 0.30541 0.41196 152.77952 195.62801 147.22542 138.42519 0.3 0.3 0.0 0.0 0.0 0.0 0.0 0.0 0.72115 0.0 0.0 45.47487 -0.49999 0.07399 0.0 0.0 0.0 0.0 0.0 0.0 0.0490615726789 35 1 0.992647058824 0.427857839142 -2.15128113985
-0.12623 0.35028 3.35743 -0.12979 0.55971 4.06820768735 0.78258 0.98072 0.30541 0.41196 152.77952 195.62801 147.22542 138.42519 0.3 0.3 0.0 0.0 0.0 0.0 0.0 0.0 0.72115 0.0 0.0 45.47487 -0.49999 0.07399 0.0 0.0 0.0 0.0 0.0 0.0 0.0489245473414 36 1 0.992647058824 0.41668374823 -2.1205459664
-0.12623 0.35028 3.35743 -0.12979 0.55971 4.02405742073 0.78258 0.98072 0.30541 0.41196 152.77952 195.62801 147.22542 138.42519 0.3 0.3 0.0 0.0 0.0 0.0 0.0 0.0 0.72115 0.0 0.0 45.47487 -0.49999 0.07399 0.0 0.0 0.0 0.0 0.0 0.0 0.048867207499 37 1 1.0 0.41061486205 -1.67544234112
-0.12623 0.35028 3.35743 -0.12979 0.55971 3.97960830685 0.78258 0.98072 0.30541 0.41196 152.77952 195.62801 147.22542 138.42519 0.3 0.3 0.0 0.0 0.0 0.0 0.0 0.0 0.72115 0.0 0.0 45.47487 -0.49999 0.07399 0.0 0.0 0.0 0.0 0.0 0.0 0.0491217175113 38 1 0.992647058824 0.375282379738 -2.04782162703
-0.12623 0.35028 3.35743 -0.12979 0.55971 3.96359309257 0.78258 0.98072 0.30541 0.41196 152.77952 195.62801 147.22542 138.42519 0.3 0.3 0.0 0.0 0.0 0.0 0.0 0.0 0.72115 0.0 0.0 45.47487 -0.49999 0.07399 0.0 0.0 0.0 0.0 0.0 0.0 0.0491012710071 39 1 0.985294117647 0.171677523361 -1.98883452739
-0.12623 0.35028 3.35743 -0.12979 0.55971 3.97881321974 0.78258 0.98072 0.30541 0.41196 152.77952 195.62801 147.22542 138.42519 0.3 0.3 0.0 0.0 0.0 0.0 0.0 0.0 0.72115 0.0 0.0 45.47487 -0.49999 0.07399 0.0 0.0 0.0 0.0 0.0 0.0 0.0491222727236 40 1 0.992647058824 0.376423624319 -2.05001402496
-0.12623 0.35028 3.35743 -0.12979 0.55971 3.95931840396 0.78258 0.98072 0.30541 0.41196 152.77952 195.62801 147.22542 138.42519 0.3 0.3 0.0 0.0 0.0 0.0 0.0 0.0 0.72115 0.0 0.0 45.47487 -0.49999 0.07399 0.0 0.0 0.0 0.0 0.0 0.0 0.048718334848 41 1 0.985294117647 0.20102379379 -2.07955763704
-0.12623 0.35028 3.35743 -0.12979 0.55971 3.95845158883 0.78258 0.98072 0.30541 0.41196 152.77952 195.62801 147.22542 138.42519 0.3 0.3 0.0 0.0 0.0 0.0 0.0 0.0 0.72115 0.0 0.0 45.47487 -0.49999 0.07399 0.0 0.0 0.0 0.0 0.0 0.0 0.0491110475718 42 1 0.992647058824 0.20847344615 -1.80168087002
-0.12623 0.35028 3.35743 -0.12979 0.55971 3.96166233369 0.78258 0.98072 0.30541 0.41196 152.77952 195.62801 147.22542 138.42519 0.3 0.3 0.0 0.0 0.0 0.0 0.0 0.0 0.72115 0.0 0.0 45.47487 -0.49999 0.07399 0.0 0.0 0.0 0.0 0.0 0.0 0.0501820281743 43 0 0.985294117647 0.200161372418 -1.80168087002
-0.12623 0.35028 3.35743 -0.12979 0.55971 3.94198864488 0.78258 0.98072 0.30541 0.41196 152.77952 195.62801 147.22542 138.42519 0.3 0.3 0.0 0.0 0.0 0.0 0.0 0.0 0.72115 0.0 0.0 45.47487 -0.49999 0.07399 0.0 0.0 0.0 0.0 0.0 0.0 0.0482301404252 44 1 0.992647058824 0.51935247777 -2.33763675334
-0.12623 0.35028 3.35743 -0.12979 0.55971 3.94816438778 0.78258 0.98072 0.30541 0.41196 152.77952 195.62801 147.22542 138.42519 0.3 0.3 0.0 0.0 0.0 0.0 0.0 0.0 0.72115 0.0 0.0 45.47487 -0.49999 0.07399 0.0 0.0 0.0 0.0 0.0 0.0 0.0483095172387 45 1 0.992647058824 0.416558273002 -2.0899259801
-0.12623 0.35028 3.35743 -0.12979 0.55971 3.91916797068 0.78258 0.98072 0.30541 0.41196 152.77952 195.62801 147.22542 138.42519 0.3 0.3 0.0 0.0 0.0 0.0 0.0 0.0 0.72115 0.0 0.0 45.47487 -0.49999 0.07399 0.0 0.0 0.0 0.0 0.0 0.0 0.0486029697368 46 0 0.992647058824 0.527208780443 -2.0899259801
-0.12623 0.35028 3.35743 -0.12979 0.55971 3.89461438172 0.78258 0.98072 0.30541 0.41196 152.77952 195.62801 147.22542 138.42519 0.3 0.3 0.0 0.0 0.0 0.0 0.0 0.0 0.72115 0.0 0.0 45.47487 -0.49999 0.07399 0.0 0.0 0.0 0.0 0.0 0.0 0.0478623658066 47 0 0.971223021583 0.563178645777 -2.0899259801
-0.12623 0.35028 3.35743 -0.12979 0.55971 3.93232956794 0.78258 0.98072 0.30541 0.41196 152.77952 195.62801 147.22542 138.42519 0.3 0.3 0.0 0.0 0.0 0.0 0.0 0.0 0.72115 0.0 0.0 45.47487 -0.49999 0.07399 0.0 0.0 0.0 0.0 0.0 0.0 0.0487943733882 48 1 0.992647058824 0.534235095406 -2.39961034227
-0.12623 0.35028 3.35743 -0.12979 0.55971 3.92722650468 0.78258 0.98072 0.30541 0.41196 152.77952 195.62801 147.22542 138.42519 0.3 0.3 0.0 0.0 0.0 0.0 0.0 0.0 0.72115 0.0 0.0 45.47487 -0.49999 0.07399 0.0 0.0 0.0 0.0 0.0 0.0 0.0489508236233 49 1 0.992647058824 0.6339163022 -2.70118138363
-0.12623 0.35028 3.35743 -0.12979 0.55971 3.92020794028 0.78258 0.98072 0.30541 0.41196 152.77952 195.62801 147.22542 138.42519 0.3 0.3 0.0 0.0 0.0 0.0 0.0 0.0 0.72115 0.0 0.0 45.47487 -0.49999 0.07399 0.0 0.0 0.0 0.0 0.0 0.0 0.0494698947044 50 1 0.992647058824 0.527011896714 -2.40700168172
-0.12623 0.35028 3.35743 -0.12979 0.55971 3.93711042377 0.78258 0.98072 0.30541 0.41196 152.77952 195.62801 147.22542 138.42519 0.3 0.3 0.0 0.0 0.0 0.0 0.0 0.0 0.72115 0.0 0.0 45.47487 -0.49999 0.07399 0.0 0.0 0.0 0.0 0.0 0.0 0.0501494509865 51 1 0.992647058824 0.543876714751 -2.47921681167
-0.12623 0.35028 3.35743 -0.12979 0.55971 3.91345156466 0.78258 0.98072 0.30541 0.41196 152.77952 195.62801 147.22542 138.42519 0.3 0.3 0.0 0.0 0.0 0.0 0.0 0.0 0.72115 0.0 0.0 45.47487 -0.49999 0.07399 0.0 0.0 0.0 0.0 0.0 0.0 0.0508617300962 52 0 0.971223021583 0.597725559356 -2.47921681167
-0.12623 0.35028 3.35743 -0.12979 0.55971 3.92536965497 0.78258 0.98072 0.30541 0.41196 152.77952 195.62801 147.22542 138.42519 0.3 0.3 0.0 0.0 0.0 0.0 0.0 0.0 0.72115 0.0 0.0 45.47487 -0.49999 0.07399 0.0 0.0 0.0 0.0 0.0 0.0 0.0507048474355 53 1 0.992647058824 0.54625098801 -2.50872519532
-0.12623 0.35028 3.35743 -0.12979 0.55971 3.93972448639 0.78258 0.98072 0.30541 0.41196 152.77952 195.62801 147.22542 138.42519 0.3 0.3 0.0 0.0 0.0 0.0 0.0 0.0 0.72115 0.0 0.0 45.47487 -0.49999 0.07399 0.0 0.0 0.0 0.0 0.0 0.0 0.0497522048129 54 1 0.992647058824 0.544164047037 -2.46383562409
-0.12623 0.35028 3.35743 -0.12979 0.55971 3.95366877378 0.78258 0.98072 0.30541 0.41196 152.77952 195.62801 147.22542 138.42519 0.3 0.3 0.0 0.0 0.0 0.0 0.0 0.0 0.72115 0.0 0.0 45.47487 -0.49999 0.07399 0.0 0.0 0.0 0.0 0.0 0.0 0.0503425513923 55 1 0.992647058824 0.416206851206 -2.19306943468
-0.12623 0.35028 3.35743 -0.12979 0.55971 3.95723864912 0.78258 0.98072 0.30541 0.41196 152.77952 195.62801 147.22542 138.42519 0.3 0.3 0.0 0.0 0.0 0.0 0.0 0.0 0.72115 0.0 0.0 45.47487 -0.49999 0.07399 0.0 0.0 0.0 0.0 0.0 0.0 0.0511122600943 56 1 0.992647058824 0.208300686531 -1.93266894593
-0.12623 0.35028 3.35743 -0.12979 0.55971 3.97899753379 0.78258 0.98072 0.30541 0.41196 152.77952 195.62801 147.22542 138.42519 0.3 0.3 0.0 0.0 0.0 0.0 0.0 0.0 0.72115 0.0 0.0 45.47487 -0.49999 0.07399 0.0 0.0 0.0 0.0 0.0 0.0 0.0501715921379 57 1 0.992647058824 0.376433405767 -2.10777297883
-0.12623 0.35028 3.35743 -0.12979 0.55971 3.96294985763 0.78258 0.98072 0.30541 0.41196 152.77952 195.62801 147.22542 138.42519 0.3 0.3 0.0 0.0 0.0 0.0 0.0 0.0 0.72115 0.0 0.0 45.47487 -0.49999 0.07399 0.0 0.0 0.0 0.0 0.0 0.0 0.0504497542125 58 1 0.985294117647 0.171710279424 -2.06669061406
-0.12623 0.35028 3.35743 -0.12979 0.55971 3.98388793883 0.78258 0.98072 0.30541 0.41196 152.77952 195.62801 147.22542 138.42519 0.3 0.3 0.0 0.0 0.0 0.0 0.0 0.0 0.72115 0.0 0.0 45.47487 -0.49999 0.07399 0.0 0.0 0.0 0.0 0.0 0.0 0.050586355269 59 1 0.992647058824 0.186652397801 -1.87725673141
-0.12623 0.35028 3.35743 -0.12979 0.55971 4.00553241512 0.78258 0.98072 0.30541 0.41196 152.77952 195.62801 147.22542 138.42519 0.3 0.3 0.0 0.0 0.0 0.0 0.0 0.0 0.72115 0.0 0.0 45.47487 -0.49999 0.07399 0.0 0.0 0.0 0.0 0.0 0.0 0.050778208471 60 0 0.977941176471 0.379446009431 -1.87725673141
-0.12623 0.35028 3.35743 -0.12979 0.55971 3.97114842376 0.78258 0.98072 0.30541 0.41196 152.77952 195.62801 147.22542 138.42519 0.3 0.3 0.0 0.0 0.0 0.0 0.0 0.0 0.72115 0.0 0.0 45.47487 -0.49999 0.07399 0.0 0.0 0.0 0.0 0.0 0.0 0.0501281207945 61 1 0.985294117647 0.165512823015 -2.02757535714
-0.12623 0.35028 3.35743 -0.12979 0.55971 3.96078646724 0.78258 0.98072 0.30541 0.41196 152.77952 195.62801 147.22542 138.42519 0.3 0.3 0.0 0.0 0.0 0.0 0.0 0.0 0.72115 0.0 0.0 45.47487 -0.49999 0.07399 0.0 0.0 0.0 0.0 0.0 0.0 0.0497600202277 62 0 0.985294117647 0.200900891863 -2.02757535714
-0.12623 0.35028 3.35743 -0.12979 0.55971 3.96092992989 0.78258 0.98072 0.30541 0.41196 152.77952 195.62801 147.22542 138.42519 0.3 0.3 0.0 0.0 0.0 0.0 0.0 0.0 0.72115 0.0 0.0 45.47487 -0.49999 0.07399 0.0 0.0 0.0 0.0 0.0 0.0 0.0510836045486 63 1 0.985294117647 0.200891219526 -2.20587742414
-0.12623 0.35028 3.35743 -0.12979 0.55971 3.96202733422 0.78258 0.98072 0.30541 0.41196 152.77952 195.62801 147.22542 138.42519 0.3 0.3 0.0 0.0 0.0 0.0 0.0 0.0 0.72115 0.0 0.0 45.47487 -0.49999 0.07399 0.0 0.0 0.0 0.0 0.0 0.0 0.0513785494452 64 1 0.985294117647 0.200115746452 -2.21971892904
-0.12623 0.35028 3.35743 -0.12979 0.55971 3.96918374039 0.78258 0.98072 0.30541 0.41196 152.77952 195.62801 147.22542 138.42519 0.3 0.3 0.0 0.0 0.0 0.0 0.0 0.0 0.72115 0.0 0.0 45.47487 -0.49999 0.07399 0.0 0.0 0.0 0.0 0.0 0.0 0.051700669878 65 1 0.985294117647 0.165447002092 -2.12286260268
-0.12623 0.35028 3.35743 -0.12979 0.55971 3.92181287141 0.78258 0.98072 0.30541 0.41196 152.77952 195.62801 147.22542 138.42519 0.3 0.3 0.0 0.0 0.0 0.0 0.0 0.0 0.72115 0.0 0.0 45.47487 -0.49999 0.07399 0.0 0.0 0.0 0.0 0.0 0.0 0.052651853121 66 1 0.992647058824 0.526945323686 -2.55192068617
-0.12623 0.35028 3.35743 -0.12979 0.55971 3.92506249261 0.78258 0.98072 0.30541 0.41196 152.77952 195.62801 147.22542 138.42519 0.3 0.3 0.0 0.0 0.0 0.0 0.0 0.0 0.72115 0.0 0.0 45.47487 -0.49999 0.07399 0.0 0.0 0.0 0.0 0.0 0.0 0.0524586593696 67 1 0.992647058824 0.546260708374 -2.58812415807
-0.12623 0.35028 3.35743 -0.12979 0.55971 3.91781450839 0.78258 0.98072 0.30541 0.41196 152.77952 195.62801 147.22542 138.42519 0.3 0.3 0.0 0.0 0.0 0.0 0.0 0.0 0.72115 0.0 0.0 45.47487 -0.49999 0.07399 0.0 0.0 0.0 0.0 0.0 0.0 0.0524140192686 68 1 0.992647058824 0.527228504227 -2.54076093164
-0.12623 0.35028 3.35743 -0.12979 0.55971 3.89517466398 0.78258 0.98072 0.30541 0.41196 152.77952 195.62801 147.22542 138.42519 0.3 0.3 0.0 0.0 0.0 0.0 0.0 0.0 0.72115 0.0 0.0 45.47487 -0.49999 0.07399 0.0 0.0 0.0 0.0 0.0 0.0 0.0528891926757 69 0 0.971223021583 0.563177826821 -2.54076093164
-0.12623 0.35028 3.35743 -0.12979 0.55971 3.89420014574 0.78258 0.98072 0.30541 0.41196 152.77952 195.62801 147.22542 138.42519 0.3 0.3 0.0 0.0 0.0 0.0 0.0 0.0 0.72115 0.0 0.0 45.47487 -0.49999 0.07399 0.0 0.0 0.0 0.0 0.0 0.0 0.053551945179 70 0 0.971223021583 0.563287845897 -2.54076093164
-0.12623 0.35028 3.35743 -0.12979 0.55971 3.93394528327 0.78258 0.98072 0.30541 0.41196 152.77952 195.62801 147.22542 138.42519 0.3 0.3 0.0 0.0 0.0 0.0 0.0 0.0 0.72115 0.0 0.0 45.47487 -0.49999 0.07399 0.0 0.0 0.0 0.0 0.0 0.0 0.0525784903443 71 1 0.992647058824 0.551367094802 -2.60619856903
-0.12623 0.35028 3.35743 -0.12979 0.55971 3.93418584038 0.78258 0.98072 0.30541 0.41196 152.77952 195.62801 147.22542 138.42519 0.3 0.3 0.0 0.0 0.0 0.0 0.0 0.0 0.72115 0.0 0.0 45.47487 -0.49999 0.07399 0.0 0.0 0.0 0.0 0.0 0.0 0.0527686112405 72 1 0.992647058824 0.551385293958 -2.61534621026
-0.12623 0.35028 3.35743 -0.12979 0.55971 3.9152954749 0.78258 0.98072 0.30541 0.41196 152.77952 195.62801 147.22542 138.42519 0.3 0.3 0.0 0.0 0.0 0.0 0.0 0.0 0.72115 0.0 0.0 45.47487 -0.49999 0.07399 0.0 0.0 0.0 0.0 0.0 0.0 0.0529314049671 73 0 0.985401459854 0.479545506861 -2.61534621026
-0.12623 0.35028 3.35743 -0.12979 0.55971 3.93191282067 0.78258 0.98072 0.30541 0.41196 152.77952 195.62801 147.22542 138.42519 0.3 0.3 0.0 0.0 0.0 0.0 0.0 0.0 0.72115 0.0 0.0 45.47487 -0.49999 0.07399 0.0 0.0 0.0 0.0 0.0 0.0 0.0523778286725 74 1 0.992647058824 0.534235129351 -2.55546537817
-0.12623 0.35028 3.35743 -0.12979 0.55971 3.96980938855 0.78258 0.98072 0.30541 0.41196 152.77952 195.62801 147.22542 138.42519 0.3 0.3 0.0 0.0 0.0 0.0 0.0 0.0 0.72115 0.0 0.0 45.47487 -0.49999 0.07399 0.0 0.0 0.0 0.0 0.0 0.0 0.0523738775835 75 1 0.985294117647 0.165546984153 -2.16548882516
-0.12623 0.35028 3.35743 -0.12979 0.55971 3.99416953858 0.78258 0.98072 0.30541 0.41196 152.77952 195.62801 147.22542 138.42519 0.3 0.3 0.0 0.0 0.0 0.0 0.0 0.0 0.72115 0.0 0.0 45.47487 -0.49999 0.07399 0.0 0.0 0.0 0.0 0.0 0.0 0.0529525678287 76 1 0.985294117647 0.401883940882 -3.36615516673
-0.12623 0.35028 3.35743 -0.12979 0.55971 3.98073667569 0.78258 0.98072 0.30541 0.41196 152.77952 195.62801 147.22542 138.42519 0.3 0.3 0.0 0.0 0.0 0.0 0.0 0.0 0.72115 0.0 0.0 45.47487 -0.49999 0.07399 0.0 0.0 0.0 0.0 0.0 0.0 0.0526508571938 77 1 0.992647058824 0.185991290161 -2.01852300251
-0.12623 0.35028 3.35743 -0.12979 0.55971 3.9792647864 0.78258 0.98072 0.30541 0.41196 152.77952 195.62801 147.22542 138.42519 0.3 0.3 0.0 0.0 0.0 0.0 0.0 0.0 0.72115 0.0 0.0 45.47487 -0.49999 0.07399 0.0 0.0 0.0 0.0 0.0 0.0 0.0523218142116 78 1 0.992647058824 0.375257242962 -2.23149431913
-0.12623 0.35028 3.35743 -0.12979 0.55971 3.98107662057 0.78258 0.98072 0.30541 0.41196 152.77952 195.62801 147.22542 138.42519 0.3 0.3 0.0 0.0 0.0 0.0 0.0 0.0 0.72115 0.0 0.0 45.47487 -0.49999 0.07399 0.0 0.0 0.0 0.0 0.0 0.0 0.0517991972202 79 1 0.992647058824 0.185960401897 -1.95919358598
-0.12623 0.35028 3.35743 -0.12979 0.55971 3.95853868004 0.78258 0.98072 0.30541 0.41196 152.77952 195.62801 147.22542 138.42519 0.3 0.3 0.0 0.0 0.0 0.0 0.0 0.0 0.72115 0.0 0.0 45.47487 -0.49999 0.07399 0.0 0.0 0.0 0.0 0.0 0.0 0.0519513277214 80 1 0.992647058824 0.208502498458 -1.98974569128
-0.12623 0.35028 3.35743 -0.12979 0.55971 3.92198184686 0.78258 0.98072 0.30541 0.41196 152.77952 195.62801 147.22542 138.42519 0.3 0.3 0.0 0.0 0.0 0.0 0.0 0.0 0.72115 0.0 0.0 45.47487 -0.49999 0.07399 0.0 0.0 0.0 0.0 0.0 0.0 0.0519179765621 81 1 0.992647058824 0.526942926483 -2.51593069661
-0.12623 0.35028 3.35743 -0.12979 0.55971 3.92582990223 0.78258 0.98072 0.30541 0.41196 152.77952 195.62801 147.22542 138.42519 0.3 0.3 0.0 0.0 0.0 0.0 0.0 0.0 0.72115 0.0 0.0 45.47487 -0.49999 0.07399 0.0 0.0 0.0 0.0 0.0 0.0 0.0514322561447 82 1 0.992647058824 0.546437546205 -2.54103679517
-0.12623 0.35028 3.35743 -0.12979 0.55971 3.92471391474 0.78258 0.98072 0.30541 0.41196 152.77952 195.62801 147.22542 138.42519 0.3 0.3 0.0 0.0 0.0 0.0 0.0 0.0 0.72115 0.0 0.0 45.47487 -0.49999 0.07399 0.0 0.0 0.0 0.0 0.0 0.0 0.0517828118164 83 1 0.992647058824 0.638584254293 -2.80461816378
-0.12623 0.35028 3.35743 -0.12979 0.55971 3.92546867584 0.78258 0.98072 0.30541 0.41196 152.77952 195.62801 147.22542 138.42519 0.3 0.3 0.0 0.0 0.0 0.0 0.0 0.0 0.72115 0.0 0.0 45.47487 -0.49999 0.07399 0.0 0.0 0.0 0.0 0.0 0.0 0.0517075506271 84 1 0.992647058824 0.546271940312 -2.55307444655
-0.12623 0.35028 3.35743 -0.12979 0.55971 3.92983840117 0.78258 0.98072 0.30541 0.41196 152.77952 195.62801 147.22542 138.42519 0.3 0.3 0.0 0.0 0.0 0.0 0.0 0.0 0.72115 0.0 0.0 45.47487 -0.49999 0.07399 0.0 0.0 0.0 0.0 0.0 0.0 0.0514827503933 85 1 0.992647058824 0.629046238975 -2.76614408026
-0.12623 0.35028 3.35743 -0.12979 0.55971 3.90535654653 0.78258 0.98072 0.30541 0.41196 152.77952 195.62801 147.22542 138.42519 0.3 0.3 0.0 0.0 0.0 0.0 0.0 0.0 0.72115 0.0 0.0 45.47487 -0.49999 0.07399 0.0 0.0 0.0 0.0 0.0 0.0 0.0524922201793 86 0 0.964285714286 0.627438520601 -2.76614408026
-0.12623 0.35028 3.35743 -0.12979 0.55971 3.92644976082 0.78258 0.98072 0.30541 0.41196 152.77952 195.62801 147.22542 138.42519 0.3 0.3 0.0 0.0 0.0 0.0 0.0 0.0 0.72115 0.0 0.0 45.47487 -0.49999 0.07399 0.0 0.0 0.0 0.0 0.0 0.0 0.0523296206802 87 1 0.992647058824 0.546466546068 -2.58248455744
-0.12623 0.35028 3.35743 -0.12979 0.55971 3.91880762988 0.78258 0.98072 0.30541 0.41196 152.77952 195.62801 147.22542 138.42519 0.3 0.3 0.0 0.0 0.0 0.0 0.0 0.0 0.72115 0.0 0.0 45.47487 -0.49999 0.07399 0.0 0.0 0.0 0.0 0.0 0.0 0.0535399846572 88 1 0.992647058824 0.527091673457 -2.59770877601
-0.12623 0.35028 3.35743 -0.12979 0.55971 3.94139941919 0.78258 0.98072 0.30541 0.41196 152.77952 195.62801 147.22542 138.42519 0.3 0.3 0.0 0.0 0.0 0.0 0.0 0.0 0.72115 0.0 0.0 45.47487 -0.49999 0.07399 0.0 0.0 0.0 0.0 0.0 0.0 0.0534980470244 89 1 0.992647058824 0.53194306377 -2.60643525431
-0.12623 0.35028 3.35743 -0.12979 0.55971 3.95190630327 0.78258 0.98072 0.30541 0.41196 152.77952 195.62801 147.22542 138.42519 0.3 0.3 0.0 0.0 0.0 0.0 0.0 0.0 0.72115 0.0 0.0 45.47487 -0.49999 0.07399 0.0 0.0 0.0 0.0 0.0 0.0 0.05381787026 90 1 0.992647058824 0.417532152325 -2.39501402573
-0.12623 0.35028 3.35743 -0.12979 0.55971 3.94560321867 0.78258 0.98072 0.30541 0.41196 152.77952 195.62801 147.22542 138.42519 0.3 0.3 0.0 0.0 0.0 0.0 0.0 0.0 0.72115 0.0 0.0 45.47487 -0.49999 0.07399 0.0 0.0 0.0 0.0 0.0 0.0 0.0542587835905 91 1 0.992647058824 0.519606934512 -2.61979679269
-0.12623 0.35028 3.35743 -0.12979 0.55971 3.91934891138 0.78258 0.98072 0.30541 0.41196 152.77952 195.62801 147.22542 138.42519 0.3 0.3 0.0 0.0 0.0 0.0 0.0 0.0 0.72115 0.0 0.0 45.47487 -0.49999 0.07399 0.0 0.0 0.0 0.0 0.0 0.0 0.0548963296802 92 1 0.992647058824 0.527099910961 -2.67103269172
-0.12623 0.35028 3.35743 -0.12979 0.55971 3.94013187035 0.78258 0.98072 0.30541 0.41196 152.77952 195.62801 147.22542 138.42519 0.3 0.3 0.0 0.0 0.0 0.0 0.0 0.0 0.72115 0.0 0.0 45.47487 -0.49999 0.07399 0.0 0.0 0.0 0.0 0.0 0.0 0.0539560025902 93 1 0.992647058824 0.544136014754 -2.65784726918
-0.12623 0.35028 3.35743 -0.12979 0.55971 3.94652405855 0.78258 0.98072 0.30541 0.41196 152.77952 195.62801 147.22542 138.42519 0.3 0.3 0.0 0.0 0.0 0.0 0.0 0.0 0.72115 0.0 0.0 45.47487 -0.49999 0.07399 0.0 0.0 0.0 0.0 0.0 0.0 0.0545698915562 94 1 0.992647058824 0.416550773676 -2.43989318609
-0.12623 0.35028 3.35743 -0.12979 0.55971 3.92162354548 0.78258 0.98072 0.30541 0.41196 152.77952 195.62801 147.22542 138.42519 0.3 0.3 0.0 0.0 0.0 0.0 0.0 0.0 0.72115 0.0 0.0 45.47487 -0.49999 0.07399 0.0 0.0 0.0 0.0 0.0 0.0 0.0540910661031 95 1 0.992647058824 0.526990018136 -2.62671225279
-0.12623 0.35028 3.35743 -0.12979 0.55971 3.89820093869 0.78258 0.98072 0.30541 0.41196 152.77952 195.62801 147.22542 138.42519 0.3 0.3 0.0 0.0 0.0 0.0 0.0 0.0 0.72115 0.0 0.0 45.47487 -0.49999 0.07399 0.0 0.0 0.0 0.0 0.0 0.0 0.0551172287159 96 0 0.971223021583 0.65169409125 -2.62671225279
-0.12623 0.35028 3.35743 -0.12979 0.55971 3.90228394627 0.78258 0.98072 0.30541 0.41196 152.77952 195.62801 147.22542 138.42519 0.3 0.3 0.0 0.0 0.0 0.0 0.0 0.0 0.72115 0.0 0.0 45.47487 -0.49999 0.07399 0.0 0.0 0.0 0.0 0.0 0.0 0.0531249315905 97 0 0.971223021583 0.651553774131 -2.62671225279
-0.12623 0.35028 3.35743 -0.12979 0.55971 3.93406768524 0.78258 0.98072 0.30541 0.41196 152.77952 195.62801 147.22542 138.42519 0.3 0.3 0.0 0.0 0.0 0.0 0.0 0.0 0.72115 0.0 0.0 45.47487 -0.49999 0.07399 0.0 0.0 0.0 0.0 0.0 0.0 0.0542876230816 98 1 0.992647058824 0.552609348999 -2.69440683004
-0.12623 0.35028 3.35743 -0.12979 0.55971 3.92059582605 0.78258 0.98072 0.30541 0.41196 152.77952 195.62801 147.22542 138.42519 0.3 0.3 0.0 0.0 0.0 0.0 0.0 0.0 0.72115 0.0 0.0 45.47487 -0.49999 0.07399 0.0 0.0 0.0 0.0 0.0 0.0 0.0546853213821 99 1 0.992647058824 0.527023028388 -2.6591618196
-0.12623 0.35028 3.35743 -0.12979 0.55971 3.90611297939 0.78258 0.98072 0.30541 0.41196 152.77952 195.62801 147.22542 138.42519 0.3 0.3 0.0 0.0 0.0 0.0 0.0 0.0 0.72115 0.0 0.0 45.47487 -0.49999 0.07399 0.0 0.0 0.0 0.0 0.0 0.0 0.0548256108926 100 0 0.964285714286 0.62745870356 -2.6591618196
