-0.12623 0.35028 3.35743 -0.12979 0.55971 4.28738666667 0.78258 0.98072 0.30541 0.41196 152.77952 195.62801 147.22542 138.42519 0.3 0.3 0.0 0.0 0.0 0.0 0.0 0.0 0.72115 0.0 0.0 45.47487 -0.49999 0.07399 0.0 0.0 0.0 0.0 0.0 0.0 0.05 0 1 0.95652173913 0.831475762645 -60.5640672379
-0.12623 0.35028 3.35743 -0.12979 0.55971 4.30476779743 0.78258 0.98072 0.30541 0.41196 152.77952 195.62801 147.22542 138.42519 0.3 0.3 0.0 0.0 0.0 0.0 0.0 0.0 0.72115 0.0 0.0 45.47487 -0.49999 0.07399 0.0 0.0 0.0 0.0 0.0 0.0 0.0502684278656 1 0 0.94964028777 0.834107223133 -60.5640672379
-0.12623 0.35028 3.35743 -0.12979 0.55971 4.29015791596 0.78258 0.98072 0.30541 0.41196 152.77952 195.62801 147.22542 138.42519 0.3 0.3 0.0 0.0 0.0 0.0 0.0 0.0 0.72115 0.0 0.0 45.47487 -0.49999 0.07399 0.0 0.0 0.0 0.0 0.0 0.0 0.0501298972114 2 0 0.94964028777 0.831789171441 -60.5640672379
-0.12623 0.35028 3.35743 -0.12979 0.55971 4.26193205686 0.78258 0.98072 0.30541 0.41196 152.77952 195.62801 147.22542 138.42519 0.3 0.3 0.0 0.0 0.0 0.0 0.0 0.0 0.72115 0.0 0.0 45.47487 -0.49999 0.07399 0.0 0.0 0.0 0.0 0.0 0.0 0.0495376526835 3 1 0.963768115942 0.810432416261 -41.2486757323
-0.12623 0.35028 3.35743 -0.12979 0.55971 4.2570891198 0.78258 0.98072 0.30541 0.41196 152.77952 195.62801 147.22542 138.42519 0.3 0.3 0.0 0.0 0.0 0.0 0.0 0.0 0.72115 0.0 0.0 45.47487 -0.49999 0.07399 0.0 0.0 0.0 0.0 0.0 0.0 0.0502394743125 4 1 0.970802919708 0.8128757756 -26.876810521
-0.12623 0.35028 3.35743 -0.12979 0.55971 4.27760104622 0.78258 0.98072 0.30541 0.41196 152.77952 195.62801 147.22542 138.42519 0.3 0.3 0.0 0.0 0.0 0.0 0.0 0.0 0.72115 0.0 0.0 45.47487 -0.49999 0.07399 0.0 0.0 0.0 0.0 0.0 0.0 0.0507860211208 5 0 0.963768115942 0.812432995898 -26.876810521
-0.12623 0.35028 3.35743 -0.12979 0.55971 4.24368213758 0.78258 0.98072 0.30541 0.41196 152.77952 195.62801 147.22542 138.42519 0.3 0.3 0.0 0.0 0.0 0.0 0.0 0.0 0.72115 0.0 0.0 45.47487 -0.49999 0.07399 0.0 0.0 0.0 0.0 0.0 0.0 0.0512548234362 6 1 0.970802919708 0.793612763671 -24.8339263179
-0.12623 0.35028 3.35743 -0.12979 0.55971 4.25360023148 0.78258 0.98072 0.30541 0.41196 152.77952 195.62801 147.22542 138.42519 0.3 0.3 0.0 0.0 0.0 0.0 0.0 0.0 0.72115 0.0 0.0 45.47487 -0.49999 0.07399 0.0 0.0 0.0 0.0 0.0 0.0 0.0506919257927 7 1 0.970802919708 0.809282930631 -26.2448885047
-0.12623 0.35028 3.35743 -0.12979 0.55971 4.25768075524 0.78258 0.98072 0.30541 0.41196 152.77952 195.62801 147.22542 138.42519 0.3 0.3 0.0 0.0 0.0 0.0 0.0 0.0 0.72115 0.0 0.0 45.47487 -0.49999 0.07399 0.0 0.0 0.0 0.0 0.0 0.0 0.0503247875437 8 0 0.970802919708 0.813124584897 -26.2448885047
-0.12623 0.35028 3.35743 -0.12979 0.55971 4.27132988303 0.78258 0.98072 0.30541 0.41196 152.77952 195.62801 147.22542 138.42519 0.3 0.3 0.0 0.0 0.0 0.0 0.0 0.0 0.72115 0.0 0.0 45.47487 -0.49999 0.07399 0.0 0.0 0.0 0.0 0.0 0.0 0.0513875966117 9 0 0.963768115942 0.810978737927 -26.2448885047
-0.12623 0.35028 3.35743 -0.12979 0.55971 4.26419959239 0.78258 0.98072 0.30541 0.41196 152.77952 195.62801 147.22542 138.42519 0.3 0.3 0.0 0.0 0.0 0.0 0.0 0.0 0.72115 0.0 0.0 45.47487 -0.49999 0.07399 0.0 0.0 0.0 0.0 0.0 0.0 0.050284507632 10 0 0.963768115942 0.814187222244 -26.2448885047
-0.12623 0.35028 3.35743 -0.12979 0.55971 4.23386736822 0.78258 0.98072 0.30541 0.41196 152.77952 195.62801 147.22542 138.42519 0.3 0.3 0.0 0.0 0.0 0.0 0.0 0.0 0.72115 0.0 0.0 45.47487 -0.49999 0.07399 0.0 0.0 0.0 0.0 0.0 0.0 0.0513633367691 11 1 0.970802919708 0.786457169507 -24.3336180513
-0.12623 0.35028 3.35743 -0.12979 0.55971 4.23620575529 0.78258 0.98072 0.30541 0.41196 152.77952 195.62801 147.22542 138.42519 0.3 0.3 0.0 0.0 0.0 0.0 0.0 0.0 0.72115 0.0 0.0 45.47487 -0.49999 0.07399 0.0 0.0 0.0 0.0 0.0 0.0 0.0522578327499 12 0 0.963503649635 0.789861233019 -24.3336180513
-0.12623 0.35028 3.35743 -0.12979 0.55971 4.24178845079 0.78258 0.98072 0.30541 0.41196 152.77952 195.62801 147.22542 138.42519 0.3 0.3 0.0 0.0 0.0 0.0 0.0 0.0 0.72115 0.0 0.0 45.47487 -0.49999 0.07399 0.0 0.0 0.0 0.0 0.0 0.0 0.0502835629441 13 1 0.970802919708 0.801283818226 -26.1261738839
-0.12623 0.35028 3.35743 -0.12979 0.55971 4.25129248542 0.78258 0.98072 0.30541 0.41196 152.77952 195.62801 147.22542 138.42519 0.3 0.3 0.0 0.0 0.0 0.0 0.0 0.0 0.72115 0.0 0.0 45.47487 -0.49999 0.07399 0.0 0.0 0.0 0.0 0.0 0.0 0.0511143701952 14 1 0.970802919708 0.808755490417 -25.8411174524
-0.12623 0.35028 3.35743 -0.12979 0.55971 4.23243984343 0.78258 0.98072 0.30541 0.41196 152.77952 195.62801 147.22542 138.42519 0.3 0.3 0.0 0.0 0.0 0.0 0.0 0.0 0.72115 0.0 0.0 45.47487 -0.49999 0.07399 0.0 0.0 0.0 0.0 0.0 0.0 0.0513497481076 15 0 0.95652173913 0.789595230041 -25.8411174524
-0.12623 0.35028 3.35743 -0.12979 0.55971 4.25779674792 0.78258 0.98072 0.30541 0.41196 152.77952 195.62801 147.22542 138.42519 0.3 0.3 0.0 0.0 0.0 0.0 0.0 0.0 0.72115 0.0 0.0 45.47487 -0.49999 0.07399 0.0 0.0 0.0 0.0 0.0 0.0 0.0517118378727 16 1 0.970802919708 0.813153718835 -25.5880743723
-0.12623 0.35028 3.35743 -0.12979 0.55971 4.30319306293 0.78258 0.98072 0.30541 0.41196 152.77952 195.62801 147.22542 138.42519 0.3 0.3 0.0 0.0 0.0 0.0 0.0 0.0 0.72115 0.0 0.0 45.47487 -0.49999 0.07399 0.0 0.0 0.0 0.0 0.0 0.0 0.0519848679182 17 0 0.94964028777 0.833981657154 -25.5880743723
-0.12623 0.35028 3.35743 -0.12979 0.55971 4.22079720352 0.78258 0.98072 0.30541 0.41196 152.77952 195.62801 147.22542 138.42519 0.3 0.3 0.0 0.0 0.0 0.0 0.0 0.0 0.72115 0.0 0.0 45.47487 -0.49999 0.07399 0.0 0.0 0.0 0.0 0.0 0.0 0.0532705488488 18 0 0.95652173913 0.770805848253 -25.5880743723
-0.12623 0.35028 3.35743 -0.12979 0.55971 4.28557342126 0.78258 0.98072 0.30541 0.41196 152.77952 195.62801 147.22542 138.42519 0.3 0.3 0.0 0.0 0.0 0.0 0.0 0.0 0.72115 0.0 0.0 45.47487 -0.49999 0.07399 0.0 0.0 0.0 0.0 0.0 0.0 0.0519248916699 19 0 0.963768115942 0.829688151787 -25.5880743723
-0.12623 0.35028 3.35743 -0.12979 0.55971 4.21363170251 0.78258 0.98072 0.30541 0.41196 152.77952 195.62801 147.22542 138.42519 0.3 0.3 0.0 0.0 0.0 0.0 0.0 0.0 0.72115 0.0 0.0 45.47487 -0.49999 0.07399 0.0 0.0 0.0 0.0 0.0 0.0 0.05088289625 20 0 0.949275362319 0.764894528039 -25.5880743723
-0.12623 0.35028 3.35743 -0.12979 0.55971 4.23300471356 0.78258 0.98072 0.30541 0.41196 152.77952 195.62801 147.22542 138.42519 0.3 0.3 0.0 0.0 0.0 0.0 0.0 0.0 0.72115 0.0 0.0 45.47487 -0.49999 0.07399 0.0 0.0 0.0 0.0 0.0 0.0 0.0518572664673 21 0 0.95652173913 0.793508760643 -25.5880743723
-0.12623 0.35028 3.35743 -0.12979 0.55971 4.25049797951 0.78258 0.98072 0.30541 0.41196 152.77952 195.62801 147.22542 138.42519 0.3 0.3 0.0 0.0 0.0 0.0 0.0 0.0 0.72115 0.0 0.0 45.47487 -0.49999 0.07399 0.0 0.0 0.0 0.0 0.0 0.0 0.0511633302908 22 1 0.970802919708 0.808505279456 -25.783845822
-0.12623 0.35028 3.35743 -0.12979 0.55971 4.22404723803 0.78258 0.98072 0.30541 0.41196 152.77952 195.62801 147.22542 138.42519 0.3 0.3 0.0 0.0 0.0 0.0 0.0 0.0 0.72115 0.0 0.0 45.47487 -0.49999 0.07399 0.0 0.0 0.0 0.0 0.0 0.0 0.0504360829198 23 0 0.95652173913 0.768725512264 -25.783845822
-0.12623 0.35028 3.35743 -0.12979 0.55971 4.23474858809 0.78258 0.98072 0.30541 0.41196 152.77952 195.62801 147.22542 138.42519 0.3 0.3 0.0 0.0 0.0 0.0 0.0 0.0 0.72115 0.0 0.0 45.47487 -0.49999 0.07399 0.0 0.0 0.0 0.0 0.0 0.0 0.0511258735066 24 1 0.970802919708 0.78670250392 -24.5402024483
-0.12623 0.35028 3.35743 -0.12979 0.55971 4.23089584348 0.78258 0.98072 0.30541 0.41196 152.77952 195.62801 147.22542 138.42519 0.3 0.3 0.0 0.0 0.0 0.0 0.0 0.0 0.72115 0.0 0.0 45.47487 -0.49999 0.07399 0.0 0.0 0.0 0.0 0.0 0.0 0.0509726891257 25 0 0.95652173913 0.789482638335 -24.5402024483
-0.12623 0.35028 3.35743 -0.12979 0.55971 4.26040199331 0.78258 0.98072 0.30541 0.41196 152.77952 195.62801 147.22542 138.42519 0.3 0.3 0.0 0.0 0.0 0.0 0.0 0.0 0.72115 0.0 0.0 45.47487 -0.49999 0.07399 0.0 0.0 0.0 0.0 0.0 0.0 0.0525335058114 26 0 0.970802919708 0.813863150061 -24.5402024483
-0.12623 0.35028 3.35743 -0.12979 0.55971 4.24380754149 0.78258 0.98072 0.30541 0.41196 152.77952 195.62801 147.22542 138.42519 0.3 0.3 0.0 0.0 0.0 0.0 0.0 0.0 0.72115 0.0 0.0 45.47487 -0.49999 0.07399 0.0 0.0 0.0 0.0 0.0 0.0 0.0521157940406 27 1 0.970802919708 0.793553749469 -24.1390897244
-0.12623 0.35028 3.35743 -0.12979 0.55971 4.27418064585 0.78258 0.98072 0.30541 0.41196 152.77952 195.62801 147.22542 138.42519 0.3 0.3 0.0 0.0 0.0 0.0 0.0 0.0 0.72115 0.0 0.0 45.47487 -0.49999 0.07399 0.0 0.0 0.0 0.0 0.0 0.0 0.0523963102911 28 0 0.963768115942 0.811707736256 -24.1390897244
-0.12623 0.35028 3.35743 -0.12979 0.55971 4.31744485473 0.78258 0.98072 0.30541 0.41196 152.77952 195.62801 147.22542 138.42519 0.3 0.3 0.0 0.0 0.0 0.0 0.0 0.0 0.72115 0.0 0.0 45.47487 -0.49999 0.07399 0.0 0.0 0.0 0.0 0.0 0.0 0.0529184531723 29 0 0.94964028777 0.839802583004 -24.1390897244
-0.12623 0.35028 3.35743 -0.12979 0.55971 4.2215135774 0.78258 0.98072 0.30541 0.41196 152.77952 195.62801 147.22542 138.42519 0.3 0.3 0.0 0.0 0.0 0.0 0.0 0.0 0.72115 0.0 0.0 45.47487 -0.49999 0.07399 0.0 0.0 0.0 0.0 0.0 0.0 0.051746544735 30 0 0.95652173913 0.771052186864 -24.1390897244
-0.12623 0.35028 3.35743 -0.12979 0.55971 4.25585439164 0.78258 0.98072 0.30541 0.41196 152.77952 195.62801 147.22542 138.42519 0.3 0.3 0.0 0.0 0.0 0.0 0.0 0.0 0.72115 0.0 0.0 45.47487 -0.49999 0.07399 0.0 0.0 0.0 0.0 0.0 0.0 0.0523569099675 31 1 0.970802919708 0.811591963011 -24.9652260138
-0.12623 0.35028 3.35743 -0.12979 0.55971 4.26624189909 0.78258 0.98072 0.30541 0.41196 152.77952 195.62801 147.22542 138.42519 0.3 0.3 0.0 0.0 0.0 0.0 0.0 0.0 0.72115 0.0 0.0 45.47487 -0.49999 0.07399 0.0 0.0 0.0 0.0 0.0 0.0 0.0521698232196 32 0 0.963768115942 0.81496910266 -24.9652260138
-0.12623 0.35028 3.35743 -0.12979 0.55971 4.22259817866 0.78258 0.98072 0.30541 0.41196 152.77952 195.62801 147.22542 138.42519 0.3 0.3 0.0 0.0 0.0 0.0 0.0 0.0 0.72115 0.0 0.0 45.47487 -0.49999 0.07399 0.0 0.0 0.0 0.0 0.0 0.0 0.0523703017418 33 0 0.95652173913 0.771273023018 -24.9652260138
-0.12623 0.35028 3.35743 -0.12979 0.55971 4.26076193368 0.78258 0.98072 0.30541 0.41196 152.77952 195.62801 147.22542 138.42519 0.3 0.3 0.0 0.0 0.0 0.0 0.0 0.0 0.72115 0.0 0.0 45.47487 -0.49999 0.07399 0.0 0.0 0.0 0.0 0.0 0.0 0.0525821863176 34 1 0.970802919708 0.813955327158 -24.9178765083
-0.12623 0.35028 3.35743 -0.12979 0.55971 4.24422862368 0.78258 0.98072 0.30541 0.41196 152.77952 195.62801 147.22542 138.42519 0.3 0.3 0.0 0.0 0.0 0.0 0.0 0.0 0.72115 0.0 0.0 45.47487 -0.49999 0.07399 0.0 0.0 0.0 0.0 0.0 0.0 0.0531847871897 35 1 0.970802919708 0.792736466377 -23.2884767356
-0.12623 0.35028 3.35743 -0.12979 0.55971 4.21979443905 0.78258 0.98072 0.30541 0.41196 152.77952 195.62801 147.22542 138.42519 0.3 0.3 0.0 0.0 0.0 0.0 0.0 0.0 0.72115 0.0 0.0 45.47487 -0.49999 0.07399 0.0 0.0 0.0 0.0 0.0 0.0 0.0541764833573 36 0 0.95652173913 0.767811833662 -23.2884767356
-0.12623 0.35028 3.35743 -0.12979 0.55971 4.25089345335 0.78258 0.98072 0.30541 0.41196 152.77952 195.62801 147.22542 138.42519 0.3 0.3 0.0 0.0 0.0 0.0 0.0 0.0 0.72115 0.0 0.0 45.47487 -0.49999 0.07399 0.0 0.0 0.0 0.0 0.0 0.0 0.052357404531 37 0 0.970802919708 0.808642866816 -23.2884767356
-0.12623 0.35028 3.35743 -0.12979 0.55971 4.23259048247 0.78258 0.98072 0.30541 0.41196 152.77952 195.62801 147.22542 138.42519 0.3 0.3 0.0 0.0 0.0 0.0 0.0 0.0 0.72115 0.0 0.0 45.47487 -0.49999 0.07399 0.0 0.0 0.0 0.0 0.0 0.0 0.0522957558183 38 0 0.95652173913 0.789628840686 -23.2884767356
-0.12623 0.35028 3.35743 -0.12979 0.55971 4.18925756646 0.78258 0.98072 0.30541 0.41196 152.77952 195.62801 147.22542 138.42519 0.3 0.3 0.0 0.0 0.0 0.0 0.0 0.0 0.72115 0.0 0.0 45.47487 -0.49999 0.07399 0.0 0.0 0.0 0.0 0.0 0.0 0.0529140957534 39 0 0.963503649635 0.748856179127 -23.2884767356
-0.12623 0.35028 3.35743 -0.12979 0.55971 4.25197232183 0.78258 0.98072 0.30541 0.41196 152.77952 195.62801 147.22542 138.42519 0.3 0.3 0.0 0.0 0.0 0.0 0.0 0.0 0.72115 0.0 0.0 45.47487 -0.49999 0.07399 0.0 0.0 0.0 0.0 0.0 0.0 0.0538344641534 40 1 0.970802919708 0.80894390087 -23.6846142956
-0.12623 0.35028 3.35743 -0.12979 0.55971 4.24633042152 0.78258 0.98072 0.30541 0.41196 152.77952 195.62801 147.22542 138.42519 0.3 0.3 0.0 0.0 0.0 0.0 0.0 0.0 0.72115 0.0 0.0 45.47487 -0.49999 0.07399 0.0 0.0 0.0 0.0 0.0 0.0 0.0539746788241 41 1 0.970802919708 0.805473225992 -23.3982957364
-0.12623 0.35028 3.35743 -0.12979 0.55971 4.23163759995 0.78258 0.98072 0.30541 0.41196 152.77952 195.62801 147.22542 138.42519 0.3 0.3 0.0 0.0 0.0 0.0 0.0 0.0 0.72115 0.0 0.0 45.47487 -0.49999 0.07399 0.0 0.0 0.0 0.0 0.0 0.0 0.0531119124783 42 0 0.963503649635 0.793470146854 -23.3982957364
-0.12623 0.35028 3.35743 -0.12979 0.55971 4.19738851704 0.78258 0.98072 0.30541 0.41196 152.77952 195.62801 147.22542 138.42519 0.3 0.3 0.0 0.0 0.0 0.0 0.0 0.0 0.72115 0.0 0.0 45.47487 -0.49999 0.07399 0.0 0.0 0.0 0.0 0.0 0.0 0.0536341519849 43 1 0.970802919708 0.744502610556 -20.4943142073
-0.12623 0.35028 3.35743 -0.12979 0.55971 4.19314407299 0.78258 0.98072 0.30541 0.41196 152.77952 195.62801 147.22542 138.42519 0.3 0.3 0.0 0.0 0.0 0.0 0.0 0.0 0.72115 0.0 0.0 45.47487 -0.49999 0.07399 0.0 0.0 0.0 0.0 0.0 0.0 0.054372894496 44 0 0.963503649635 0.749182754432 -20.4943142073
-0.12623 0.35028 3.35743 -0.12979 0.55971 4.23974679214 0.78258 0.98072 0.30541 0.41196 152.77952 195.62801 147.22542 138.42519 0.3 0.3 0.0 0.0 0.0 0.0 0.0 0.0 0.72115 0.0 0.0 45.47487 -0.49999 0.07399 0.0 0.0 0.0 0.0 0.0 0.0 0.0529270027378 45 1 0.970802919708 0.790028142076 -23.3307779604
-0.12623 0.35028 3.35743 -0.12979 0.55971 4.25986130749 0.78258 0.98072 0.30541 0.41196 152.77952 195.62801 147.22542 138.42519 0.3 0.3 0.0 0.0 0.0 0.0 0.0 0.0 0.72115 0.0 0.0 45.47487 -0.49999 0.07399 0.0 0.0 0.0 0.0 0.0 0.0 0.0533676613961 46 0 0.970802919708 0.813734115011 -23.3307779604
-0.12623 0.35028 3.35743 -0.12979 0.55971 4.22821736376 0.78258 0.98072 0.30541 0.41196 152.77952 195.62801 147.22542 138.42519 0.3 0.3 0.0 0.0 0.0 0.0 0.0 0.0 0.72115 0.0 0.0 45.47487 -0.49999 0.07399 0.0 0.0 0.0 0.0 0.0 0.0 0.0532086260116 47 0 0.95652173913 0.791209288092 -23.3307779604
-0.12623 0.35028 3.35743 -0.12979 0.55971 4.27545060575 0.78258 0.98072 0.30541 0.41196 152.77952 195.62801 147.22542 138.42519 0.3 0.3 0.0 0.0 0.0 0.0 0.0 0.0 0.72115 0.0 0.0 45.47487 -0.49999 0.07399 0.0 0.0 0.0 0.0 0.0 0.0 0.0529433777048 48 0 0.963768115942 0.812021276571 -23.3307779604
-0.12623 0.35028 3.35743 -0.12979 0.55971 4.25524928415 0.78258 0.98072 0.30541 0.41196 152.77952 195.62801 147.22542 138.42519 0.3 0.3 0.0 0.0 0.0 0.0 0.0 0.0 0.72115 0.0 0.0 45.47487 -0.49999 0.07399 0.0 0.0 0.0 0.0 0.0 0.0 0.0539289343974 49 1 0.970802919708 0.812523247533 -23.8072627077
-0.12623 0.35028 3.35743 -0.12979 0.55971 4.26007274052 0.78258 0.98072 0.30541 0.41196 152.77952 195.62801 147.22542 138.42519 0.3 0.3 0.0 0.0 0.0 0.0 0.0 0.0 0.72115 0.0 0.0 45.47487 -0.49999 0.07399 0.0 0.0 0.0 0.0 0.0 0.0 0.0532779667359 50 1 0.970802919708 0.813768177535 -24.3624478532
-0.12623 0.35028 3.35743 -0.12979 0.55971 4.25084359043 0.78258 0.98072 0.30541 0.41196 152.77952 195.62801 147.22542 138.42519 0.3 0.3 0.0 0.0 0.0 0.0 0.0 0.0 0.72115 0.0 0.0 45.47487 -0.49999 0.07399 0.0 0.0 0.0 0.0 0.0 0.0 0.0539312406098 51 1 0.970802919708 0.808635517763 -23.5977608171
-0.12623 0.35028 3.35743 -0.12979 0.55971 4.26424239758 0.78258 0.98072 0.30541 0.41196 152.77952 195.62801 147.22542 138.42519 0.3 0.3 0.0 0.0 0.0 0.0 0.0 0.0 0.72115 0.0 0.0 45.47487 -0.49999 0.07399 0.0 0.0 0.0 0.0 0.0 0.0 0.0543627621839 52 0 0.963768115942 0.814388405683 -23.5977608171
-0.12623 0.35028 3.35743 -0.12979 0.55971 4.24140108251 0.78258 0.98072 0.30541 0.41196 152.77952 195.62801 147.22542 138.42519 0.3 0.3 0.0 0.0 0.0 0.0 0.0 0.0 0.72115 0.0 0.0 45.47487 -0.49999 0.07399 0.0 0.0 0.0 0.0 0.0 0.0 0.0533965075669 53 0 0.963503649635 0.804005270797 -23.5977608171
-0.12623 0.35028 3.35743 -0.12979 0.55971 4.25321583903 0.78258 0.98072 0.30541 0.41196 152.77952 195.62801 147.22542 138.42519 0.3 0.3 0.0 0.0 0.0 0.0 0.0 0.0 0.72115 0.0 0.0 45.47487 -0.49999 0.07399 0.0 0.0 0.0 0.0 0.0 0.0 0.0535624430732 54 0 0.970802919708 0.809118711183 -23.5977608171
-0.12623 0.35028 3.35743 -0.12979 0.55971 4.27029078952 0.78258 0.98072 0.30541 0.41196 152.77952 195.62801 147.22542 138.42519 0.3 0.3 0.0 0.0 0.0 0.0 0.0 0.0 0.72115 0.0 0.0 45.47487 -0.49999 0.07399 0.0 0.0 0.0 0.0 0.0 0.0 0.0536500718117 55 0 0.963768115942 0.810663709387 -23.5977608171
-0.12623 0.35028 3.35743 -0.12979 0.55971 4.27966377931 0.78258 0.98072 0.30541 0.41196 152.77952 195.62801 147.22542 138.42519 0.3 0.3 0.0 0.0 0.0 0.0 0.0 0.0 0.72115 0.0 0.0 45.47487 -0.49999 0.07399 0.0 0.0 0.0 0.0 0.0 0.0 0.0532076511247 56 0 0.963768115942 0.812925098019 -23.5977608171
-0.12623 0.35028 3.35743 -0.12979 0.55971 4.22359696174 0.78258 0.98072 0.30541 0.41196 152.77952 195.62801 147.22542 138.42519 0.3 0.3 0.0 0.0 0.0 0.0 0.0 0.0 0.72115 0.0 0.0 45.47487 -0.49999 0.07399 0.0 0.0 0.0 0.0 0.0 0.0 0.0539738735866 57 0 0.95652173913 0.771564109836 -23.5977608171
-0.12623 0.35028 3.35743 -0.12979 0.55971 4.26197818575 0.78258 0.98072 0.30541 0.41196 152.77952 195.62801 147.22542 138.42519 0.3 0.3 0.0 0.0 0.0 0.0 0.0 0.0 0.72115 0.0 0.0 45.47487 -0.49999 0.07399 0.0 0.0 0.0 0.0 0.0 0.0 0.0538074028922 58 0 0.963768115942 0.810438183802 -23.5977608171
-0.12623 0.35028 3.35743 -0.12979 0.55971 4.22089512505 0.78258 0.98072 0.30541 0.41196 152.77952 195.62801 147.22542 138.42519 0.3 0.3 0.0 0.0 0.0 0.0 0.0 0.0 0.72115 0.0 0.0 45.47487 -0.49999 0.07399 0.0 0.0 0.0 0.0 0.0 0.0 0.0547319961778 59 0 0.95652173913 0.770778659471 -23.5977608171
-0.12623 0.35028 3.35743 -0.12979 0.55971 4.21103255924 0.78258 0.98072 0.30541 0.41196 152.77952 195.62801 147.22542 138.42519 0.3 0.3 0.0 0.0 0.0 0.0 0.0 0.0 0.72115 0.0 0.0 45.47487 -0.49999 0.07399 0.0 0.0 0.0 0.0 0.0 0.0 0.053776818554 60 0 0.956204379562 0.762802899378 -23.5977608171
-0.12623 0.35028 3.35743 -0.12979 0.55971 4.24228607005 0.78258 0.98072 0.30541 0.41196 152.77952 195.62801 147.22542 138.42519 0.3 0.3 0.0 0.0 0.0 0.0 0.0 0.0 0.72115 0.0 0.0 45.47487 -0.49999 0.07399 0.0 0.0 0.0 0.0 0.0 0.0 0.0538414674804 61 1 0.970802919708 0.801368034312 -23.2759152773
-0.12623 0.35028 3.35743 -0.12979 0.55971 4.22887451218 0.78258 0.98072 0.30541 0.41196 152.77952 195.62801 147.22542 138.42519 0.3 0.3 0.0 0.0 0.0 0.0 0.0 0.0 0.72115 0.0 0.0 45.47487 -0.49999 0.07399 0.0 0.0 0.0 0.0 0.0 0.0 0.054341417889 62 0 0.95652173913 0.791383912976 -23.2759152773
-0.12623 0.35028 3.35743 -0.12979 0.55971 4.27590942628 0.78258 0.98072 0.30541 0.41196 152.77952 195.62801 147.22542 138.42519 0.3 0.3 0.0 0.0 0.0 0.0 0.0 0.0 0.72115 0.0 0.0 45.47487 -0.49999 0.07399 0.0 0.0 0.0 0.0 0.0 0.0 0.0533669394826 63 0 0.963768115942 0.812241841035 -23.2759152773
-0.12623 0.35028 3.35743 -0.12979 0.55971 4.21419938021 0.78258 0.98072 0.30541 0.41196 152.77952 195.62801 147.22542 138.42519 0.3 0.3 0.0 0.0 0.0 0.0 0.0 0.0 0.72115 0.0 0.0 45.47487 -0.49999 0.07399 0.0 0.0 0.0 0.0 0.0 0.0 0.0527876827407 64 0 0.949275362319 0.765098954718 -23.2759152773
-0.12623 0.35028 3.35743 -0.12979 0.55971 4.2779819415 0.78258 0.98072 0.30541 0.41196 152.77952 195.62801 147.22542 138.42519 0.3 0.3 0.0 0.0 0.0 0.0 0.0 0.0 0.72115 0.0 0.0 45.47487 -0.49999 0.07399 0.0 0.0 0.0 0.0 0.0 0.0 0.0549158111564 65 0 0.963768115942 0.812470729778 -23.2759152773
-0.12623 0.35028 3.35743 -0.12979 0.55971 4.2256629407 0.78258 0.98072 0.30541 0.41196 152.77952 195.62801 147.22542 138.42519 0.3 0.3 0.0 0.0 0.0 0.0 0.0 0.0 0.72115 0.0 0.0 45.47487 -0.49999 0.07399 0.0 0.0 0.0 0.0 0.0 0.0 0.053367068462 66 0 0.95652173913 0.790770666254 -23.2759152773
-0.12623 0.35028 3.35743 -0.12979 0.55971 4.23289478501 0.78258 0.98072 0.30541 0.41196 152.77952 195.62801 147.22542 138.42519 0.3 0.3 0.0 0.0 0.0 0.0 0.0 0.0 0.72115 0.0 0.0 45.47487 -0.49999 0.07399 0.0 0.0 0.0 0.0 0.0 0.0 0.053799929166 67 0 0.95652173913 0.793471561816 -23.2759152773
-0.12623 0.35028 3.35743 -0.12979 0.55971 4.2450630791 0.78258 0.98072 0.30541 0.41196 152.77952 195.62801 147.22542 138.42519 0.3 0.3 0.0 0.0 0.0 0.0 0.0 0.0 0.72115 0.0 0.0 45.47487 -0.49999 0.07399 0.0 0.0 0.0 0.0 0.0 0.0 0.0536200560547 68 1 0.970802919708 0.792943834701 -22.9872124092
-0.12623 0.35028 3.35743 -0.12979 0.55971 4.24079678595 0.78258 0.98072 0.30541 0.41196 152.77952 195.62801 147.22542 138.42519 0.3 0.3 0.0 0.0 0.0 0.0 0.0 0.0 0.72115 0.0 0.0 45.47487 -0.49999 0.07399 0.0 0.0 0.0 0.0 0.0 0.0 0.053295934878 69 0 0.963503649635 0.803854468207 -22.9872124092
-0.12623 0.35028 3.35743 -0.12979 0.55971 4.30889115785 0.78258 0.98072 0.30541 0.41196 152.77952 195.62801 147.22542 138.42519 0.3 0.3 0.0 0.0 0.0 0.0 0.0 0.0 0.72115 0.0 0.0 45.47487 -0.49999 0.07399 0.0 0.0 0.0 0.0 0.0 0.0 0.0535344030515 70 0 0.94964028777 0.837195467884 -22.9872124092
-0.12623 0.35028 3.35743 -0.12979 0.55971 4.22877949231 0.78258 0.98072 0.30541 0.41196 152.77952 195.62801 147.22542 138.42519 0.3 0.3 0.0 0.0 0.0 0.0 0.0 0.0 0.72115 0.0 0.0 45.47487 -0.49999 0.07399 0.0 0.0 0.0 0.0 0.0 0.0 0.0532231074331 71 0 0.95652173913 0.791310294563 -22.9872124092
-0.12623 0.35028 3.35743 -0.12979 0.55971 4.20642451526 0.78258 0.98072 0.30541 0.41196 152.77952 195.62801 147.22542 138.42519 0.3 0.3 0.0 0.0 0.0 0.0 0.0 0.0 0.72115 0.0 0.0 45.47487 -0.49999 0.07399 0.0 0.0 0.0 0.0 0.0 0.0 0.0515260550076 72 0 0.956204379562 0.763008007063 -22.9872124092
-0.12623 0.35028 3.35743 -0.12979 0.55971 4.23263417774 0.78258 0.98072 0.30541 0.41196 152.77952 195.62801 147.22542 138.42519 0.3 0.3 0.0 0.0 0.0 0.0 0.0 0.0 0.72115 0.0 0.0 45.47487 -0.49999 0.07399 0.0 0.0 0.0 0.0 0.0 0.0 0.0535046702197 73 0 0.95652173913 0.789637717856 -22.9872124092
-0.12623 0.35028 3.35743 -0.12979 0.55971 4.2169150433 0.78258 0.98072 0.30541 0.41196 152.77952 195.62801 147.22542 138.42519 0.3 0.3 0.0 0.0 0.0 0.0 0.0 0.0 0.72115 0.0 0.0 45.47487 -0.49999 0.07399 0.0 0.0 0.0 0.0 0.0 0.0 0.0538871521053 74 0 0.949275362319 0.764180384716 -22.9872124092
-0.12623 0.35028 3.35743 -0.12979 0.55971 4.24688198264 0.78258 0.98072 0.30541 0.41196 152.77952 195.62801 147.22542 138.42519 0.3 0.3 0.0 0.0 0.0 0.0 0.0 0.0 0.72115 0.0 0.0 45.47487 -0.49999 0.07399 0.0 0.0 0.0 0.0 0.0 0.0 0.0537093265986 75 0 0.970802919708 0.805638451455 -22.9872124092
-0.12623 0.35028 3.35743 -0.12979 0.55971 4.20629290807 0.78258 0.98072 0.30541 0.41196 152.77952 195.62801 147.22542 138.42519 0.3 0.3 0.0 0.0 0.0 0.0 0.0 0.0 0.72115 0.0 0.0 45.47487 -0.49999 0.07399 0.0 0.0 0.0 0.0 0.0 0.0 0.0530358845207 76 0 0.963503649635 0.751893752551 -22.9872124092
-0.12623 0.35028 3.35743 -0.12979 0.55971 4.2417551301 0.78258 0.98072 0.30541 0.41196 152.77952 195.62801 147.22542 138.42519 0.3 0.3 0.0 0.0 0.0 0.0 0.0 0.0 0.72115 0.0 0.0 45.47487 -0.49999 0.07399 0.0 0.0 0.0 0.0 0.0 0.0 0.0541494830866 77 1 0.970802919708 0.801212256014 -23.049830318
-0.12623 0.35028 3.35743 -0.12979 0.55971 4.23291940835 0.78258 0.98072 0.30541 0.41196 152.77952 195.62801 147.22542 138.42519 0.3 0.3 0.0 0.0 0.0 0.0 0.0 0.0 0.72115 0.0 0.0 45.47487 -0.49999 0.07399 0.0 0.0 0.0 0.0 0.0 0.0 0.0545268580324 78 0 0.95652173913 0.793480317146 -23.049830318
-0.12623 0.35028 3.35743 -0.12979 0.55971 4.30947986239 0.78258 0.98072 0.30541 0.41196 152.77952 195.62801 147.22542 138.42519 0.3 0.3 0.0 0.0 0.0 0.0 0.0 0.0 0.72115 0.0 0.0 45.47487 -0.49999 0.07399 0.0 0.0 0.0 0.0 0.0 0.0 0.0530573194355 79 0 0.94964028777 0.838118095841 -23.049830318
-0.12623 0.35028 3.35743 -0.12979 0.55971 4.24875591703 0.78258 0.98072 0.30541 0.41196 152.77952 195.62801 147.22542 138.42519 0.3 0.3 0.0 0.0 0.0 0.0 0.0 0.0 0.72115 0.0 0.0 45.47487 -0.49999 0.07399 0.0 0.0 0.0 0.0 0.0 0.0 0.0550738899084 80 1 0.970802919708 0.806183098262 -22.6736048772
-0.12623 0.35028 3.35743 -0.12979 0.55971 4.25243442782 0.78258 0.98072 0.30541 0.41196 152.77952 195.62801 147.22542 138.42519 0.3 0.3 0.0 0.0 0.0 0.0 0.0 0.0 0.72115 0.0 0.0 45.47487 -0.49999 0.07399 0.0 0.0 0.0 0.0 0.0 0.0 0.0547561937813 81 1 0.970802919708 0.8111595421 -23.145997301
-0.12623 0.35028 3.35743 -0.12979 0.55971 4.27426047772 0.78258 0.98072 0.30541 0.41196 152.77952 195.62801 147.22542 138.42519 0.3 0.3 0.0 0.0 0.0 0.0 0.0 0.0 0.72115 0.0 0.0 45.47487 -0.49999 0.07399 0.0 0.0 0.0 0.0 0.0 0.0 0.0549563371941 82 0 0.963768115942 0.811796450571 -23.145997301
-0.12623 0.35028 3.35743 -0.12979 0.55971 4.30440239613 0.78258 0.98072 0.30541 0.41196 152.77952 195.62801 147.22542 138.42519 0.3 0.3 0.0 0.0 0.0 0.0 0.0 0.0 0.72115 0.0 0.0 45.47487 -0.49999 0.07399 0.0 0.0 0.0 0.0 0.0 0.0 0.0542091482631 83 0 0.94964028777 0.83397011752 -23.145997301
-0.12623 0.35028 3.35743 -0.12979 0.55971 4.27535840129 0.78258 0.98072 0.30541 0.41196 152.77952 195.62801 147.22542 138.42519 0.3 0.3 0.0 0.0 0.0 0.0 0.0 0.0 0.72115 0.0 0.0 45.47487 -0.49999 0.07399 0.0 0.0 0.0 0.0 0.0 0.0 0.0540869308556 84 0 0.963768115942 0.81199389537 -23.145997301
-0.12623 0.35028 3.35743 -0.12979 0.55971 4.23842094684 0.78258 0.98072 0.30541 0.41196 152.77952 195.62801 147.22542 138.42519 0.3 0.3 0.0 0.0 0.0 0.0 0.0 0.0 0.72115 0.0 0.0 45.47487 -0.49999 0.07399 0.0 0.0 0.0 0.0 0.0 0.0 0.0554036598637 85 1 0.970802919708 0.789677749953 -21.6320193951
-0.12623 0.35028 3.35743 -0.12979 0.55971 4.29516858509 0.78258 0.98072 0.30541 0.41196 152.77952 195.62801 147.22542 138.42519 0.3 0.3 0.0 0.0 0.0 0.0 0.0 0.0 0.72115 0.0 0.0 45.47487 -0.49999 0.07399 0.0 0.0 0.0 0.0 0.0 0.0 0.0555058395424 86 0 0.94964028777 0.833508078294 -21.6320193951
-0.12623 0.35028 3.35743 -0.12979 0.55971 4.24090403403 0.78258 0.98072 0.30541 0.41196 152.77952 195.62801 147.22542 138.42519 0.3 0.3 0.0 0.0 0.0 0.0 0.0 0.0 0.72115 0.0 0.0 45.47487 -0.49999 0.07399 0.0 0.0 0.0 0.0 0.0 0.0 0.0546962183257 87 0 0.963503649635 0.803884583888 -21.6320193951
-0.12623 0.35028 3.35743 -0.12979 0.55971 4.20556431707 0.78258 0.98072 0.30541 0.41196 152.77952 195.62801 147.22542 138.42519 0.3 0.3 0.0 0.0 0.0 0.0 0.0 0.0 0.72115 0.0 0.0 45.47487 -0.49999 0.07399 0.0 0.0 0.0 0.0 0.0 0.0 0.0550693538686 88 1 0.970802919708 0.748088933435 -19.8212175286
-0.12623 0.35028 3.35743 -0.12979 0.55971 4.17833721155 0.78258 0.98072 0.30541 0.41196 152.77952 195.62801 147.22542 138.42519 0.3 0.3 0.0 0.0 0.0 0.0 0.0 0.0 0.72115 0.0 0.0 45.47487 -0.49999 0.07399 0.0 0.0 0.0 0.0 0.0 0.0 0.0551362167727 89 0 0.956204379562 0.77633621516 -19.8212175286
-0.12623 0.35028 3.35743 -0.12979 0.55971 4.23302710634 0.78258 0.98072 0.30541 0.41196 152.77952 195.62801 147.22542 138.42519 0.3 0.3 0.0 0.0 0.0 0.0 0.0 0.0 0.72115 0.0 0.0 45.47487 -0.49999 0.07399 0.0 0.0 0.0 0.0 0.0 0.0 0.0549215435672 90 0 0.95652173913 0.7935174733 -19.8212175286
-0.12623 0.35028 3.35743 -0.12979 0.55971 4.22005248361 0.78258 0.98072 0.30541 0.41196 152.77952 195.62801 147.22542 138.42519 0.3 0.3 0.0 0.0 0.0 0.0 0.0 0.0 0.72115 0.0 0.0 45.47487 -0.49999 0.07399 0.0 0.0 0.0 0.0 0.0 0.0 0.0557633405964 91 0 0.95652173913 0.767875685426 -19.8212175286
-0.12623 0.35028 3.35743 -0.12979 0.55971 4.20628787632 0.78258 0.98072 0.30541 0.41196 152.77952 195.62801 147.22542 138.42519 0.3 0.3 0.0 0.0 0.0 0.0 0.0 0.0 0.72115 0.0 0.0 45.47487 -0.49999 0.07399 0.0 0.0 0.0 0.0 0.0 0.0 0.0547663563196 92 0 0.963503649635 0.751886399746 -19.8212175286
-0.12623 0.35028 3.35743 -0.12979 0.55971 4.20494942 0.78258 0.98072 0.30541 0.41196 152.77952 195.62801 147.22542 138.42519 0.3 0.3 0.0 0.0 0.0 0.0 0.0 0.0 0.72115 0.0 0.0 45.47487 -0.49999 0.07399 0.0 0.0 0.0 0.0 0.0 0.0 0.0551733477887 93 1 0.970802919708 0.747910035116 -19.7540853579
-0.12623 0.35028 3.35743 -0.12979 0.55971 4.20175723282 0.78258 0.98072 0.30541 0.41196 152.77952 195.62801 147.22542 138.42519 0.3 0.3 0.0 0.0 0.0 0.0 0.0 0.0 0.72115 0.0 0.0 45.47487 -0.49999 0.07399 0.0 0.0 0.0 0.0 0.0 0.0 0.055844259892 94 1 0.970802919708 0.747251373813 -19.3545564617
-0.12623 0.35028 3.35743 -0.12979 0.55971 4.18918260132 0.78258 0.98072 0.30541 0.41196 152.77952 195.62801 147.22542 138.42519 0.3 0.3 0.0 0.0 0.0 0.0 0.0 0.0 0.72115 0.0 0.0 45.47487 -0.49999 0.07399 0.0 0.0 0.0 0.0 0.0 0.0 0.0561361361628 95 0 0.963503649635 0.74970150131 -19.3545564617
-0.12623 0.35028 3.35743 -0.12979 0.55971 4.17807752689 0.78258 0.98072 0.30541 0.41196 152.77952 195.62801 147.22542 138.42519 0.3 0.3 0.0 0.0 0.0 0.0 0.0 0.0 0.72115 0.0 0.0 45.47487 -0.49999 0.07399 0.0 0.0 0.0 0.0 0.0 0.0 0.0559446696653 96 0 0.956204379562 0.776278523391 -19.3545564617
-0.12623 0.35028 3.35743 -0.12979 0.55971 4.18273797431 0.78258 0.98072 0.30541 0.41196 152.77952 195.62801 147.22542 138.42519 0.3 0.3 0.0 0.0 0.0 0.0 0.0 0.0 0.72115 0.0 0.0 45.47487 -0.49999 0.07399 0.0 0.0 0.0 0.0 0.0 0.0 0.0560038083336 97 0 0.963503649635 0.729136786884 -19.3545564617
-0.12623 0.35028 3.35743 -0.12979 0.55971 4.21740567519 0.78258 0.98072 0.30541 0.41196 152.77952 195.62801 147.22542 138.42519 0.3 0.3 0.0 0.0 0.0 0.0 0.0 0.0 0.72115 0.0 0.0 45.47487 -0.49999 0.07399 0.0 0.0 0.0 0.0 0.0 0.0 0.0558911436574 98 0 0.949275362319 0.764304394313 -19.3545564617
-0.12623 0.35028 3.35743 -0.12979 0.55971 4.19288549776 0.78258 0.98072 0.30541 0.41196 152.77952 195.62801 147.22542 138.42519 0.3 0.3 0.0 0.0 0.0 0.0 0.0 0.0 0.72115 0.0 0.0 45.47487 -0.49999 0.07399 0.0 0.0 0.0 0.0 0.0 0.0 0.056056051387 99 0 0.963503649635 0.749115195142 -19.3545564617
-0.12623 0.35028 3.35743 -0.12979 0.55971 4.20107775977 0.78258 0.98072 0.30541 0.41196 152.77952 195.62801 147.22542 138.42519 0.3 0.3 0.0 0.0 0.0 0.0 0.0 0.0 0.72115 0.0 0.0 45.47487 -0.49999 0.07399 0.0 0.0 0.0 0.0 0.0 0.0 0.0542311416538 100 1 0.970802919708 0.738588011515 -19.8483691881
