-0.12623 0.35028 3.35743 -0.12979 0.55971 3.75405333333 0.78258 0.98072 0.30541 0.41196 152.77952 195.62801 147.22542 138.42519 0.3 0.3 0.0 0.0 0.0 0.0 0.0 0.0 0.72115 0.0 0.0 45.47487 -0.49999 0.07399 0.0 0.0 0.0 0.0 0.0 0.0 0.05 0 1 0.957446808511 0.863570267945 -62.5210198858
-0.12623 0.35028 3.35743 -0.12979 0.55971 3.81568080224 0.78258 0.98072 0.30541 0.41196 152.77952 195.62801 147.22542 138.42519 0.3 0.3 0.0 0.0 0.0 0.0 0.0 0.0 0.72115 0.0 0.0 45.47487 -0.49999 0.07399 0.0 0.0 0.0 0.0 0.0 0.0 0.0494228542889 1 0 0.950704225352 0.859020881993 -62.5210198858
-0.12623 0.35028 3.35743 -0.12979 0.55971 3.70728327397 0.78258 0.98072 0.30541 0.41196 152.77952 195.62801 147.22542 138.42519 0.3 0.3 0.0 0.0 0.0 0.0 0.0 0.0 0.72115 0.0 0.0 45.47487 -0.49999 0.07399 0.0 0.0 0.0 0.0 0.0 0.0 0.0502444888239 2 0 0.91724137931 1.15998472602 -62.5210198858
-0.12623 0.35028 3.35743 -0.12979 0.55971 3.76841936912 0.78258 0.98072 0.30541 0.41196 152.77952 195.62801 147.22542 138.42519 0.3 0.3 0.0 0.0 0.0 0.0 0.0 0.0 0.72115 0.0 0.0 45.47487 -0.49999 0.07399 0.0 0.0 0.0 0.0 0.0 0.0 0.0498479195591 3 1 0.957446808511 0.862722424543 -62.7618156733
-0.12623 0.35028 3.35743 -0.12979 0.55971 3.74913147967 0.78258 0.98072 0.30541 0.41196 152.77952 195.62801 147.22542 138.42519 0.3 0.3 0.0 0.0 0.0 0.0 0.0 0.0 0.72115 0.0 0.0 45.47487 -0.49999 0.07399 0.0 0.0 0.0 0.0 0.0 0.0 0.0505758154387 4 0 0.957446808511 0.940145732477 -62.7618156733
-0.12623 0.35028 3.35743 -0.12979 0.55971 3.75027343821 0.78258 0.98072 0.30541 0.41196 152.77952 195.62801 147.22542 138.42519 0.3 0.3 0.0 0.0 0.0 0.0 0.0 0.0 0.72115 0.0 0.0 45.47487 -0.49999 0.07399 0.0 0.0 0.0 0.0 0.0 0.0 0.0502912037564 5 0 0.957446808511 0.910804905785 -62.7618156733
-0.12623 0.35028 3.35743 -0.12979 0.55971 3.76248701767 0.78258 0.98072 0.30541 0.41196 152.77952 195.62801 147.22542 138.42519 0.3 0.3 0.0 0.0 0.0 0.0 0.0 0.0 0.72115 0.0 0.0 45.47487 -0.49999 0.07399 0.0 0.0 0.0 0.0 0.0 0.0 0.0506958634263 6 1 0.957446808511 0.801370221549 -52.7045510024
-0.12623 0.35028 3.35743 -0.12979 0.55971 3.78909417351 0.78258 0.98072 0.30541 0.41196 152.77952 195.62801 147.22542 138.42519 0.3 0.3 0.0 0.0 0.0 0.0 0.0 0.0 0.72115 0.0 0.0 45.47487 -0.49999 0.07399 0.0 0.0 0.0 0.0 0.0 0.0 0.0505641795351 7 0 0.950704225352 0.853529707519 -52.7045510024
-0.12623 0.35028 3.35743 -0.12979 0.55971 3.73677669141 0.78258 0.98072 0.30541 0.41196 152.77952 195.62801 147.22542 138.42519 0.3 0.3 0.0 0.0 0.0 0.0 0.0 0.0 0.72115 0.0 0.0 45.47487 -0.49999 0.07399 0.0 0.0 0.0 0.0 0.0 0.0 0.0512135247316 8 0 0.944055944056 0.990533237865 -52.7045510024
-0.12623 0.35028 3.35743 -0.12979 0.55971 3.75016515598 0.78258 0.98072 0.30541 0.41196 152.77952 195.62801 147.22542 138.42519 0.3 0.3 0.0 0.0 0.0 0.0 0.0 0.0 0.72115 0.0 0.0 45.47487 -0.49999 0.07399 0.0 0.0 0.0 0.0 0.0 0.0 0.0503955191751 9 0 0.957446808511 0.910791229913 -52.7045510024
-0.12623 0.35028 3.35743 -0.12979 0.55971 3.70494718469 0.78258 0.98072 0.30541 0.41196 152.77952 195.62801 147.22542 138.42519 0.3 0.3 0.0 0.0 0.0 0.0 0.0 0.0 0.72115 0.0 0.0 45.47487 -0.49999 0.07399 0.0 0.0 0.0 0.0 0.0 0.0 0.049788784429 10 0 0.91724137931 1.15937890238 -52.7045510024
-0.12623 0.35028 3.35743 -0.12979 0.55971 3.75890665134 0.78258 0.98072 0.30541 0.41196 152.77952 195.62801 147.22542 138.42519 0.3 0.3 0.0 0.0 0.0 0.0 0.0 0.0 0.72115 0.0 0.0 45.47487 -0.49999 0.07399 0.0 0.0 0.0 0.0 0.0 0.0 0.0506486449132 11 1 0.957446808511 0.774592620483 -49.4449886477
-0.12623 0.35028 3.35743 -0.12979 0.55971 3.77742952367 0.78258 0.98072 0.30541 0.41196 152.77952 195.62801 147.22542 138.42519 0.3 0.3 0.0 0.0 0.0 0.0 0.0 0.0 0.72115 0.0 0.0 45.47487 -0.49999 0.07399 0.0 0.0 0.0 0.0 0.0 0.0 0.0513267860837 12 1 0.957446808511 0.778697037938 -48.7353622727
-0.12623 0.35028 3.35743 -0.12979 0.55971 3.79877936343 0.78258 0.98072 0.30541 0.41196 152.77952 195.62801 147.22542 138.42519 0.3 0.3 0.0 0.0 0.0 0.0 0.0 0.0 0.72115 0.0 0.0 45.47487 -0.49999 0.07399 0.0 0.0 0.0 0.0 0.0 0.0 0.0521318253029 13 0 0.944055944056 0.845401322728 -48.7353622727
-0.12623 0.35028 3.35743 -0.12979 0.55971 3.83684738594 0.78258 0.98072 0.30541 0.41196 152.77952 195.62801 147.22542 138.42519 0.3 0.3 0.0 0.0 0.0 0.0 0.0 0.0 0.72115 0.0 0.0 45.47487 -0.49999 0.07399 0.0 0.0 0.0 0.0 0.0 0.0 0.0507588861303 14 1 0.943262411348 0.538547133707 -42.5744365307
-0.12623 0.35028 3.35743 -0.12979 0.55971 3.84378279747 0.78258 0.98072 0.30541 0.41196 152.77952 195.62801 147.22542 138.42519 0.3 0.3 0.0 0.0 0.0 0.0 0.0 0.0 0.72115 0.0 0.0 45.47487 -0.49999 0.07399 0.0 0.0 0.0 0.0 0.0 0.0 0.0503831446177 15 0 0.95 0.66101000873 -42.5744365307
-0.12623 0.35028 3.35743 -0.12979 0.55971 3.82174212506 0.78258 0.98072 0.30541 0.41196 152.77952 195.62801 147.22542 138.42519 0.3 0.3 0.0 0.0 0.0 0.0 0.0 0.0 0.72115 0.0 0.0 45.47487 -0.49999 0.07399 0.0 0.0 0.0 0.0 0.0 0.0 0.0506787381318 16 0 0.943661971831 0.68413316031 -42.5744365307
-0.12623 0.35028 3.35743 -0.12979 0.55971 3.8167818946 0.78258 0.98072 0.30541 0.41196 152.77952 195.62801 147.22542 138.42519 0.3 0.3 0.0 0.0 0.0 0.0 0.0 0.0 0.72115 0.0 0.0 45.47487 -0.49999 0.07399 0.0 0.0 0.0 0.0 0.0 0.0 0.05042225102 17 0 0.950704225352 0.81808322883 -42.5744365307
-0.12623 0.35028 3.35743 -0.12979 0.55971 3.80657695802 0.78258 0.98072 0.30541 0.41196 152.77952 195.62801 147.22542 138.42519 0.3 0.3 0.0 0.0 0.0 0.0 0.0 0.0 0.72115 0.0 0.0 45.47487 -0.49999 0.07399 0.0 0.0 0.0 0.0 0.0 0.0 0.0513871383032 18 0 0.944055944056 0.788063894971 -42.5744365307
-0.12623 0.35028 3.35743 -0.12979 0.55971 3.85408208866 0.78258 0.98072 0.30541 0.41196 152.77952 195.62801 147.22542 138.42519 0.3 0.3 0.0 0.0 0.0 0.0 0.0 0.0 0.72115 0.0 0.0 45.47487 -0.49999 0.07399 0.0 0.0 0.0 0.0 0.0 0.0 0.0505947112562 19 0 0.94964028777 0.693482514525 -42.5744365307
-0.12623 0.35028 3.35743 -0.12979 0.55971 3.83274130762 0.78258 0.98072 0.30541 0.41196 152.77952 195.62801 147.22542 138.42519 0.3 0.3 0.0 0.0 0.0 0.0 0.0 0.0 0.72115 0.0 0.0 45.47487 -0.49999 0.07399 0.0 0.0 0.0 0.0 0.0 0.0 0.0513375021826 20 1 0.950354609929 0.580843942965 -37.3420960984
-0.12623 0.35028 3.35743 -0.12979 0.55971 3.82408100464 0.78258 0.98072 0.30541 0.41196 152.77952 195.62801 147.22542 138.42519 0.3 0.3 0.0 0.0 0.0 0.0 0.0 0.0 0.72115 0.0 0.0 45.47487 -0.49999 0.07399 0.0 0.0 0.0 0.0 0.0 0.0 0.0511280803112 21 0 0.943661971831 0.68775620509 -37.3420960984
-0.12623 0.35028 3.35743 -0.12979 0.55971 3.85749455396 0.78258 0.98072 0.30541 0.41196 152.77952 195.62801 147.22542 138.42519 0.3 0.3 0.0 0.0 0.0 0.0 0.0 0.0 0.72115 0.0 0.0 45.47487 -0.49999 0.07399 0.0 0.0 0.0 0.0 0.0 0.0 0.0507357191439 22 0 0.94964028777 0.6946952566 -37.3420960984
-0.12623 0.35028 3.35743 -0.12979 0.55971 3.83001086148 0.78258 0.98072 0.30541 0.41196 152.77952 195.62801 147.22542 138.42519 0.3 0.3 0.0 0.0 0.0 0.0 0.0 0.0 0.72115 0.0 0.0 45.47487 -0.49999 0.07399 0.0 0.0 0.0 0.0 0.0 0.0 0.051556397034 23 1 0.950354609929 0.581064759653 -37.0837602101
-0.12623 0.35028 3.35743 -0.12979 0.55971 3.85921202889 0.78258 0.98072 0.30541 0.41196 152.77952 195.62801 147.22542 138.42519 0.3 0.3 0.0 0.0 0.0 0.0 0.0 0.0 0.72115 0.0 0.0 45.47487 -0.49999 0.07399 0.0 0.0 0.0 0.0 0.0 0.0 0.0515972548803 24 0 0.94964028777 0.697219012188 -37.0837602101
-0.12623 0.35028 3.35743 -0.12979 0.55971 3.83216626333 0.78258 0.98072 0.30541 0.41196 152.77952 195.62801 147.22542 138.42519 0.3 0.3 0.0 0.0 0.0 0.0 0.0 0.0 0.72115 0.0 0.0 45.47487 -0.49999 0.07399 0.0 0.0 0.0 0.0 0.0 0.0 0.051276746809 25 0 0.950354609929 0.580917581199 -37.0837602101
-0.12623 0.35028 3.35743 -0.12979 0.55971 3.83523017572 0.78258 0.98072 0.30541 0.41196 152.77952 195.62801 147.22542 138.42519 0.3 0.3 0.0 0.0 0.0 0.0 0.0 0.0 0.72115 0.0 0.0 45.47487 -0.49999 0.07399 0.0 0.0 0.0 0.0 0.0 0.0 0.0526225047169 26 0 0.943262411348 0.635919571694 -37.0837602101
-0.12623 0.35028 3.35743 -0.12979 0.55971 3.79161635597 0.78258 0.98072 0.30541 0.41196 152.77952 195.62801 147.22542 138.42519 0.3 0.3 0.0 0.0 0.0 0.0 0.0 0.0 0.72115 0.0 0.0 45.47487 -0.49999 0.07399 0.0 0.0 0.0 0.0 0.0 0.0 0.0515352616259 27 0 0.950704225352 0.853949622431 -37.0837602101
-0.12623 0.35028 3.35743 -0.12979 0.55971 3.81001197421 0.78258 0.98072 0.30541 0.41196 152.77952 195.62801 147.22542 138.42519 0.3 0.3 0.0 0.0 0.0 0.0 0.0 0.0 0.72115 0.0 0.0 45.47487 -0.49999 0.07399 0.0 0.0 0.0 0.0 0.0 0.0 0.0526292146412 28 0 0.944055944056 0.865304398669 -37.0837602101
-0.12623 0.35028 3.35743 -0.12979 0.55971 3.82920987351 0.78258 0.98072 0.30541 0.41196 152.77952 195.62801 147.22542 138.42519 0.3 0.3 0.0 0.0 0.0 0.0 0.0 0.0 0.72115 0.0 0.0 45.47487 -0.49999 0.07399 0.0 0.0 0.0 0.0 0.0 0.0 0.0520382096146 29 1 0.950354609929 0.581294399833 -36.4966080613
-0.12623 0.35028 3.35743 -0.12979 0.55971 3.85198887545 0.78258 0.98072 0.30541 0.41196 152.77952 195.62801 147.22542 138.42519 0.3 0.3 0.0 0.0 0.0 0.0 0.0 0.0 0.72115 0.0 0.0 45.47487 -0.49999 0.07399 0.0 0.0 0.0 0.0 0.0 0.0 0.0515484847292 30 0 0.94964028777 0.697599815856 -36.4966080613
-0.12623 0.35028 3.35743 -0.12979 0.55971 3.81303634589 0.78258 0.98072 0.30541 0.41196 152.77952 195.62801 147.22542 138.42519 0.3 0.3 0.0 0.0 0.0 0.0 0.0 0.0 0.72115 0.0 0.0 45.47487 -0.49999 0.07399 0.0 0.0 0.0 0.0 0.0 0.0 0.0510944028422 31 0 0.944055944056 0.796147040259 -36.4966080613
-0.12623 0.35028 3.35743 -0.12979 0.55971 3.84456361527 0.78258 0.98072 0.30541 0.41196 152.77952 195.62801 147.22542 138.42519 0.3 0.3 0.0 0.0 0.0 0.0 0.0 0.0 0.72115 0.0 0.0 45.47487 -0.49999 0.07399 0.0 0.0 0.0 0.0 0.0 0.0 0.0514570253856 32 0 0.95 0.660898245688 -36.4966080613
-0.12623 0.35028 3.35743 -0.12979 0.55971 3.81425427182 0.78258 0.98072 0.30541 0.41196 152.77952 195.62801 147.22542 138.42519 0.3 0.3 0.0 0.0 0.0 0.0 0.0 0.0 0.72115 0.0 0.0 45.47487 -0.49999 0.07399 0.0 0.0 0.0 0.0 0.0 0.0 0.0513625531905 33 0 0.944055944056 0.800063966684 -36.4966080613
-0.12623 0.35028 3.35743 -0.12979 0.55971 3.83058292219 0.78258 0.98072 0.30541 0.41196 152.77952 195.62801 147.22542 138.42519 0.3 0.3 0.0 0.0 0.0 0.0 0.0 0.0 0.72115 0.0 0.0 45.47487 -0.49999 0.07399 0.0 0.0 0.0 0.0 0.0 0.0 0.0521315339218 34 1 0.950354609929 0.580906323131 -36.333585037
-0.12623 0.35028 3.35743 -0.12979 0.55971 3.79347179659 0.78258 0.98072 0.30541 0.41196 152.77952 195.62801 147.22542 138.42519 0.3 0.3 0.0 0.0 0.0 0.0 0.0 0.0 0.72115 0.0 0.0 45.47487 -0.49999 0.07399 0.0 0.0 0.0 0.0 0.0 0.0 0.0525594765301 35 0 0.944055944056 0.876423334538 -36.333585037
-0.12623 0.35028 3.35743 -0.12979 0.55971 3.79068720107 0.78258 0.98072 0.30541 0.41196 152.77952 195.62801 147.22542 138.42519 0.3 0.3 0.0 0.0 0.0 0.0 0.0 0.0 0.72115 0.0 0.0 45.47487 -0.49999 0.07399 0.0 0.0 0.0 0.0 0.0 0.0 0.0524518027873 36 0 0.950704225352 0.853749905301 -36.333585037
-0.12623 0.35028 3.35743 -0.12979 0.55971 3.84371051083 0.78258 0.98072 0.30541 0.41196 152.77952 195.62801 147.22542 138.42519 0.3 0.3 0.0 0.0 0.0 0.0 0.0 0.0 0.72115 0.0 0.0 45.47487 -0.49999 0.07399 0.0 0.0 0.0 0.0 0.0 0.0 0.051577268216 37 0 0.95 0.661007088527 -36.333585037
-0.12623 0.35028 3.35743 -0.12979 0.55971 3.84927399018 0.78258 0.98072 0.30541 0.41196 152.77952 195.62801 147.22542 138.42519 0.3 0.3 0.0 0.0 0.0 0.0 0.0 0.0 0.72115 0.0 0.0 45.47487 -0.49999 0.07399 0.0 0.0 0.0 0.0 0.0 0.0 0.0501989030855 38 0 0.95 0.663454052329 -36.333585037
-0.12623 0.35028 3.35743 -0.12979 0.55971 3.81566796677 0.78258 0.98072 0.30541 0.41196 152.77952 195.62801 147.22542 138.42519 0.3 0.3 0.0 0.0 0.0 0.0 0.0 0.0 0.72115 0.0 0.0 45.47487 -0.49999 0.07399 0.0 0.0 0.0 0.0 0.0 0.0 0.0520602695451 39 0 0.950704225352 0.859019468205 -36.333585037
-0.12623 0.35028 3.35743 -0.12979 0.55971 3.82057680522 0.78258 0.98072 0.30541 0.41196 152.77952 195.62801 147.22542 138.42519 0.3 0.3 0.0 0.0 0.0 0.0 0.0 0.0 0.72115 0.0 0.0 45.47487 -0.49999 0.07399 0.0 0.0 0.0 0.0 0.0 0.0 0.0511045822599 40 0 0.943661971831 0.684467021933 -36.333585037
-0.12623 0.35028 3.35743 -0.12979 0.55971 3.84317201423 0.78258 0.98072 0.30541 0.41196 152.77952 195.62801 147.22542 138.42519 0.3 0.3 0.0 0.0 0.0 0.0 0.0 0.0 0.72115 0.0 0.0 45.47487 -0.49999 0.07399 0.0 0.0 0.0 0.0 0.0 0.0 0.0527454428174 41 0 0.95 0.660984511649 -36.333585037
-0.12623 0.35028 3.35743 -0.12979 0.55971 3.81308168036 0.78258 0.98072 0.30541 0.41196 152.77952 195.62801 147.22542 138.42519 0.3 0.3 0.0 0.0 0.0 0.0 0.0 0.0 0.72115 0.0 0.0 45.47487 -0.49999 0.07399 0.0 0.0 0.0 0.0 0.0 0.0 0.0524316329365 42 0 0.944055944056 0.800294017046 -36.333585037
-0.12623 0.35028 3.35743 -0.12979 0.55971 3.79238608641 0.78258 0.98072 0.30541 0.41196 152.77952 195.62801 147.22542 138.42519 0.3 0.3 0.0 0.0 0.0 0.0 0.0 0.0 0.72115 0.0 0.0 45.47487 -0.49999 0.07399 0.0 0.0 0.0 0.0 0.0 0.0 0.0515821328417 43 0 0.950704225352 0.854027004322 -36.333585037
-0.12623 0.35028 3.35743 -0.12979 0.55971 3.82359797957 0.78258 0.98072 0.30541 0.41196 152.77952 195.62801 147.22542 138.42519 0.3 0.3 0.0 0.0 0.0 0.0 0.0 0.0 0.72115 0.0 0.0 45.47487 -0.49999 0.07399 0.0 0.0 0.0 0.0 0.0 0.0 0.0525962776687 44 0 0.943661971831 0.687800664529 -36.333585037
-0.12623 0.35028 3.35743 -0.12979 0.55971 3.811540621 0.78258 0.98072 0.30541 0.41196 152.77952 195.62801 147.22542 138.42519 0.3 0.3 0.0 0.0 0.0 0.0 0.0 0.0 0.72115 0.0 0.0 45.47487 -0.49999 0.07399 0.0 0.0 0.0 0.0 0.0 0.0 0.0522768412524 45 0 0.944055944056 0.807997546379 -36.333585037
-0.12623 0.35028 3.35743 -0.12979 0.55971 3.82672624151 0.78258 0.98072 0.30541 0.41196 152.77952 195.62801 147.22542 138.42519 0.3 0.3 0.0 0.0 0.0 0.0 0.0 0.0 0.72115 0.0 0.0 45.47487 -0.49999 0.07399 0.0 0.0 0.0 0.0 0.0 0.0 0.0538463778459 46 1 0.950354609929 0.581563284695 -34.3748661039
-0.12623 0.35028 3.35743 -0.12979 0.55971 3.83340886967 0.78258 0.98072 0.30541 0.41196 152.77952 195.62801 147.22542 138.42519 0.3 0.3 0.0 0.0 0.0 0.0 0.0 0.0 0.72115 0.0 0.0 45.47487 -0.49999 0.07399 0.0 0.0 0.0 0.0 0.0 0.0 0.053980693922 47 1 0.950354609929 0.537624160154 -29.5447895661
-0.12623 0.35028 3.35743 -0.12979 0.55971 3.85578406121 0.78258 0.98072 0.30541 0.41196 152.77952 195.62801 147.22542 138.42519 0.3 0.3 0.0 0.0 0.0 0.0 0.0 0.0 0.72115 0.0 0.0 45.47487 -0.49999 0.07399 0.0 0.0 0.0 0.0 0.0 0.0 0.0544902931683 48 0 0.94964028777 0.704045666559 -29.5447895661
-0.12623 0.35028 3.35743 -0.12979 0.55971 3.86698110032 0.78258 0.98072 0.30541 0.41196 152.77952 195.62801 147.22542 138.42519 0.3 0.3 0.0 0.0 0.0 0.0 0.0 0.0 0.72115 0.0 0.0 45.47487 -0.49999 0.07399 0.0 0.0 0.0 0.0 0.0 0.0 0.0544295613666 49 1 0.956834532374 0.534714932121 -22.3050798856
-0.12623 0.35028 3.35743 -0.12979 0.55971 3.84021256027 0.78258 0.98072 0.30541 0.41196 152.77952 195.62801 147.22542 138.42519 0.3 0.3 0.0 0.0 0.0 0.0 0.0 0.0 0.72115 0.0 0.0 45.47487 -0.49999 0.07399 0.0 0.0 0.0 0.0 0.0 0.0 0.0546411543978 50 0 0.95 0.656664838224 -22.3050798856
-0.12623 0.35028 3.35743 -0.12979 0.55971 3.88367682337 0.78258 0.98072 0.30541 0.41196 152.77952 195.62801 147.22542 138.42519 0.3 0.3 0.0 0.0 0.0 0.0 0.0 0.0 0.72115 0.0 0.0 45.47487 -0.49999 0.07399 0.0 0.0 0.0 0.0 0.0 0.0 0.0533270514487 51 1 0.971223021583 0.598062293845 -13.7100504567
-0.12623 0.35028 3.35743 -0.12979 0.55971 3.90382374106 0.78258 0.98072 0.30541 0.41196 152.77952 195.62801 147.22542 138.42519 0.3 0.3 0.0 0.0 0.0 0.0 0.0 0.0 0.72115 0.0 0.0 45.47487 -0.49999 0.07399 0.0 0.0 0.0 0.0 0.0 0.0 0.0531363302506 52 0 0.964285714286 0.627375734998 -13.7100504567
-0.12623 0.35028 3.35743 -0.12979 0.55971 3.90132773832 0.78258 0.98072 0.30541 0.41196 152.77952 195.62801 147.22542 138.42519 0.3 0.3 0.0 0.0 0.0 0.0 0.0 0.0 0.72115 0.0 0.0 45.47487 -0.49999 0.07399 0.0 0.0 0.0 0.0 0.0 0.0 0.0541526930602 53 0 0.971223021583 0.651487393488 -13.7100504567
-0.12623 0.35028 3.35743 -0.12979 0.55971 3.93996209604 0.78258 0.98072 0.30541 0.41196 152.77952 195.62801 147.22542 138.42519 0.3 0.3 0.0 0.0 0.0 0.0 0.0 0.0 0.72115 0.0 0.0 45.47487 -0.49999 0.07399 0.0 0.0 0.0 0.0 0.0 0.0 0.0525835358506 54 1 0.992647058824 0.544161244833 -2.58907350147
-0.12623 0.35028 3.35743 -0.12979 0.55971 3.94444676124 0.78258 0.98072 0.30541 0.41196 152.77952 195.62801 147.22542 138.42519 0.3 0.3 0.0 0.0 0.0 0.0 0.0 0.0 0.72115 0.0 0.0 45.47487 -0.49999 0.07399 0.0 0.0 0.0 0.0 0.0 0.0 0.0525179984328 55 1 0.992647058824 0.519653634317 -2.5284199817
-0.12623 0.35028 3.35743 -0.12979 0.55971 3.95244919899 0.78258 0.98072 0.30541 0.41196 152.77952 195.62801 147.22542 138.42519 0.3 0.3 0.0 0.0 0.0 0.0 0.0 0.0 0.72115 0.0 0.0 45.47487 -0.49999 0.07399 0.0 0.0 0.0 0.0 0.0 0.0 0.0530579694126 56 1 0.992647058824 0.417648955866 -2.3493909568
-0.12623 0.35028 3.35743 -0.12979 0.55971 3.96191481873 0.78258 0.98072 0.30541 0.41196 152.77952 195.62801 147.22542 138.42519 0.3 0.3 0.0 0.0 0.0 0.0 0.0 0.0 0.72115 0.0 0.0 45.47487 -0.49999 0.07399 0.0 0.0 0.0 0.0 0.0 0.0 0.0533834128908 57 1 0.985294117647 0.200201122881 -2.33875510025
-0.12623 0.35028 3.35743 -0.12979 0.55971 3.96356213579 0.78258 0.98072 0.30541 0.41196 152.77952 195.62801 147.22542 138.42519 0.3 0.3 0.0 0.0 0.0 0.0 0.0 0.0 0.72115 0.0 0.0 45.47487 -0.49999 0.07399 0.0 0.0 0.0 0.0 0.0 0.0 0.0535644591718 58 1 0.985294117647 0.171688677816 -2.25997633457
-0.12623 0.35028 3.35743 -0.12979 0.55971 3.96090752497 0.78258 0.98072 0.30541 0.41196 152.77952 195.62801 147.22542 138.42519 0.3 0.3 0.0 0.0 0.0 0.0 0.0 0.0 0.72115 0.0 0.0 45.47487 -0.49999 0.07399 0.0 0.0 0.0 0.0 0.0 0.0 0.0538329758028 59 1 0.985294117647 0.200887595043 -2.36884198179
-0.12623 0.35028 3.35743 -0.12979 0.55971 3.98349243527 0.78258 0.98072 0.30541 0.41196 152.77952 195.62801 147.22542 138.42519 0.3 0.3 0.0 0.0 0.0 0.0 0.0 0.0 0.72115 0.0 0.0 45.47487 -0.49999 0.07399 0.0 0.0 0.0 0.0 0.0 0.0 0.0528833215474 60 1 0.992647058824 0.186659485602 -2.03544187505
-0.12623 0.35028 3.35743 -0.12979 0.55971 3.97170743292 0.78258 0.98072 0.30541 0.41196 152.77952 195.62801 147.22542 138.42519 0.3 0.3 0.0 0.0 0.0 0.0 0.0 0.0 0.72115 0.0 0.0 45.47487 -0.49999 0.07399 0.0 0.0 0.0 0.0 0.0 0.0 0.0528745721102 61 1 0.985294117647 0.165471521034 -2.197302041
-0.12623 0.35028 3.35743 -0.12979 0.55971 3.95914384082 0.78258 0.98072 0.30541 0.41196 152.77952 195.62801 147.22542 138.42519 0.3 0.3 0.0 0.0 0.0 0.0 0.0 0.0 0.72115 0.0 0.0 45.47487 -0.49999 0.07399 0.0 0.0 0.0 0.0 0.0 0.0 0.0532174970401 62 1 0.985294117647 0.200980647643 -2.3312958171
-0.12623 0.35028 3.35743 -0.12979 0.55971 3.99260865898 0.78258 0.98072 0.30541 0.41196 152.77952 195.62801 147.22542 138.42519 0.3 0.3 0.0 0.0 0.0 0.0 0.0 0.0 0.72115 0.0 0.0 45.47487 -0.49999 0.07399 0.0 0.0 0.0 0.0 0.0 0.0 0.0537143487626 63 1 0.992647058824 0.399307191078 -2.3573150213
-0.12623 0.35028 3.35743 -0.12979 0.55971 3.99979144883 0.78258 0.98072 0.30541 0.41196 152.77952 195.62801 147.22542 138.42519 0.3 0.3 0.0 0.0 0.0 0.0 0.0 0.0 0.72115 0.0 0.0 45.47487 -0.49999 0.07399 0.0 0.0 0.0 0.0 0.0 0.0 0.0542804388313 64 1 0.985294117647 0.396584932392 -3.3623549909
-0.12623 0.35028 3.35743 -0.12979 0.55971 3.98143707848 0.78258 0.98072 0.30541 0.41196 152.77952 195.62801 147.22542 138.42519 0.3 0.3 0.0 0.0 0.0 0.0 0.0 0.0 0.72115 0.0 0.0 45.47487 -0.49999 0.07399 0.0 0.0 0.0 0.0 0.0 0.0 0.0539288545829 65 1 0.992647058824 0.186531905571 -2.10998155414
-0.12623 0.35028 3.35743 -0.12979 0.55971 3.993574139 0.78258 0.98072 0.30541 0.41196 152.77952 195.62801 147.22542 138.42519 0.3 0.3 0.0 0.0 0.0 0.0 0.0 0.0 0.72115 0.0 0.0 45.47487 -0.49999 0.07399 0.0 0.0 0.0 0.0 0.0 0.0 0.0534004719387 66 0 0.985294117647 0.401827254976 -2.10998155414
-0.12623 0.35028 3.35743 -0.12979 0.55971 3.9889350165 0.78258 0.98072 0.30541 0.41196 152.77952 195.62801 147.22542 138.42519 0.3 0.3 0.0 0.0 0.0 0.0 0.0 0.0 0.72115 0.0 0.0 45.47487 -0.49999 0.07399 0.0 0.0 0.0 0.0 0.0 0.0 0.0531000781584 67 1 0.992647058824 0.405492239564 -2.33031214896
-0.12623 0.35028 3.35743 -0.12979 0.55971 3.94654768777 0.78258 0.98072 0.30541 0.41196 152.77952 195.62801 147.22542 138.42519 0.3 0.3 0.0 0.0 0.0 0.0 0.0 0.0 0.72115 0.0 0.0 45.47487 -0.49999 0.07399 0.0 0.0 0.0 0.0 0.0 0.0 0.0527316462868 68 1 0.992647058824 0.416549198136 -2.32808277695
-0.12623 0.35028 3.35743 -0.12979 0.55971 3.94550786842 0.78258 0.98072 0.30541 0.41196 152.77952 195.62801 147.22542 138.42519 0.3 0.3 0.0 0.0 0.0 0.0 0.0 0.0 0.72115 0.0 0.0 45.47487 -0.49999 0.07399 0.0 0.0 0.0 0.0 0.0 0.0 0.0529298372885 69 1 0.992647058824 0.519592491227 -2.54922113616
-0.12623 0.35028 3.35743 -0.12979 0.55971 3.96388952987 0.78258 0.98072 0.30541 0.41196 152.77952 195.62801 147.22542 138.42519 0.3 0.3 0.0 0.0 0.0 0.0 0.0 0.0 0.72115 0.0 0.0 45.47487 -0.49999 0.07399 0.0 0.0 0.0 0.0 0.0 0.0 0.0531924282023 70 1 0.985294117647 0.17088218572 -2.23352887885
-0.12623 0.35028 3.35743 -0.12979 0.55971 3.9334783112 0.78258 0.98072 0.30541 0.41196 152.77952 195.62801 147.22542 138.42519 0.3 0.3 0.0 0.0 0.0 0.0 0.0 0.0 0.72115 0.0 0.0 45.47487 -0.49999 0.07399 0.0 0.0 0.0 0.0 0.0 0.0 0.0532791506964 71 1 0.992647058824 0.551368642463 -2.64024663709
-0.12623 0.35028 3.35743 -0.12979 0.55971 3.9018909424 0.78258 0.98072 0.30541 0.41196 152.77952 195.62801 147.22542 138.42519 0.3 0.3 0.0 0.0 0.0 0.0 0.0 0.0 0.72115 0.0 0.0 45.47487 -0.49999 0.07399 0.0 0.0 0.0 0.0 0.0 0.0 0.0536263687833 72 0 0.971223021583 0.651525271756 -2.64024663709
-0.12623 0.35028 3.35743 -0.12979 0.55971 3.91787608342 0.78258 0.98072 0.30541 0.41196 152.77952 195.62801 147.22542 138.42519 0.3 0.3 0.0 0.0 0.0 0.0 0.0 0.0 0.72115 0.0 0.0 45.47487 -0.49999 0.07399 0.0 0.0 0.0 0.0 0.0 0.0 0.0529832476905 73 1 0.992647058824 0.527238574466 -2.5693119268
-0.12623 0.35028 3.35743 -0.12979 0.55971 3.91779360928 0.78258 0.98072 0.30541 0.41196 152.77952 195.62801 147.22542 138.42519 0.3 0.3 0.0 0.0 0.0 0.0 0.0 0.0 0.72115 0.0 0.0 45.47487 -0.49999 0.07399 0.0 0.0 0.0 0.0 0.0 0.0 0.0528345777868 74 1 0.992647058824 0.527224221123 -2.56174527315
-0.12623 0.35028 3.35743 -0.12979 0.55971 3.91693758271 0.78258 0.98072 0.30541 0.41196 152.77952 195.62801 147.22542 138.42519 0.3 0.3 0.0 0.0 0.0 0.0 0.0 0.0 0.72115 0.0 0.0 45.47487 -0.49999 0.07399 0.0 0.0 0.0 0.0 0.0 0.0 0.0524230250941 75 1 0.992647058824 0.527035619069 -2.5407554804
-0.12623 0.35028 3.35743 -0.12979 0.55971 3.89146223549 0.78258 0.98072 0.30541 0.41196 152.77952 195.62801 147.22542 138.42519 0.3 0.3 0.0 0.0 0.0 0.0 0.0 0.0 0.72115 0.0 0.0 45.47487 -0.49999 0.07399 0.0 0.0 0.0 0.0 0.0 0.0 0.0526891200725 76 0 0.971223021583 0.56502174844 -2.5407554804
-0.12623 0.35028 3.35743 -0.12979 0.55971 3.90000435461 0.78258 0.98072 0.30541 0.41196 152.77952 195.62801 147.22542 138.42519 0.3 0.3 0.0 0.0 0.0 0.0 0.0 0.0 0.72115 0.0 0.0 45.47487 -0.49999 0.07399 0.0 0.0 0.0 0.0 0.0 0.0 0.0528001933532 77 0 0.964285714286 0.688136065164 -2.5407554804
-0.12623 0.35028 3.35743 -0.12979 0.55971 3.89949947858 0.78258 0.98072 0.30541 0.41196 152.77952 195.62801 147.22542 138.42519 0.3 0.3 0.0 0.0 0.0 0.0 0.0 0.0 0.72115 0.0 0.0 45.47487 -0.49999 0.07399 0.0 0.0 0.0 0.0 0.0 0.0 0.0521144961903 78 0 0.971223021583 0.652469748477 -2.5407554804
-0.12623 0.35028 3.35743 -0.12979 0.55971 3.88052908494 0.78258 0.98072 0.30541 0.41196 152.77952 195.62801 147.22542 138.42519 0.3 0.3 0.0 0.0 0.0 0.0 0.0 0.0 0.72115 0.0 0.0 45.47487 -0.49999 0.07399 0.0 0.0 0.0 0.0 0.0 0.0 0.0522415783062 79 0 0.971223021583 0.652964916115 -2.5407554804
-0.12623 0.35028 3.35743 -0.12979 0.55971 3.92141790246 0.78258 0.98072 0.30541 0.41196 152.77952 195.62801 147.22542 138.42519 0.3 0.3 0.0 0.0 0.0 0.0 0.0 0.0 0.72115 0.0 0.0 45.47487 -0.49999 0.07399 0.0 0.0 0.0 0.0 0.0 0.0 0.0526514533942 80 1 0.992647058824 0.527007440983 -2.5520443366
-0.12623 0.35028 3.35743 -0.12979 0.55971 3.94203098913 0.78258 0.98072 0.30541 0.41196 152.77952 195.62801 147.22542 138.42519 0.3 0.3 0.0 0.0 0.0 0.0 0.0 0.0 0.72115 0.0 0.0 45.47487 -0.49999 0.07399 0.0 0.0 0.0 0.0 0.0 0.0 0.0531811636335 81 1 0.992647058824 0.519398532865 -2.56178407247
-0.12623 0.35028 3.35743 -0.12979 0.55971 3.94844918992 0.78258 0.98072 0.30541 0.41196 152.77952 195.62801 147.22542 138.42519 0.3 0.3 0.0 0.0 0.0 0.0 0.0 0.0 0.72115 0.0 0.0 45.47487 -0.49999 0.07399 0.0 0.0 0.0 0.0 0.0 0.0 0.05370816157 82 1 0.992647058824 0.49572412289 -2.53889510721
-0.12623 0.35028 3.35743 -0.12979 0.55971 3.95604488343 0.78258 0.98072 0.30541 0.41196 152.77952 195.62801 147.22542 138.42519 0.3 0.3 0.0 0.0 0.0 0.0 0.0 0.0 0.72115 0.0 0.0 45.47487 -0.49999 0.07399 0.0 0.0 0.0 0.0 0.0 0.0 0.0538950622322 83 1 0.992647058824 0.41624273446 -2.39748687506
-0.12623 0.35028 3.35743 -0.12979 0.55971 3.96161511854 0.78258 0.98072 0.30541 0.41196 152.77952 195.62801 147.22542 138.42519 0.3 0.3 0.0 0.0 0.0 0.0 0.0 0.0 0.72115 0.0 0.0 45.47487 -0.49999 0.07399 0.0 0.0 0.0 0.0 0.0 0.0 0.054530300503 84 1 0.985294117647 0.200164280312 -2.41030474733
-0.12623 0.35028 3.35743 -0.12979 0.55971 3.96477814683 0.78258 0.98072 0.30541 0.41196 152.77952 195.62801 147.22542 138.42519 0.3 0.3 0.0 0.0 0.0 0.0 0.0 0.0 0.72115 0.0 0.0 45.47487 -0.49999 0.07399 0.0 0.0 0.0 0.0 0.0 0.0 0.0547670126657 85 1 0.985294117647 0.188892964523 -2.38985803524
-0.12623 0.35028 3.35743 -0.12979 0.55971 3.95965185298 0.78258 0.98072 0.30541 0.41196 152.77952 195.62801 147.22542 138.42519 0.3 0.3 0.0 0.0 0.0 0.0 0.0 0.0 0.72115 0.0 0.0 45.47487 -0.49999 0.07399 0.0 0.0 0.0 0.0 0.0 0.0 0.0541269252715 86 1 0.985294117647 0.200998756446 -2.38757175755
-0.12623 0.35028 3.35743 -0.12979 0.55971 3.98510244271 0.78258 0.98072 0.30541 0.41196 152.77952 195.62801 147.22542 138.42519 0.3 0.3 0.0 0.0 0.0 0.0 0.0 0.0 0.72115 0.0 0.0 45.47487 -0.49999 0.07399 0.0 0.0 0.0 0.0 0.0 0.0 0.0530337029752 87 1 0.992647058824 0.405552445972 -2.32641314801
-0.12623 0.35028 3.35743 -0.12979 0.55971 3.97725240029 0.78258 0.98072 0.30541 0.41196 152.77952 195.62801 147.22542 138.42519 0.3 0.3 0.0 0.0 0.0 0.0 0.0 0.0 0.72115 0.0 0.0 45.47487 -0.49999 0.07399 0.0 0.0 0.0 0.0 0.0 0.0 0.0529937348369 88 1 0.992647058824 0.376345998205 -2.27454630774
-0.12623 0.35028 3.35743 -0.12979 0.55971 3.98248161848 0.78258 0.98072 0.30541 0.41196 152.77952 195.62801 147.22542 138.42519 0.3 0.3 0.0 0.0 0.0 0.0 0.0 0.0 0.72115 0.0 0.0 45.47487 -0.49999 0.07399 0.0 0.0 0.0 0.0 0.0 0.0 0.0524068609647 89 1 0.992647058824 0.186452325391 -2.00180108161
-0.12623 0.35028 3.35743 -0.12979 0.55971 4.01535584912 0.78258 0.98072 0.30541 0.41196 152.77952 195.62801 147.22542 138.42519 0.3 0.3 0.0 0.0 0.0 0.0 0.0 0.0 0.72115 0.0 0.0 45.47487 -0.49999 0.07399 0.0 0.0 0.0 0.0 0.0 0.0 0.0524487912738 90 1 0.985294117647 0.0459958747722 -1.94657736133
-0.12623 0.35028 3.35743 -0.12979 0.55971 4.00886539436 0.78258 0.98072 0.30541 0.41196 152.77952 195.62801 147.22542 138.42519 0.3 0.3 0.0 0.0 0.0 0.0 0.0 0.0 0.72115 0.0 0.0 45.47487 -0.49999 0.07399 0.0 0.0 0.0 0.0 0.0 0.0 0.0525424221601 91 0 0.977941176471 0.371419970768 -1.94657736133
-0.12623 0.35028 3.35743 -0.12979 0.55971 4.03604755942 0.78258 0.98072 0.30541 0.41196 152.77952 195.62801 147.22542 138.42519 0.3 0.3 0.0 0.0 0.0 0.0 0.0 0.0 0.72115 0.0 0.0 45.47487 -0.49999 0.07399 0.0 0.0 0.0 0.0 0.0 0.0 0.0524580252196 92 1 1.0 0.408325964885 -1.92853926793
-0.12623 0.35028 3.35743 -0.12979 0.55971 4.03412132858 0.78258 0.98072 0.30541 0.41196 152.77952 195.62801 147.22542 138.42519 0.3 0.3 0.0 0.0 0.0 0.0 0.0 0.0 0.72115 0.0 0.0 45.47487 -0.49999 0.07399 0.0 0.0 0.0 0.0 0.0 0.0 0.0529112574032 93 1 1.0 0.408794014063 -1.96171787799
-0.12623 0.35028 3.35743 -0.12979 0.55971 4.01765271947 0.78258 0.98072 0.30541 0.41196 152.77952 195.62801 147.22542 138.42519 0.3 0.3 0.0 0.0 0.0 0.0 0.0 0.0 0.72115 0.0 0.0 45.47487 -0.49999 0.07399 0.0 0.0 0.0 0.0 0.0 0.0 0.0523270467853 94 1 0.985294117647 0.133149920246 -2.07653270357
-0.12623 0.35028 3.35743 -0.12979 0.55971 4.03447305906 0.78258 0.98072 0.30541 0.41196 152.77952 195.62801 147.22542 138.42519 0.3 0.3 0.0 0.0 0.0 0.0 0.0 0.0 0.72115 0.0 0.0 45.47487 -0.49999 0.07399 0.0 0.0 0.0 0.0 0.0 0.0 0.0528362010854 95 1 1.0 0.408769802302 -1.95620438002
-0.12623 0.35028 3.35743 -0.12979 0.55971 4.01287305277 0.78258 0.98072 0.30541 0.41196 152.77952 195.62801 147.22542 138.42519 0.3 0.3 0.0 0.0 0.0 0.0 0.0 0.0 0.72115 0.0 0.0 45.47487 -0.49999 0.07399 0.0 0.0 0.0 0.0 0.0 0.0 0.0530662014899 96 1 0.985294117647 0.0467215728625 -1.99198333015
-0.12623 0.35028 3.35743 -0.12979 0.55971 3.99960225271 0.78258 0.98072 0.30541 0.41196 152.77952 195.62801 147.22542 138.42519 0.3 0.3 0.0 0.0 0.0 0.0 0.0 0.0 0.72115 0.0 0.0 45.47487 -0.49999 0.07399 0.0 0.0 0.0 0.0 0.0 0.0 0.0531574961584 97 0 0.985294117647 0.396575171724 -1.99198333015
-0.12623 0.35028 3.35743 -0.12979 0.55971 4.08239099688 0.78258 0.98072 0.30541 0.41196 152.77952 195.62801 147.22542 138.42519 0.3 0.3 0.0 0.0 0.0 0.0 0.0 0.0 0.72115 0.0 0.0 45.47487 -0.49999 0.07399 0.0 0.0 0.0 0.0 0.0 0.0 0.0530027330511 98 0 0.985401459854 0.447089801923 -1.99198333015
-0.12623 0.35028 3.35743 -0.12979 0.55971 3.99461772992 0.78258 0.98072 0.30541 0.41196 152.77952 195.62801 147.22542 138.42519 0.3 0.3 0.0 0.0 0.0 0.0 0.0 0.0 0.72115 0.0 0.0 45.47487 -0.49999 0.07399 0.0 0.0 0.0 0.0 0.0 0.0 0.0531969869711 99 0 0.985294117647 0.401020291848 -1.99198333015
-0.12623 0.35028 3.35743 -0.12979 0.55971 4.03653507283 0.78258 0.98072 0.30541 0.41196 152.77952 195.62801 147.22542 138.42519 0.3 0.3 0.0 0.0 0.0 0.0 0.0 0.0 0.72115 0.0 0.0 45.47487 -0.49999 0.07399 0.0 0.0 0.0 0.0 0.0 0.0 0.0535182691456 100 1 1.0 0.408376154584 -2.00658539134
