-0.12623 0.35028 3.35743 -0.12979 0.55971 4.12072 0.78258 0.98072 0.30541 0.41196 152.77952 195.62801 147.22542 138.42519 0.3 0.3 0.0 0.0 0.0 0.0 0.0 0.0 0.72115 0.0 0.0 45.47487 -0.49999 0.07399 0.0 0.0 0.0 0.0 0.0 0.0 0.05 0 1 0.978102189781 0.502305191354 -7.19780031918
-0.12623 0.35028 3.35743 -0.12979 0.55971 4.10536309724 0.78258 0.98072 0.30541 0.41196 152.77952 195.62801 147.22542 138.42519 0.3 0.3 0.0 0.0 0.0 0.0 0.0 0.0 0.72115 0.0 0.0 45.47487 -0.49999 0.07399 0.0 0.0 0.0 0.0 0.0 0.0 0.0498885358893 1 1 0.985401459854 0.472651617803 -3.89771070189
-0.12623 0.35028 3.35743 -0.12979 0.55971 4.09515794288 0.78258 0.98072 0.30541 0.41196 152.77952 195.62801 147.22542 138.42519 0.3 0.3 0.0 0.0 0.0 0.0 0.0 0.0 0.72115 0.0 0.0 45.47487 -0.49999 0.07399 0.0 0.0 0.0 0.0 0.0 0.0 0.0496928133656 2 1 0.985401459854 0.482483961086 -3.9923122352
-0.12623 0.35028 3.35743 -0.12979 0.55971 4.07753702069 0.78258 0.98072 0.30541 0.41196 152.77952 195.62801 147.22542 138.42519 0.3 0.3 0.0 0.0 0.0 0.0 0.0 0.0 0.72115 0.0 0.0 45.47487 -0.49999 0.07399 0.0 0.0 0.0 0.0 0.0 0.0 0.0497757359056 3 1 0.992647058824 0.42077850693 -2.17249391711
-0.12623 0.35028 3.35743 -0.12979 0.55971 4.07283282118 0.78258 0.98072 0.30541 0.41196 152.77952 195.62801 147.22542 138.42519 0.3 0.3 0.0 0.0 0.0 0.0 0.0 0.0 0.72115 0.0 0.0 45.47487 -0.49999 0.07399 0.0 0.0 0.0 0.0 0.0 0.0 0.0500907596818 4 1 0.992647058824 0.426615987872 -2.20093034252
-0.12623 0.35028 3.35743 -0.12979 0.55971 4.08235558504 0.78258 0.98072 0.30541 0.41196 152.77952 195.62801 147.22542 138.42519 0.3 0.3 0.0 0.0 0.0 0.0 0.0 0.0 0.72115 0.0 0.0 45.47487 -0.49999 0.07399 0.0 0.0 0.0 0.0 0.0 0.0 0.049659045113 5 0 0.985401459854 0.447081467309 -2.20093034252
-0.12623 0.35028 3.35743 -0.12979 0.55971 4.10326443279 0.78258 0.98072 0.30541 0.41196 152.77952 195.62801 147.22542 138.42519 0.3 0.3 0.0 0.0 0.0 0.0 0.0 0.0 0.72115 0.0 0.0 45.47487 -0.49999 0.07399 0.0 0.0 0.0 0.0 0.0 0.0 0.0499187525 6 0 0.985401459854 0.476734795409 -2.20093034252
-0.12623 0.35028 3.35743 -0.12979 0.55971 4.0687892964 0.78258 0.98072 0.30541 0.41196 152.77952 195.62801 147.22542 138.42519 0.3 0.3 0.0 0.0 0.0 0.0 0.0 0.0 0.72115 0.0 0.0 45.47487 -0.49999 0.07399 0.0 0.0 0.0 0.0 0.0 0.0 0.0492363098493 7 1 0.992647058824 0.415082357875 -2.13294374791
-0.12623 0.35028 3.35743 -0.12979 0.55971 4.09985936906 0.78258 0.98072 0.30541 0.41196 152.77952 195.62801 147.22542 138.42519 0.3 0.3 0.0 0.0 0.0 0.0 0.0 0.0 0.72115 0.0 0.0 45.47487 -0.49999 0.07399 0.0 0.0 0.0 0.0 0.0 0.0 0.0489533204486 8 0 0.985401459854 0.475864458356 -2.13294374791
-0.12623 0.35028 3.35743 -0.12979 0.55971 4.07652361116 0.78258 0.98072 0.30541 0.41196 152.77952 195.62801 147.22542 138.42519 0.3 0.3 0.0 0.0 0.0 0.0 0.0 0.0 0.72115 0.0 0.0 45.47487 -0.49999 0.07399 0.0 0.0 0.0 0.0 0.0 0.0 0.0487054559874 9 1 0.992647058824 0.420625781429 -2.11809061708
-0.12623 0.35028 3.35743 -0.12979 0.55971 4.07369575655 0.78258 0.98072 0.30541 0.41196 152.77952 195.62801 147.22542 138.42519 0.3 0.3 0.0 0.0 0.0 0.0 0.0 0.0 0.72115 0.0 0.0 45.47487 -0.49999 0.07399 0.0 0.0 0.0 0.0 0.0 0.0 0.0484253888263 10 1 0.992647058824 0.42670418463 -2.1177639402
-0.12623 0.35028 3.35743 -0.12979 0.55971 4.10195681178 0.78258 0.98072 0.30541 0.41196 152.77952 195.62801 147.22542 138.42519 0.3 0.3 0.0 0.0 0.0 0.0 0.0 0.0 0.72115 0.0 0.0 45.47487 -0.49999 0.07399 0.0 0.0 0.0 0.0 0.0 0.0 0.0491103496836 11 1 0.985401459854 0.478200983185 -3.96527637062
-0.12623 0.35028 3.35743 -0.12979 0.55971 4.07005727765 0.78258 0.98072 0.30541 0.41196 152.77952 195.62801 147.22542 138.42519 0.3 0.3 0.0 0.0 0.0 0.0 0.0 0.0 0.72115 0.0 0.0 45.47487 -0.49999 0.07399 0.0 0.0 0.0 0.0 0.0 0.0 0.048215191047 12 1 0.992647058824 0.42688981387 -2.108153951
-0.12623 0.35028 3.35743 -0.12979 0.55971 4.05925039102 0.78258 0.98072 0.30541 0.41196 152.77952 195.62801 147.22542 138.42519 0.3 0.3 0.0 0.0 0.0 0.0 0.0 0.0 0.72115 0.0 0.0 45.47487 -0.49999 0.07399 0.0 0.0 0.0 0.0 0.0 0.0 0.0476562649128 13 1 0.992647058824 0.365875408229 -1.95252340681
-0.12623 0.35028 3.35743 -0.12979 0.55971 4.07254222854 0.78258 0.98072 0.30541 0.41196 152.77952 195.62801 147.22542 138.42519 0.3 0.3 0.0 0.0 0.0 0.0 0.0 0.0 0.72115 0.0 0.0 45.47487 -0.49999 0.07399 0.0 0.0 0.0 0.0 0.0 0.0 0.0473724791901 14 0 0.992647058824 0.426539875645 -1.95252340681
-0.12623 0.35028 3.35743 -0.12979 0.55971 4.12214185933 0.78258 0.98072 0.30541 0.41196 152.77952 195.62801 147.22542 138.42519 0.3 0.3 0.0 0.0 0.0 0.0 0.0 0.0 0.72115 0.0 0.0 45.47487 -0.49999 0.07399 0.0 0.0 0.0 0.0 0.0 0.0 0.0472924092387 15 0 0.970802919708 0.507892765284 -1.95252340681
-0.12623 0.35028 3.35743 -0.12979 0.55971 4.01991200552 0.78258 0.98072 0.30541 0.41196 152.77952 195.62801 147.22542 138.42519 0.3 0.3 0.0 0.0 0.0 0.0 0.0 0.0 0.72115 0.0 0.0 45.47487 -0.49999 0.07399 0.0 0.0 0.0 0.0 0.0 0.0 0.0476071696737 16 1 1.0 0.422736742132 -1.5907540164
-0.12623 0.35028 3.35743 -0.12979 0.55971 4.03769098919 0.78258 0.98072 0.30541 0.41196 152.77952 195.62801 147.22542 138.42519 0.3 0.3 0.0 0.0 0.0 0.0 0.0 0.0 0.72115 0.0 0.0 45.47487 -0.49999 0.07399 0.0 0.0 0.0 0.0 0.0 0.0 0.0480366067036 17 1 1.0 0.454731292807 -1.61937551774
-0.12623 0.35028 3.35743 -0.12979 0.55971 4.0540242271 0.78258 0.98072 0.30541 0.41196 152.77952 195.62801 147.22542 138.42519 0.3 0.3 0.0 0.0 0.0 0.0 0.0 0.0 0.72115 0.0 0.0 45.47487 -0.49999 0.07399 0.0 0.0 0.0 0.0 0.0 0.0 0.0472702099493 18 1 1.0 0.352763731301 -1.56847094062
-0.12623 0.35028 3.35743 -0.12979 0.55971 4.08300522548 0.78258 0.98072 0.30541 0.41196 152.77952 195.62801 147.22542 138.42519 0.3 0.3 0.0 0.0 0.0 0.0 0.0 0.0 0.72115 0.0 0.0 45.47487 -0.49999 0.07399 0.0 0.0 0.0 0.0 0.0 0.0 0.047637695404 19 0 0.985401459854 0.447179304795 -1.56847094062
-0.12623 0.35028 3.35743 -0.12979 0.55971 4.05072423331 0.78258 0.98072 0.30541 0.41196 152.77952 195.62801 147.22542 138.42519 0.3 0.3 0.0 0.0 0.0 0.0 0.0 0.0 0.72115 0.0 0.0 45.47487 -0.49999 0.07399 0.0 0.0 0.0 0.0 0.0 0.0 0.0472388904208 20 1 1.0 0.28057130127 -1.56640760299
-0.12623 0.35028 3.35743 -0.12979 0.55971 4.04034838345 0.78258 0.98072 0.30541 0.41196 152.77952 195.62801 147.22542 138.42519 0.3 0.3 0.0 0.0 0.0 0.0 0.0 0.0 0.72115 0.0 0.0 45.47487 -0.49999 0.07399 0.0 0.0 0.0 0.0 0.0 0.0 0.0472401160425 21 1 1.0 0.455514976694 -1.56648832222
-0.12623 0.35028 3.35743 -0.12979 0.55971 4.02934949759 0.78258 0.98072 0.30541 0.41196 152.77952 195.62801 147.22542 138.42519 0.3 0.3 0.0 0.0 0.0 0.0 0.0 0.0 0.72115 0.0 0.0 45.47487 -0.49999 0.07399 0.0 0.0 0.0 0.0 0.0 0.0 0.0471306085166 22 1 1.0 0.415744172779 -1.55928421301
-0.12623 0.35028 3.35743 -0.12979 0.55971 4.04646307346 0.78258 0.98072 0.30541 0.41196 152.77952 195.62801 147.22542 138.42519 0.3 0.3 0.0 0.0 0.0 0.0 0.0 0.0 0.72115 0.0 0.0 45.47487 -0.49999 0.07399 0.0 0.0 0.0 0.0 0.0 0.0 0.0482163668448 23 1 1.0 0.276627515225 -1.63143046315
-0.12623 0.35028 3.35743 -0.12979 0.55971 4.04866339836 0.78258 0.98072 0.30541 0.41196 152.77952 195.62801 147.22542 138.42519 0.3 0.3 0.0 0.0 0.0 0.0 0.0 0.0 0.72115 0.0 0.0 45.47487 -0.49999 0.07399 0.0 0.0 0.0 0.0 0.0 0.0 0.0475778096642 24 1 1.0 0.279592613962 -1.58880632646
-0.12623 0.35028 3.35743 -0.12979 0.55971 4.01089594099 0.78258 0.98072 0.30541 0.41196 152.77952 195.62801 147.22542 138.42519 0.3 0.3 0.0 0.0 0.0 0.0 0.0 0.0 0.72115 0.0 0.0 45.47487 -0.49999 0.07399 0.0 0.0 0.0 0.0 0.0 0.0 0.0478745149638 25 1 0.985294117647 0.0525575988105 -1.63786516943
-0.12623 0.35028 3.35743 -0.12979 0.55971 4.02675325869 0.78258 0.98072 0.30541 0.41196 152.77952 195.62801 147.22542 138.42519 0.3 0.3 0.0 0.0 0.0 0.0 0.0 0.0 0.72115 0.0 0.0 45.47487 -0.49999 0.07399 0.0 0.0 0.0 0.0 0.0 0.0 0.0477481834169 26 1 1.0 0.410851104526 -1.60012488576
-0.12623 0.35028 3.35743 -0.12979 0.55971 4.03422157911 0.78258 0.98072 0.30541 0.41196 152.77952 195.62801 147.22542 138.42519 0.3 0.3 0.0 0.0 0.0 0.0 0.0 0.0 0.72115 0.0 0.0 45.47487 -0.49999 0.07399 0.0 0.0 0.0 0.0 0.0 0.0 0.0481480359509 27 1 1.0 0.408807338721 -1.62684295324
-0.12623 0.35028 3.35743 -0.12979 0.55971 4.03111278893 0.78258 0.98072 0.30541 0.41196 152.77952 195.62801 147.22542 138.42519 0.3 0.3 0.0 0.0 0.0 0.0 0.0 0.0 0.72115 0.0 0.0 45.47487 -0.49999 0.07399 0.0 0.0 0.0 0.0 0.0 0.0 0.0481480381535 28 1 1.0 0.4079113314 -1.62684310101
-0.12623 0.35028 3.35743 -0.12979 0.55971 4.03111790123 0.78258 0.98072 0.30541 0.41196 152.77952 195.62801 147.22542 138.42519 0.3 0.3 0.0 0.0 0.0 0.0 0.0 0.0 0.72115 0.0 0.0 45.47487 -0.49999 0.07399 0.0 0.0 0.0 0.0 0.0 0.0 0.0480246453709 29 1 1.0 0.407911672244 -1.61857492745
-0.12623 0.35028 3.35743 -0.12979 0.55971 4.00214642276 0.78258 0.98072 0.30541 0.41196 152.77952 195.62801 147.22542 138.42519 0.3 0.3 0.0 0.0 0.0 0.0 0.0 0.0 0.72115 0.0 0.0 45.47487 -0.49999 0.07399 0.0 0.0 0.0 0.0 0.0 0.0 0.0482025003076 30 0 0.977941176471 0.378953663406 -1.61857492745
-0.12623 0.35028 3.35743 -0.12979 0.55971 4.0267932114 0.78258 0.98072 0.30541 0.41196 152.77952 195.62801 147.22542 138.42519 0.3 0.3 0.0 0.0 0.0 0.0 0.0 0.0 0.72115 0.0 0.0 45.47487 -0.49999 0.07399 0.0 0.0 0.0 0.0 0.0 0.0 0.0470345187895 31 1 1.0 0.410850923651 -1.55297620594
-0.12623 0.35028 3.35743 -0.12979 0.55971 4.00181989945 0.78258 0.98072 0.30541 0.41196 152.77952 195.62801 147.22542 138.42519 0.3 0.3 0.0 0.0 0.0 0.0 0.0 0.0 0.72115 0.0 0.0 45.47487 -0.49999 0.07399 0.0 0.0 0.0 0.0 0.0 0.0 0.0474437297055 32 0 0.977941176471 0.378924909125 -1.55297620594
-0.12623 0.35028 3.35743 -0.12979 0.55971 4.04987839693 0.78258 0.98072 0.30541 0.41196 152.77952 195.62801 147.22542 138.42519 0.3 0.3 0.0 0.0 0.0 0.0 0.0 0.0 0.72115 0.0 0.0 45.47487 -0.49999 0.07399 0.0 0.0 0.0 0.0 0.0 0.0 0.0469737515013 33 1 1.0 0.279721394465 -1.54899347569
-0.12623 0.35028 3.35743 -0.12979 0.55971 4.05070572173 0.78258 0.98072 0.30541 0.41196 152.77952 195.62801 147.22542 138.42519 0.3 0.3 0.0 0.0 0.0 0.0 0.0 0.0 0.72115 0.0 0.0 45.47487 -0.49999 0.07399 0.0 0.0 0.0 0.0 0.0 0.0 0.0469279590811 34 1 1.0 0.28057190546 -1.54599551764
-0.12623 0.35028 3.35743 -0.12979 0.55971 4.09050706592 0.78258 0.98072 0.30541 0.41196 152.77952 195.62801 147.22542 138.42519 0.3 0.3 0.0 0.0 0.0 0.0 0.0 0.0 0.72115 0.0 0.0 45.47487 -0.49999 0.07399 0.0 0.0 0.0 0.0 0.0 0.0 0.0472060613664 35 0 0.985401459854 0.486699722324 -1.54599551764
-0.12623 0.35028 3.35743 -0.12979 0.55971 4.01516169272 0.78258 0.98072 0.30541 0.41196 152.77952 195.62801 147.22542 138.42519 0.3 0.3 0.0 0.0 0.0 0.0 0.0 0.0 0.72115 0.0 0.0 45.47487 -0.49999 0.07399 0.0 0.0 0.0 0.0 0.0 0.0 0.0471062494998 36 1 0.985294117647 0.0459410965687 -1.58082483664
-0.12623 0.35028 3.35743 -0.12979 0.55971 4.02047453348 0.78258 0.98072 0.30541 0.41196 152.77952 195.62801 147.22542 138.42519 0.3 0.3 0.0 0.0 0.0 0.0 0.0 0.0 0.72115 0.0 0.0 45.47487 -0.49999 0.07399 0.0 0.0 0.0 0.0 0.0 0.0 0.047592844854 37 1 1.0 0.000586277790847 -1.58980358788
-0.12623 0.35028 3.35743 -0.12979 0.55971 4.03488938684 0.78258 0.98072 0.30541 0.41196 152.77952 195.62801 147.22542 138.42519 0.3 0.3 0.0 0.0 0.0 0.0 0.0 0.0 0.72115 0.0 0.0 45.47487 -0.49999 0.07399 0.0 0.0 0.0 0.0 0.0 0.0 0.0478035609143 38 1 1.0 0.408805910881 -1.60381228451
-0.12623 0.35028 3.35743 -0.12979 0.55971 4.03493912595 0.78258 0.98072 0.30541 0.41196 152.77952 195.62801 147.22542 138.42519 0.3 0.3 0.0 0.0 0.0 0.0 0.0 0.0 0.72115 0.0 0.0 45.47487 -0.49999 0.07399 0.0 0.0 0.0 0.0 0.0 0.0 0.0475638672544 39 1 1.0 0.408783581673 -1.58788182117
-0.12623 0.35028 3.35743 -0.12979 0.55971 4.05384049184 0.78258 0.98072 0.30541 0.41196 152.77952 195.62801 147.22542 138.42519 0.3 0.3 0.0 0.0 0.0 0.0 0.0 0.0 0.72115 0.0 0.0 45.47487 -0.49999 0.07399 0.0 0.0 0.0 0.0 0.0 0.0 0.0472173183909 40 1 1.0 0.352753976077 -1.56498720612
-0.12623 0.35028 3.35743 -0.12979 0.55971 4.06505802786 0.78258 0.98072 0.30541 0.41196 152.77952 195.62801 147.22542 138.42519 0.3 0.3 0.0 0.0 0.0 0.0 0.0 0.0 0.72115 0.0 0.0 45.47487 -0.49999 0.07399 0.0 0.0 0.0 0.0 0.0 0.0 0.0464901388592 41 1 0.992647058824 0.415917724457 -2.00429513967
-0.12623 0.35028 3.35743 -0.12979 0.55971 4.09173283797 0.78258 0.98072 0.30541 0.41196 152.77952 195.62801 147.22542 138.42519 0.3 0.3 0.0 0.0 0.0 0.0 0.0 0.0 0.72115 0.0 0.0 45.47487 -0.49999 0.07399 0.0 0.0 0.0 0.0 0.0 0.0 0.0459660902139 42 0 0.985401459854 0.479307885785 -2.00429513967
-0.12623 0.35028 3.35743 -0.12979 0.55971 4.09775111569 0.78258 0.98072 0.30541 0.41196 152.77952 195.62801 147.22542 138.42519 0.3 0.3 0.0 0.0 0.0 0.0 0.0 0.0 0.72115 0.0 0.0 45.47487 -0.49999 0.07399 0.0 0.0 0.0 0.0 0.0 0.0 0.0466839667518 43 0 0.985401459854 0.4757483531 -2.00429513967
-0.12623 0.35028 3.35743 -0.12979 0.55971 4.0824592814 0.78258 0.98072 0.30541 0.41196 152.77952 195.62801 147.22542 138.42519 0.3 0.3 0.0 0.0 0.0 0.0 0.0 0.0 0.72115 0.0 0.0 45.47487 -0.49999 0.07399 0.0 0.0 0.0 0.0 0.0 0.0 0.0471067357766 44 1 0.985401459854 0.447101105668 -3.71753232022
-0.12623 0.35028 3.35743 -0.12979 0.55971 4.08145780867 0.78258 0.98072 0.30541 0.41196 152.77952 195.62801 147.22542 138.42519 0.3 0.3 0.0 0.0 0.0 0.0 0.0 0.0 0.72115 0.0 0.0 45.47487 -0.49999 0.07399 0.0 0.0 0.0 0.0 0.0 0.0 0.0467499041147 45 1 0.985401459854 0.446935046992 -3.72565000609
-0.12623 0.35028 3.35743 -0.12979 0.55971 4.10176825238 0.78258 0.98072 0.30541 0.41196 152.77952 195.62801 147.22542 138.42519 0.3 0.3 0.0 0.0 0.0 0.0 0.0 0.0 0.72115 0.0 0.0 45.47487 -0.49999 0.07399 0.0 0.0 0.0 0.0 0.0 0.0 0.0469456451486 46 1 0.985401459854 0.481258450099 -4.06678724586
-0.12623 0.35028 3.35743 -0.12979 0.55971 4.07780473904 0.78258 0.98072 0.30541 0.41196 152.77952 195.62801 147.22542 138.42519 0.3 0.3 0.0 0.0 0.0 0.0 0.0 0.0 0.72115 0.0 0.0 45.47487 -0.49999 0.07399 0.0 0.0 0.0 0.0 0.0 0.0 0.0465518205476 47 1 0.992647058824 0.420487022835 -2.01773486948
-0.12623 0.35028 3.35743 -0.12979 0.55971 4.0532339564 0.78258 0.98072 0.30541 0.41196 152.77952 195.62801 147.22542 138.42519 0.3 0.3 0.0 0.0 0.0 0.0 0.0 0.0 0.72115 0.0 0.0 45.47487 -0.49999 0.07399 0.0 0.0 0.0 0.0 0.0 0.0 0.0467319925864 48 1 1.0 0.344858372915 -1.53319803079
-0.12623 0.35028 3.35743 -0.12979 0.55971 4.03874937795 0.78258 0.98072 0.30541 0.41196 152.77952 195.62801 147.22542 138.42519 0.3 0.3 0.0 0.0 0.0 0.0 0.0 0.0 0.72115 0.0 0.0 45.47487 -0.49999 0.07399 0.0 0.0 0.0 0.0 0.0 0.0 0.047071440398 49 1 1.0 0.454823366033 -1.55539851946
-0.12623 0.35028 3.35743 -0.12979 0.55971 4.01259897014 0.78258 0.98072 0.30541 0.41196 152.77952 195.62801 147.22542 138.42519 0.3 0.3 0.0 0.0 0.0 0.0 0.0 0.0 0.72115 0.0 0.0 45.47487 -0.49999 0.07399 0.0 0.0 0.0 0.0 0.0 0.0 0.046209347864 50 1 0.985294117647 0.041998037996 -1.51941892615
-0.12623 0.35028 3.35743 -0.12979 0.55971 3.9896094539 0.78258 0.98072 0.30541 0.41196 152.77952 195.62801 147.22542 138.42519 0.3 0.3 0.0 0.0 0.0 0.0 0.0 0.0 0.72115 0.0 0.0 45.47487 -0.49999 0.07399 0.0 0.0 0.0 0.0 0.0 0.0 0.0462888328373 51 0 0.992647058824 0.405985369596 -1.51941892615
-0.12623 0.35028 3.35743 -0.12979 0.55971 3.98597108715 0.78258 0.98072 0.30541 0.41196 152.77952 195.62801 147.22542 138.42519 0.3 0.3 0.0 0.0 0.0 0.0 0.0 0.0 0.72115 0.0 0.0 45.47487 -0.49999 0.07399 0.0 0.0 0.0 0.0 0.0 0.0 0.0451547800445 52 1 0.992647058824 0.405580019176 -1.92280268216
-0.12623 0.35028 3.35743 -0.12979 0.55971 4.0125542263 0.78258 0.98072 0.30541 0.41196 152.77952 195.62801 147.22542 138.42519 0.3 0.3 0.0 0.0 0.0 0.0 0.0 0.0 0.72115 0.0 0.0 45.47487 -0.49999 0.07399 0.0 0.0 0.0 0.0 0.0 0.0 0.0454945679696 53 1 0.985294117647 0.0535446062253 -1.48729405062
-0.12623 0.35028 3.35743 -0.12979 0.55971 3.99483616453 0.78258 0.98072 0.30541 0.41196 152.77952 195.62801 147.22542 138.42519 0.3 0.3 0.0 0.0 0.0 0.0 0.0 0.0 0.72115 0.0 0.0 45.47487 -0.49999 0.07399 0.0 0.0 0.0 0.0 0.0 0.0 0.0456383923922 54 0 0.985294117647 0.401041144501 -1.48729405062
-0.12623 0.35028 3.35743 -0.12979 0.55971 4.06630462707 0.78258 0.98072 0.30541 0.41196 152.77952 195.62801 147.22542 138.42519 0.3 0.3 0.0 0.0 0.0 0.0 0.0 0.0 0.72115 0.0 0.0 45.47487 -0.49999 0.07399 0.0 0.0 0.0 0.0 0.0 0.0 0.0445074362281 55 1 0.992647058824 0.416178688695 -1.92340741535
-0.12623 0.35028 3.35743 -0.12979 0.55971 4.08049498712 0.78258 0.98072 0.30541 0.41196 152.77952 195.62801 147.22542 138.42519 0.3 0.3 0.0 0.0 0.0 0.0 0.0 0.0 0.72115 0.0 0.0 45.47487 -0.49999 0.07399 0.0 0.0 0.0 0.0 0.0 0.0 0.0452434138858 56 1 0.992647058824 0.419943558381 -1.96170718062
-0.12623 0.35028 3.35743 -0.12979 0.55971 4.09340548229 0.78258 0.98072 0.30541 0.41196 152.77952 195.62801 147.22542 138.42519 0.3 0.3 0.0 0.0 0.0 0.0 0.0 0.0 0.72115 0.0 0.0 45.47487 -0.49999 0.07399 0.0 0.0 0.0 0.0 0.0 0.0 0.0452297521082 57 0 0.985401459854 0.48184694244 -1.96170718062
-0.12623 0.35028 3.35743 -0.12979 0.55971 4.05859256738 0.78258 0.98072 0.30541 0.41196 152.77952 195.62801 147.22542 138.42519 0.3 0.3 0.0 0.0 0.0 0.0 0.0 0.0 0.72115 0.0 0.0 45.47487 -0.49999 0.07399 0.0 0.0 0.0 0.0 0.0 0.0 0.0455019415489 58 1 0.992647058824 0.369722648353 -1.85563617959
-0.12623 0.35028 3.35743 -0.12979 0.55971 4.06592766091 0.78258 0.98072 0.30541 0.41196 152.77952 195.62801 147.22542 138.42519 0.3 0.3 0.0 0.0 0.0 0.0 0.0 0.0 0.72115 0.0 0.0 45.47487 -0.49999 0.07399 0.0 0.0 0.0 0.0 0.0 0.0 0.0464351894376 59 1 0.992647058824 0.416145838566 -2.00242234399
-0.12623 0.35028 3.35743 -0.12979 0.55971 4.05252804143 0.78258 0.98072 0.30541 0.41196 152.77952 195.62801 147.22542 138.42519 0.3 0.3 0.0 0.0 0.0 0.0 0.0 0.0 0.72115 0.0 0.0 45.47487 -0.49999 0.07399 0.0 0.0 0.0 0.0 0.0 0.0 0.0468799456269 60 1 1.0 0.344851410261 -1.54285520646
-0.12623 0.35028 3.35743 -0.12979 0.55971 4.06314311228 0.78258 0.98072 0.30541 0.41196 152.77952 195.62801 147.22542 138.42519 0.3 0.3 0.0 0.0 0.0 0.0 0.0 0.0 0.72115 0.0 0.0 45.47487 -0.49999 0.07399 0.0 0.0 0.0 0.0 0.0 0.0 0.0468310979125 61 0 0.992647058824 0.403889954294 -1.54285520646
-0.12623 0.35028 3.35743 -0.12979 0.55971 4.06010606994 0.78258 0.98072 0.30541 0.41196 152.77952 195.62801 147.22542 138.42519 0.3 0.3 0.0 0.0 0.0 0.0 0.0 0.0 0.72115 0.0 0.0 45.47487 -0.49999 0.07399 0.0 0.0 0.0 0.0 0.0 0.0 0.0465944420934 62 0 0.992647058824 0.402699752329 -1.54285520646
-0.12623 0.35028 3.35743 -0.12979 0.55971 4.06514985681 0.78258 0.98072 0.30541 0.41196 152.77952 195.62801 147.22542 138.42519 0.3 0.3 0.0 0.0 0.0 0.0 0.0 0.0 0.72115 0.0 0.0 45.47487 -0.49999 0.07399 0.0 0.0 0.0 0.0 0.0 0.0 0.0465987789375 63 1 0.992647058824 0.416054734021 -2.00939973313
-0.12623 0.35028 3.35743 -0.12979 0.55971 4.05287855424 0.78258 0.98072 0.30541 0.41196 152.77952 195.62801 147.22542 138.42519 0.3 0.3 0.0 0.0 0.0 0.0 0.0 0.0 0.72115 0.0 0.0 45.47487 -0.49999 0.07399 0.0 0.0 0.0 0.0 0.0 0.0 0.0463365832991 64 1 1.0 0.344831910533 -1.50753469486
-0.12623 0.35028 3.35743 -0.12979 0.55971 4.09148216334 0.78258 0.98072 0.30541 0.41196 152.77952 195.62801 147.22542 138.42519 0.3 0.3 0.0 0.0 0.0 0.0 0.0 0.0 0.72115 0.0 0.0 45.47487 -0.49999 0.07399 0.0 0.0 0.0 0.0 0.0 0.0 0.0458255998666 65 0 0.985401459854 0.479271074368 -1.50753469486
-0.12623 0.35028 3.35743 -0.12979 0.55971 4.05689454597 0.78258 0.98072 0.30541 0.41196 152.77952 195.62801 147.22542 138.42519 0.3 0.3 0.0 0.0 0.0 0.0 0.0 0.0 0.72115 0.0 0.0 45.47487 -0.49999 0.07399 0.0 0.0 0.0 0.0 0.0 0.0 0.0476845255667 66 0 0.992647058824 0.369398277075 -1.50753469486
-0.12623 0.35028 3.35743 -0.12979 0.55971 4.03796652185 0.78258 0.98072 0.30541 0.41196 152.77952 195.62801 147.22542 138.42519 0.3 0.3 0.0 0.0 0.0 0.0 0.0 0.0 0.72115 0.0 0.0 45.47487 -0.49999 0.07399 0.0 0.0 0.0 0.0 0.0 0.0 0.0470038491761 67 1 1.0 0.454756048692 -1.55096547226
-0.12623 0.35028 3.35743 -0.12979 0.55971 4.04737921064 0.78258 0.98072 0.30541 0.41196 152.77952 195.62801 147.22542 138.42519 0.3 0.3 0.0 0.0 0.0 0.0 0.0 0.0 0.72115 0.0 0.0 45.47487 -0.49999 0.07399 0.0 0.0 0.0 0.0 0.0 0.0 0.0465471875199 68 1 1.0 0.279562504092 -1.52117717364
-0.12623 0.35028 3.35743 -0.12979 0.55971 4.03681194961 0.78258 0.98072 0.30541 0.41196 152.77952 195.62801 147.22542 138.42519 0.3 0.3 0.0 0.0 0.0 0.0 0.0 0.0 0.72115 0.0 0.0 45.47487 -0.49999 0.07399 0.0 0.0 0.0 0.0 0.0 0.0 0.0471281765162 69 1 1.0 0.454783351109 -1.55912440493
-0.12623 0.35028 3.35743 -0.12979 0.55971 3.99347606461 0.78258 0.98072 0.30541 0.41196 152.77952 195.62801 147.22542 138.42519 0.3 0.3 0.0 0.0 0.0 0.0 0.0 0.0 0.72115 0.0 0.0 45.47487 -0.49999 0.07399 0.0 0.0 0.0 0.0 0.0 0.0 0.0465340582273 70 0 0.985294117647 0.401822791118 -1.55912440493
-0.12623 0.35028 3.35743 -0.12979 0.55971 4.02152480449 0.78258 0.98072 0.30541 0.41196 152.77952 195.62801 147.22542 138.42519 0.3 0.3 0.0 0.0 0.0 0.0 0.0 0.0 0.72115 0.0 0.0 45.47487 -0.49999 0.07399 0.0 0.0 0.0 0.0 0.0 0.0 0.0462832281144 71 1 0.992592592593 0.113532791961 -1.54123131072
-0.12623 0.35028 3.35743 -0.12979 0.55971 4.01467513281 0.78258 0.98072 0.30541 0.41196 152.77952 195.62801 147.22542 138.42519 0.3 0.3 0.0 0.0 0.0 0.0 0.0 0.0 0.72115 0.0 0.0 45.47487 -0.49999 0.07399 0.0 0.0 0.0 0.0 0.0 0.0 0.0470372736714 72 1 0.985294117647 0.04592086945 -1.57634527266
-0.12623 0.35028 3.35743 -0.12979 0.55971 4.04536331328 0.78258 0.98072 0.30541 0.41196 152.77952 195.62801 147.22542 138.42519 0.3 0.3 0.0 0.0 0.0 0.0 0.0 0.0 0.72115 0.0 0.0 45.47487 -0.49999 0.07399 0.0 0.0 0.0 0.0 0.0 0.0 0.0469536372667 73 1 1.0 0.274991480797 -1.54767627798
-0.12623 0.35028 3.35743 -0.12979 0.55971 4.04297731233 0.78258 0.98072 0.30541 0.41196 152.77952 195.62801 147.22542 138.42519 0.3 0.3 0.0 0.0 0.0 0.0 0.0 0.0 0.72115 0.0 0.0 45.47487 -0.49999 0.07399 0.0 0.0 0.0 0.0 0.0 0.0 0.0472868656338 74 1 1.0 0.272035986987 -1.56956876247
-0.12623 0.35028 3.35743 -0.12979 0.55971 4.02500624285 0.78258 0.98072 0.30541 0.41196 152.77952 195.62801 147.22542 138.42519 0.3 0.3 0.0 0.0 0.0 0.0 0.0 0.0 0.72115 0.0 0.0 45.47487 -0.49999 0.07399 0.0 0.0 0.0 0.0 0.0 0.0 0.0481545637809 75 1 1.0 0.410688015312 -1.62728093713
-0.12623 0.35028 3.35743 -0.12979 0.55971 3.99595285089 0.78258 0.98072 0.30541 0.41196 152.77952 195.62801 147.22542 138.42519 0.3 0.3 0.0 0.0 0.0 0.0 0.0 0.0 0.72115 0.0 0.0 45.47487 -0.49999 0.07399 0.0 0.0 0.0 0.0 0.0 0.0 0.0486423277723 76 1 0.985294117647 0.396507402423 -3.27679291661
-0.12623 0.35028 3.35743 -0.12979 0.55971 3.98715748413 0.78258 0.98072 0.30541 0.41196 152.77952 195.62801 147.22542 138.42519 0.3 0.3 0.0 0.0 0.0 0.0 0.0 0.0 0.72115 0.0 0.0 45.47487 -0.49999 0.07399 0.0 0.0 0.0 0.0 0.0 0.0 0.0485010310038 77 1 0.992647058824 0.405546993731 -2.07587044323
-0.12623 0.35028 3.35743 -0.12979 0.55971 3.99944076271 0.78258 0.98072 0.30541 0.41196 152.77952 195.62801 147.22542 138.42519 0.3 0.3 0.0 0.0 0.0 0.0 0.0 0.0 0.72115 0.0 0.0 45.47487 -0.49999 0.07399 0.0 0.0 0.0 0.0 0.0 0.0 0.0491737059407 78 0 0.985294117647 0.3965569594 -2.07587044323
-0.12623 0.35028 3.35743 -0.12979 0.55971 4.00899400649 0.78258 0.98072 0.30541 0.41196 152.77952 195.62801 147.22542 138.42519 0.3 0.3 0.0 0.0 0.0 0.0 0.0 0.0 0.72115 0.0 0.0 45.47487 -0.49999 0.07399 0.0 0.0 0.0 0.0 0.0 0.0 0.0476306368214 79 0 0.977941176471 0.371437716282 -2.07587044323
-0.12623 0.35028 3.35743 -0.12979 0.55971 3.97791650435 0.78258 0.98072 0.30541 0.41196 152.77952 195.62801 147.22542 138.42519 0.3 0.3 0.0 0.0 0.0 0.0 0.0 0.0 0.72115 0.0 0.0 45.47487 -0.49999 0.07399 0.0 0.0 0.0 0.0 0.0 0.0 0.0477589484486 80 1 0.992647058824 0.376342159952 -1.97852741363
-0.12623 0.35028 3.35743 -0.12979 0.55971 4.01163344706 0.78258 0.98072 0.30541 0.41196 152.77952 195.62801 147.22542 138.42519 0.3 0.3 0.0 0.0 0.0 0.0 0.0 0.0 0.72115 0.0 0.0 45.47487 -0.49999 0.07399 0.0 0.0 0.0 0.0 0.0 0.0 0.0478223289102 81 1 0.985294117647 0.0528784213451 -1.63480903607
-0.12623 0.35028 3.35743 -0.12979 0.55971 3.98864156175 0.78258 0.98072 0.30541 0.41196 152.77952 195.62801 147.22542 138.42519 0.3 0.3 0.0 0.0 0.0 0.0 0.0 0.0 0.72115 0.0 0.0 45.47487 -0.49999 0.07399 0.0 0.0 0.0 0.0 0.0 0.0 0.0483839741833 82 0 0.992647058824 0.405477599547 -1.63480903607
-0.12623 0.35028 3.35743 -0.12979 0.55971 4.01857810138 0.78258 0.98072 0.30541 0.41196 152.77952 195.62801 147.22542 138.42519 0.3 0.3 0.0 0.0 0.0 0.0 0.0 0.0 0.72115 0.0 0.0 45.47487 -0.49999 0.07399 0.0 0.0 0.0 0.0 0.0 0.0 0.0478072751276 83 1 0.992592592593 0.11844985452 -1.64195336743
-0.12623 0.35028 3.35743 -0.12979 0.55971 4.01527767566 0.78258 0.98072 0.30541 0.41196 152.77952 195.62801 147.22542 138.42519 0.3 0.3 0.0 0.0 0.0 0.0 0.0 0.0 0.72115 0.0 0.0 45.47487 -0.49999 0.07399 0.0 0.0 0.0 0.0 0.0 0.0 0.048107257362 84 1 0.985294117647 0.0410625149853 -1.64183397352
-0.12623 0.35028 3.35743 -0.12979 0.55971 4.04488326859 0.78258 0.98072 0.30541 0.41196 152.77952 195.62801 147.22542 138.42519 0.3 0.3 0.0 0.0 0.0 0.0 0.0 0.0 0.72115 0.0 0.0 45.47487 -0.49999 0.07399 0.0 0.0 0.0 0.0 0.0 0.0 0.0481675901264 85 1 1.0 0.273503143133 -1.62815511042
-0.12623 0.35028 3.35743 -0.12979 0.55971 4.05371287185 0.78258 0.98072 0.30541 0.41196 152.77952 195.62801 147.22542 138.42519 0.3 0.3 0.0 0.0 0.0 0.0 0.0 0.0 0.72115 0.0 0.0 45.47487 -0.49999 0.07399 0.0 0.0 0.0 0.0 0.0 0.0 0.0478257515347 86 1 1.0 0.352753136728 -1.60529104781
-0.12623 0.35028 3.35743 -0.12979 0.55971 4.06579410955 0.78258 0.98072 0.30541 0.41196 152.77952 195.62801 147.22542 138.42519 0.3 0.3 0.0 0.0 0.0 0.0 0.0 0.0 0.72115 0.0 0.0 45.47487 -0.49999 0.07399 0.0 0.0 0.0 0.0 0.0 0.0 0.0475753979962 87 1 0.992647058824 0.416132324302 -2.05398892609
-0.12623 0.35028 3.35743 -0.12979 0.55971 4.06312332156 0.78258 0.98072 0.30541 0.41196 152.77952 195.62801 147.22542 138.42519 0.3 0.3 0.0 0.0 0.0 0.0 0.0 0.0 0.72115 0.0 0.0 45.47487 -0.49999 0.07399 0.0 0.0 0.0 0.0 0.0 0.0 0.0465121131949 88 1 0.992647058824 0.403886265184 -1.97752913302
-0.12623 0.35028 3.35743 -0.12979 0.55971 4.10065203567 0.78258 0.98072 0.30541 0.41196 152.77952 195.62801 147.22542 138.42519 0.3 0.3 0.0 0.0 0.0 0.0 0.0 0.0 0.72115 0.0 0.0 45.47487 -0.49999 0.07399 0.0 0.0 0.0 0.0 0.0 0.0 0.046984739772 89 0 0.985401459854 0.475954309457 -1.97752913302
-0.12623 0.35028 3.35743 -0.12979 0.55971 4.01099932776 0.78258 0.98072 0.30541 0.41196 152.77952 195.62801 147.22542 138.42519 0.3 0.3 0.0 0.0 0.0 0.0 0.0 0.0 0.72115 0.0 0.0 45.47487 -0.49999 0.07399 0.0 0.0 0.0 0.0 0.0 0.0 0.0459875065509 90 1 0.985294117647 0.0525624495716 -1.51683874011
-0.12623 0.35028 3.35743 -0.12979 0.55971 4.03059219299 0.78258 0.98072 0.30541 0.41196 152.77952 195.62801 147.22542 138.42519 0.3 0.3 0.0 0.0 0.0 0.0 0.0 0.0 0.72115 0.0 0.0 45.47487 -0.49999 0.07399 0.0 0.0 0.0 0.0 0.0 0.0 0.0450925099681 91 1 1.0 0.407852227232 -1.428175679
-0.12623 0.35028 3.35743 -0.12979 0.55971 4.02771860416 0.78258 0.98072 0.30541 0.41196 152.77952 195.62801 147.22542 138.42519 0.3 0.3 0.0 0.0 0.0 0.0 0.0 0.0 0.72115 0.0 0.0 45.47487 -0.49999 0.07399 0.0 0.0 0.0 0.0 0.0 0.0 0.044662795261 92 1 1.0 0.119503279321 -1.40125342743
-0.12623 0.35028 3.35743 -0.12979 0.55971 4.02620846987 0.78258 0.98072 0.30541 0.41196 152.77952 195.62801 147.22542 138.42519 0.3 0.3 0.0 0.0 0.0 0.0 0.0 0.0 0.72115 0.0 0.0 45.47487 -0.49999 0.07399 0.0 0.0 0.0 0.0 0.0 0.0 0.0455287756666 93 1 1.0 0.410787598642 -1.45576538677
-0.12623 0.35028 3.35743 -0.12979 0.55971 4.04368179504 0.78258 0.98072 0.30541 0.41196 152.77952 195.62801 147.22542 138.42519 0.3 0.3 0.0 0.0 0.0 0.0 0.0 0.0 0.72115 0.0 0.0 45.47487 -0.49999 0.07399 0.0 0.0 0.0 0.0 0.0 0.0 0.0457339613058 94 1 1.0 0.273448318091 -1.46883093965
-0.12623 0.35028 3.35743 -0.12979 0.55971 4.00386495387 0.78258 0.98072 0.30541 0.41196 152.77952 195.62801 147.22542 138.42519 0.3 0.3 0.0 0.0 0.0 0.0 0.0 0.0 0.72115 0.0 0.0 45.47487 -0.49999 0.07399 0.0 0.0 0.0 0.0 0.0 0.0 0.0453971840668 95 0 0.977941176471 0.379081038139 -1.46883093965
-0.12623 0.35028 3.35743 -0.12979 0.55971 4.0639696468 0.78258 0.98072 0.30541 0.41196 152.77952 195.62801 147.22542 138.42519 0.3 0.3 0.0 0.0 0.0 0.0 0.0 0.0 0.72115 0.0 0.0 45.47487 -0.49999 0.07399 0.0 0.0 0.0 0.0 0.0 0.0 0.0464365859593 96 1 0.992647058824 0.415274985547 -2.00044111247
-0.12623 0.35028 3.35743 -0.12979 0.55971 4.05531048328 0.78258 0.98072 0.30541 0.41196 152.77952 195.62801 147.22542 138.42519 0.3 0.3 0.0 0.0 0.0 0.0 0.0 0.0 0.72115 0.0 0.0 45.47487 -0.49999 0.07399 0.0 0.0 0.0 0.0 0.0 0.0 0.0456400210837 97 1 0.992647058824 0.368776404393 -1.85995062158
-0.12623 0.35028 3.35743 -0.12979 0.55971 4.04350905322 0.78258 0.98072 0.30541 0.41196 152.77952 195.62801 147.22542 138.42519 0.3 0.3 0.0 0.0 0.0 0.0 0.0 0.0 0.72115 0.0 0.0 45.47487 -0.49999 0.07399 0.0 0.0 0.0 0.0 0.0 0.0 0.0463499056452 98 1 1.0 0.27345124577 -1.50839590313
-0.12623 0.35028 3.35743 -0.12979 0.55971 4.03016556034 0.78258 0.98072 0.30541 0.41196 152.77952 195.62801 147.22542 138.42519 0.3 0.3 0.0 0.0 0.0 0.0 0.0 0.0 0.72115 0.0 0.0 45.47487 -0.49999 0.07399 0.0 0.0 0.0 0.0 0.0 0.0 0.0465686418694 99 1 1.0 0.408496205863 -1.52257031833
-0.12623 0.35028 3.35743 -0.12979 0.55971 4.05508934365 0.78258 0.98072 0.30541 0.41196 152.77952 195.62801 147.22542 138.42519 0.3 0.3 0.0 0.0 0.0 0.0 0.0 0.0 0.72115 0.0 0.0 45.47487 -0.49999 0.07399 0.0 0.0 0.0 0.0 0.0 0.0 0.0465363057819 100 0 0.992647058824 0.36877018313 -1.52257031833
