-0.12623 0.35028 3.35743 -0.12979 0.55971 3.65405333333 0.78258 0.98072 0.30541 0.41196 152.77952 195.62801 147.22542 138.42519 0.3 0.3 0.0 0.0 0.0 0.0 0.0 0.0 0.72115 0.0 0.0 45.47487 -0.49999 0.07399 0.0 0.0 0.0 0.0 0.0 0.0 0.05 0 1 0.924657534247 1.13512947921 -330.895163
-0.12623 0.35028 3.35743 -0.12979 0.55971 3.67028612332 0.78258 0.98072 0.30541 0.41196 152.77952 195.62801 147.22542 138.42519 0.3 0.3 0.0 0.0 0.0 0.0 0.0 0.0 0.72115 0.0 0.0 45.47487 -0.49999 0.07399 0.0 0.0 0.0 0.0 0.0 0.0 0.0503475277354 1 0 0.917808219178 1.15936616852 -330.895163
-0.12623 0.35028 3.35743 -0.12979 0.55971 3.66294906952 0.78258 0.98072 0.30541 0.41196 152.77952 195.62801 147.22542 138.42519 0.3 0.3 0.0 0.0 0.0 0.0 0.0 0.0 0.72115 0.0 0.0 45.47487 -0.49999 0.07399 0.0 0.0 0.0 0.0 0.0 0.0 0.0496381869659 2 0 0.924657534247 1.1442669407 -330.895163
-0.12623 0.35028 3.35743 -0.12979 0.55971 3.65423742218 0.78258 0.98072 0.30541 0.41196 152.77952 195.62801 147.22542 138.42519 0.3 0.3 0.0 0.0 0.0 0.0 0.0 0.0 0.72115 0.0 0.0 45.47487 -0.49999 0.07399 0.0 0.0 0.0 0.0 0.0 0.0 0.0494969228582 3 0 0.924657534247 1.1351194052 -330.895163
-0.12623 0.35028 3.35743 -0.12979 0.55971 3.67905170442 0.78258 0.98072 0.30541 0.41196 152.77952 195.62801 147.22542 138.42519 0.3 0.3 0.0 0.0 0.0 0.0 0.0 0.0 0.72115 0.0 0.0 45.47487 -0.49999 0.07399 0.0 0.0 0.0 0.0 0.0 0.0 0.0501136645133 4 0 0.918367346939 1.15404611649 -330.895163
-0.12623 0.35028 3.35743 -0.12979 0.55971 3.66108853356 0.78258 0.98072 0.30541 0.41196 152.77952 195.62801 147.22542 138.42519 0.3 0.3 0.0 0.0 0.0 0.0 0.0 0.0 0.72115 0.0 0.0 45.47487 -0.49999 0.07399 0.0 0.0 0.0 0.0 0.0 0.0 0.0502722808141 5 0 0.924657534247 1.15050330383 -330.895163
-0.12623 0.35028 3.35743 -0.12979 0.55971 3.60484454738 0.78258 0.98072 0.30541 0.41196 152.77952 195.62801 147.22542 138.42519 0.3 0.3 0.0 0.0 0.0 0.0 0.0 0.0 0.72115 0.0 0.0 45.47487 -0.49999 0.07399 0.0 0.0 0.0 0.0 0.0 0.0 0.0492619553973 6 0 0.912162162162 1.23478591724 -330.895163
-0.12623 0.35028 3.35743 -0.12979 0.55971 3.66545198919 0.78258 0.98072 0.30541 0.41196 152.77952 195.62801 147.22542 138.42519 0.3 0.3 0.0 0.0 0.0 0.0 0.0 0.0 0.72115 0.0 0.0 45.47487 -0.49999 0.07399 0.0 0.0 0.0 0.0 0.0 0.0 0.050537332964 7 1 0.924657534247 1.1431752808 -328.5542393
-0.12623 0.35028 3.35743 -0.12979 0.55971 3.66523916541 0.78258 0.98072 0.30541 0.41196 152.77952 195.62801 147.22542 138.42519 0.3 0.3 0.0 0.0 0.0 0.0 0.0 0.0 0.72115 0.0 0.0 45.47487 -0.49999 0.07399 0.0 0.0 0.0 0.0 0.0 0.0 0.0511414294309 8 1 0.924657534247 1.14348672844 -321.096813672
-0.12623 0.35028 3.35743 -0.12979 0.55971 3.65648455174 0.78258 0.98072 0.30541 0.41196 152.77952 195.62801 147.22542 138.42519 0.3 0.3 0.0 0.0 0.0 0.0 0.0 0.0 0.72115 0.0 0.0 45.47487 -0.49999 0.07399 0.0 0.0 0.0 0.0 0.0 0.0 0.0511303147579 9 1 0.924657534247 1.13418456694 -316.059366142
-0.12623 0.35028 3.35743 -0.12979 0.55971 3.69511754028 0.78258 0.98072 0.30541 0.41196 152.77952 195.62801 147.22542 138.42519 0.3 0.3 0.0 0.0 0.0 0.0 0.0 0.0 0.72115 0.0 0.0 45.47487 -0.49999 0.07399 0.0 0.0 0.0 0.0 0.0 0.0 0.0521481074655 10 0 0.924137931034 1.16075142659 -316.059366142
-0.12623 0.35028 3.35743 -0.12979 0.55971 3.66676160221 0.78258 0.98072 0.30541 0.41196 152.77952 195.62801 147.22542 138.42519 0.3 0.3 0.0 0.0 0.0 0.0 0.0 0.0 0.72115 0.0 0.0 45.47487 -0.49999 0.07399 0.0 0.0 0.0 0.0 0.0 0.0 0.0515047990722 11 0 0.917808219178 1.1593463614 -316.059366142
-0.12623 0.35028 3.35743 -0.12979 0.55971 3.66691045251 0.78258 0.98072 0.30541 0.41196 152.77952 195.62801 147.22542 138.42519 0.3 0.3 0.0 0.0 0.0 0.0 0.0 0.0 0.72115 0.0 0.0 45.47487 -0.49999 0.07399 0.0 0.0 0.0 0.0 0.0 0.0 0.0513517362123 12 0 0.917808219178 1.15936659076 -316.059366142
-0.12623 0.35028 3.35743 -0.12979 0.55971 3.69079468247 0.78258 0.98072 0.30541 0.41196 152.77952 195.62801 147.22542 138.42519 0.3 0.3 0.0 0.0 0.0 0.0 0.0 0.0 0.72115 0.0 0.0 45.47487 -0.49999 0.07399 0.0 0.0 0.0 0.0 0.0 0.0 0.0520433458403 13 0 0.917808219178 1.1745205818 -316.059366142
-0.12623 0.35028 3.35743 -0.12979 0.55971 3.65555826404 0.78258 0.98072 0.30541 0.41196 152.77952 195.62801 147.22542 138.42519 0.3 0.3 0.0 0.0 0.0 0.0 0.0 0.0 0.72115 0.0 0.0 45.47487 -0.49999 0.07399 0.0 0.0 0.0 0.0 0.0 0.0 0.0516829645028 14 1 0.924657534247 1.13407511783 -309.35535713
-0.12623 0.35028 3.35743 -0.12979 0.55971 3.64398414062 0.78258 0.98072 0.30541 0.41196 152.77952 195.62801 147.22542 138.42519 0.3 0.3 0.0 0.0 0.0 0.0 0.0 0.0 0.72115 0.0 0.0 45.47487 -0.49999 0.07399 0.0 0.0 0.0 0.0 0.0 0.0 0.0523366730832 15 1 0.924657534247 1.12899810499 -299.090673247
-0.12623 0.35028 3.35743 -0.12979 0.55971 3.6225243298 0.78258 0.98072 0.30541 0.41196 152.77952 195.62801 147.22542 138.42519 0.3 0.3 0.0 0.0 0.0 0.0 0.0 0.0 0.72115 0.0 0.0 45.47487 -0.49999 0.07399 0.0 0.0 0.0 0.0 0.0 0.0 0.0523589552305 16 0 0.912162162162 1.06888894122 -299.090673247
-0.12623 0.35028 3.35743 -0.12979 0.55971 3.61506560082 0.78258 0.98072 0.30541 0.41196 152.77952 195.62801 147.22542 138.42519 0.3 0.3 0.0 0.0 0.0 0.0 0.0 0.0 0.72115 0.0 0.0 45.47487 -0.49999 0.07399 0.0 0.0 0.0 0.0 0.0 0.0 0.0524730701305 17 0 0.918367346939 1.149181923 -299.090673247
-0.12623 0.35028 3.35743 -0.12979 0.55971 3.65317230813 0.78258 0.98072 0.30541 0.41196 152.77952 195.62801 147.22542 138.42519 0.3 0.3 0.0 0.0 0.0 0.0 0.0 0.0 0.72115 0.0 0.0 45.47487 -0.49999 0.07399 0.0 0.0 0.0 0.0 0.0 0.0 0.0526355734229 18 1 0.924657534247 1.13471140885 -298.72811632
-0.12623 0.35028 3.35743 -0.12979 0.55971 3.6675087659 0.78258 0.98072 0.30541 0.41196 152.77952 195.62801 147.22542 138.42519 0.3 0.3 0.0 0.0 0.0 0.0 0.0 0.0 0.72115 0.0 0.0 45.47487 -0.49999 0.07399 0.0 0.0 0.0 0.0 0.0 0.0 0.0526911993893 19 0 0.917808219178 1.15936995048 -298.72811632
-0.12623 0.35028 3.35743 -0.12979 0.55971 3.62766269906 0.78258 0.98072 0.30541 0.41196 152.77952 195.62801 147.22542 138.42519 0.3 0.3 0.0 0.0 0.0 0.0 0.0 0.0 0.72115 0.0 0.0 45.47487 -0.49999 0.07399 0.0 0.0 0.0 0.0 0.0 0.0 0.0518920135161 20 0 0.918367346939 1.07284881157 -298.72811632
-0.12623 0.35028 3.35743 -0.12979 0.55971 3.6703247963 0.78258 0.98072 0.30541 0.41196 152.77952 195.62801 147.22542 138.42519 0.3 0.3 0.0 0.0 0.0 0.0 0.0 0.0 0.72115 0.0 0.0 45.47487 -0.49999 0.07399 0.0 0.0 0.0 0.0 0.0 0.0 0.0524533229262 21 0 0.917808219178 1.15937100693 -298.72811632
-0.12623 0.35028 3.35743 -0.12979 0.55971 3.63233407618 0.78258 0.98072 0.30541 0.41196 152.77952 195.62801 147.22542 138.42519 0.3 0.3 0.0 0.0 0.0 0.0 0.0 0.0 0.72115 0.0 0.0 45.47487 -0.49999 0.07399 0.0 0.0 0.0 0.0 0.0 0.0 0.0517635751856 22 0 0.918367346939 1.12355642275 -298.72811632
-0.12623 0.35028 3.35743 -0.12979 0.55971 3.62446200592 0.78258 0.98072 0.30541 0.41196 152.77952 195.62801 147.22542 138.42519 0.3 0.3 0.0 0.0 0.0 0.0 0.0 0.0 0.72115 0.0 0.0 45.47487 -0.49999 0.07399 0.0 0.0 0.0 0.0 0.0 0.0 0.0530715626446 23 0 0.918367346939 1.07030772476 -298.72811632
-0.12623 0.35028 3.35743 -0.12979 0.55971 3.67964101227 0.78258 0.98072 0.30541 0.41196 152.77952 195.62801 147.22542 138.42519 0.3 0.3 0.0 0.0 0.0 0.0 0.0 0.0 0.72115 0.0 0.0 45.47487 -0.49999 0.07399 0.0 0.0 0.0 0.0 0.0 0.0 0.0542361233259 24 0 0.918367346939 1.15405420709 -298.72811632
-0.12623 0.35028 3.35743 -0.12979 0.55971 3.67292982858 0.78258 0.98072 0.30541 0.41196 152.77952 195.62801 147.22542 138.42519 0.3 0.3 0.0 0.0 0.0 0.0 0.0 0.0 0.72115 0.0 0.0 45.47487 -0.49999 0.07399 0.0 0.0 0.0 0.0 0.0 0.0 0.0526265810641 25 0 0.917808219178 1.15884958611 -298.72811632
-0.12623 0.35028 3.35743 -0.12979 0.55971 3.67617473087 0.78258 0.98072 0.30541 0.41196 152.77952 195.62801 147.22542 138.42519 0.3 0.3 0.0 0.0 0.0 0.0 0.0 0.0 0.72115 0.0 0.0 45.47487 -0.49999 0.07399 0.0 0.0 0.0 0.0 0.0 0.0 0.0520939599229 26 0 0.918367346939 1.15484022271 -298.72811632
-0.12623 0.35028 3.35743 -0.12979 0.55971 3.65741713018 0.78258 0.98072 0.30541 0.41196 152.77952 195.62801 147.22542 138.42519 0.3 0.3 0.0 0.0 0.0 0.0 0.0 0.0 0.72115 0.0 0.0 45.47487 -0.49999 0.07399 0.0 0.0 0.0 0.0 0.0 0.0 0.0524164166963 27 0 0.924657534247 1.14902613874 -298.72811632
-0.12623 0.35028 3.35743 -0.12979 0.55971 3.66980071293 0.78258 0.98072 0.30541 0.41196 152.77952 195.62801 147.22542 138.42519 0.3 0.3 0.0 0.0 0.0 0.0 0.0 0.0 0.72115 0.0 0.0 45.47487 -0.49999 0.07399 0.0 0.0 0.0 0.0 0.0 0.0 0.053488197971 28 0 0.917808219178 1.15931240825 -298.72811632
-0.12623 0.35028 3.35743 -0.12979 0.55971 3.64666742424 0.78258 0.98072 0.30541 0.41196 152.77952 195.62801 147.22542 138.42519 0.3 0.3 0.0 0.0 0.0 0.0 0.0 0.0 0.72115 0.0 0.0 45.47487 -0.49999 0.07399 0.0 0.0 0.0 0.0 0.0 0.0 0.0520401734242 29 0 0.924657534247 1.13096940261 -298.72811632
-0.12623 0.35028 3.35743 -0.12979 0.55971 3.62576602047 0.78258 0.98072 0.30541 0.41196 152.77952 195.62801 147.22542 138.42519 0.3 0.3 0.0 0.0 0.0 0.0 0.0 0.0 0.72115 0.0 0.0 45.47487 -0.49999 0.07399 0.0 0.0 0.0 0.0 0.0 0.0 0.0527173580901 30 0 0.918367346939 1.07320752441 -298.72811632
-0.12623 0.35028 3.35743 -0.12979 0.55971 3.63853033915 0.78258 0.98072 0.30541 0.41196 152.77952 195.62801 147.22542 138.42519 0.3 0.3 0.0 0.0 0.0 0.0 0.0 0.0 0.72115 0.0 0.0 45.47487 -0.49999 0.07399 0.0 0.0 0.0 0.0 0.0 0.0 0.0533594201149 31 1 0.924657534247 1.09877267005 -272.780465192
-0.12623 0.35028 3.35743 -0.12979 0.55971 3.59226703594 0.78258 0.98072 0.30541 0.41196 152.77952 195.62801 147.22542 138.42519 0.3 0.3 0.0 0.0 0.0 0.0 0.0 0.0 0.72115 0.0 0.0 45.47487 -0.49999 0.07399 0.0 0.0 0.0 0.0 0.0 0.0 0.0532824158186 32 0 0.912162162162 1.20279646269 -272.780465192
-0.12623 0.35028 3.35743 -0.12979 0.55971 3.63726350413 0.78258 0.98072 0.30541 0.41196 152.77952 195.62801 147.22542 138.42519 0.3 0.3 0.0 0.0 0.0 0.0 0.0 0.0 0.72115 0.0 0.0 45.47487 -0.49999 0.07399 0.0 0.0 0.0 0.0 0.0 0.0 0.0550240073895 33 1 0.924657534247 1.09192721829 -253.606775238
-0.12623 0.35028 3.35743 -0.12979 0.55971 3.63546644976 0.78258 0.98072 0.30541 0.41196 152.77952 195.62801 147.22542 138.42519 0.3 0.3 0.0 0.0 0.0 0.0 0.0 0.0 0.72115 0.0 0.0 45.47487 -0.49999 0.07399 0.0 0.0 0.0 0.0 0.0 0.0 0.0549456260234 34 0 0.924657534247 1.10126774022 -253.606775238
-0.12623 0.35028 3.35743 -0.12979 0.55971 3.65977949248 0.78258 0.98072 0.30541 0.41196 152.77952 195.62801 147.22542 138.42519 0.3 0.3 0.0 0.0 0.0 0.0 0.0 0.0 0.72115 0.0 0.0 45.47487 -0.49999 0.07399 0.0 0.0 0.0 0.0 0.0 0.0 0.0543201953333 35 0 0.924657534247 1.14834526028 -253.606775238
-0.12623 0.35028 3.35743 -0.12979 0.55971 3.63609383312 0.78258 0.98072 0.30541 0.41196 152.77952 195.62801 147.22542 138.42519 0.3 0.3 0.0 0.0 0.0 0.0 0.0 0.0 0.72115 0.0 0.0 45.47487 -0.49999 0.07399 0.0 0.0 0.0 0.0 0.0 0.0 0.0556428988133 36 1 0.924657534247 1.09572227564 -249.803447772
-0.12623 0.35028 3.35743 -0.12979 0.55971 3.62624012501 0.78258 0.98072 0.30541 0.41196 152.77952 195.62801 147.22542 138.42519 0.3 0.3 0.0 0.0 0.0 0.0 0.0 0.0 0.72115 0.0 0.0 45.47487 -0.49999 0.07399 0.0 0.0 0.0 0.0 0.0 0.0 0.0552720212564 37 0 0.918367346939 1.07336828666 -249.803447772
-0.12623 0.35028 3.35743 -0.12979 0.55971 3.59967637562 0.78258 0.98072 0.30541 0.41196 152.77952 195.62801 147.22542 138.42519 0.3 0.3 0.0 0.0 0.0 0.0 0.0 0.0 0.72115 0.0 0.0 45.47487 -0.49999 0.07399 0.0 0.0 0.0 0.0 0.0 0.0 0.0564108936046 38 0 0.912162162162 1.20184168349 -249.803447772
-0.12623 0.35028 3.35743 -0.12979 0.55971 3.62772192409 0.78258 0.98072 0.30541 0.41196 152.77952 195.62801 147.22542 138.42519 0.3 0.3 0.0 0.0 0.0 0.0 0.0 0.0 0.72115 0.0 0.0 45.47487 -0.49999 0.07399 0.0 0.0 0.0 0.0 0.0 0.0 0.0558180858231 39 0 0.918367346939 1.07284891806 -249.803447772
-0.12623 0.35028 3.35743 -0.12979 0.55971 3.61258028488 0.78258 0.98072 0.30541 0.41196 152.77952 195.62801 147.22542 138.42519 0.3 0.3 0.0 0.0 0.0 0.0 0.0 0.0 0.72115 0.0 0.0 45.47487 -0.49999 0.07399 0.0 0.0 0.0 0.0 0.0 0.0 0.0535915625484 40 0 0.918367346939 1.15671879815 -249.803447772
-0.12623 0.35028 3.35743 -0.12979 0.55971 3.65578116999 0.78258 0.98072 0.30541 0.41196 152.77952 195.62801 147.22542 138.42519 0.3 0.3 0.0 0.0 0.0 0.0 0.0 0.0 0.72115 0.0 0.0 45.47487 -0.49999 0.07399 0.0 0.0 0.0 0.0 0.0 0.0 0.0555503642999 41 0 0.924657534247 1.13405224723 -249.803447772
-0.12623 0.35028 3.35743 -0.12979 0.55971 3.64577963896 0.78258 0.98072 0.30541 0.41196 152.77952 195.62801 147.22542 138.42519 0.3 0.3 0.0 0.0 0.0 0.0 0.0 0.0 0.72115 0.0 0.0 45.47487 -0.49999 0.07399 0.0 0.0 0.0 0.0 0.0 0.0 0.0563570063886 42 0 0.924657534247 1.13025772655 -249.803447772
-0.12623 0.35028 3.35743 -0.12979 0.55971 3.64655050442 0.78258 0.98072 0.30541 0.41196 152.77952 195.62801 147.22542 138.42519 0.3 0.3 0.0 0.0 0.0 0.0 0.0 0.0 0.72115 0.0 0.0 45.47487 -0.49999 0.07399 0.0 0.0 0.0 0.0 0.0 0.0 0.0560600996421 43 0 0.924657534247 1.13096925525 -249.803447772
-0.12623 0.35028 3.35743 -0.12979 0.55971 3.62355679316 0.78258 0.98072 0.30541 0.41196 152.77952 195.62801 147.22542 138.42519 0.3 0.3 0.0 0.0 0.0 0.0 0.0 0.0 0.72115 0.0 0.0 45.47487 -0.49999 0.07399 0.0 0.0 0.0 0.0 0.0 0.0 0.0549718965822 44 0 0.918367346939 1.06969800002 -249.803447772
-0.12623 0.35028 3.35743 -0.12979 0.55971 3.63320255944 0.78258 0.98072 0.30541 0.41196 152.77952 195.62801 147.22542 138.42519 0.3 0.3 0.0 0.0 0.0 0.0 0.0 0.0 0.72115 0.0 0.0 45.47487 -0.49999 0.07399 0.0 0.0 0.0 0.0 0.0 0.0 0.0546094641013 45 0 0.924657534247 1.12056440832 -249.803447772
-0.12623 0.35028 3.35743 -0.12979 0.55971 3.58409473863 0.78258 0.98072 0.30541 0.41196 152.77952 195.62801 147.22542 138.42519 0.3 0.3 0.0 0.0 0.0 0.0 0.0 0.0 0.72115 0.0 0.0 45.47487 -0.49999 0.07399 0.0 0.0 0.0 0.0 0.0 0.0 0.0576382778482 46 0 0.912162162162 1.24244561589 -249.803447772
-0.12623 0.35028 3.35743 -0.12979 0.55971 3.66418907092 0.78258 0.98072 0.30541 0.41196 152.77952 195.62801 147.22542 138.42519 0.3 0.3 0.0 0.0 0.0 0.0 0.0 0.0 0.72115 0.0 0.0 45.47487 -0.49999 0.07399 0.0 0.0 0.0 0.0 0.0 0.0 0.0553148394461 47 0 0.924657534247 1.14332321171 -249.803447772
-0.12623 0.35028 3.35743 -0.12979 0.55971 3.58371084941 0.78258 0.98072 0.30541 0.41196 152.77952 195.62801 147.22542 138.42519 0.3 0.3 0.0 0.0 0.0 0.0 0.0 0.0 0.72115 0.0 0.0 45.47487 -0.49999 0.07399 0.0 0.0 0.0 0.0 0.0 0.0 0.0545753883984 48 0 0.912162162162 1.24263182085 -249.803447772
-0.12623 0.35028 3.35743 -0.12979 0.55971 3.6633877505 0.78258 0.98072 0.30541 0.41196 152.77952 195.62801 147.22542 138.42519 0.3 0.3 0.0 0.0 0.0 0.0 0.0 0.0 0.72115 0.0 0.0 45.47487 -0.49999 0.07399 0.0 0.0 0.0 0.0 0.0 0.0 0.0560762780847 49 0 0.924657534247 1.14301332892 -249.803447772
-0.12623 0.35028 3.35743 -0.12979 0.55971 3.64878945098 0.78258 0.98072 0.30541 0.41196 152.77952 195.62801 147.22542 138.42519 0.3 0.3 0.0 0.0 0.0 0.0 0.0 0.0 0.72115 0.0 0.0 45.47487 -0.49999 0.07399 0.0 0.0 0.0 0.0 0.0 0.0 0.0558758821876 50 0 0.924657534247 1.13581795439 -249.803447772
-0.12623 0.35028 3.35743 -0.12979 0.55971 3.63942170943 0.78258 0.98072 0.30541 0.41196 152.77952 195.62801 147.22542 138.42519 0.3 0.3 0.0 0.0 0.0 0.0 0.0 0.0 0.72115 0.0 0.0 45.47487 -0.49999 0.07399 0.0 0.0 0.0 0.0 0.0 0.0 0.0549776990546 51 0 0.924657534247 1.09628378012 -249.803447772
-0.12623 0.35028 3.35743 -0.12979 0.55971 3.6431643497 0.78258 0.98072 0.30541 0.41196 152.77952 195.62801 147.22542 138.42519 0.3 0.3 0.0 0.0 0.0 0.0 0.0 0.0 0.72115 0.0 0.0 45.47487 -0.49999 0.07399 0.0 0.0 0.0 0.0 0.0 0.0 0.0552726898322 52 0 0.924657534247 1.12876788209 -249.803447772
-0.12623 0.35028 3.35743 -0.12979 0.55971 3.62848147601 0.78258 0.98072 0.30541 0.41196 152.77952 195.62801 147.22542 138.42519 0.3 0.3 0.0 0.0 0.0 0.0 0.0 0.0 0.72115 0.0 0.0 45.47487 -0.49999 0.07399 0.0 0.0 0.0 0.0 0.0 0.0 0.0558159982187 53 0 0.918367346939 1.11163233141 -249.803447772
-0.12623 0.35028 3.35743 -0.12979 0.55971 3.64777802253 0.78258 0.98072 0.30541 0.41196 152.77952 195.62801 147.22542 138.42519 0.3 0.3 0.0 0.0 0.0 0.0 0.0 0.0 0.72115 0.0 0.0 45.47487 -0.49999 0.07399 0.0 0.0 0.0 0.0 0.0 0.0 0.0564355682055 54 0 0.924657534247 1.13582131122 -249.803447772
-0.12623 0.35028 3.35743 -0.12979 0.55971 3.62758803726 0.78258 0.98072 0.30541 0.41196 152.77952 195.62801 147.22542 138.42519 0.3 0.3 0.0 0.0 0.0 0.0 0.0 0.0 0.72115 0.0 0.0 45.47487 -0.49999 0.07399 0.0 0.0 0.0 0.0 0.0 0.0 0.0548786424963 55 0 0.918367346939 1.07284690187 -249.803447772
-0.12623 0.35028 3.35743 -0.12979 0.55971 3.64224713355 0.78258 0.98072 0.30541 0.41196 152.77952 195.62801 147.22542 138.42519 0.3 0.3 0.0 0.0 0.0 0.0 0.0 0.0 0.72115 0.0 0.0 45.47487 -0.49999 0.07399 0.0 0.0 0.0 0.0 0.0 0.0 0.0559312029339 56 1 0.924657534247 1.09204514146 -245.637158666
-0.12623 0.35028 3.35743 -0.12979 0.55971 3.62436302771 0.78258 0.98072 0.30541 0.41196 152.77952 195.62801 147.22542 138.42519 0.3 0.3 0.0 0.0 0.0 0.0 0.0 0.0 0.72115 0.0 0.0 45.47487 -0.49999 0.07399 0.0 0.0 0.0 0.0 0.0 0.0 0.0556998763546 57 0 0.918367346939 1.07031091513 -245.637158666
-0.12623 0.35028 3.35743 -0.12979 0.55971 3.63756334384 0.78258 0.98072 0.30541 0.41196 152.77952 195.62801 147.22542 138.42519 0.3 0.3 0.0 0.0 0.0 0.0 0.0 0.0 0.72115 0.0 0.0 45.47487 -0.49999 0.07399 0.0 0.0 0.0 0.0 0.0 0.0 0.0576563106307 58 1 0.924657534247 1.09191767877 -231.369232598
-0.12623 0.35028 3.35743 -0.12979 0.55971 3.65445210613 0.78258 0.98072 0.30541 0.41196 152.77952 195.62801 147.22542 138.42519 0.3 0.3 0.0 0.0 0.0 0.0 0.0 0.0 0.72115 0.0 0.0 45.47487 -0.49999 0.07399 0.0 0.0 0.0 0.0 0.0 0.0 0.0576045069032 59 0 0.924657534247 1.13474197141 -231.369232598
-0.12623 0.35028 3.35743 -0.12979 0.55971 3.64460121804 0.78258 0.98072 0.30541 0.41196 152.77952 195.62801 147.22542 138.42519 0.3 0.3 0.0 0.0 0.0 0.0 0.0 0.0 0.72115 0.0 0.0 45.47487 -0.49999 0.07399 0.0 0.0 0.0 0.0 0.0 0.0 0.0574043348444 60 0 0.924657534247 1.1289799936 -231.369232598
-0.12623 0.35028 3.35743 -0.12979 0.55971 3.63820321701 0.78258 0.98072 0.30541 0.41196 152.77952 195.62801 147.22542 138.42519 0.3 0.3 0.0 0.0 0.0 0.0 0.0 0.0 0.72115 0.0 0.0 45.47487 -0.49999 0.07399 0.0 0.0 0.0 0.0 0.0 0.0 0.0575060692797 61 0 0.924657534247 1.09878873049 -231.369232598
-0.12623 0.35028 3.35743 -0.12979 0.55971 3.65572491649 0.78258 0.98072 0.30541 0.41196 152.77952 195.62801 147.22542 138.42519 0.3 0.3 0.0 0.0 0.0 0.0 0.0 0.0 0.72115 0.0 0.0 45.47487 -0.49999 0.07399 0.0 0.0 0.0 0.0 0.0 0.0 0.0588632864979 62 0 0.924657534247 1.13405619739 -231.369232598
-0.12623 0.35028 3.35743 -0.12979 0.55971 3.64632598638 0.78258 0.98072 0.30541 0.41196 152.77952 195.62801 147.22542 138.42519 0.3 0.3 0.0 0.0 0.0 0.0 0.0 0.0 0.72115 0.0 0.0 45.47487 -0.49999 0.07399 0.0 0.0 0.0 0.0 0.0 0.0 0.0573047542822 63 0 0.924657534247 1.13021399663 -231.369232598
-0.12623 0.35028 3.35743 -0.12979 0.55971 3.62099016654 0.78258 0.98072 0.30541 0.41196 152.77952 195.62801 147.22542 138.42519 0.3 0.3 0.0 0.0 0.0 0.0 0.0 0.0 0.72115 0.0 0.0 45.47487 -0.49999 0.07399 0.0 0.0 0.0 0.0 0.0 0.0 0.0580936019728 64 0 0.912162162162 1.06544831382 -231.369232598
-0.12623 0.35028 3.35743 -0.12979 0.55971 3.64580976184 0.78258 0.98072 0.30541 0.41196 152.77952 195.62801 147.22542 138.42519 0.3 0.3 0.0 0.0 0.0 0.0 0.0 0.0 0.72115 0.0 0.0 45.47487 -0.49999 0.07399 0.0 0.0 0.0 0.0 0.0 0.0 0.0576515465655 65 0 0.924657534247 1.13099161046 -231.369232598
-0.12623 0.35028 3.35743 -0.12979 0.55971 3.56760031088 0.78258 0.98072 0.30541 0.41196 152.77952 195.62801 147.22542 138.42519 0.3 0.3 0.0 0.0 0.0 0.0 0.0 0.0 0.72115 0.0 0.0 45.47487 -0.49999 0.07399 0.0 0.0 0.0 0.0 0.0 0.0 0.057604959094 66 0 0.912162162162 1.30488326302 -231.369232598
-0.12623 0.35028 3.35743 -0.12979 0.55971 3.62302701607 0.78258 0.98072 0.30541 0.41196 152.77952 195.62801 147.22542 138.42519 0.3 0.3 0.0 0.0 0.0 0.0 0.0 0.0 0.72115 0.0 0.0 45.47487 -0.49999 0.07399 0.0 0.0 0.0 0.0 0.0 0.0 0.0573854294797 67 0 0.912162162162 1.09704567638 -231.369232598
-0.12623 0.35028 3.35743 -0.12979 0.55971 3.62602748338 0.78258 0.98072 0.30541 0.41196 152.77952 195.62801 147.22542 138.42519 0.3 0.3 0.0 0.0 0.0 0.0 0.0 0.0 0.72115 0.0 0.0 45.47487 -0.49999 0.07399 0.0 0.0 0.0 0.0 0.0 0.0 0.0574324321928 68 0 0.918367346939 1.07347139122 -231.369232598
-0.12623 0.35028 3.35743 -0.12979 0.55971 3.63726701634 0.78258 0.98072 0.30541 0.41196 152.77952 195.62801 147.22542 138.42519 0.3 0.3 0.0 0.0 0.0 0.0 0.0 0.0 0.72115 0.0 0.0 45.47487 -0.49999 0.07399 0.0 0.0 0.0 0.0 0.0 0.0 0.0576831563525 69 1 0.924657534247 1.09192645434 -231.161910579
-0.12623 0.35028 3.35743 -0.12979 0.55971 3.67469114677 0.78258 0.98072 0.30541 0.41196 152.77952 195.62801 147.22542 138.42519 0.3 0.3 0.0 0.0 0.0 0.0 0.0 0.0 0.72115 0.0 0.0 45.47487 -0.49999 0.07399 0.0 0.0 0.0 0.0 0.0 0.0 0.0583366062855 70 0 0.918367346939 1.15537261906 -231.161910579
-0.12623 0.35028 3.35743 -0.12979 0.55971 3.64448608084 0.78258 0.98072 0.30541 0.41196 152.77952 195.62801 147.22542 138.42519 0.3 0.3 0.0 0.0 0.0 0.0 0.0 0.0 0.72115 0.0 0.0 45.47487 -0.49999 0.07399 0.0 0.0 0.0 0.0 0.0 0.0 0.058016844607 71 0 0.924657534247 1.12898686684 -231.161910579
-0.12623 0.35028 3.35743 -0.12979 0.55971 3.63295380706 0.78258 0.98072 0.30541 0.41196 152.77952 195.62801 147.22542 138.42519 0.3 0.3 0.0 0.0 0.0 0.0 0.0 0.0 0.72115 0.0 0.0 45.47487 -0.49999 0.07399 0.0 0.0 0.0 0.0 0.0 0.0 0.0577254837966 72 0 0.924657534247 1.1205656721 -231.161910579
-0.12623 0.35028 3.35743 -0.12979 0.55971 3.67324090329 0.78258 0.98072 0.30541 0.41196 152.77952 195.62801 147.22542 138.42519 0.3 0.3 0.0 0.0 0.0 0.0 0.0 0.0 0.72115 0.0 0.0 45.47487 -0.49999 0.07399 0.0 0.0 0.0 0.0 0.0 0.0 0.057618535678 73 0 0.917808219178 1.15905163984 -231.161910579
-0.12623 0.35028 3.35743 -0.12979 0.55971 3.64952869347 0.78258 0.98072 0.30541 0.41196 152.77952 195.62801 147.22542 138.42519 0.3 0.3 0.0 0.0 0.0 0.0 0.0 0.0 0.72115 0.0 0.0 45.47487 -0.49999 0.07399 0.0 0.0 0.0 0.0 0.0 0.0 0.0580038428203 74 0 0.924657534247 1.135714952 -231.161910579
-0.12623 0.35028 3.35743 -0.12979 0.55971 3.63881588291 0.78258 0.98072 0.30541 0.41196 152.77952 195.62801 147.22542 138.42519 0.3 0.3 0.0 0.0 0.0 0.0 0.0 0.0 0.72115 0.0 0.0 45.47487 -0.49999 0.07399 0.0 0.0 0.0 0.0 0.0 0.0 0.0581796569547 75 1 0.924657534247 1.09631693742 -229.125275659
-0.12623 0.35028 3.35743 -0.12979 0.55971 3.63773579084 0.78258 0.98072 0.30541 0.41196 152.77952 195.62801 147.22542 138.42519 0.3 0.3 0.0 0.0 0.0 0.0 0.0 0.0 0.72115 0.0 0.0 45.47487 -0.49999 0.07399 0.0 0.0 0.0 0.0 0.0 0.0 0.0587507873468 76 1 0.924657534247 1.09863162238 -225.724171383
-0.12623 0.35028 3.35743 -0.12979 0.55971 3.63299168273 0.78258 0.98072 0.30541 0.41196 152.77952 195.62801 147.22542 138.42519 0.3 0.3 0.0 0.0 0.0 0.0 0.0 0.0 0.72115 0.0 0.0 45.47487 -0.49999 0.07399 0.0 0.0 0.0 0.0 0.0 0.0 0.0588176693091 77 0 0.924657534247 1.12056799686 -225.724171383
-0.12623 0.35028 3.35743 -0.12979 0.55971 3.63896782721 0.78258 0.98072 0.30541 0.41196 152.77952 195.62801 147.22542 138.42519 0.3 0.3 0.0 0.0 0.0 0.0 0.0 0.0 0.72115 0.0 0.0 45.47487 -0.49999 0.07399 0.0 0.0 0.0 0.0 0.0 0.0 0.0584247705629 78 1 0.924657534247 1.09631000757 -227.243538839
-0.12623 0.35028 3.35743 -0.12979 0.55971 3.65313337304 0.78258 0.98072 0.30541 0.41196 152.77952 195.62801 147.22542 138.42519 0.3 0.3 0.0 0.0 0.0 0.0 0.0 0.0 0.72115 0.0 0.0 45.47487 -0.49999 0.07399 0.0 0.0 0.0 0.0 0.0 0.0 0.0583616949788 79 0 0.924657534247 1.134713339 -227.243538839
-0.12623 0.35028 3.35743 -0.12979 0.55971 3.59673007598 0.78258 0.98072 0.30541 0.41196 152.77952 195.62801 147.22542 138.42519 0.3 0.3 0.0 0.0 0.0 0.0 0.0 0.0 0.72115 0.0 0.0 45.47487 -0.49999 0.07399 0.0 0.0 0.0 0.0 0.0 0.0 0.057210571923 80 0 0.912162162162 1.19040933272 -227.243538839
-0.12623 0.35028 3.35743 -0.12979 0.55971 3.67288091466 0.78258 0.98072 0.30541 0.41196 152.77952 195.62801 147.22542 138.42519 0.3 0.3 0.0 0.0 0.0 0.0 0.0 0.0 0.72115 0.0 0.0 45.47487 -0.49999 0.07399 0.0 0.0 0.0 0.0 0.0 0.0 0.0585189212694 81 0 0.917808219178 1.15884567339 -227.243538839
-0.12623 0.35028 3.35743 -0.12979 0.55971 3.64456225807 0.78258 0.98072 0.30541 0.41196 152.77952 195.62801 147.22542 138.42519 0.3 0.3 0.0 0.0 0.0 0.0 0.0 0.0 0.72115 0.0 0.0 45.47487 -0.49999 0.07399 0.0 0.0 0.0 0.0 0.0 0.0 0.0586630986014 82 0 0.924657534247 1.12897652113 -227.243538839
-0.12623 0.35028 3.35743 -0.12979 0.55971 3.59545395669 0.78258 0.98072 0.30541 0.41196 152.77952 195.62801 147.22542 138.42519 0.3 0.3 0.0 0.0 0.0 0.0 0.0 0.0 0.72115 0.0 0.0 45.47487 -0.49999 0.07399 0.0 0.0 0.0 0.0 0.0 0.0 0.0588982786875 83 0 0.912162162162 1.20140391337 -227.243538839
-0.12623 0.35028 3.35743 -0.12979 0.55971 3.62991085545 0.78258 0.98072 0.30541 0.41196 152.77952 195.62801 147.22542 138.42519 0.3 0.3 0.0 0.0 0.0 0.0 0.0 0.0 0.72115 0.0 0.0 45.47487 -0.49999 0.07399 0.0 0.0 0.0 0.0 0.0 0.0 0.0570034974633 84 0 0.918367346939 1.11663243807 -227.243538839
-0.12623 0.35028 3.35743 -0.12979 0.55971 3.63985996884 0.78258 0.98072 0.30541 0.41196 152.77952 195.62801 147.22542 138.42519 0.3 0.3 0.0 0.0 0.0 0.0 0.0 0.0 0.72115 0.0 0.0 45.47487 -0.49999 0.07399 0.0 0.0 0.0 0.0 0.0 0.0 0.0584251292638 85 1 0.924657534247 1.09625286544 -227.217367724
-0.12623 0.35028 3.35743 -0.12979 0.55971 3.64625559402 0.78258 0.98072 0.30541 0.41196 152.77952 195.62801 147.22542 138.42519 0.3 0.3 0.0 0.0 0.0 0.0 0.0 0.0 0.72115 0.0 0.0 45.47487 -0.49999 0.07399 0.0 0.0 0.0 0.0 0.0 0.0 0.0585167936647 86 0 0.924657534247 1.13021911655 -227.217367724
-0.12623 0.35028 3.35743 -0.12979 0.55971 3.64483048101 0.78258 0.98072 0.30541 0.41196 152.77952 195.62801 147.22542 138.42519 0.3 0.3 0.0 0.0 0.0 0.0 0.0 0.0 0.72115 0.0 0.0 45.47487 -0.49999 0.07399 0.0 0.0 0.0 0.0 0.0 0.0 0.0582729583677 87 0 0.924657534247 1.12901564959 -227.217367724
-0.12623 0.35028 3.35743 -0.12979 0.55971 3.63608542949 0.78258 0.98072 0.30541 0.41196 152.77952 195.62801 147.22542 138.42519 0.3 0.3 0.0 0.0 0.0 0.0 0.0 0.0 0.72115 0.0 0.0 45.47487 -0.49999 0.07399 0.0 0.0 0.0 0.0 0.0 0.0 0.0587599502296 88 1 0.924657534247 1.09572056239 -224.47379556
-0.12623 0.35028 3.35743 -0.12979 0.55971 3.63202760336 0.78258 0.98072 0.30541 0.41196 152.77952 195.62801 147.22542 138.42519 0.3 0.3 0.0 0.0 0.0 0.0 0.0 0.0 0.72115 0.0 0.0 45.47487 -0.49999 0.07399 0.0 0.0 0.0 0.0 0.0 0.0 0.0584223395186 89 0 0.918367346939 1.12355518545 -224.47379556
-0.12623 0.35028 3.35743 -0.12979 0.55971 3.66948140743 0.78258 0.98072 0.30541 0.41196 152.77952 195.62801 147.22542 138.42519 0.3 0.3 0.0 0.0 0.0 0.0 0.0 0.0 0.72115 0.0 0.0 45.47487 -0.49999 0.07399 0.0 0.0 0.0 0.0 0.0 0.0 0.0579719344481 90 0 0.917808219178 1.15935281659 -224.47379556
-0.12623 0.35028 3.35743 -0.12979 0.55971 3.63076988228 0.78258 0.98072 0.30541 0.41196 152.77952 195.62801 147.22542 138.42519 0.3 0.3 0.0 0.0 0.0 0.0 0.0 0.0 0.72115 0.0 0.0 45.47487 -0.49999 0.07399 0.0 0.0 0.0 0.0 0.0 0.0 0.0584607206248 91 0 0.918367346939 1.1167555167 -224.47379556
-0.12623 0.35028 3.35743 -0.12979 0.55971 3.59868325933 0.78258 0.98072 0.30541 0.41196 152.77952 195.62801 147.22542 138.42519 0.3 0.3 0.0 0.0 0.0 0.0 0.0 0.0 0.72115 0.0 0.0 45.47487 -0.49999 0.07399 0.0 0.0 0.0 0.0 0.0 0.0 0.0588767850189 92 0 0.912162162162 1.20305043746 -224.47379556
-0.12623 0.35028 3.35743 -0.12979 0.55971 3.63198241445 0.78258 0.98072 0.30541 0.41196 152.77952 195.62801 147.22542 138.42519 0.3 0.3 0.0 0.0 0.0 0.0 0.0 0.0 0.72115 0.0 0.0 45.47487 -0.49999 0.07399 0.0 0.0 0.0 0.0 0.0 0.0 0.0588526619481 93 0 0.918367346939 1.12355291085 -224.47379556
-0.12623 0.35028 3.35743 -0.12979 0.55971 3.59007546217 0.78258 0.98072 0.30541 0.41196 152.77952 195.62801 147.22542 138.42519 0.3 0.3 0.0 0.0 0.0 0.0 0.0 0.0 0.72115 0.0 0.0 45.47487 -0.49999 0.07399 0.0 0.0 0.0 0.0 0.0 0.0 0.0575833182956 94 0 0.912162162162 1.20423326372 -224.47379556
-0.12623 0.35028 3.35743 -0.12979 0.55971 3.64389463362 0.78258 0.98072 0.30541 0.41196 152.77952 195.62801 147.22542 138.42519 0.3 0.3 0.0 0.0 0.0 0.0 0.0 0.0 0.72115 0.0 0.0 45.47487 -0.49999 0.07399 0.0 0.0 0.0 0.0 0.0 0.0 0.0594610969642 95 0 0.924657534247 1.12938487665 -224.47379556
-0.12623 0.35028 3.35743 -0.12979 0.55971 3.7129630675 0.78258 0.98072 0.30541 0.41196 152.77952 195.62801 147.22542 138.42519 0.3 0.3 0.0 0.0 0.0 0.0 0.0 0.0 0.72115 0.0 0.0 45.47487 -0.49999 0.07399 0.0 0.0 0.0 0.0 0.0 0.0 0.0584570527383 96 1 0.923611111111 1.05597012074 -216.601209504
-0.12623 0.35028 3.35743 -0.12979 0.55971 3.71821423072 0.78258 0.98072 0.30541 0.41196 152.77952 195.62801 147.22542 138.42519 0.3 0.3 0.0 0.0 0.0 0.0 0.0 0.0 0.72115 0.0 0.0 45.47487 -0.49999 0.07399 0.0 0.0 0.0 0.0 0.0 0.0 0.0587182719538 97 1 0.923611111111 1.04662231856 -210.978475674
-0.12623 0.35028 3.35743 -0.12979 0.55971 3.7196301874 0.78258 0.98072 0.30541 0.41196 152.77952 195.62801 147.22542 138.42519 0.3 0.3 0.0 0.0 0.0 0.0 0.0 0.0 0.72115 0.0 0.0 45.47487 -0.49999 0.07399 0.0 0.0 0.0 0.0 0.0 0.0 0.0583753525526 98 1 0.93006993007 1.05684185083 -182.702294674
-0.12623 0.35028 3.35743 -0.12979 0.55971 3.71183914428 0.78258 0.98072 0.30541 0.41196 152.77952 195.62801 147.22542 138.42519 0.3 0.3 0.0 0.0 0.0 0.0 0.0 0.0 0.72115 0.0 0.0 45.47487 -0.49999 0.07399 0.0 0.0 0.0 0.0 0.0 0.0 0.0573486859097 99 0 0.91724137931 1.11126757233 -182.702294674
-0.12623 0.35028 3.35743 -0.12979 0.55971 3.7023084272 0.78258 0.98072 0.30541 0.41196 152.77952 195.62801 147.22542 138.42519 0.3 0.3 0.0 0.0 0.0 0.0 0.0 0.0 0.72115 0.0 0.0 45.47487 -0.49999 0.07399 0.0 0.0 0.0 0.0 0.0 0.0 0.0595683373264 100 0 0.91724137931 1.12021888146 -182.702294674
