-0.12623 0.35028 3.35743 -0.12979 0.55971 3.92072 0.78258 0.98072 0.30541 0.41196 152.77952 195.62801 147.22542 138.42519 0.3 0.3 0.0 0.0 0.0 0.0 0.0 0.0 0.72115 0.0 0.0 45.47487 -0.49999 0.07399 0.0 0.0 0.0 0.0 0.0 0.0 0.05 0 1 0.992647058824 0.527047538075 -2.42923542155
-0.12623 0.35028 3.35743 -0.12979 0.55971 3.92252775683 0.78258 0.98072 0.30541 0.41196 152.77952 195.62801 147.22542 138.42519 0.3 0.3 0.0 0.0 0.0 0.0 0.0 0.0 0.72115 0.0 0.0 45.47487 -0.49999 0.07399 0.0 0.0 0.0 0.0 0.0 0.0 0.0498827235166 1 1 0.992647058824 0.528136219462 -2.42707267802
-0.12623 0.35028 3.35743 -0.12979 0.55971 3.90596579158 0.78258 0.98072 0.30541 0.41196 152.77952 195.62801 147.22542 138.42519 0.3 0.3 0.0 0.0 0.0 0.0 0.0 0.0 0.72115 0.0 0.0 45.47487 -0.49999 0.07399 0.0 0.0 0.0 0.0 0.0 0.0 0.0490437175708 2 0 0.964285714286 0.627450949521 -2.42707267802
-0.12623 0.35028 3.35743 -0.12979 0.55971 3.96585754705 0.78258 0.98072 0.30541 0.41196 152.77952 195.62801 147.22542 138.42519 0.3 0.3 0.0 0.0 0.0 0.0 0.0 0.0 0.72115 0.0 0.0 45.47487 -0.49999 0.07399 0.0 0.0 0.0 0.0 0.0 0.0 0.0490172986771 3 1 0.985294117647 0.18886531162 -2.04686709367
-0.12623 0.35028 3.35743 -0.12979 0.55971 3.96182448003 0.78258 0.98072 0.30541 0.41196 152.77952 195.62801 147.22542 138.42519 0.3 0.3 0.0 0.0 0.0 0.0 0.0 0.0 0.72115 0.0 0.0 45.47487 -0.49999 0.07399 0.0 0.0 0.0 0.0 0.0 0.0 0.0486294214498 4 1 0.985294117647 0.200202815573 -2.07165639788
-0.12623 0.35028 3.35743 -0.12979 0.55971 3.95246759637 0.78258 0.98072 0.30541 0.41196 152.77952 195.62801 147.22542 138.42519 0.3 0.3 0.0 0.0 0.0 0.0 0.0 0.0 0.72115 0.0 0.0 45.47487 -0.49999 0.07399 0.0 0.0 0.0 0.0 0.0 0.0 0.0482770102548 5 1 0.992647058824 0.417652266406 -2.09072958742
-0.12623 0.35028 3.35743 -0.12979 0.55971 3.98171294392 0.78258 0.98072 0.30541 0.41196 152.77952 195.62801 147.22542 138.42519 0.3 0.3 0.0 0.0 0.0 0.0 0.0 0.0 0.72115 0.0 0.0 45.47487 -0.49999 0.07399 0.0 0.0 0.0 0.0 0.0 0.0 0.0483142843146 6 1 0.992647058824 0.186504666521 -1.72865180768
-0.12623 0.35028 3.35743 -0.12979 0.55971 3.98480905059 0.78258 0.98072 0.30541 0.41196 152.77952 195.62801 147.22542 138.42519 0.3 0.3 0.0 0.0 0.0 0.0 0.0 0.0 0.72115 0.0 0.0 45.47487 -0.49999 0.07399 0.0 0.0 0.0 0.0 0.0 0.0 0.0484079769364 7 1 0.992647058824 0.405534205901 -2.07119841437
-0.12623 0.35028 3.35743 -0.12979 0.55971 4.00175187182 0.78258 0.98072 0.30541 0.41196 152.77952 195.62801 147.22542 138.42519 0.3 0.3 0.0 0.0 0.0 0.0 0.0 0.0 0.72115 0.0 0.0 45.47487 -0.49999 0.07399 0.0 0.0 0.0 0.0 0.0 0.0 0.0484578068835 8 1 0.985294117647 0.379476030652 -3.13971481115
-0.12623 0.35028 3.35743 -0.12979 0.55971 4.02024360703 0.78258 0.98072 0.30541 0.41196 152.77952 195.62801 147.22542 138.42519 0.3 0.3 0.0 0.0 0.0 0.0 0.0 0.0 0.72115 0.0 0.0 45.47487 -0.49999 0.07399 0.0 0.0 0.0 0.0 0.0 0.0 0.0480270627962 9 1 1.0 0.422733925314 -1.6187367138
-0.12623 0.35028 3.35743 -0.12979 0.55971 4.00524231789 0.78258 0.98072 0.30541 0.41196 152.77952 195.62801 147.22542 138.42519 0.3 0.3 0.0 0.0 0.0 0.0 0.0 0.0 0.72115 0.0 0.0 45.47487 -0.49999 0.07399 0.0 0.0 0.0 0.0 0.0 0.0 0.0484047984891 10 0 0.977941176471 0.379425857499 -1.6187367138
-0.12623 0.35028 3.35743 -0.12979 0.55971 4.03543218952 0.78258 0.98072 0.30541 0.41196 152.77952 195.62801 147.22542 138.42519 0.3 0.3 0.0 0.0 0.0 0.0 0.0 0.0 0.72115 0.0 0.0 45.47487 -0.49999 0.07399 0.0 0.0 0.0 0.0 0.0 0.0 0.0472466594286 11 1 1.0 0.408262297372 -1.56691930297
-0.12623 0.35028 3.35743 -0.12979 0.55971 4.02250727095 0.78258 0.98072 0.30541 0.41196 152.77952 195.62801 147.22542 138.42519 0.3 0.3 0.0 0.0 0.0 0.0 0.0 0.0 0.72115 0.0 0.0 45.47487 -0.49999 0.07399 0.0 0.0 0.0 0.0 0.0 0.0 0.0473482317926 12 1 0.992592592593 0.113767952472 -1.60925514879
-0.12623 0.35028 3.35743 -0.12979 0.55971 4.04355079532 0.78258 0.98072 0.30541 0.41196 152.77952 195.62801 147.22542 138.42519 0.3 0.3 0.0 0.0 0.0 0.0 0.0 0.0 0.72115 0.0 0.0 45.47487 -0.49999 0.07399 0.0 0.0 0.0 0.0 0.0 0.0 0.0472002638883 13 1 1.0 0.273457597496 -1.56386470956
-0.12623 0.35028 3.35743 -0.12979 0.55971 4.07138285538 0.78258 0.98072 0.30541 0.41196 152.77952 195.62801 147.22542 138.42519 0.3 0.3 0.0 0.0 0.0 0.0 0.0 0.0 0.72115 0.0 0.0 45.47487 -0.49999 0.07399 0.0 0.0 0.0 0.0 0.0 0.0 0.0473135504935 14 0 0.992647058824 0.427052930442 -1.56386470956
-0.12623 0.35028 3.35743 -0.12979 0.55971 4.09700599554 0.78258 0.98072 0.30541 0.41196 152.77952 195.62801 147.22542 138.42519 0.3 0.3 0.0 0.0 0.0 0.0 0.0 0.0 0.72115 0.0 0.0 45.47487 -0.49999 0.07399 0.0 0.0 0.0 0.0 0.0 0.0 0.0479826890132 15 0 0.985401459854 0.482190065823 -1.56386470956
-0.12623 0.35028 3.35743 -0.12979 0.55971 4.05692932362 0.78258 0.98072 0.30541 0.41196 152.77952 195.62801 147.22542 138.42519 0.3 0.3 0.0 0.0 0.0 0.0 0.0 0.0 0.72115 0.0 0.0 45.47487 -0.49999 0.07399 0.0 0.0 0.0 0.0 0.0 0.0 0.0471754969958 16 1 0.992647058824 0.369396399869 -1.93516507042
-0.12623 0.35028 3.35743 -0.12979 0.55971 4.06490094026 0.78258 0.98072 0.30541 0.41196 152.77952 195.62801 147.22542 138.42519 0.3 0.3 0.0 0.0 0.0 0.0 0.0 0.0 0.72115 0.0 0.0 45.47487 -0.49999 0.07399 0.0 0.0 0.0 0.0 0.0 0.0 0.0466334213253 17 1 0.992647058824 0.415903392242 -2.01057970089
-0.12623 0.35028 3.35743 -0.12979 0.55971 4.02758165127 0.78258 0.98072 0.30541 0.41196 152.77952 195.62801 147.22542 138.42519 0.3 0.3 0.0 0.0 0.0 0.0 0.0 0.0 0.72115 0.0 0.0 45.47487 -0.49999 0.07399 0.0 0.0 0.0 0.0 0.0 0.0 0.0465013781657 18 1 1.0 0.119492389861 -1.51820462044
-0.12623 0.35028 3.35743 -0.12979 0.55971 4.03630485624 0.78258 0.98072 0.30541 0.41196 152.77952 195.62801 147.22542 138.42519 0.3 0.3 0.0 0.0 0.0 0.0 0.0 0.0 0.72115 0.0 0.0 45.47487 -0.49999 0.07399 0.0 0.0 0.0 0.0 0.0 0.0 0.0460246872253 19 1 1.0 0.408321104607 -1.48744139337
-0.12623 0.35028 3.35743 -0.12979 0.55971 4.04938151398 0.78258 0.98072 0.30541 0.41196 152.77952 195.62801 147.22542 138.42519 0.3 0.3 0.0 0.0 0.0 0.0 0.0 0.0 0.72115 0.0 0.0 45.47487 -0.49999 0.07399 0.0 0.0 0.0 0.0 0.0 0.0 0.0460249414062 20 1 1.0 0.279683620175 -1.4874577147
-0.12623 0.35028 3.35743 -0.12979 0.55971 4.03749077985 0.78258 0.98072 0.30541 0.41196 152.77952 195.62801 147.22542 138.42519 0.3 0.3 0.0 0.0 0.0 0.0 0.0 0.0 0.72115 0.0 0.0 45.47487 -0.49999 0.07399 0.0 0.0 0.0 0.0 0.0 0.0 0.0467456179268 21 1 1.0 0.454708799161 -1.53408614105
-0.12623 0.35028 3.35743 -0.12979 0.55971 4.02785917643 0.78258 0.98072 0.30541 0.41196 152.77952 195.62801 147.22542 138.42519 0.3 0.3 0.0 0.0 0.0 0.0 0.0 0.0 0.72115 0.0 0.0 45.47487 -0.49999 0.07399 0.0 0.0 0.0 0.0 0.0 0.0 0.0469856528876 22 1 1.0 0.418341056337 -1.54977310644
-0.12623 0.35028 3.35743 -0.12979 0.55971 4.06554215379 0.78258 0.98072 0.30541 0.41196 152.77952 195.62801 147.22542 138.42519 0.3 0.3 0.0 0.0 0.0 0.0 0.0 0.0 0.72115 0.0 0.0 45.47487 -0.49999 0.07399 0.0 0.0 0.0 0.0 0.0 0.0 0.0464996679021 23 1 0.992647058824 0.415957732423 -2.00480721384
-0.12623 0.35028 3.35743 -0.12979 0.55971 4.09054967412 0.78258 0.98072 0.30541 0.41196 152.77952 195.62801 147.22542 138.42519 0.3 0.3 0.0 0.0 0.0 0.0 0.0 0.0 0.72115 0.0 0.0 45.47487 -0.49999 0.07399 0.0 0.0 0.0 0.0 0.0 0.0 0.0463574260203 24 0 0.985401459854 0.486703943649 -2.00480721384
-0.12623 0.35028 3.35743 -0.12979 0.55971 4.0113147298 0.78258 0.98072 0.30541 0.41196 152.77952 195.62801 147.22542 138.42519 0.3 0.3 0.0 0.0 0.0 0.0 0.0 0.0 0.72115 0.0 0.0 45.47487 -0.49999 0.07399 0.0 0.0 0.0 0.0 0.0 0.0 0.0469474790284 25 1 0.985294117647 0.052550277934 -1.57775628377
-0.12623 0.35028 3.35743 -0.12979 0.55971 4.01483399467 0.78258 0.98072 0.30541 0.41196 152.77952 195.62801 147.22542 138.42519 0.3 0.3 0.0 0.0 0.0 0.0 0.0 0.0 0.72115 0.0 0.0 45.47487 -0.49999 0.07399 0.0 0.0 0.0 0.0 0.0 0.0 0.0471692967591 26 1 0.985294117647 0.04594867974 -1.58491422286
-0.12623 0.35028 3.35743 -0.12979 0.55971 3.99447629199 0.78258 0.98072 0.30541 0.41196 152.77952 195.62801 147.22542 138.42519 0.3 0.3 0.0 0.0 0.0 0.0 0.0 0.0 0.72115 0.0 0.0 45.47487 -0.49999 0.07399 0.0 0.0 0.0 0.0 0.0 0.0 0.0471288640925 27 0 0.985294117647 0.40118037008 -1.58491422286
-0.12623 0.35028 3.35743 -0.12979 0.55971 4.01522599674 0.78258 0.98072 0.30541 0.41196 152.77952 195.62801 147.22542 138.42519 0.3 0.3 0.0 0.0 0.0 0.0 0.0 0.0 0.72115 0.0 0.0 45.47487 -0.49999 0.07399 0.0 0.0 0.0 0.0 0.0 0.0 0.0465971817004 28 1 0.985294117647 0.0410526159211 -1.54330866294
-0.12623 0.35028 3.35743 -0.12979 0.55971 4.00713429097 0.78258 0.98072 0.30541 0.41196 152.77952 195.62801 147.22542 138.42519 0.3 0.3 0.0 0.0 0.0 0.0 0.0 0.0 0.72115 0.0 0.0 45.47487 -0.49999 0.07399 0.0 0.0 0.0 0.0 0.0 0.0 0.0453816424327 29 0 0.977941176471 0.371263950603 -1.54330866294
-0.12623 0.35028 3.35743 -0.12979 0.55971 4.07929960212 0.78258 0.98072 0.30541 0.41196 152.77952 195.62801 147.22542 138.42519 0.3 0.3 0.0 0.0 0.0 0.0 0.0 0.0 0.72115 0.0 0.0 45.47487 -0.49999 0.07399 0.0 0.0 0.0 0.0 0.0 0.0 0.0471935818307 30 1 0.992647058824 0.419740017136 -2.0445629262
-0.12623 0.35028 3.35743 -0.12979 0.55971 4.08756048864 0.78258 0.98072 0.30541 0.41196 152.77952 195.62801 147.22542 138.42519 0.3 0.3 0.0 0.0 0.0 0.0 0.0 0.0 0.72115 0.0 0.0 45.47487 -0.49999 0.07399 0.0 0.0 0.0 0.0 0.0 0.0 0.0469024076792 31 1 0.985401459854 0.474605460667 -3.9992960752
-0.12623 0.35028 3.35743 -0.12979 0.55971 4.09459233801 0.78258 0.98072 0.30541 0.41196 152.77952 195.62801 147.22542 138.42519 0.3 0.3 0.0 0.0 0.0 0.0 0.0 0.0 0.72115 0.0 0.0 45.47487 -0.49999 0.07399 0.0 0.0 0.0 0.0 0.0 0.0 0.0466011833652 32 1 0.985401459854 0.482402570496 -4.0938775188
-0.12623 0.35028 3.35743 -0.12979 0.55971 4.08671004661 0.78258 0.98072 0.30541 0.41196 152.77952 195.62801 147.22542 138.42519 0.3 0.3 0.0 0.0 0.0 0.0 0.0 0.0 0.72115 0.0 0.0 45.47487 -0.49999 0.07399 0.0 0.0 0.0 0.0 0.0 0.0 0.0463427032763 33 1 0.985401459854 0.474508971771 -4.02153804611
-0.12623 0.35028 3.35743 -0.12979 0.55971 4.06193353916 0.78258 0.98072 0.30541 0.41196 152.77952 195.62801 147.22542 138.42519 0.3 0.3 0.0 0.0 0.0 0.0 0.0 0.0 0.72115 0.0 0.0 45.47487 -0.49999 0.07399 0.0 0.0 0.0 0.0 0.0 0.0 0.0462645739459 34 1 0.992647058824 0.403315547732 -1.96512387593
-0.12623 0.35028 3.35743 -0.12979 0.55971 4.07238509195 0.78258 0.98072 0.30541 0.41196 152.77952 195.62801 147.22542 138.42519 0.3 0.3 0.0 0.0 0.0 0.0 0.0 0.0 0.72115 0.0 0.0 45.47487 -0.49999 0.07399 0.0 0.0 0.0 0.0 0.0 0.0 0.0471203023568 35 1 0.992647058824 0.426548350743 -2.05702663374
-0.12623 0.35028 3.35743 -0.12979 0.55971 4.05908968672 0.78258 0.98072 0.30541 0.41196 152.77952 195.62801 147.22542 138.42519 0.3 0.3 0.0 0.0 0.0 0.0 0.0 0.0 0.72115 0.0 0.0 45.47487 -0.49999 0.07399 0.0 0.0 0.0 0.0 0.0 0.0 0.0474662944524 36 1 0.992647058824 0.36587400228 -1.94280177785
-0.12623 0.35028 3.35743 -0.12979 0.55971 4.09225973112 0.78258 0.98072 0.30541 0.41196 152.77952 195.62801 147.22542 138.42519 0.3 0.3 0.0 0.0 0.0 0.0 0.0 0.0 0.72115 0.0 0.0 45.47487 -0.49999 0.07399 0.0 0.0 0.0 0.0 0.0 0.0 0.0476068963589 37 1 0.985401459854 0.47938949811 -4.02186862136
-0.12623 0.35028 3.35743 -0.12979 0.55971 4.09741627867 0.78258 0.98072 0.30541 0.41196 152.77952 195.62801 147.22542 138.42519 0.3 0.3 0.0 0.0 0.0 0.0 0.0 0.0 0.72115 0.0 0.0 45.47487 -0.49999 0.07399 0.0 0.0 0.0 0.0 0.0 0.0 0.0474668533115 38 1 0.985401459854 0.482235199163 -4.05607503575
-0.12623 0.35028 3.35743 -0.12979 0.55971 4.10286087854 0.78258 0.98072 0.30541 0.41196 152.77952 195.62801 147.22542 138.42519 0.3 0.3 0.0 0.0 0.0 0.0 0.0 0.0 0.72115 0.0 0.0 45.47487 -0.49999 0.07399 0.0 0.0 0.0 0.0 0.0 0.0 0.0474147237424 39 1 0.985401459854 0.476679207505 -4.00125388821
-0.12623 0.35028 3.35743 -0.12979 0.55971 4.10828029713 0.78258 0.98072 0.30541 0.41196 152.77952 195.62801 147.22542 138.42519 0.3 0.3 0.0 0.0 0.0 0.0 0.0 0.0 0.72115 0.0 0.0 45.47487 -0.49999 0.07399 0.0 0.0 0.0 0.0 0.0 0.0 0.0474055957454 40 1 0.985401459854 0.468319227777 -3.91729924742
-0.12623 0.35028 3.35743 -0.12979 0.55971 4.10580050437 0.78258 0.98072 0.30541 0.41196 152.77952 195.62801 147.22542 138.42519 0.3 0.3 0.0 0.0 0.0 0.0 0.0 0.0 0.72115 0.0 0.0 45.47487 -0.49999 0.07399 0.0 0.0 0.0 0.0 0.0 0.0 0.046804488837 41 1 0.985401459854 0.472717941046 -3.98361138454
-0.12623 0.35028 3.35743 -0.12979 0.55971 4.1195256743 0.78258 0.98072 0.30541 0.41196 152.77952 195.62801 147.22542 138.42519 0.3 0.3 0.0 0.0 0.0 0.0 0.0 0.0 0.72115 0.0 0.0 45.47487 -0.49999 0.07399 0.0 0.0 0.0 0.0 0.0 0.0 0.0469037481729 42 1 0.978102189781 0.472100535166 -7.00963331805
-0.12623 0.35028 3.35743 -0.12979 0.55971 4.11436797549 0.78258 0.98072 0.30541 0.41196 152.77952 195.62801 147.22542 138.42519 0.3 0.3 0.0 0.0 0.0 0.0 0.0 0.0 0.72115 0.0 0.0 45.47487 -0.49999 0.07399 0.0 0.0 0.0 0.0 0.0 0.0 0.0472084969164 43 1 0.985401459854 0.477733769084 -4.01969722281
-0.12623 0.35028 3.35743 -0.12979 0.55971 4.09319254901 0.78258 0.98072 0.30541 0.41196 152.77952 195.62801 147.22542 138.42519 0.3 0.3 0.0 0.0 0.0 0.0 0.0 0.0 0.72115 0.0 0.0 45.47487 -0.49999 0.07399 0.0 0.0 0.0 0.0 0.0 0.0 0.0472413920748 44 1 0.985401459854 0.481796144872 -4.06032083914
-0.12623 0.35028 3.35743 -0.12979 0.55971 4.10317382143 0.78258 0.98072 0.30541 0.41196 152.77952 195.62801 147.22542 138.42519 0.3 0.3 0.0 0.0 0.0 0.0 0.0 0.0 0.72115 0.0 0.0 45.47487 -0.49999 0.07399 0.0 0.0 0.0 0.0 0.0 0.0 0.0478887323855 45 1 0.985401459854 0.476710869984 -3.98531862833
-0.12623 0.35028 3.35743 -0.12979 0.55971 4.11141753721 0.78258 0.98072 0.30541 0.41196 152.77952 195.62801 147.22542 138.42519 0.3 0.3 0.0 0.0 0.0 0.0 0.0 0.0 0.72115 0.0 0.0 45.47487 -0.49999 0.07399 0.0 0.0 0.0 0.0 0.0 0.0 0.0483414685796 46 1 0.985401459854 0.476984131647 -3.97405379989
-0.12623 0.35028 3.35743 -0.12979 0.55971 4.14822288372 0.78258 0.98072 0.30541 0.41196 152.77952 195.62801 147.22542 138.42519 0.3 0.3 0.0 0.0 0.0 0.0 0.0 0.0 0.72115 0.0 0.0 45.47487 -0.49999 0.07399 0.0 0.0 0.0 0.0 0.0 0.0 0.0497074291862 47 0 0.970588235294 0.61770051033 -3.97405379989
-0.12623 0.35028 3.35743 -0.12979 0.55971 4.06459735919 0.78258 0.98072 0.30541 0.41196 152.77952 195.62801 147.22542 138.42519 0.3 0.3 0.0 0.0 0.0 0.0 0.0 0.0 0.72115 0.0 0.0 45.47487 -0.49999 0.07399 0.0 0.0 0.0 0.0 0.0 0.0 0.0475641888728 48 1 0.992647058824 0.415871559088 -2.05288173503
-0.12623 0.35028 3.35743 -0.12979 0.55971 4.09741123239 0.78258 0.98072 0.30541 0.41196 152.77952 195.62801 147.22542 138.42519 0.3 0.3 0.0 0.0 0.0 0.0 0.0 0.0 0.72115 0.0 0.0 45.47487 -0.49999 0.07399 0.0 0.0 0.0 0.0 0.0 0.0 0.0471341859803 49 1 0.985401459854 0.482234830568 -4.06918865907
-0.12623 0.35028 3.35743 -0.12979 0.55971 4.08772338892 0.78258 0.98072 0.30541 0.41196 152.77952 195.62801 147.22542 138.42519 0.3 0.3 0.0 0.0 0.0 0.0 0.0 0.0 0.72115 0.0 0.0 45.47487 -0.49999 0.07399 0.0 0.0 0.0 0.0 0.0 0.0 0.0477081634709 50 1 0.985401459854 0.474633707211 -3.97049217815
-0.12623 0.35028 3.35743 -0.12979 0.55971 4.11016066925 0.78258 0.98072 0.30541 0.41196 152.77952 195.62801 147.22542 138.42519 0.3 0.3 0.0 0.0 0.0 0.0 0.0 0.0 0.72115 0.0 0.0 45.47487 -0.49999 0.07399 0.0 0.0 0.0 0.0 0.0 0.0 0.0481769164404 51 1 0.985401459854 0.473967252039 -3.94932642937
-0.12623 0.35028 3.35743 -0.12979 0.55971 4.098792173 0.78258 0.98072 0.30541 0.41196 152.77952 195.62801 147.22542 138.42519 0.3 0.3 0.0 0.0 0.0 0.0 0.0 0.0 0.72115 0.0 0.0 45.47487 -0.49999 0.07399 0.0 0.0 0.0 0.0 0.0 0.0 0.0485756771698 52 1 0.985401459854 0.475723361817 -3.95520601315
-0.12623 0.35028 3.35743 -0.12979 0.55971 4.08817567263 0.78258 0.98072 0.30541 0.41196 152.77952 195.62801 147.22542 138.42519 0.3 0.3 0.0 0.0 0.0 0.0 0.0 0.0 0.72115 0.0 0.0 45.47487 -0.49999 0.07399 0.0 0.0 0.0 0.0 0.0 0.0 0.0488338405735 53 1 0.985401459854 0.475157024255 -3.94305740201
-0.12623 0.35028 3.35743 -0.12979 0.55971 4.08174307353 0.78258 0.98072 0.30541 0.41196 152.77952 195.62801 147.22542 138.42519 0.3 0.3 0.0 0.0 0.0 0.0 0.0 0.0 0.72115 0.0 0.0 45.47487 -0.49999 0.07399 0.0 0.0 0.0 0.0 0.0 0.0 0.0491406495654 54 1 0.985401459854 0.446995334591 -3.67789363295
-0.12623 0.35028 3.35743 -0.12979 0.55971 4.07119683217 0.78258 0.98072 0.30541 0.41196 152.77952 195.62801 147.22542 138.42519 0.3 0.3 0.0 0.0 0.0 0.0 0.0 0.0 0.72115 0.0 0.0 45.47487 -0.49999 0.07399 0.0 0.0 0.0 0.0 0.0 0.0 0.049608044444 55 1 0.992647058824 0.427037064285 -2.17695139101
-0.12623 0.35028 3.35743 -0.12979 0.55971 4.08759767848 0.78258 0.98072 0.30541 0.41196 152.77952 195.62801 147.22542 138.42519 0.3 0.3 0.0 0.0 0.0 0.0 0.0 0.0 0.72115 0.0 0.0 45.47487 -0.49999 0.07399 0.0 0.0 0.0 0.0 0.0 0.0 0.0496592250727 56 1 0.985401459854 0.474608756795 -3.91976764492
-0.12623 0.35028 3.35743 -0.12979 0.55971 4.0823725163 0.78258 0.98072 0.30541 0.41196 152.77952 195.62801 147.22542 138.42519 0.3 0.3 0.0 0.0 0.0 0.0 0.0 0.0 0.72115 0.0 0.0 45.47487 -0.49999 0.07399 0.0 0.0 0.0 0.0 0.0 0.0 0.0502294396709 57 1 0.985401459854 0.447086434185 -3.6689062046
-0.12623 0.35028 3.35743 -0.12979 0.55971 4.11538670243 0.78258 0.98072 0.30541 0.41196 152.77952 195.62801 147.22542 138.42519 0.3 0.3 0.0 0.0 0.0 0.0 0.0 0.0 0.72115 0.0 0.0 45.47487 -0.49999 0.07399 0.0 0.0 0.0 0.0 0.0 0.0 0.0496320834546 58 1 0.985401459854 0.477936194066 -3.95113668786
-0.12623 0.35028 3.35743 -0.12979 0.55971 4.10617533585 0.78258 0.98072 0.30541 0.41196 152.77952 195.62801 147.22542 138.42519 0.3 0.3 0.0 0.0 0.0 0.0 0.0 0.0 0.72115 0.0 0.0 45.47487 -0.49999 0.07399 0.0 0.0 0.0 0.0 0.0 0.0 0.0502345693676 59 1 0.985401459854 0.472690627197 -3.89262515193
-0.12623 0.35028 3.35743 -0.12979 0.55971 4.11331151942 0.78258 0.98072 0.30541 0.41196 152.77952 195.62801 147.22542 138.42519 0.3 0.3 0.0 0.0 0.0 0.0 0.0 0.0 0.72115 0.0 0.0 45.47487 -0.49999 0.07399 0.0 0.0 0.0 0.0 0.0 0.0 0.0503574298587 60 1 0.985401459854 0.4775629035 -3.93465241583
-0.12623 0.35028 3.35743 -0.12979 0.55971 4.08233170644 0.78258 0.98072 0.30541 0.41196 152.77952 195.62801 147.22542 138.42519 0.3 0.3 0.0 0.0 0.0 0.0 0.0 0.0 0.72115 0.0 0.0 45.47487 -0.49999 0.07399 0.0 0.0 0.0 0.0 0.0 0.0 0.0507392969871 61 1 0.985401459854 0.447072816375 -3.66662550126
-0.12623 0.35028 3.35743 -0.12979 0.55971 4.11480340113 0.78258 0.98072 0.30541 0.41196 152.77952 195.62801 147.22542 138.42519 0.3 0.3 0.0 0.0 0.0 0.0 0.0 0.0 0.72115 0.0 0.0 45.47487 -0.49999 0.07399 0.0 0.0 0.0 0.0 0.0 0.0 0.0511381362803 62 1 0.985401459854 0.477806870765 -3.92657190402
-0.12623 0.35028 3.35743 -0.12979 0.55971 4.07798613751 0.78258 0.98072 0.30541 0.41196 152.77952 195.62801 147.22542 138.42519 0.3 0.3 0.0 0.0 0.0 0.0 0.0 0.0 0.72115 0.0 0.0 45.47487 -0.49999 0.07399 0.0 0.0 0.0 0.0 0.0 0.0 0.0507197824546 63 1 0.992647058824 0.420829212127 -2.22257892262
-0.12623 0.35028 3.35743 -0.12979 0.55971 4.06419224989 0.78258 0.98072 0.30541 0.41196 152.77952 195.62801 147.22542 138.42519 0.3 0.3 0.0 0.0 0.0 0.0 0.0 0.0 0.72115 0.0 0.0 45.47487 -0.49999 0.07399 0.0 0.0 0.0 0.0 0.0 0.0 0.0508000313052 64 1 0.992647058824 0.415299339492 -2.21602626207
-0.12623 0.35028 3.35743 -0.12979 0.55971 4.02196776282 0.78258 0.98072 0.30541 0.41196 152.77952 195.62801 147.22542 138.42519 0.3 0.3 0.0 0.0 0.0 0.0 0.0 0.0 0.72115 0.0 0.0 45.47487 -0.49999 0.07399 0.0 0.0 0.0 0.0 0.0 0.0 0.050932191955 65 1 0.992592592593 0.113704509888 -1.84963472826
-0.12623 0.35028 3.35743 -0.12979 0.55971 3.99978380136 0.78258 0.98072 0.30541 0.41196 152.77952 195.62801 147.22542 138.42519 0.3 0.3 0.0 0.0 0.0 0.0 0.0 0.0 0.72115 0.0 0.0 45.47487 -0.49999 0.07399 0.0 0.0 0.0 0.0 0.0 0.0 0.0511792871706 66 0 0.985294117647 0.396584313104 -1.84963472826
-0.12623 0.35028 3.35743 -0.12979 0.55971 4.03960726774 0.78258 0.98072 0.30541 0.41196 152.77952 195.62801 147.22542 138.42519 0.3 0.3 0.0 0.0 0.0 0.0 0.0 0.0 0.72115 0.0 0.0 45.47487 -0.49999 0.07399 0.0 0.0 0.0 0.0 0.0 0.0 0.0511037850016 67 1 1.0 0.455434147275 -1.83104682045
-0.12623 0.35028 3.35743 -0.12979 0.55971 4.05917875721 0.78258 0.98072 0.30541 0.41196 152.77952 195.62801 147.22542 138.42519 0.3 0.3 0.0 0.0 0.0 0.0 0.0 0.0 0.72115 0.0 0.0 45.47487 -0.49999 0.07399 0.0 0.0 0.0 0.0 0.0 0.0 0.0510967684528 68 1 0.992647058824 0.365878164497 -2.14240894032
-0.12623 0.35028 3.35743 -0.12979 0.55971 4.07443405049 0.78258 0.98072 0.30541 0.41196 152.77952 195.62801 147.22542 138.42519 0.3 0.3 0.0 0.0 0.0 0.0 0.0 0.0 0.72115 0.0 0.0 45.47487 -0.49999 0.07399 0.0 0.0 0.0 0.0 0.0 0.0 0.0513723673982 69 1 0.992647058824 0.426817956682 -2.27004270154
-0.12623 0.35028 3.35743 -0.12979 0.55971 4.12252936066 0.78258 0.98072 0.30541 0.41196 152.77952 195.62801 147.22542 138.42519 0.3 0.3 0.0 0.0 0.0 0.0 0.0 0.0 0.72115 0.0 0.0 45.47487 -0.49999 0.07399 0.0 0.0 0.0 0.0 0.0 0.0 0.0507025142159 70 0 0.970802919708 0.507964923497 -2.27004270154
-0.12623 0.35028 3.35743 -0.12979 0.55971 4.04686313013 0.78258 0.98072 0.30541 0.41196 152.77952 195.62801 147.22542 138.42519 0.3 0.3 0.0 0.0 0.0 0.0 0.0 0.0 0.72115 0.0 0.0 45.47487 -0.49999 0.07399 0.0 0.0 0.0 0.0 0.0 0.0 0.0511069098228 71 1 1.0 0.279587727836 -1.83126893904
-0.12623 0.35028 3.35743 -0.12979 0.55971 4.03944652144 0.78258 0.98072 0.30541 0.41196 152.77952 195.62801 147.22542 138.42519 0.3 0.3 0.0 0.0 0.0 0.0 0.0 0.0 0.72115 0.0 0.0 45.47487 -0.49999 0.07399 0.0 0.0 0.0 0.0 0.0 0.0 0.0509184476542 72 1 1.0 0.455440160073 -1.81789617783
-0.12623 0.35028 3.35743 -0.12979 0.55971 4.02184098205 0.78258 0.98072 0.30541 0.41196 152.77952 195.62801 147.22542 138.42519 0.3 0.3 0.0 0.0 0.0 0.0 0.0 0.0 0.72115 0.0 0.0 45.47487 -0.49999 0.07399 0.0 0.0 0.0 0.0 0.0 0.0 0.0512482611647 73 1 0.992592592593 0.114069852065 -1.87191240221
-0.12623 0.35028 3.35743 -0.12979 0.55971 3.99694354877 0.78258 0.98072 0.30541 0.41196 152.77952 195.62801 147.22542 138.42519 0.3 0.3 0.0 0.0 0.0 0.0 0.0 0.0 0.72115 0.0 0.0 45.47487 -0.49999 0.07399 0.0 0.0 0.0 0.0 0.0 0.0 0.0506802473172 74 0 0.985294117647 0.396763675271 -1.87191240221
-0.12623 0.35028 3.35743 -0.12979 0.55971 3.99450434354 0.78258 0.98072 0.30541 0.41196 152.77952 195.62801 147.22542 138.42519 0.3 0.3 0.0 0.0 0.0 0.0 0.0 0.0 0.72115 0.0 0.0 45.47487 -0.49999 0.07399 0.0 0.0 0.0 0.0 0.0 0.0 0.052747460637 75 1 0.985294117647 0.401223421595 -3.35737606149
-0.12623 0.35028 3.35743 -0.12979 0.55971 4.01301256791 0.78258 0.98072 0.30541 0.41196 152.77952 195.62801 147.22542 138.42519 0.3 0.3 0.0 0.0 0.0 0.0 0.0 0.0 0.72115 0.0 0.0 45.47487 -0.49999 0.07399 0.0 0.0 0.0 0.0 0.0 0.0 0.0529081119485 76 1 0.985294117647 0.0417380185545 -1.97662764142
-0.12623 0.35028 3.35743 -0.12979 0.55971 4.02244493724 0.78258 0.98072 0.30541 0.41196 152.77952 195.62801 147.22542 138.42519 0.3 0.3 0.0 0.0 0.0 0.0 0.0 0.0 0.72115 0.0 0.0 45.47487 -0.49999 0.07399 0.0 0.0 0.0 0.0 0.0 0.0 0.0525003719065 77 1 0.992592592593 0.113762688545 -1.96061166506
-0.12623 0.35028 3.35743 -0.12979 0.55971 4.00060988442 0.78258 0.98072 0.30541 0.41196 152.77952 195.62801 147.22542 138.42519 0.3 0.3 0.0 0.0 0.0 0.0 0.0 0.0 0.72115 0.0 0.0 45.47487 -0.49999 0.07399 0.0 0.0 0.0 0.0 0.0 0.0 0.0525843600432 78 1 0.985294117647 0.399675913617 -3.34328123371
-0.12623 0.35028 3.35743 -0.12979 0.55971 3.99275977333 0.78258 0.98072 0.30541 0.41196 152.77952 195.62801 147.22542 138.42519 0.3 0.3 0.0 0.0 0.0 0.0 0.0 0.0 0.72115 0.0 0.0 45.47487 -0.49999 0.07399 0.0 0.0 0.0 0.0 0.0 0.0 0.0529085706517 79 1 0.992647058824 0.399335604708 -2.30801677421
-0.12623 0.35028 3.35743 -0.12979 0.55971 3.98773972184 0.78258 0.98072 0.30541 0.41196 152.77952 195.62801 147.22542 138.42519 0.3 0.3 0.0 0.0 0.0 0.0 0.0 0.0 0.72115 0.0 0.0 45.47487 -0.49999 0.07399 0.0 0.0 0.0 0.0 0.0 0.0 0.0529300448877 80 1 0.992647058824 0.40542166912 -2.31994783508
-0.12623 0.35028 3.35743 -0.12979 0.55971 3.96041089582 0.78258 0.98072 0.30541 0.41196 152.77952 195.62801 147.22542 138.42519 0.3 0.3 0.0 0.0 0.0 0.0 0.0 0.0 0.72115 0.0 0.0 45.47487 -0.49999 0.07399 0.0 0.0 0.0 0.0 0.0 0.0 0.0540118048817 81 1 0.985294117647 0.200978452697 -2.38029445105
-0.12623 0.35028 3.35743 -0.12979 0.55971 3.96410099458 0.78258 0.98072 0.30541 0.41196 152.77952 195.62801 147.22542 138.42519 0.3 0.3 0.0 0.0 0.0 0.0 0.0 0.0 0.72115 0.0 0.0 45.47487 -0.49999 0.07399 0.0 0.0 0.0 0.0 0.0 0.0 0.0535126406411 82 1 0.985294117647 0.170889582865 -2.25428214213
-0.12623 0.35028 3.35743 -0.12979 0.55971 3.95158566173 0.78258 0.98072 0.30541 0.41196 152.77952 195.62801 147.22542 138.42519 0.3 0.3 0.0 0.0 0.0 0.0 0.0 0.0 0.72115 0.0 0.0 45.47487 -0.49999 0.07399 0.0 0.0 0.0 0.0 0.0 0.0 0.0520505419352 83 1 0.992647058824 0.416643706939 -2.28866612536
-0.12623 0.35028 3.35743 -0.12979 0.55971 3.96808906617 0.78258 0.98072 0.30541 0.41196 152.77952 195.62801 147.22542 138.42519 0.3 0.3 0.0 0.0 0.0 0.0 0.0 0.0 0.72115 0.0 0.0 45.47487 -0.49999 0.07399 0.0 0.0 0.0 0.0 0.0 0.0 0.0523825424917 84 1 0.985294117647 0.167599728066 -2.17210277777
-0.12623 0.35028 3.35743 -0.12979 0.55971 3.98041460783 0.78258 0.98072 0.30541 0.41196 152.77952 195.62801 147.22542 138.42519 0.3 0.3 0.0 0.0 0.0 0.0 0.0 0.0 0.72115 0.0 0.0 45.47487 -0.49999 0.07399 0.0 0.0 0.0 0.0 0.0 0.0 0.0524225676104 85 1 0.992647058824 0.186009037736 -2.00253362914
-0.12623 0.35028 3.35743 -0.12979 0.55971 3.99088657316 0.78258 0.98072 0.30541 0.41196 152.77952 195.62801 147.22542 138.42519 0.3 0.3 0.0 0.0 0.0 0.0 0.0 0.0 0.72115 0.0 0.0 45.47487 -0.49999 0.07399 0.0 0.0 0.0 0.0 0.0 0.0 0.0528018755819 86 0 0.992647058824 0.404637991649 -2.00253362914
-0.12623 0.35028 3.35743 -0.12979 0.55971 3.89236115208 0.78258 0.98072 0.30541 0.41196 152.77952 195.62801 147.22542 138.42519 0.3 0.3 0.0 0.0 0.0 0.0 0.0 0.0 0.72115 0.0 0.0 45.47487 -0.49999 0.07399 0.0 0.0 0.0 0.0 0.0 0.0 0.0522715103171 87 0 0.971223021583 0.595777825983 -2.00253362914
-0.12623 0.35028 3.35743 -0.12979 0.55971 3.98201314486 0.78258 0.98072 0.30541 0.41196 152.77952 195.62801 147.22542 138.42519 0.3 0.3 0.0 0.0 0.0 0.0 0.0 0.0 0.72115 0.0 0.0 45.47487 -0.49999 0.07399 0.0 0.0 0.0 0.0 0.0 0.0 0.0527750945381 88 1 0.992647058824 0.186472041281 -2.02765655742
-0.12623 0.35028 3.35743 -0.12979 0.55971 3.95096024646 0.78258 0.98072 0.30541 0.41196 152.77952 195.62801 147.22542 138.42519 0.3 0.3 0.0 0.0 0.0 0.0 0.0 0.0 0.72115 0.0 0.0 45.47487 -0.49999 0.07399 0.0 0.0 0.0 0.0 0.0 0.0 0.0532262534621 89 1 0.992647058824 0.419182361723 -2.3621889942
-0.12623 0.35028 3.35743 -0.12979 0.55971 3.95268550639 0.78258 0.98072 0.30541 0.41196 152.77952 195.62801 147.22542 138.42519 0.3 0.3 0.0 0.0 0.0 0.0 0.0 0.0 0.72115 0.0 0.0 45.47487 -0.49999 0.07399 0.0 0.0 0.0 0.0 0.0 0.0 0.0539260736837 90 1 0.992647058824 0.417647115397 -2.40184030983
-0.12623 0.35028 3.35743 -0.12979 0.55971 3.94273004028 0.78258 0.98072 0.30541 0.41196 152.77952 195.62801 147.22542 138.42519 0.3 0.3 0.0 0.0 0.0 0.0 0.0 0.0 0.72115 0.0 0.0 45.47487 -0.49999 0.07399 0.0 0.0 0.0 0.0 0.0 0.0 0.053812988724 91 1 0.992647058824 0.518226816084 -2.59262715614
-0.12623 0.35028 3.35743 -0.12979 0.55971 3.94241973758 0.78258 0.98072 0.30541 0.41196 152.77952 195.62801 147.22542 138.42519 0.3 0.3 0.0 0.0 0.0 0.0 0.0 0.0 0.72115 0.0 0.0 45.47487 -0.49999 0.07399 0.0 0.0 0.0 0.0 0.0 0.0 0.0538697167085 92 1 0.992647058824 0.5193513574 -2.59812603221
-0.12623 0.35028 3.35743 -0.12979 0.55971 3.90863724638 0.78258 0.98072 0.30541 0.41196 152.77952 195.62801 147.22542 138.42519 0.3 0.3 0.0 0.0 0.0 0.0 0.0 0.0 0.72115 0.0 0.0 45.47487 -0.49999 0.07399 0.0 0.0 0.0 0.0 0.0 0.0 0.0553902892464 93 0 0.978260869565 0.625880725129 -2.59812603221
-0.12623 0.35028 3.35743 -0.12979 0.55971 3.9848859024 0.78258 0.98072 0.30541 0.41196 152.77952 195.62801 147.22542 138.42519 0.3 0.3 0.0 0.0 0.0 0.0 0.0 0.0 0.72115 0.0 0.0 45.47487 -0.49999 0.07399 0.0 0.0 0.0 0.0 0.0 0.0 0.0540354914483 94 1 0.992647058824 0.405536155563 -2.38779635408
-0.12623 0.35028 3.35743 -0.12979 0.55971 3.98830889367 0.78258 0.98072 0.30541 0.41196 152.77952 195.62801 147.22542 138.42519 0.3 0.3 0.0 0.0 0.0 0.0 0.0 0.0 0.72115 0.0 0.0 45.47487 -0.49999 0.07399 0.0 0.0 0.0 0.0 0.0 0.0 0.0546511434776 95 1 0.992647058824 0.405450448131 -2.42641606333
-0.12623 0.35028 3.35743 -0.12979 0.55971 4.01026868002 0.78258 0.98072 0.30541 0.41196 152.77952 195.62801 147.22542 138.42519 0.3 0.3 0.0 0.0 0.0 0.0 0.0 0.0 0.72115 0.0 0.0 45.47487 -0.49999 0.07399 0.0 0.0 0.0 0.0 0.0 0.0 0.0545203676878 96 0 0.977941176471 0.371522530783 -2.42641606333
-0.12623 0.35028 3.35743 -0.12979 0.55971 4.00766562317 0.78258 0.98072 0.30541 0.41196 152.77952 195.62801 147.22542 138.42519 0.3 0.3 0.0 0.0 0.0 0.0 0.0 0.0 0.72115 0.0 0.0 45.47487 -0.49999 0.07399 0.0 0.0 0.0 0.0 0.0 0.0 0.0540462017867 97 0 0.977941176471 0.371307633465 -2.42641606333
-0.12623 0.35028 3.35743 -0.12979 0.55971 3.97065414884 0.78258 0.98072 0.30541 0.41196 152.77952 195.62801 147.22542 138.42519 0.3 0.3 0.0 0.0 0.0 0.0 0.0 0.0 0.72115 0.0 0.0 45.47487 -0.49999 0.07399 0.0 0.0 0.0 0.0 0.0 0.0 0.0554588582155 98 1 0.985294117647 0.165562630531 -2.3701623287
-0.12623 0.35028 3.35743 -0.12979 0.55971 3.95219023915 0.78258 0.98072 0.30541 0.41196 152.77952 195.62801 147.22542 138.42519 0.3 0.3 0.0 0.0 0.0 0.0 0.0 0.0 0.72115 0.0 0.0 45.47487 -0.49999 0.07399 0.0 0.0 0.0 0.0 0.0 0.0 0.0551953725905 99 1 0.992647058824 0.417544388599 -2.48118962673
-0.12623 0.35028 3.35743 -0.12979 0.55971 3.96471329385 0.78258 0.98072 0.30541 0.41196 152.77952 195.62801 147.22542 138.42519 0.3 0.3 0.0 0.0 0.0 0.0 0.0 0.0 0.72115 0.0 0.0 45.47487 -0.49999 0.07399 0.0 0.0 0.0 0.0 0.0 0.0 0.0551825320151 100 1 0.985294117647 0.1888982377 -2.41722358907
