-0.12623 0.35028 3.35743 -0.12979 0.55971 4.72777951333 0.78258 0.98072 0.30541 0.41196 152.77952 195.62801 147.22542 138.42519 0.3 0.3 0.0 0.0 0.0 0.0 0.0 0.0 0.72115 0.0 0.0 45.47487 -0.49999 0.07399 0.0 0.0 0.0 0.0 0.0 0.0 0.005 0 1 0.817865429234 1.72126531906 -1961.28969881
-0.12623 0.35028 3.35743 -0.12979 0.55971 4.83247648733 0.78258 0.98072 0.30541 0.41196 152.77952 195.62801 147.22542 138.42519 0.3 0.3 0.0 0.0 0.0 0.0 0.0 0.0 0.72115 0.0 0.0 45.47487 -0.49999 0.07399 0.0 0.0 0.0 0.0 0.0 0.0 0.00505679333339 1 0 0.786281179138 1.90713142496 -1961.28969881
-0.12623 0.35028 3.35743 -0.12979 0.55971 4.46808456356 0.78258 0.98072 0.30541 0.41196 152.77952 195.62801 147.22542 138.42519 0.3 0.3 0.0 0.0 0.0 0.0 0.0 0.0 0.72115 0.0 0.0 45.47487 -0.49999 0.07399 0.0 0.0 0.0 0.0 0.0 0.0 0.0052437447513 2 1 0.903245560318 1.31861015787 -291.647667098
-0.12623 0.35028 3.35743 -0.12979 0.55971 4.46156210368 0.78258 0.98072 0.30541 0.41196 152.77952 195.62801 147.22542 138.42519 0.3 0.3 0.0 0.0 0.0 0.0 0.0 0.0 0.72115 0.0 0.0 45.47487 -0.49999 0.07399 0.0 0.0 0.0 0.0 0.0 0.0 0.00550685480122 3 1 0.904966278357 1.31843061386 -254.558007549
-0.12623 0.35028 3.35743 -0.12979 0.55971 4.2779261653 0.78258 0.98072 0.30541 0.41196 152.77952 195.62801 147.22542 138.42519 0.3 0.3 0.0 0.0 0.0 0.0 0.0 0.0 0.72115 0.0 0.0 45.47487 -0.49999 0.07399 0.0 0.0 0.0 0.0 0.0 0.0 0.00514021491035 4 1 0.937655860349 1.01106628489 -70.8379136546
-0.12623 0.35028 3.35743 -0.12979 0.55971 4.28060665843 0.78258 0.98072 0.30541 0.41196 152.77952 195.62801 147.22542 138.42519 0.3 0.3 0.0 0.0 0.0 0.0 0.0 0.0 0.72115 0.0 0.0 45.47487 -0.49999 0.07399 0.0 0.0 0.0 0.0 0.0 0.0 0.00618831172397 5 1 0.936993137867 0.99569584094 -47.2210188612
-0.12623 0.35028 3.35743 -0.12979 0.55971 4.27888402462 0.78258 0.98072 0.30541 0.41196 152.77952 195.62801 147.22542 138.42519 0.3 0.3 0.0 0.0 0.0 0.0 0.0 0.0 0.72115 0.0 0.0 45.47487 -0.49999 0.07399 0.0 0.0 0.0 0.0 0.0 0.0 0.00663738529937 6 1 0.937655860349 1.01745785835 -41.5706486356
-0.12623 0.35028 3.35743 -0.12979 0.55971 4.25456827522 0.78258 0.98072 0.30541 0.41196 152.77952 195.62801 147.22542 138.42519 0.3 0.3 0.0 0.0 0.0 0.0 0.0 0.0 0.72115 0.0 0.0 45.47487 -0.49999 0.07399 0.0 0.0 0.0 0.0 0.0 0.0 0.00684205382346 7 1 0.943231441048 0.974206255294 -28.6016733907
-0.12623 0.35028 3.35743 -0.12979 0.55971 4.2644061322 0.78258 0.98072 0.30541 0.41196 152.77952 195.62801 147.22542 138.42519 0.3 0.3 0.0 0.0 0.0 0.0 0.0 0.0 0.72115 0.0 0.0 45.47487 -0.49999 0.07399 0.0 0.0 0.0 0.0 0.0 0.0 0.00639894578712 8 0 0.941875 1.00773080016 -28.6016733907
-0.12623 0.35028 3.35743 -0.12979 0.55971 4.30941864329 0.78258 0.98072 0.30541 0.41196 152.77952 195.62801 147.22542 138.42519 0.3 0.3 0.0 0.0 0.0 0.0 0.0 0.0 0.72115 0.0 0.0 45.47487 -0.49999 0.07399 0.0 0.0 0.0 0.0 0.0 0.0 0.00740251829846 9 0 0.935865504359 1.03736999629 -28.6016733907
-0.12623 0.35028 3.35743 -0.12979 0.55971 4.26842953735 0.78258 0.98072 0.30541 0.41196 152.77952 195.62801 147.22542 138.42519 0.3 0.3 0.0 0.0 0.0 0.0 0.0 0.0 0.72115 0.0 0.0 45.47487 -0.49999 0.07399 0.0 0.0 0.0 0.0 0.0 0.0 0.00658898217255 10 0 0.939488459139 1.00918707747 -28.6016733907
-0.12623 0.35028 3.35743 -0.12979 0.55971 4.32172989163 0.78258 0.98072 0.30541 0.41196 152.77952 195.62801 147.22542 138.42519 0.3 0.3 0.0 0.0 0.0 0.0 0.0 0.0 0.72115 0.0 0.0 45.47487 -0.49999 0.07399 0.0 0.0 0.0 0.0 0.0 0.0 0.00623054963276 11 0 0.930841121495 1.04006580568 -28.6016733907
-0.12623 0.35028 3.35743 -0.12979 0.55971 4.23097928231 0.78258 0.98072 0.30541 0.41196 152.77952 195.62801 147.22542 138.42519 0.3 0.3 0.0 0.0 0.0 0.0 0.0 0.0 0.72115 0.0 0.0 45.47487 -0.49999 0.07399 0.0 0.0 0.0 0.0 0.0 0.0 0.00715170058635 12 1 0.944931163955 0.920812779677 -21.11509249
-0.12623 0.35028 3.35743 -0.12979 0.55971 4.19780368441 0.78258 0.98072 0.30541 0.41196 152.77952 195.62801 147.22542 138.42519 0.3 0.3 0.0 0.0 0.0 0.0 0.0 0.0 0.72115 0.0 0.0 45.47487 -0.49999 0.07399 0.0 0.0 0.0 0.0 0.0 0.0 0.00671067877472 13 1 0.949937421777 0.83480636614 -15.3074383541
-0.12623 0.35028 3.35743 -0.12979 0.55971 4.09822229506 0.78258 0.98072 0.30541 0.41196 152.77952 195.62801 147.22542 138.42519 0.3 0.3 0.0 0.0 0.0 0.0 0.0 0.0 0.72115 0.0 0.0 45.47487 -0.49999 0.07399 0.0 0.0 0.0 0.0 0.0 0.0 0.00703599788251 14 1 0.963567839196 0.716586596073 -2.84598444044
-0.12623 0.35028 3.35743 -0.12979 0.55971 3.92409481014 0.78258 0.98072 0.30541 0.41196 152.77952 195.62801 147.22542 138.42519 0.3 0.3 0.0 0.0 0.0 0.0 0.0 0.0 0.72115 0.0 0.0 45.47487 -0.49999 0.07399 0.0 0.0 0.0 0.0 0.0 0.0 0.00695381378965 15 0 0.963422194668 0.79874970942 -2.84598444044
-0.12623 0.35028 3.35743 -0.12979 0.55971 4.26828695171 0.78258 0.98072 0.30541 0.41196 152.77952 195.62801 147.22542 138.42519 0.3 0.3 0.0 0.0 0.0 0.0 0.0 0.0 0.72115 0.0 0.0 45.47487 -0.49999 0.07399 0.0 0.0 0.0 0.0 0.0 0.0 0.00694722199004 16 0 0.939488459139 1.00045132342 -2.84598444044
-0.12623 0.35028 3.35743 -0.12979 0.55971 4.21025984495 0.78258 0.98072 0.30541 0.41196 152.77952 195.62801 147.22542 138.42519 0.3 0.3 0.0 0.0 0.0 0.0 0.0 0.0 0.72115 0.0 0.0 45.47487 -0.49999 0.07399 0.0 0.0 0.0 0.0 0.0 0.0 0.00686668537295 17 0 0.945590994371 0.851129438596 -2.84598444044
-0.12623 0.35028 3.35743 -0.12979 0.55971 4.17932953325 0.78258 0.98072 0.30541 0.41196 152.77952 195.62801 147.22542 138.42519 0.3 0.3 0.0 0.0 0.0 0.0 0.0 0.0 0.72115 0.0 0.0 45.47487 -0.49999 0.07399 0.0 0.0 0.0 0.0 0.0 0.0 0.00606375979637 18 0 0.95540201005 0.817337824337 -2.84598444044
-0.12623 0.35028 3.35743 -0.12979 0.55971 4.0418413478 0.78258 0.98072 0.30541 0.41196 152.77952 195.62801 147.22542 138.42519 0.3 0.3 0.0 0.0 0.0 0.0 0.0 0.0 0.72115 0.0 0.0 45.47487 -0.49999 0.07399 0.0 0.0 0.0 0.0 0.0 0.0 0.00676486504032 19 1 0.981084489281 0.652975456547 2.41028173442
-0.12623 0.35028 3.35743 -0.12979 0.55971 4.10305036998 0.78258 0.98072 0.30541 0.41196 152.77952 195.62801 147.22542 138.42519 0.3 0.3 0.0 0.0 0.0 0.0 0.0 0.0 0.72115 0.0 0.0 45.47487 -0.49999 0.07399 0.0 0.0 0.0 0.0 0.0 0.0 0.00699375727341 20 0 0.95987460815 0.670745901717 2.41028173442
-0.12623 0.35028 3.35743 -0.12979 0.55971 3.91221404841 0.78258 0.98072 0.30541 0.41196 152.77952 195.62801 147.22542 138.42519 0.3 0.3 0.0 0.0 0.0 0.0 0.0 0.0 0.72115 0.0 0.0 45.47487 -0.49999 0.07399 0.0 0.0 0.0 0.0 0.0 0.0 0.00685769818127 21 0 0.964064436183 0.817843446784 2.41028173442
-0.12623 0.35028 3.35743 -0.12979 0.55971 4.14985900868 0.78258 0.98072 0.30541 0.41196 152.77952 195.62801 147.22542 138.42519 0.3 0.3 0.0 0.0 0.0 0.0 0.0 0.0 0.72115 0.0 0.0 45.47487 -0.49999 0.07399 0.0 0.0 0.0 0.0 0.0 0.0 0.00609876882978 22 0 0.959222082811 0.794762548682 2.41028173442
-0.12623 0.35028 3.35743 -0.12979 0.55971 3.85695992893 0.78258 0.98072 0.30541 0.41196 152.77952 195.62801 147.22542 138.42519 0.3 0.3 0.0 0.0 0.0 0.0 0.0 0.0 0.72115 0.0 0.0 45.47487 -0.49999 0.07399 0.0 0.0 0.0 0.0 0.0 0.0 0.00679356144675 23 0 0.958895705521 0.896007516841 2.41028173442
-0.12623 0.35028 3.35743 -0.12979 0.55971 3.8704209128 0.78258 0.98072 0.30541 0.41196 152.77952 195.62801 147.22542 138.42519 0.3 0.3 0.0 0.0 0.0 0.0 0.0 0.0 0.72115 0.0 0.0 45.47487 -0.49999 0.07399 0.0 0.0 0.0 0.0 0.0 0.0 0.00733441818574 24 0 0.957028852056 0.862884170868 2.41028173442
-0.12623 0.35028 3.35743 -0.12979 0.55971 4.10163680905 0.78258 0.98072 0.30541 0.41196 152.77952 195.62801 147.22542 138.42519 0.3 0.3 0.0 0.0 0.0 0.0 0.0 0.0 0.72115 0.0 0.0 45.47487 -0.49999 0.07399 0.0 0.0 0.0 0.0 0.0 0.0 0.00700362494958 25 0 0.960476787955 0.660659921615 2.41028173442
-0.12623 0.35028 3.35743 -0.12979 0.55971 4.0624515266 0.78258 0.98072 0.30541 0.41196 152.77952 195.62801 147.22542 138.42519 0.3 0.3 0.0 0.0 0.0 0.0 0.0 0.0 0.72115 0.0 0.0 45.47487 -0.49999 0.07399 0.0 0.0 0.0 0.0 0.0 0.0 0.00735440005809 26 1 0.974874371859 0.658700265277 1.46139357829
-0.12623 0.35028 3.35743 -0.12979 0.55971 4.15967622539 0.78258 0.98072 0.30541 0.41196 152.77952 195.62801 147.22542 138.42519 0.3 0.3 0.0 0.0 0.0 0.0 0.0 0.0 0.72115 0.0 0.0 45.47487 -0.49999 0.07399 0.0 0.0 0.0 0.0 0.0 0.0 0.00761145674008 27 0 0.958620689655 0.754883505137 1.46139357829
-0.12623 0.35028 3.35743 -0.12979 0.55971 4.0396248226 0.78258 0.98072 0.30541 0.41196 152.77952 195.62801 147.22542 138.42519 0.3 0.3 0.0 0.0 0.0 0.0 0.0 0.0 0.72115 0.0 0.0 45.47487 -0.49999 0.07399 0.0 0.0 0.0 0.0 0.0 0.0 0.00744193961948 28 1 0.979823455233 0.628464583315 2.5300652812
-0.12623 0.35028 3.35743 -0.12979 0.55971 4.04069807204 0.78258 0.98072 0.30541 0.41196 152.77952 195.62801 147.22542 138.42519 0.3 0.3 0.0 0.0 0.0 0.0 0.0 0.0 0.72115 0.0 0.0 45.47487 -0.49999 0.07399 0.0 0.0 0.0 0.0 0.0 0.0 0.00757443120876 29 1 0.980453972257 0.622307689117 2.67460985525
-0.12623 0.35028 3.35743 -0.12979 0.55971 4.07723892673 0.78258 0.98072 0.30541 0.41196 152.77952 195.62801 147.22542 138.42519 0.3 0.3 0.0 0.0 0.0 0.0 0.0 0.0 0.72115 0.0 0.0 45.47487 -0.49999 0.07399 0.0 0.0 0.0 0.0 0.0 0.0 0.00708416306444 30 0 0.973618090452 0.621325438879 2.67460985525
-0.12623 0.35028 3.35743 -0.12979 0.55971 3.97852367175 0.78258 0.98072 0.30541 0.41196 152.77952 195.62801 147.22542 138.42519 0.3 0.3 0.0 0.0 0.0 0.0 0.0 0.0 0.72115 0.0 0.0 45.47487 -0.49999 0.07399 0.0 0.0 0.0 0.0 0.0 0.0 0.00757704526736 31 1 0.97875 0.681739909529 2.13590658603
-0.12623 0.35028 3.35743 -0.12979 0.55971 3.98659449189 0.78258 0.98072 0.30541 0.41196 152.77952 195.62801 147.22542 138.42519 0.3 0.3 0.0 0.0 0.0 0.0 0.0 0.0 0.72115 0.0 0.0 45.47487 -0.49999 0.07399 0.0 0.0 0.0 0.0 0.0 0.0 0.00764460534075 32 1 0.979323308271 0.65975385171 2.36265971723
-0.12623 0.35028 3.35743 -0.12979 0.55971 3.93275135665 0.78258 0.98072 0.30541 0.41196 152.77952 195.62801 147.22542 138.42519 0.3 0.3 0.0 0.0 0.0 0.0 0.0 0.0 0.72115 0.0 0.0 45.47487 -0.49999 0.07399 0.0 0.0 0.0 0.0 0.0 0.0 0.00741489836075 33 0 0.971393034826 0.745267622065 2.36265971723
-0.12623 0.35028 3.35743 -0.12979 0.55971 3.96612218517 0.78258 0.98072 0.30541 0.41196 152.77952 195.62801 147.22542 138.42519 0.3 0.3 0.0 0.0 0.0 0.0 0.0 0.0 0.72115 0.0 0.0 45.47487 -0.49999 0.07399 0.0 0.0 0.0 0.0 0.0 0.0 0.00869035738156 34 1 0.978696741855 0.682930012077 2.42527665467
-0.12623 0.35028 3.35743 -0.12979 0.55971 3.96466657915 0.78258 0.98072 0.30541 0.41196 152.77952 195.62801 147.22542 138.42519 0.3 0.3 0.0 0.0 0.0 0.0 0.0 0.0 0.72115 0.0 0.0 45.47487 -0.49999 0.07399 0.0 0.0 0.0 0.0 0.0 0.0 0.00827386873732 35 1 0.979323308271 0.699987758971 2.34569933485
-0.12623 0.35028 3.35743 -0.12979 0.55971 3.85512358483 0.78258 0.98072 0.30541 0.41196 152.77952 195.62801 147.22542 138.42519 0.3 0.3 0.0 0.0 0.0 0.0 0.0 0.0 0.72115 0.0 0.0 45.47487 -0.49999 0.07399 0.0 0.0 0.0 0.0 0.0 0.0 0.0086127793331 36 0 0.960122699387 0.902971106202 2.34569933485
-0.12623 0.35028 3.35743 -0.12979 0.55971 3.98068098218 0.78258 0.98072 0.30541 0.41196 152.77952 195.62801 147.22542 138.42519 0.3 0.3 0.0 0.0 0.0 0.0 0.0 0.0 0.72115 0.0 0.0 45.47487 -0.49999 0.07399 0.0 0.0 0.0 0.0 0.0 0.0 0.00888558138394 37 1 0.981226533166 0.683223866426 2.76251735482
-0.12623 0.35028 3.35743 -0.12979 0.55971 4.15005799459 0.78258 0.98072 0.30541 0.41196 152.77952 195.62801 147.22542 138.42519 0.3 0.3 0.0 0.0 0.0 0.0 0.0 0.0 0.72115 0.0 0.0 45.47487 -0.49999 0.07399 0.0 0.0 0.0 0.0 0.0 0.0 0.00782329650256 38 0 0.959222082811 0.794847648151 2.76251735482
-0.12623 0.35028 3.35743 -0.12979 0.55971 3.94962537175 0.78258 0.98072 0.30541 0.41196 152.77952 195.62801 147.22542 138.42519 0.3 0.3 0.0 0.0 0.0 0.0 0.0 0.0 0.72115 0.0 0.0 45.47487 -0.49999 0.07399 0.0 0.0 0.0 0.0 0.0 0.0 0.0094711857116 39 1 0.970716510903 0.77920513687 0.838474783176
-0.12623 0.35028 3.35743 -0.12979 0.55971 4.03639154539 0.78258 0.98072 0.30541 0.41196 152.77952 195.62801 147.22542 138.42519 0.3 0.3 0.0 0.0 0.0 0.0 0.0 0.0 0.72115 0.0 0.0 45.47487 -0.49999 0.07399 0.0 0.0 0.0 0.0 0.0 0.0 0.00985795432296 40 1 0.981096408318 0.546765192834 3.15088738255
-0.12623 0.35028 3.35743 -0.12979 0.55971 3.97654166049 0.78258 0.98072 0.30541 0.41196 152.77952 195.62801 147.22542 138.42519 0.3 0.3 0.0 0.0 0.0 0.0 0.0 0.0 0.72115 0.0 0.0 45.47487 -0.49999 0.07399 0.0 0.0 0.0 0.0 0.0 0.0 0.00988829730897 41 1 0.977514053716 0.689296491056 2.46900357313
-0.12623 0.35028 3.35743 -0.12979 0.55971 4.14203113316 0.78258 0.98072 0.30541 0.41196 152.77952 195.62801 147.22542 138.42519 0.3 0.3 0.0 0.0 0.0 0.0 0.0 0.0 0.72115 0.0 0.0 45.47487 -0.49999 0.07399 0.0 0.0 0.0 0.0 0.0 0.0 0.00998392042191 42 0 0.957420162805 0.810866293256 2.46900357313
-0.12623 0.35028 3.35743 -0.12979 0.55971 3.70173850982 0.78258 0.98072 0.30541 0.41196 152.77952 195.62801 147.22542 138.42519 0.3 0.3 0.0 0.0 0.0 0.0 0.0 0.0 0.72115 0.0 0.0 45.47487 -0.49999 0.07399 0.0 0.0 0.0 0.0 0.0 0.0 0.00984665270427 43 0 0.927976190476 1.2498195514 2.46900357313
-0.12623 0.35028 3.35743 -0.12979 0.55971 4.14159626843 0.78258 0.98072 0.30541 0.41196 152.77952 195.62801 147.22542 138.42519 0.3 0.3 0.0 0.0 0.0 0.0 0.0 0.0 0.72115 0.0 0.0 45.47487 -0.49999 0.07399 0.0 0.0 0.0 0.0 0.0 0.0 0.0107748576466 44 0 0.957420162805 0.810024920669 2.46900357313
-0.12623 0.35028 3.35743 -0.12979 0.55971 3.98858082449 0.78258 0.98072 0.30541 0.41196 152.77952 195.62801 147.22542 138.42519 0.3 0.3 0.0 0.0 0.0 0.0 0.0 0.0 0.72115 0.0 0.0 45.47487 -0.49999 0.07399 0.0 0.0 0.0 0.0 0.0 0.0 0.00960126991873 45 1 0.978070175439 0.669089806615 2.55916623176
-0.12623 0.35028 3.35743 -0.12979 0.55971 3.86590698693 0.78258 0.98072 0.30541 0.41196 152.77952 195.62801 147.22542 138.42519 0.3 0.3 0.0 0.0 0.0 0.0 0.0 0.0 0.72115 0.0 0.0 45.47487 -0.49999 0.07399 0.0 0.0 0.0 0.0 0.0 0.0 0.00874371086405 46 0 0.961893054702 0.904124375348 2.55916623176
-0.12623 0.35028 3.35743 -0.12979 0.55971 3.98157420606 0.78258 0.98072 0.30541 0.41196 152.77952 195.62801 147.22542 138.42519 0.3 0.3 0.0 0.0 0.0 0.0 0.0 0.0 0.72115 0.0 0.0 45.47487 -0.49999 0.07399 0.0 0.0 0.0 0.0 0.0 0.0 0.00878952994736 47 1 0.981840951785 0.676331247007 2.83904434117
-0.12623 0.35028 3.35743 -0.12979 0.55971 3.96256723011 0.78258 0.98072 0.30541 0.41196 152.77952 195.62801 147.22542 138.42519 0.3 0.3 0.0 0.0 0.0 0.0 0.0 0.0 0.72115 0.0 0.0 45.47487 -0.49999 0.07399 0.0 0.0 0.0 0.0 0.0 0.0 0.00932560177773 48 1 0.979336255479 0.736753042591 2.42351956637
-0.12623 0.35028 3.35743 -0.12979 0.55971 4.0257083059 0.78258 0.98072 0.30541 0.41196 152.77952 195.62801 147.22542 138.42519 0.3 0.3 0.0 0.0 0.0 0.0 0.0 0.0 0.72115 0.0 0.0 45.47487 -0.49999 0.07399 0.0 0.0 0.0 0.0 0.0 0.0 0.00929106715914 49 1 0.993674889311 0.265115596111 3.7434761581
-0.12623 0.35028 3.35743 -0.12979 0.55971 4.10645962143 0.78258 0.98072 0.30541 0.41196 152.77952 195.62801 147.22542 138.42519 0.3 0.3 0.0 0.0 0.0 0.0 0.0 0.0 0.72115 0.0 0.0 45.47487 -0.49999 0.07399 0.0 0.0 0.0 0.0 0.0 0.0 0.00943749037963 50 0 0.959824231011 0.699607836636 3.7434761581
