-0.12623 0.35028 3.35743 -0.12979 0.55971 3.172248584 0.78258 0.98072 0.30541 0.41196 152.77952 195.62801 147.22542 138.42519 0.3 0.3 0.0 0.0 0.0 0.0 0.0 0.0 0.72115 0.0 0.0 45.47487 -0.49999 0.07399 0.0 0.0 0.0 0.0 0.0 0.0 0.005 0 1 0.827945205479 1.59416343992 -1500.24898364
-0.12623 0.35028 3.35743 -0.12979 0.55971 3.32211017288 0.78258 0.98072 0.30541 0.41196 152.77952 195.62801 147.22542 138.42519 0.3 0.3 0.0 0.0 0.0 0.0 0.0 0.0 0.72115 0.0 0.0 45.47487 -0.49999 0.07399 0.0 0.0 0.0 0.0 0.0 0.0 0.005584291705 1 1 0.846496106785 1.53648144021 -887.653884189
-0.12623 0.35028 3.35743 -0.12979 0.55971 3.32563771599 0.78258 0.98072 0.30541 0.41196 152.77952 195.62801 147.22542 138.42519 0.3 0.3 0.0 0.0 0.0 0.0 0.0 0.0 0.72115 0.0 0.0 45.47487 -0.49999 0.07399 0.0 0.0 0.0 0.0 0.0 0.0 0.00576023612391 2 1 0.852120535714 1.57628605623 -814.557264305
-0.12623 0.35028 3.35743 -0.12979 0.55971 3.25887555105 0.78258 0.98072 0.30541 0.41196 152.77952 195.62801 147.22542 138.42519 0.3 0.3 0.0 0.0 0.0 0.0 0.0 0.0 0.72115 0.0 0.0 45.47487 -0.49999 0.07399 0.0 0.0 0.0 0.0 0.0 0.0 0.00531013321438 3 0 0.83693843594 1.5627277765 -814.557264305
-0.12623 0.35028 3.35743 -0.12979 0.55971 3.29154084739 0.78258 0.98072 0.30541 0.41196 152.77952 195.62801 147.22542 138.42519 0.3 0.3 0.0 0.0 0.0 0.0 0.0 0.0 0.72115 0.0 0.0 45.47487 -0.49999 0.07399 0.0 0.0 0.0 0.0 0.0 0.0 0.00572717931291 4 0 0.839622641509 1.54847881667 -814.557264305
-0.12623 0.35028 3.35743 -0.12979 0.55971 3.06799357976 0.78258 0.98072 0.30541 0.41196 152.77952 195.62801 147.22542 138.42519 0.3 0.3 0.0 0.0 0.0 0.0 0.0 0.0 0.72115 0.0 0.0 45.47487 -0.49999 0.07399 0.0 0.0 0.0 0.0 0.0 0.0 0.00618036541343 5 0 0.799459459459 1.62164713426 -814.557264305
-0.12623 0.35028 3.35743 -0.12979 0.55971 3.48583868844 0.78258 0.98072 0.30541 0.41196 152.77952 195.62801 147.22542 138.42519 0.3 0.3 0.0 0.0 0.0 0.0 0.0 0.0 0.72115 0.0 0.0 45.47487 -0.49999 0.07399 0.0 0.0 0.0 0.0 0.0 0.0 0.00495793246058 6 1 0.88 1.47809808668 -635.550015605
-0.12623 0.35028 3.35743 -0.12979 0.55971 3.54025646059 0.78258 0.98072 0.30541 0.41196 152.77952 195.62801 147.22542 138.42519 0.3 0.3 0.0 0.0 0.0 0.0 0.0 0.0 0.72115 0.0 0.0 45.47487 -0.49999 0.07399 0.0 0.0 0.0 0.0 0.0 0.0 0.00456064355343 7 1 0.884416331225 1.40349636446 -628.134605788
-0.12623 0.35028 3.35743 -0.12979 0.55971 3.59297023765 0.78258 0.98072 0.30541 0.41196 152.77952 195.62801 147.22542 138.42519 0.3 0.3 0.0 0.0 0.0 0.0 0.0 0.0 0.72115 0.0 0.0 45.47487 -0.49999 0.07399 0.0 0.0 0.0 0.0 0.0 0.0 0.00519606376041 8 1 0.89837398374 1.3227143043 -330.287613857
-0.12623 0.35028 3.35743 -0.12979 0.55971 3.63980294348 0.78258 0.98072 0.30541 0.41196 152.77952 195.62801 147.22542 138.42519 0.3 0.3 0.0 0.0 0.0 0.0 0.0 0.0 0.72115 0.0 0.0 45.47487 -0.49999 0.07399 0.0 0.0 0.0 0.0 0.0 0.0 0.00505433375018 9 1 0.911332941867 1.27783357689 -246.886804845
-0.12623 0.35028 3.35743 -0.12979 0.55971 3.5656250729 0.78258 0.98072 0.30541 0.41196 152.77952 195.62801 147.22542 138.42519 0.3 0.3 0.0 0.0 0.0 0.0 0.0 0.0 0.72115 0.0 0.0 45.47487 -0.49999 0.07399 0.0 0.0 0.0 0.0 0.0 0.0 0.00448150647731 10 0 0.891066282421 1.43409748296 -246.886804845
-0.12623 0.35028 3.35743 -0.12979 0.55971 3.7665869389 0.78258 0.98072 0.30541 0.41196 152.77952 195.62801 147.22542 138.42519 0.3 0.3 0.0 0.0 0.0 0.0 0.0 0.0 0.72115 0.0 0.0 45.47487 -0.49999 0.07399 0.0 0.0 0.0 0.0 0.0 0.0 0.00485224281566 11 1 0.942702050663 1.10592630875 -80.8643994818
-0.12623 0.35028 3.35743 -0.12979 0.55971 3.53145149592 0.78258 0.98072 0.30541 0.41196 152.77952 195.62801 147.22542 138.42519 0.3 0.3 0.0 0.0 0.0 0.0 0.0 0.0 0.72115 0.0 0.0 45.47487 -0.49999 0.07399 0.0 0.0 0.0 0.0 0.0 0.0 0.00642338505638 12 0 0.884615384615 1.43959603384 -80.8643994818
-0.12623 0.35028 3.35743 -0.12979 0.55971 3.87627163178 0.78258 0.98072 0.30541 0.41196 152.77952 195.62801 147.22542 138.42519 0.3 0.3 0.0 0.0 0.0 0.0 0.0 0.0 0.72115 0.0 0.0 45.47487 -0.49999 0.07399 0.0 0.0 0.0 0.0 0.0 0.0 0.00385348910751 13 1 0.958256599141 0.904554186394 -43.3673831358
-0.12623 0.35028 3.35743 -0.12979 0.55971 3.66263220896 0.78258 0.98072 0.30541 0.41196 152.77952 195.62801 147.22542 138.42519 0.3 0.3 0.0 0.0 0.0 0.0 0.0 0.0 0.72115 0.0 0.0 45.47487 -0.49999 0.07399 0.0 0.0 0.0 0.0 0.0 0.0 0.00432663330096 14 0 0.915634218289 1.28374311013 -43.3673831358
-0.12623 0.35028 3.35743 -0.12979 0.55971 3.94416426491 0.78258 0.98072 0.30541 0.41196 152.77952 195.62801 147.22542 138.42519 0.3 0.3 0.0 0.0 0.0 0.0 0.0 0.0 0.72115 0.0 0.0 45.47487 -0.49999 0.07399 0.0 0.0 0.0 0.0 0.0 0.0 0.00406115622116 15 1 0.968905472637 0.76561425983 -12.5940514103
-0.12623 0.35028 3.35743 -0.12979 0.55971 3.80220016557 0.78258 0.98072 0.30541 0.41196 152.77952 195.62801 147.22542 138.42519 0.3 0.3 0.0 0.0 0.0 0.0 0.0 0.0 0.72115 0.0 0.0 45.47487 -0.49999 0.07399 0.0 0.0 0.0 0.0 0.0 0.0 0.00403538897473 16 0 0.940856970428 1.08249103895 -12.5940514103
-0.12623 0.35028 3.35743 -0.12979 0.55971 3.97562978221 0.78258 0.98072 0.30541 0.41196 152.77952 195.62801 147.22542 138.42519 0.3 0.3 0.0 0.0 0.0 0.0 0.0 0.0 0.72115 0.0 0.0 45.47487 -0.49999 0.07399 0.0 0.0 0.0 0.0 0.0 0.0 0.00438549884471 17 1 0.976889444097 0.663306577108 -1.59864515087
-0.12623 0.35028 3.35743 -0.12979 0.55971 3.91762080319 0.78258 0.98072 0.30541 0.41196 152.77952 195.62801 147.22542 138.42519 0.3 0.3 0.0 0.0 0.0 0.0 0.0 0.0 0.72115 0.0 0.0 45.47487 -0.49999 0.07399 0.0 0.0 0.0 0.0 0.0 0.0 0.00542657159361 18 0 0.961609907121 0.816941113582 -1.59864515087
-0.12623 0.35028 3.35743 -0.12979 0.55971 3.98423490544 0.78258 0.98072 0.30541 0.41196 152.77952 195.62801 147.22542 138.42519 0.3 0.3 0.0 0.0 0.0 0.0 0.0 0.0 0.72115 0.0 0.0 45.47487 -0.49999 0.07399 0.0 0.0 0.0 0.0 0.0 0.0 0.00395742041347 19 1 0.980588603632 0.659933302388 -0.625906805368
-0.12623 0.35028 3.35743 -0.12979 0.55971 3.95719467053 0.78258 0.98072 0.30541 0.41196 152.77952 195.62801 147.22542 138.42519 0.3 0.3 0.0 0.0 0.0 0.0 0.0 0.0 0.72115 0.0 0.0 45.47487 -0.49999 0.07399 0.0 0.0 0.0 0.0 0.0 0.0 0.00363638355375 20 0 0.971892567146 0.792171968644 -0.625906805368
-0.12623 0.35028 3.35743 -0.12979 0.55971 3.99328926744 0.78258 0.98072 0.30541 0.41196 152.77952 195.62801 147.22542 138.42519 0.3 0.3 0.0 0.0 0.0 0.0 0.0 0.0 0.72115 0.0 0.0 45.47487 -0.49999 0.07399 0.0 0.0 0.0 0.0 0.0 0.0 0.00341976208658 21 1 0.980539861896 0.681098286126 -2.7516135808
-0.12623 0.35028 3.35743 -0.12979 0.55971 4.17660672634 0.78258 0.98072 0.30541 0.41196 152.77952 195.62801 147.22542 138.42519 0.3 0.3 0.0 0.0 0.0 0.0 0.0 0.0 0.72115 0.0 0.0 45.47487 -0.49999 0.07399 0.0 0.0 0.0 0.0 0.0 0.0 0.00333776884641 22 0 0.956057752668 0.781620932576 -2.7516135808
-0.12623 0.35028 3.35743 -0.12979 0.55971 3.99506990887 0.78258 0.98072 0.30541 0.41196 152.77952 195.62801 147.22542 138.42519 0.3 0.3 0.0 0.0 0.0 0.0 0.0 0.0 0.72115 0.0 0.0 45.47487 -0.49999 0.07399 0.0 0.0 0.0 0.0 0.0 0.0 0.00416356823195 23 1 0.981783919598 0.676879030861 0.177433955218
-0.12623 0.35028 3.35743 -0.12979 0.55971 3.90207527324 0.78258 0.98072 0.30541 0.41196 152.77952 195.62801 147.22542 138.42519 0.3 0.3 0.0 0.0 0.0 0.0 0.0 0.0 0.72115 0.0 0.0 45.47487 -0.49999 0.07399 0.0 0.0 0.0 0.0 0.0 0.0 0.00446173134346 24 0 0.967243510507 0.82910870375 0.177433955218
-0.12623 0.35028 3.35743 -0.12979 0.55971 4.18283558688 0.78258 0.98072 0.30541 0.41196 152.77952 195.62801 147.22542 138.42519 0.3 0.3 0.0 0.0 0.0 0.0 0.0 0.0 0.72115 0.0 0.0 45.47487 -0.49999 0.07399 0.0 0.0 0.0 0.0 0.0 0.0 0.00432415584328 25 0 0.956685499058 0.854540248834 0.177433955218
-0.12623 0.35028 3.35743 -0.12979 0.55971 4.0541929592 0.78258 0.98072 0.30541 0.41196 152.77952 195.62801 147.22542 138.42519 0.3 0.3 0.0 0.0 0.0 0.0 0.0 0.0 0.72115 0.0 0.0 45.47487 -0.49999 0.07399 0.0 0.0 0.0 0.0 0.0 0.0 0.00453378384793 26 1 0.980503144654 0.676952548373 0.239913392742
-0.12623 0.35028 3.35743 -0.12979 0.55971 4.08064882839 0.78258 0.98072 0.30541 0.41196 152.77952 195.62801 147.22542 138.42519 0.3 0.3 0.0 0.0 0.0 0.0 0.0 0.0 0.72115 0.0 0.0 45.47487 -0.49999 0.07399 0.0 0.0 0.0 0.0 0.0 0.0 0.00455724825534 27 0 0.972361809045 0.617327929269 0.239913392742
-0.12623 0.35028 3.35743 -0.12979 0.55971 4.0145352253 0.78258 0.98072 0.30541 0.41196 152.77952 195.62801 147.22542 138.42519 0.3 0.3 0.0 0.0 0.0 0.0 0.0 0.0 0.72115 0.0 0.0 45.47487 -0.49999 0.07399 0.0 0.0 0.0 0.0 0.0 0.0 0.00377105177298 28 1 0.988020176545 0.499379003613 3.40309844424
-0.12623 0.35028 3.35743 -0.12979 0.55971 4.02239400549 0.78258 0.98072 0.30541 0.41196 152.77952 195.62801 147.22542 138.42519 0.3 0.3 0.0 0.0 0.0 0.0 0.0 0.0 0.72115 0.0 0.0 45.47487 -0.49999 0.07399 0.0 0.0 0.0 0.0 0.0 0.0 0.00467082748288 29 1 0.999366286439 0.152533787555 4.44726635729
-0.12623 0.35028 3.35743 -0.12979 0.55971 4.01219839484 0.78258 0.98072 0.30541 0.41196 152.77952 195.62801 147.22542 138.42519 0.3 0.3 0.0 0.0 0.0 0.0 0.0 0.0 0.72115 0.0 0.0 45.47487 -0.49999 0.07399 0.0 0.0 0.0 0.0 0.0 0.0 0.00515744777436 30 1 0.984896161108 0.60528160847 2.77732503409
-0.12623 0.35028 3.35743 -0.12979 0.55971 3.9751188377 0.78258 0.98072 0.30541 0.41196 152.77952 195.62801 147.22542 138.42519 0.3 0.3 0.0 0.0 0.0 0.0 0.0 0.0 0.72115 0.0 0.0 45.47487 -0.49999 0.07399 0.0 0.0 0.0 0.0 0.0 0.0 0.00503377684532 31 0 0.977514053716 0.648420891436 2.77732503409
-0.12623 0.35028 3.35743 -0.12979 0.55971 4.09797808942 0.78258 0.98072 0.30541 0.41196 152.77952 195.62801 147.22542 138.42519 0.3 0.3 0.0 0.0 0.0 0.0 0.0 0.0 0.72115 0.0 0.0 45.47487 -0.49999 0.07399 0.0 0.0 0.0 0.0 0.0 0.0 0.0051843279935 32 0 0.962962962963 0.708210288641 2.77732503409
-0.12623 0.35028 3.35743 -0.12979 0.55971 4.07313649752 0.78258 0.98072 0.30541 0.41196 152.77952 195.62801 147.22542 138.42519 0.3 0.3 0.0 0.0 0.0 0.0 0.0 0.0 0.72115 0.0 0.0 45.47487 -0.49999 0.07399 0.0 0.0 0.0 0.0 0.0 0.0 0.00505855370131 33 0 0.972344437461 0.599783002949 2.77732503409
-0.12623 0.35028 3.35743 -0.12979 0.55971 3.95036331783 0.78258 0.98072 0.30541 0.41196 152.77952 195.62801 147.22542 138.42519 0.3 0.3 0.0 0.0 0.0 0.0 0.0 0.0 0.72115 0.0 0.0 45.47487 -0.49999 0.07399 0.0 0.0 0.0 0.0 0.0 0.0 0.0051925692209 34 0 0.971321695761 0.763035159957 2.77732503409
-0.12623 0.35028 3.35743 -0.12979 0.55971 4.11485058647 0.78258 0.98072 0.30541 0.41196 152.77952 195.62801 147.22542 138.42519 0.3 0.3 0.0 0.0 0.0 0.0 0.0 0.0 0.72115 0.0 0.0 45.47487 -0.49999 0.07399 0.0 0.0 0.0 0.0 0.0 0.0 0.00527012690593 35 0 0.961683417085 0.7128482416 2.77732503409
-0.12623 0.35028 3.35743 -0.12979 0.55971 3.96745294675 0.78258 0.98072 0.30541 0.41196 152.77952 195.62801 147.22542 138.42519 0.3 0.3 0.0 0.0 0.0 0.0 0.0 0.0 0.72115 0.0 0.0 45.47487 -0.49999 0.07399 0.0 0.0 0.0 0.0 0.0 0.0 0.00541287343555 36 1 0.978111319575 0.635968966737 0.993104630414
-0.12623 0.35028 3.35743 -0.12979 0.55971 3.97146692045 0.78258 0.98072 0.30541 0.41196 152.77952 195.62801 147.22542 138.42519 0.3 0.3 0.0 0.0 0.0 0.0 0.0 0.0 0.72115 0.0 0.0 45.47487 -0.49999 0.07399 0.0 0.0 0.0 0.0 0.0 0.0 0.00557856480833 37 1 0.977485928705 0.62375348165 1.10134604996
-0.12623 0.35028 3.35743 -0.12979 0.55971 3.98834935378 0.78258 0.98072 0.30541 0.41196 152.77952 195.62801 147.22542 138.42519 0.3 0.3 0.0 0.0 0.0 0.0 0.0 0.0 0.72115 0.0 0.0 45.47487 -0.49999 0.07399 0.0 0.0 0.0 0.0 0.0 0.0 0.00597114363033 38 1 0.978070175439 0.669094320582 1.1826220494
-0.12623 0.35028 3.35743 -0.12979 0.55971 3.78659642688 0.78258 0.98072 0.30541 0.41196 152.77952 195.62801 147.22542 138.42519 0.3 0.3 0.0 0.0 0.0 0.0 0.0 0.0 0.72115 0.0 0.0 45.47487 -0.49999 0.07399 0.0 0.0 0.0 0.0 0.0 0.0 0.00557414062954 39 0 0.940361445783 1.07307321453 1.1826220494
-0.12623 0.35028 3.35743 -0.12979 0.55971 4.06822216277 0.78258 0.98072 0.30541 0.41196 152.77952 195.62801 147.22542 138.42519 0.3 0.3 0.0 0.0 0.0 0.0 0.0 0.0 0.72115 0.0 0.0 45.47487 -0.49999 0.07399 0.0 0.0 0.0 0.0 0.0 0.0 0.00582250041756 40 1 0.973618090452 0.642470944731 -0.010029354473
-0.12623 0.35028 3.35743 -0.12979 0.55971 4.03409526512 0.78258 0.98072 0.30541 0.41196 152.77952 195.62801 147.22542 138.42519 0.3 0.3 0.0 0.0 0.0 0.0 0.0 0.0 0.72115 0.0 0.0 45.47487 -0.49999 0.07399 0.0 0.0 0.0 0.0 0.0 0.0 0.00538155753557 41 1 0.984247006931 0.480904850266 3.31501036981
-0.12623 0.35028 3.35743 -0.12979 0.55971 3.89879802268 0.78258 0.98072 0.30541 0.41196 152.77952 195.62801 147.22542 138.42519 0.3 0.3 0.0 0.0 0.0 0.0 0.0 0.0 0.72115 0.0 0.0 45.47487 -0.49999 0.07399 0.0 0.0 0.0 0.0 0.0 0.0 0.0050619835681 42 0 0.963580246914 0.835828424751 3.31501036981
-0.12623 0.35028 3.35743 -0.12979 0.55971 3.91890801763 0.78258 0.98072 0.30541 0.41196 152.77952 195.62801 147.22542 138.42519 0.3 0.3 0.0 0.0 0.0 0.0 0.0 0.0 0.72115 0.0 0.0 45.47487 -0.49999 0.07399 0.0 0.0 0.0 0.0 0.0 0.0 0.00622330647828 43 0 0.96399751707 0.824159505622 3.31501036981
-0.12623 0.35028 3.35743 -0.12979 0.55971 3.92741201934 0.78258 0.98072 0.30541 0.41196 152.77952 195.62801 147.22542 138.42519 0.3 0.3 0.0 0.0 0.0 0.0 0.0 0.0 0.72115 0.0 0.0 45.47487 -0.49999 0.07399 0.0 0.0 0.0 0.0 0.0 0.0 0.0049526341148 44 0 0.965859714463 0.762976397214 3.31501036981
-0.12623 0.35028 3.35743 -0.12979 0.55971 4.00296899015 0.78258 0.98072 0.30541 0.41196 152.77952 195.62801 147.22542 138.42519 0.3 0.3 0.0 0.0 0.0 0.0 0.0 0.0 0.72115 0.0 0.0 45.47487 -0.49999 0.07399 0.0 0.0 0.0 0.0 0.0 0.0 0.00484419018853 45 1 0.986163522013 0.632345357957 2.77991101483
-0.12623 0.35028 3.35743 -0.12979 0.55971 4.00489924782 0.78258 0.98072 0.30541 0.41196 152.77952 195.62801 147.22542 138.42519 0.3 0.3 0.0 0.0 0.0 0.0 0.0 0.0 0.72115 0.0 0.0 45.47487 -0.49999 0.07399 0.0 0.0 0.0 0.0 0.0 0.0 0.0049557321992 46 1 0.986800754243 0.660811624601 2.83942694213
-0.12623 0.35028 3.35743 -0.12979 0.55971 3.9528508682 0.78258 0.98072 0.30541 0.41196 152.77952 195.62801 147.22542 138.42519 0.3 0.3 0.0 0.0 0.0 0.0 0.0 0.0 0.72115 0.0 0.0 45.47487 -0.49999 0.07399 0.0 0.0 0.0 0.0 0.0 0.0 0.00559381526804 47 0 0.968789013733 0.810431568699 2.83942694213
-0.12623 0.35028 3.35743 -0.12979 0.55971 4.11156367735 0.78258 0.98072 0.30541 0.41196 152.77952 195.62801 147.22542 138.42519 0.3 0.3 0.0 0.0 0.0 0.0 0.0 0.0 0.72115 0.0 0.0 45.47487 -0.49999 0.07399 0.0 0.0 0.0 0.0 0.0 0.0 0.00525281466635 48 0 0.961683417085 0.688942023636 2.83942694213
-0.12623 0.35028 3.35743 -0.12979 0.55971 3.89266688678 0.78258 0.98072 0.30541 0.41196 152.77952 195.62801 147.22542 138.42519 0.3 0.3 0.0 0.0 0.0 0.0 0.0 0.0 0.72115 0.0 0.0 45.47487 -0.49999 0.07399 0.0 0.0 0.0 0.0 0.0 0.0 0.00565035262402 49 0 0.961775585697 0.871360185096 2.83942694213
-0.12623 0.35028 3.35743 -0.12979 0.55971 4.03504743176 0.78258 0.98072 0.30541 0.41196 152.77952 195.62801 147.22542 138.42519 0.3 0.3 0.0 0.0 0.0 0.0 0.0 0.0 0.72115 0.0 0.0 45.47487 -0.49999 0.07399 0.0 0.0 0.0 0.0 0.0 0.0 0.00563915410358 50 1 0.984247006931 0.470267914611 3.39618571132
