-0.12623 0.35028 3.35743 -0.12979 0.55971 4.30354380533 0.78258 0.98072 0.30541 0.41196 152.77952 195.62801 147.22542 138.42519 0.3 0.3 0.0 0.0 0.0 0.0 0.0 0.0 0.72115 0.0 0.0 45.47487 -0.49999 0.07399 0.0 0.0 0.0 0.0 0.0 0.0 0.005 0 1 0.936448598131 1.02409496664 -80.3357018764
-0.12623 0.35028 3.35743 -0.12979 0.55971 4.22446397081 0.78258 0.98072 0.30541 0.41196 152.77952 195.62801 147.22542 138.42519 0.3 0.3 0.0 0.0 0.0 0.0 0.0 0.0 0.72115 0.0 0.0 45.47487 -0.49999 0.07399 0.0 0.0 0.0 0.0 0.0 0.0 0.00516524799238 1 1 0.946216385241 0.928089492212 -42.3478090516
-0.12623 0.35028 3.35743 -0.12979 0.55971 4.18765955164 0.78258 0.98072 0.30541 0.41196 152.77952 195.62801 147.22542 138.42519 0.3 0.3 0.0 0.0 0.0 0.0 0.0 0.0 0.72115 0.0 0.0 45.47487 -0.49999 0.07399 0.0 0.0 0.0 0.0 0.0 0.0 0.00446133284051 2 1 0.954231974922 0.853689273677 -33.8565761025
-0.12623 0.35028 3.35743 -0.12979 0.55971 4.22720040798 0.78258 0.98072 0.30541 0.41196 152.77952 195.62801 147.22542 138.42519 0.3 0.3 0.0 0.0 0.0 0.0 0.0 0.0 0.72115 0.0 0.0 45.47487 -0.49999 0.07399 0.0 0.0 0.0 0.0 0.0 0.0 0.00432494438798 3 0 0.945590994371 0.919112739081 -33.8565761025
-0.12623 0.35028 3.35743 -0.12979 0.55971 4.45429718991 0.78258 0.98072 0.30541 0.41196 152.77952 195.62801 147.22542 138.42519 0.3 0.3 0.0 0.0 0.0 0.0 0.0 0.0 0.72115 0.0 0.0 45.47487 -0.49999 0.07399 0.0 0.0 0.0 0.0 0.0 0.0 0.00419467611565 4 0 0.903740036787 1.31005033478 -33.8565761025
-0.12623 0.35028 3.35743 -0.12979 0.55971 4.44617825002 0.78258 0.98072 0.30541 0.41196 152.77952 195.62801 147.22542 138.42519 0.3 0.3 0.0 0.0 0.0 0.0 0.0 0.0 0.72115 0.0 0.0 45.47487 -0.49999 0.07399 0.0 0.0 0.0 0.0 0.0 0.0 0.00426907786825 5 0 0.905347264905 1.25282797862 -33.8565761025
-0.12623 0.35028 3.35743 -0.12979 0.55971 4.23470971895 0.78258 0.98072 0.30541 0.41196 152.77952 195.62801 147.22542 138.42519 0.3 0.3 0.0 0.0 0.0 0.0 0.0 0.0 0.72115 0.0 0.0 45.47487 -0.49999 0.07399 0.0 0.0 0.0 0.0 0.0 0.0 0.00434284034127 6 0 0.943714821764 0.927845691042 -33.8565761025
-0.12623 0.35028 3.35743 -0.12979 0.55971 4.09682246019 0.78258 0.98072 0.30541 0.41196 152.77952 195.62801 147.22542 138.42519 0.3 0.3 0.0 0.0 0.0 0.0 0.0 0.0 0.72115 0.0 0.0 45.47487 -0.49999 0.07399 0.0 0.0 0.0 0.0 0.0 0.0 0.00485454967998 7 1 0.963567839196 0.722298500365 -10.2829125747
-0.12623 0.35028 3.35743 -0.12979 0.55971 4.03662907913 0.78258 0.98072 0.30541 0.41196 152.77952 195.62801 147.22542 138.42519 0.3 0.3 0.0 0.0 0.0 0.0 0.0 0.0 0.72115 0.0 0.0 45.47487 -0.49999 0.07399 0.0 0.0 0.0 0.0 0.0 0.0 0.00494475001226 8 1 0.980466288595 0.603008181781 1.55324253724
-0.12623 0.35028 3.35743 -0.12979 0.55971 3.94227198687 0.78258 0.98072 0.30541 0.41196 152.77952 195.62801 147.22542 138.42519 0.3 0.3 0.0 0.0 0.0 0.0 0.0 0.0 0.72115 0.0 0.0 45.47487 -0.49999 0.07399 0.0 0.0 0.0 0.0 0.0 0.0 0.00507624821104 9 0 0.969527363184 0.758307603716 1.55324253724
-0.12623 0.35028 3.35743 -0.12979 0.55971 3.99593333543 0.78258 0.98072 0.30541 0.41196 152.77952 195.62801 147.22542 138.42519 0.3 0.3 0.0 0.0 0.0 0.0 0.0 0.0 0.72115 0.0 0.0 45.47487 -0.49999 0.07399 0.0 0.0 0.0 0.0 0.0 0.0 0.00469705281024 10 1 0.984286612194 0.718071398972 1.55656117649
-0.12623 0.35028 3.35743 -0.12979 0.55971 3.91500715508 0.78258 0.98072 0.30541 0.41196 152.77952 195.62801 147.22542 138.42519 0.3 0.3 0.0 0.0 0.0 0.0 0.0 0.0 0.72115 0.0 0.0 45.47487 -0.49999 0.07399 0.0 0.0 0.0 0.0 0.0 0.0 0.0049270880941 11 0 0.965944272446 0.841005378655 1.55656117649
-0.12623 0.35028 3.35743 -0.12979 0.55971 3.85632708245 0.78258 0.98072 0.30541 0.41196 152.77952 195.62801 147.22542 138.42519 0.3 0.3 0.0 0.0 0.0 0.0 0.0 0.0 0.72115 0.0 0.0 45.47487 -0.49999 0.07399 0.0 0.0 0.0 0.0 0.0 0.0 0.00486461166376 12 0 0.959534028204 0.900484785067 1.55656117649
-0.12623 0.35028 3.35743 -0.12979 0.55971 4.13430846626 0.78258 0.98072 0.30541 0.41196 152.77952 195.62801 147.22542 138.42519 0.3 0.3 0.0 0.0 0.0 0.0 0.0 0.0 0.72115 0.0 0.0 45.47487 -0.49999 0.07399 0.0 0.0 0.0 0.0 0.0 0.0 0.00515185706816 13 0 0.961104140527 0.750503278594 1.55656117649
-0.12623 0.35028 3.35743 -0.12979 0.55971 4.06142700859 0.78258 0.98072 0.30541 0.41196 152.77952 195.62801 147.22542 138.42519 0.3 0.3 0.0 0.0 0.0 0.0 0.0 0.0 0.72115 0.0 0.0 45.47487 -0.49999 0.07399 0.0 0.0 0.0 0.0 0.0 0.0 0.00434279919567 14 0 0.976130653266 0.647861330951 1.55656117649
-0.12623 0.35028 3.35743 -0.12979 0.55971 3.94956689434 0.78258 0.98072 0.30541 0.41196 152.77952 195.62801 147.22542 138.42519 0.3 0.3 0.0 0.0 0.0 0.0 0.0 0.0 0.72115 0.0 0.0 45.47487 -0.49999 0.07399 0.0 0.0 0.0 0.0 0.0 0.0 0.00493474516922 15 0 0.970716510903 0.794766759542 1.55656117649
-0.12623 0.35028 3.35743 -0.12979 0.55971 3.88347379061 0.78258 0.98072 0.30541 0.41196 152.77952 195.62801 147.22542 138.42519 0.3 0.3 0.0 0.0 0.0 0.0 0.0 0.0 0.72115 0.0 0.0 45.47487 -0.49999 0.07399 0.0 0.0 0.0 0.0 0.0 0.0 0.00513294556387 16 0 0.959434542102 0.876534652659 1.55656117649
-0.12623 0.35028 3.35743 -0.12979 0.55971 4.11279164309 0.78258 0.98072 0.30541 0.41196 152.77952 195.62801 147.22542 138.42519 0.3 0.3 0.0 0.0 0.0 0.0 0.0 0.0 0.72115 0.0 0.0 45.47487 -0.49999 0.07399 0.0 0.0 0.0 0.0 0.0 0.0 0.00406383059963 17 0 0.961683417085 0.703409574449 1.55656117649
-0.12623 0.35028 3.35743 -0.12979 0.55971 4.0575508868 0.78258 0.98072 0.30541 0.41196 152.77952 195.62801 147.22542 138.42519 0.3 0.3 0.0 0.0 0.0 0.0 0.0 0.0 0.72115 0.0 0.0 45.47487 -0.49999 0.07399 0.0 0.0 0.0 0.0 0.0 0.0 0.00518585564301 18 0 0.977372721559 0.678320281578 1.55656117649
-0.12623 0.35028 3.35743 -0.12979 0.55971 3.97175223668 0.78258 0.98072 0.30541 0.41196 152.77952 195.62801 147.22542 138.42519 0.3 0.3 0.0 0.0 0.0 0.0 0.0 0.0 0.72115 0.0 0.0 45.47487 -0.49999 0.07399 0.0 0.0 0.0 0.0 0.0 0.0 0.00442667310757 19 0 0.978097622028 0.62285411007 1.55656117649
-0.12623 0.35028 3.35743 -0.12979 0.55971 4.08988555505 0.78258 0.98072 0.30541 0.41196 152.77952 195.62801 147.22542 138.42519 0.3 0.3 0.0 0.0 0.0 0.0 0.0 0.0 0.72115 0.0 0.0 45.47487 -0.49999 0.07399 0.0 0.0 0.0 0.0 0.0 0.0 0.00448992773077 20 0 0.965452261307 0.705378860449 1.55656117649
-0.12623 0.35028 3.35743 -0.12979 0.55971 4.0123609834 0.78258 0.98072 0.30541 0.41196 152.77952 195.62801 147.22542 138.42519 0.3 0.3 0.0 0.0 0.0 0.0 0.0 0.0 0.72115 0.0 0.0 45.47487 -0.49999 0.07399 0.0 0.0 0.0 0.0 0.0 0.0 0.00518740218567 21 1 0.984896161108 0.604127791693 2.79554037067
-0.12623 0.35028 3.35743 -0.12979 0.55971 4.04046615587 0.78258 0.98072 0.30541 0.41196 152.77952 195.62801 147.22542 138.42519 0.3 0.3 0.0 0.0 0.0 0.0 0.0 0.0 0.72115 0.0 0.0 45.47487 -0.49999 0.07399 0.0 0.0 0.0 0.0 0.0 0.0 0.00561243311221 22 0 0.980453972257 0.639229699281 2.79554037067
-0.12623 0.35028 3.35743 -0.12979 0.55971 3.92226389536 0.78258 0.98072 0.30541 0.41196 152.77952 195.62801 147.22542 138.42519 0.3 0.3 0.0 0.0 0.0 0.0 0.0 0.0 0.72115 0.0 0.0 45.47487 -0.49999 0.07399 0.0 0.0 0.0 0.0 0.0 0.0 0.00528631277436 23 0 0.962802231866 0.799107898057 2.79554037067
-0.12623 0.35028 3.35743 -0.12979 0.55971 4.07711126081 0.78258 0.98072 0.30541 0.41196 152.77952 195.62801 147.22542 138.42519 0.3 0.3 0.0 0.0 0.0 0.0 0.0 0.0 0.72115 0.0 0.0 45.47487 -0.49999 0.07399 0.0 0.0 0.0 0.0 0.0 0.0 0.00563161176644 24 0 0.973618090452 0.621322483385 2.79554037067
-0.12623 0.35028 3.35743 -0.12979 0.55971 3.93975748641 0.78258 0.98072 0.30541 0.41196 152.77952 195.62801 147.22542 138.42519 0.3 0.3 0.0 0.0 0.0 0.0 0.0 0.0 0.72115 0.0 0.0 45.47487 -0.49999 0.07399 0.0 0.0 0.0 0.0 0.0 0.0 0.00520392322304 25 0 0.970789310131 0.754773368282 2.79554037067
-0.12623 0.35028 3.35743 -0.12979 0.55971 4.10444274787 0.78258 0.98072 0.30541 0.41196 152.77952 195.62801 147.22542 138.42519 0.3 0.3 0.0 0.0 0.0 0.0 0.0 0.0 0.72115 0.0 0.0 45.47487 -0.49999 0.07399 0.0 0.0 0.0 0.0 0.0 0.0 0.00623003444464 26 0 0.959824231011 0.722273693191 2.79554037067
-0.12623 0.35028 3.35743 -0.12979 0.55971 4.02187479376 0.78258 0.98072 0.30541 0.41196 152.77952 195.62801 147.22542 138.42519 0.3 0.3 0.0 0.0 0.0 0.0 0.0 0.0 0.72115 0.0 0.0 45.47487 -0.49999 0.07399 0.0 0.0 0.0 0.0 0.0 0.0 0.00524144016241 27 1 1.0 0.104855106442 4.33222044505
-0.12623 0.35028 3.35743 -0.12979 0.55971 3.96164175293 0.78258 0.98072 0.30541 0.41196 152.77952 195.62801 147.22542 138.42519 0.3 0.3 0.0 0.0 0.0 0.0 0.0 0.0 0.72115 0.0 0.0 45.47487 -0.49999 0.07399 0.0 0.0 0.0 0.0 0.0 0.0 0.0045871692456 28 0 0.978723404255 0.75659293916 4.33222044505
-0.12623 0.35028 3.35743 -0.12979 0.55971 3.94382984864 0.78258 0.98072 0.30541 0.41196 152.77952 195.62801 147.22542 138.42519 0.3 0.3 0.0 0.0 0.0 0.0 0.0 0.0 0.72115 0.0 0.0 45.47487 -0.49999 0.07399 0.0 0.0 0.0 0.0 0.0 0.0 0.00471221416722 29 0 0.968905472637 0.773669765152 4.33222044505
-0.12623 0.35028 3.35743 -0.12979 0.55971 4.00622140942 0.78258 0.98072 0.30541 0.41196 152.77952 195.62801 147.22542 138.42519 0.3 0.3 0.0 0.0 0.0 0.0 0.0 0.0 0.72115 0.0 0.0 45.47487 -0.49999 0.07399 0.0 0.0 0.0 0.0 0.0 0.0 0.00532161375446 30 1 0.986800754243 0.641865159086 3.04977019351
-0.12623 0.35028 3.35743 -0.12979 0.55971 4.00513995694 0.78258 0.98072 0.30541 0.41196 152.77952 195.62801 147.22542 138.42519 0.3 0.3 0.0 0.0 0.0 0.0 0.0 0.0 0.72115 0.0 0.0 45.47487 -0.49999 0.07399 0.0 0.0 0.0 0.0 0.0 0.0 0.00509780884478 31 1 0.986180904523 0.642079480939 2.84526023479
-0.12623 0.35028 3.35743 -0.12979 0.55971 3.93751118823 0.78258 0.98072 0.30541 0.41196 152.77952 195.62801 147.22542 138.42519 0.3 0.3 0.0 0.0 0.0 0.0 0.0 0.0 0.72115 0.0 0.0 45.47487 -0.49999 0.07399 0.0 0.0 0.0 0.0 0.0 0.0 0.00542940246691 32 0 0.970186335404 0.75407500619 2.84526023479
-0.12623 0.35028 3.35743 -0.12979 0.55971 4.02679752158 0.78258 0.98072 0.30541 0.41196 152.77952 195.62801 147.22542 138.42519 0.3 0.3 0.0 0.0 0.0 0.0 0.0 0.0 0.72115 0.0 0.0 45.47487 -0.49999 0.07399 0.0 0.0 0.0 0.0 0.0 0.0 0.00593128659779 33 1 0.99430740038 0.29176907139 4.16936783754
-0.12623 0.35028 3.35743 -0.12979 0.55971 4.11419793809 0.78258 0.98072 0.30541 0.41196 152.77952 195.62801 147.22542 138.42519 0.3 0.3 0.0 0.0 0.0 0.0 0.0 0.0 0.72115 0.0 0.0 45.47487 -0.49999 0.07399 0.0 0.0 0.0 0.0 0.0 0.0 0.00612611882341 34 0 0.961055276382 0.712754580687 4.16936783754
-0.12623 0.35028 3.35743 -0.12979 0.55971 4.13914472344 0.78258 0.98072 0.30541 0.41196 152.77952 195.62801 147.22542 138.42519 0.3 0.3 0.0 0.0 0.0 0.0 0.0 0.0 0.72115 0.0 0.0 45.47487 -0.49999 0.07399 0.0 0.0 0.0 0.0 0.0 0.0 0.00542796116276 35 0 0.961707470182 0.775986834372 4.16936783754
-0.12623 0.35028 3.35743 -0.12979 0.55971 4.12045412759 0.78258 0.98072 0.30541 0.41196 152.77952 195.62801 147.22542 138.42519 0.3 0.3 0.0 0.0 0.0 0.0 0.0 0.0 0.72115 0.0 0.0 45.47487 -0.49999 0.07399 0.0 0.0 0.0 0.0 0.0 0.0 0.00647359543502 36 0 0.962893081761 0.72109794957 4.16936783754
-0.12623 0.35028 3.35743 -0.12979 0.55971 3.93912983276 0.78258 0.98072 0.30541 0.41196 152.77952 195.62801 147.22542 138.42519 0.3 0.3 0.0 0.0 0.0 0.0 0.0 0.0 0.72115 0.0 0.0 45.47487 -0.49999 0.07399 0.0 0.0 0.0 0.0 0.0 0.0 0.0058713726559 37 0 0.970789310131 0.754625132469 4.16936783754
-0.12623 0.35028 3.35743 -0.12979 0.55971 3.98271993013 0.78258 0.98072 0.30541 0.41196 152.77952 195.62801 147.22542 138.42519 0.3 0.3 0.0 0.0 0.0 0.0 0.0 0.0 0.72115 0.0 0.0 45.47487 -0.49999 0.07399 0.0 0.0 0.0 0.0 0.0 0.0 0.00551805765132 38 0 0.981214777708 0.693578885336 4.16936783754
-0.12623 0.35028 3.35743 -0.12979 0.55971 4.07895366265 0.78258 0.98072 0.30541 0.41196 152.77952 195.62801 147.22542 138.42519 0.3 0.3 0.0 0.0 0.0 0.0 0.0 0.0 0.72115 0.0 0.0 45.47487 -0.49999 0.07399 0.0 0.0 0.0 0.0 0.0 0.0 0.0060618800591 39 0 0.971105527638 0.639579704094 4.16936783754
-0.12623 0.35028 3.35743 -0.12979 0.55971 4.03809893692 0.78258 0.98072 0.30541 0.41196 152.77952 195.62801 147.22542 138.42519 0.3 0.3 0.0 0.0 0.0 0.0 0.0 0.0 0.72115 0.0 0.0 45.47487 -0.49999 0.07399 0.0 0.0 0.0 0.0 0.0 0.0 0.00550675199718 40 0 0.981084489281 0.62501646013 4.16936783754
-0.12623 0.35028 3.35743 -0.12979 0.55971 3.89198513785 0.78258 0.98072 0.30541 0.41196 152.77952 195.62801 147.22542 138.42519 0.3 0.3 0.0 0.0 0.0 0.0 0.0 0.0 0.72115 0.0 0.0 45.47487 -0.49999 0.07399 0.0 0.0 0.0 0.0 0.0 0.0 0.00540034980553 41 0 0.961775585697 0.871629624175 4.16936783754
-0.12623 0.35028 3.35743 -0.12979 0.55971 4.09470208324 0.78258 0.98072 0.30541 0.41196 152.77952 195.62801 147.22542 138.42519 0.3 0.3 0.0 0.0 0.0 0.0 0.0 0.0 0.72115 0.0 0.0 45.47487 -0.49999 0.07399 0.0 0.0 0.0 0.0 0.0 0.0 0.00598955454801 42 0 0.963590709353 0.718084990368 4.16936783754
-0.12623 0.35028 3.35743 -0.12979 0.55971 4.003075721 0.78258 0.98072 0.30541 0.41196 152.77952 195.62801 147.22542 138.42519 0.3 0.3 0.0 0.0 0.0 0.0 0.0 0.0 0.72115 0.0 0.0 45.47487 -0.49999 0.07399 0.0 0.0 0.0 0.0 0.0 0.0 0.00555842853791 43 0 0.986163522013 0.632342140657 4.16936783754
-0.12623 0.35028 3.35743 -0.12979 0.55971 4.0475190842 0.78258 0.98072 0.30541 0.41196 152.77952 195.62801 147.22542 138.42519 0.3 0.3 0.0 0.0 0.0 0.0 0.0 0.0 0.72115 0.0 0.0 45.47487 -0.49999 0.07399 0.0 0.0 0.0 0.0 0.0 0.0 0.00577701594769 44 0 0.975487115022 0.698054153308 4.16936783754
-0.12623 0.35028 3.35743 -0.12979 0.55971 3.9526739806 0.78258 0.98072 0.30541 0.41196 152.77952 195.62801 147.22542 138.42519 0.3 0.3 0.0 0.0 0.0 0.0 0.0 0.0 0.72115 0.0 0.0 45.47487 -0.49999 0.07399 0.0 0.0 0.0 0.0 0.0 0.0 0.00682923492491 45 0 0.968789013733 0.810780838691 4.16936783754
-0.12623 0.35028 3.35743 -0.12979 0.55971 3.9927082188 0.78258 0.98072 0.30541 0.41196 152.77952 195.62801 147.22542 138.42519 0.3 0.3 0.0 0.0 0.0 0.0 0.0 0.0 0.72115 0.0 0.0 45.47487 -0.49999 0.07399 0.0 0.0 0.0 0.0 0.0 0.0 0.00572393097503 46 0 0.978083907326 0.660272044184 4.16936783754
-0.12623 0.35028 3.35743 -0.12979 0.55971 3.93398537657 0.78258 0.98072 0.30541 0.41196 152.77952 195.62801 147.22542 138.42519 0.3 0.3 0.0 0.0 0.0 0.0 0.0 0.0 0.72115 0.0 0.0 45.47487 -0.49999 0.07399 0.0 0.0 0.0 0.0 0.0 0.0 0.00551338971396 47 0 0.971428571429 0.78049808579 4.16936783754
-0.12623 0.35028 3.35743 -0.12979 0.55971 4.10510397717 0.78258 0.98072 0.30541 0.41196 152.77952 195.62801 147.22542 138.42519 0.3 0.3 0.0 0.0 0.0 0.0 0.0 0.0 0.72115 0.0 0.0 45.47487 -0.49999 0.07399 0.0 0.0 0.0 0.0 0.0 0.0 0.00510547519214 48 0 0.959824231011 0.722525408354 4.16936783754
-0.12623 0.35028 3.35743 -0.12979 0.55971 3.93156088541 0.78258 0.98072 0.30541 0.41196 152.77952 195.62801 147.22542 138.42519 0.3 0.3 0.0 0.0 0.0 0.0 0.0 0.0 0.72115 0.0 0.0 45.47487 -0.49999 0.07399 0.0 0.0 0.0 0.0 0.0 0.0 0.0058316523773 49 0 0.972049689441 0.753868307098 4.16936783754
-0.12623 0.35028 3.35743 -0.12979 0.55971 4.04618083126 0.78258 0.98072 0.30541 0.41196 152.77952 195.62801 147.22542 138.42519 0.3 0.3 0.0 0.0 0.0 0.0 0.0 0.0 0.72115 0.0 0.0 45.47487 -0.49999 0.07399 0.0 0.0 0.0 0.0 0.0 0.0 0.00617233724044 50 0 0.981715006305 0.647384311724 4.16936783754
