-0.12623 0.35028 3.35743 -0.12979 0.55971 3.45507238934 0.78258 0.98072 0.30541 0.41196 152.77952 195.62801 147.22542 138.42519 0.3 0.3 0.0 0.0 0.0 0.0 0.0 0.0 0.72115 0.0 0.0 45.47487 -0.49999 0.07399 0.0 0.0 0.0 0.0 0.0 0.0 0.005 0 1 0.870034052213 1.49777795813 -753.47196021
-0.12623 0.35028 3.35743 -0.12979 0.55971 3.25265231017 0.78258 0.98072 0.30541 0.41196 152.77952 195.62801 147.22542 138.42519 0.3 0.3 0.0 0.0 0.0 0.0 0.0 0.0 0.72115 0.0 0.0 45.47487 -0.49999 0.07399 0.0 0.0 0.0 0.0 0.0 0.0 0.00417308264001 1 0 0.842484747643 1.58257664653 -753.47196021
-0.12623 0.35028 3.35743 -0.12979 0.55971 3.39108493968 0.78258 0.98072 0.30541 0.41196 152.77952 195.62801 147.22542 138.42519 0.3 0.3 0.0 0.0 0.0 0.0 0.0 0.0 0.72115 0.0 0.0 45.47487 -0.49999 0.07399 0.0 0.0 0.0 0.0 0.0 0.0 0.00525453825642 2 0 0.859480812641 1.53928648508 -753.47196021
-0.12623 0.35028 3.35743 -0.12979 0.55971 3.54824433083 0.78258 0.98072 0.30541 0.41196 152.77952 195.62801 147.22542 138.42519 0.3 0.3 0.0 0.0 0.0 0.0 0.0 0.0 0.72115 0.0 0.0 45.47487 -0.49999 0.07399 0.0 0.0 0.0 0.0 0.0 0.0 0.00519075014244 3 1 0.886520737327 1.43131410756 -485.225663167
-0.12623 0.35028 3.35743 -0.12979 0.55971 3.60615644642 0.78258 0.98072 0.30541 0.41196 152.77952 195.62801 147.22542 138.42519 0.3 0.3 0.0 0.0 0.0 0.0 0.0 0.0 0.72115 0.0 0.0 45.47487 -0.49999 0.07399 0.0 0.0 0.0 0.0 0.0 0.0 0.00537643989218 4 1 0.902850494474 1.33726060469 -287.63327767
-0.12623 0.35028 3.35743 -0.12979 0.55971 3.44088394878 0.78258 0.98072 0.30541 0.41196 152.77952 195.62801 147.22542 138.42519 0.3 0.3 0.0 0.0 0.0 0.0 0.0 0.0 0.72115 0.0 0.0 45.47487 -0.49999 0.07399 0.0 0.0 0.0 0.0 0.0 0.0 0.0055085863068 5 0 0.867988668555 1.53823907218 -287.63327767
-0.12623 0.35028 3.35743 -0.12979 0.55971 3.5456304164 0.78258 0.98072 0.30541 0.41196 152.77952 195.62801 147.22542 138.42519 0.3 0.3 0.0 0.0 0.0 0.0 0.0 0.0 0.72115 0.0 0.0 45.47487 -0.49999 0.07399 0.0 0.0 0.0 0.0 0.0 0.0 0.0052372613766 6 0 0.886520737327 1.43231238018 -287.63327767
-0.12623 0.35028 3.35743 -0.12979 0.55971 3.57739465024 0.78258 0.98072 0.30541 0.41196 152.77952 195.62801 147.22542 138.42519 0.3 0.3 0.0 0.0 0.0 0.0 0.0 0.0 0.72115 0.0 0.0 45.47487 -0.49999 0.07399 0.0 0.0 0.0 0.0 0.0 0.0 0.00514859549597 7 0 0.896292004635 1.3647391346 -287.63327767
-0.12623 0.35028 3.35743 -0.12979 0.55971 3.65648074653 0.78258 0.98072 0.30541 0.41196 152.77952 195.62801 147.22542 138.42519 0.3 0.3 0.0 0.0 0.0 0.0 0.0 0.0 0.72115 0.0 0.0 45.47487 -0.49999 0.07399 0.0 0.0 0.0 0.0 0.0 0.0 0.00518033633125 8 1 0.915733647613 1.24421529422 -200.467182208
-0.12623 0.35028 3.35743 -0.12979 0.55971 3.74714565802 0.78258 0.98072 0.30541 0.41196 152.77952 195.62801 147.22542 138.42519 0.3 0.3 0.0 0.0 0.0 0.0 0.0 0.0 0.72115 0.0 0.0 45.47487 -0.49999 0.07399 0.0 0.0 0.0 0.0 0.0 0.0 0.00520206431213 9 1 0.934613077385 1.16711201384 -103.263502888
-0.12623 0.35028 3.35743 -0.12979 0.55971 4.04263698952 0.78258 0.98072 0.30541 0.41196 152.77952 195.62801 147.22542 138.42519 0.3 0.3 0.0 0.0 0.0 0.0 0.0 0.0 0.72115 0.0 0.0 45.47487 -0.49999 0.07399 0.0 0.0 0.0 0.0 0.0 0.0 0.00562953127833 10 1 0.981084489281 0.630842637955 2.01430437149
-0.12623 0.35028 3.35743 -0.12979 0.55971 3.80823046649 0.78258 0.98072 0.30541 0.41196 152.77952 195.62801 147.22542 138.42519 0.3 0.3 0.0 0.0 0.0 0.0 0.0 0.0 0.72115 0.0 0.0 45.47487 -0.49999 0.07399 0.0 0.0 0.0 0.0 0.0 0.0 0.00583363332065 11 0 0.940821256039 1.06698990723 2.01430437149
-0.12623 0.35028 3.35743 -0.12979 0.55971 3.89882108152 0.78258 0.98072 0.30541 0.41196 152.77952 195.62801 147.22542 138.42519 0.3 0.3 0.0 0.0 0.0 0.0 0.0 0.0 0.72115 0.0 0.0 45.47487 -0.49999 0.07399 0.0 0.0 0.0 0.0 0.0 0.0 0.00502401077441 12 0 0.963580246914 0.843874682152 2.01430437149
-0.12623 0.35028 3.35743 -0.12979 0.55971 4.00943391425 0.78258 0.98072 0.30541 0.41196 152.77952 195.62801 147.22542 138.42519 0.3 0.3 0.0 0.0 0.0 0.0 0.0 0.0 0.72115 0.0 0.0 45.47487 -0.49999 0.07399 0.0 0.0 0.0 0.0 0.0 0.0 0.00598835117923 13 1 0.986163522013 0.603841473388 3.22568775139
-0.12623 0.35028 3.35743 -0.12979 0.55971 3.96745618518 0.78258 0.98072 0.30541 0.41196 152.77952 195.62801 147.22542 138.42519 0.3 0.3 0.0 0.0 0.0 0.0 0.0 0.0 0.72115 0.0 0.0 45.47487 -0.49999 0.07399 0.0 0.0 0.0 0.0 0.0 0.0 0.00613836425935 14 0 0.978111319575 0.61730752252 3.22568775139
-0.12623 0.35028 3.35743 -0.12979 0.55971 4.15105095352 0.78258 0.98072 0.30541 0.41196 152.77952 195.62801 147.22542 138.42519 0.3 0.3 0.0 0.0 0.0 0.0 0.0 0.0 0.72115 0.0 0.0 45.47487 -0.49999 0.07399 0.0 0.0 0.0 0.0 0.0 0.0 0.005389100822 15 0 0.959222082811 0.829145378063 3.22568775139
-0.12623 0.35028 3.35743 -0.12979 0.55971 4.13590108083 0.78258 0.98072 0.30541 0.41196 152.77952 195.62801 147.22542 138.42519 0.3 0.3 0.0 0.0 0.0 0.0 0.0 0.0 0.72115 0.0 0.0 45.47487 -0.49999 0.07399 0.0 0.0 0.0 0.0 0.0 0.0 0.00595530603903 16 0 0.961707470182 0.78943515559 3.22568775139
-0.12623 0.35028 3.35743 -0.12979 0.55971 3.91460078894 0.78258 0.98072 0.30541 0.41196 152.77952 195.62801 147.22542 138.42519 0.3 0.3 0.0 0.0 0.0 0.0 0.0 0.0 0.72115 0.0 0.0 45.47487 -0.49999 0.07399 0.0 0.0 0.0 0.0 0.0 0.0 0.00476245649424 17 0 0.965944272446 0.82843060975 3.22568775139
-0.12623 0.35028 3.35743 -0.12979 0.55971 4.04702976997 0.78258 0.98072 0.30541 0.41196 152.77952 195.62801 147.22542 138.42519 0.3 0.3 0.0 0.0 0.0 0.0 0.0 0.0 0.72115 0.0 0.0 45.47487 -0.49999 0.07399 0.0 0.0 0.0 0.0 0.0 0.0 0.0046481351685 18 0 0.976115650534 0.666601040991 3.22568775139
-0.12623 0.35028 3.35743 -0.12979 0.55971 4.0006359649 0.78258 0.98072 0.30541 0.41196 152.77952 195.62801 147.22542 138.42519 0.3 0.3 0.0 0.0 0.0 0.0 0.0 0.0 0.72115 0.0 0.0 45.47487 -0.49999 0.07399 0.0 0.0 0.0 0.0 0.0 0.0 0.00549553948476 19 0 0.983029541169 0.691103225343 3.22568775139
-0.12623 0.35028 3.35743 -0.12979 0.55971 3.82166448473 0.78258 0.98072 0.30541 0.41196 152.77952 195.62801 147.22542 138.42519 0.3 0.3 0.0 0.0 0.0 0.0 0.0 0.0 0.72115 0.0 0.0 45.47487 -0.49999 0.07399 0.0 0.0 0.0 0.0 0.0 0.0 0.00579774323615 20 0 0.945288753799 0.991870394116 3.22568775139
-0.12623 0.35028 3.35743 -0.12979 0.55971 3.95916189314 0.78258 0.98072 0.30541 0.41196 152.77952 195.62801 147.22542 138.42519 0.3 0.3 0.0 0.0 0.0 0.0 0.0 0.0 0.72115 0.0 0.0 45.47487 -0.49999 0.07399 0.0 0.0 0.0 0.0 0.0 0.0 0.00560657596908 21 0 0.979336255479 0.726820295504 3.22568775139
-0.12623 0.35028 3.35743 -0.12979 0.55971 4.08478262023 0.78258 0.98072 0.30541 0.41196 152.77952 195.62801 147.22542 138.42519 0.3 0.3 0.0 0.0 0.0 0.0 0.0 0.0 0.72115 0.0 0.0 45.47487 -0.49999 0.07399 0.0 0.0 0.0 0.0 0.0 0.0 0.00633412380475 22 0 0.973601508485 0.679731873698 3.22568775139
-0.12623 0.35028 3.35743 -0.12979 0.55971 4.07481761321 0.78258 0.98072 0.30541 0.41196 152.77952 195.62801 147.22542 138.42519 0.3 0.3 0.0 0.0 0.0 0.0 0.0 0.0 0.72115 0.0 0.0 45.47487 -0.49999 0.07399 0.0 0.0 0.0 0.0 0.0 0.0 0.00580295928378 23 0 0.972344437461 0.607270639464 3.22568775139
-0.12623 0.35028 3.35743 -0.12979 0.55971 3.92563772916 0.78258 0.98072 0.30541 0.41196 152.77952 195.62801 147.22542 138.42519 0.3 0.3 0.0 0.0 0.0 0.0 0.0 0.0 0.72115 0.0 0.0 45.47487 -0.49999 0.07399 0.0 0.0 0.0 0.0 0.0 0.0 0.00447808136812 24 0 0.966480446927 0.784638343806 3.22568775139
-0.12623 0.35028 3.35743 -0.12979 0.55971 4.09189137507 0.78258 0.98072 0.30541 0.41196 152.77952 195.62801 147.22542 138.42519 0.3 0.3 0.0 0.0 0.0 0.0 0.0 0.0 0.72115 0.0 0.0 45.47487 -0.49999 0.07399 0.0 0.0 0.0 0.0 0.0 0.0 0.00531536293 25 0 0.965430546826 0.707700348731 3.22568775139
-0.12623 0.35028 3.35743 -0.12979 0.55971 4.02150719908 0.78258 0.98072 0.30541 0.41196 152.77952 195.62801 147.22542 138.42519 0.3 0.3 0.0 0.0 0.0 0.0 0.0 0.0 0.72115 0.0 0.0 45.47487 -0.49999 0.07399 0.0 0.0 0.0 0.0 0.0 0.0 0.00586849692989 26 1 1.0 0.1047211727 4.21921820437
-0.12623 0.35028 3.35743 -0.12979 0.55971 4.0396808691 0.78258 0.98072 0.30541 0.41196 152.77952 195.62801 147.22542 138.42519 0.3 0.3 0.0 0.0 0.0 0.0 0.0 0.0 0.72115 0.0 0.0 45.47487 -0.49999 0.07399 0.0 0.0 0.0 0.0 0.0 0.0 0.00572115306941 27 0 0.979823455233 0.628320701459 4.21921820437
-0.12623 0.35028 3.35743 -0.12979 0.55971 4.00755714936 0.78258 0.98072 0.30541 0.41196 152.77952 195.62801 147.22542 138.42519 0.3 0.3 0.0 0.0 0.0 0.0 0.0 0.0 0.72115 0.0 0.0 45.47487 -0.49999 0.07399 0.0 0.0 0.0 0.0 0.0 0.0 0.00646971406289 28 0 0.986163522013 0.60198864962 4.21921820437
-0.12623 0.35028 3.35743 -0.12979 0.55971 4.10810949297 0.78258 0.98072 0.30541 0.41196 152.77952 195.62801 147.22542 138.42519 0.3 0.3 0.0 0.0 0.0 0.0 0.0 0.0 0.72115 0.0 0.0 45.47487 -0.49999 0.07399 0.0 0.0 0.0 0.0 0.0 0.0 0.00585762608267 29 0 0.958594730238 0.728188119623 4.21921820437
-0.12623 0.35028 3.35743 -0.12979 0.55971 4.11220064882 0.78258 0.98072 0.30541 0.41196 152.77952 195.62801 147.22542 138.42519 0.3 0.3 0.0 0.0 0.0 0.0 0.0 0.0 0.72115 0.0 0.0 45.47487 -0.49999 0.07399 0.0 0.0 0.0 0.0 0.0 0.0 0.00620172208291 30 0 0.961055276382 0.702491621303 4.21921820437
-0.12623 0.35028 3.35743 -0.12979 0.55971 3.99109021786 0.78258 0.98072 0.30541 0.41196 152.77952 195.62801 147.22542 138.42519 0.3 0.3 0.0 0.0 0.0 0.0 0.0 0.0 0.72115 0.0 0.0 45.47487 -0.49999 0.07399 0.0 0.0 0.0 0.0 0.0 0.0 0.0061464796222 31 1 0.979937304075 0.66860256745 1.79154040221
-0.12623 0.35028 3.35743 -0.12979 0.55971 3.8280272627 0.78258 0.98072 0.30541 0.41196 152.77952 195.62801 147.22542 138.42519 0.3 0.3 0.0 0.0 0.0 0.0 0.0 0.0 0.72115 0.0 0.0 45.47487 -0.49999 0.07399 0.0 0.0 0.0 0.0 0.0 0.0 0.00633081443363 32 0 0.952293577982 0.992464725966 1.79154040221
-0.12623 0.35028 3.35743 -0.12979 0.55971 4.06291026015 0.78258 0.98072 0.30541 0.41196 152.77952 195.62801 147.22542 138.42519 0.3 0.3 0.0 0.0 0.0 0.0 0.0 0.0 0.72115 0.0 0.0 45.47487 -0.49999 0.07399 0.0 0.0 0.0 0.0 0.0 0.0 0.00596340640781 33 0 0.972396486826 0.636266775512 1.79154040221
-0.12623 0.35028 3.35743 -0.12979 0.55971 3.84928434176 0.78258 0.98072 0.30541 0.41196 152.77952 195.62801 147.22542 138.42519 0.3 0.3 0.0 0.0 0.0 0.0 0.0 0.0 0.72115 0.0 0.0 45.47487 -0.49999 0.07399 0.0 0.0 0.0 0.0 0.0 0.0 0.00578342304307 34 0 0.954212454212 0.943468470405 1.79154040221
-0.12623 0.35028 3.35743 -0.12979 0.55971 3.98898896366 0.78258 0.98072 0.30541 0.41196 152.77952 195.62801 147.22542 138.42519 0.3 0.3 0.0 0.0 0.0 0.0 0.0 0.0 0.72115 0.0 0.0 45.47487 -0.49999 0.07399 0.0 0.0 0.0 0.0 0.0 0.0 0.00663337701852 35 1 0.977443609023 0.640976161075 1.72137452306
-0.12623 0.35028 3.35743 -0.12979 0.55971 4.05113836728 0.78258 0.98072 0.30541 0.41196 152.77952 195.62801 147.22542 138.42519 0.3 0.3 0.0 0.0 0.0 0.0 0.0 0.0 0.72115 0.0 0.0 45.47487 -0.49999 0.07399 0.0 0.0 0.0 0.0 0.0 0.0 0.00639843483607 36 0 0.976714915041 0.669195291417 1.72137452306
-0.12623 0.35028 3.35743 -0.12979 0.55971 4.04744047256 0.78258 0.98072 0.30541 0.41196 152.77952 195.62801 147.22542 138.42519 0.3 0.3 0.0 0.0 0.0 0.0 0.0 0.0 0.72115 0.0 0.0 45.47487 -0.49999 0.07399 0.0 0.0 0.0 0.0 0.0 0.0 0.0067394164941 37 1 0.975487115022 0.685382052941 0.973568174089
-0.12623 0.35028 3.35743 -0.12979 0.55971 4.13958196563 0.78258 0.98072 0.30541 0.41196 152.77952 195.62801 147.22542 138.42519 0.3 0.3 0.0 0.0 0.0 0.0 0.0 0.0 0.72115 0.0 0.0 45.47487 -0.49999 0.07399 0.0 0.0 0.0 0.0 0.0 0.0 0.00779309555188 38 0 0.958672510958 0.80285330443 0.973568174089
-0.12623 0.35028 3.35743 -0.12979 0.55971 4.05272588555 0.78258 0.98072 0.30541 0.41196 152.77952 195.62801 147.22542 138.42519 0.3 0.3 0.0 0.0 0.0 0.0 0.0 0.0 0.72115 0.0 0.0 45.47487 -0.49999 0.07399 0.0 0.0 0.0 0.0 0.0 0.0 0.00640369023687 39 1 0.976130653266 0.687576534017 0.84772012508
-0.12623 0.35028 3.35743 -0.12979 0.55971 4.17017391826 0.78258 0.98072 0.30541 0.41196 152.77952 195.62801 147.22542 138.42519 0.3 0.3 0.0 0.0 0.0 0.0 0.0 0.0 0.72115 0.0 0.0 45.47487 -0.49999 0.07399 0.0 0.0 0.0 0.0 0.0 0.0 0.00692023943311 40 0 0.957313245449 0.797574788397 0.84772012508
-0.12623 0.35028 3.35743 -0.12979 0.55971 4.08519418553 0.78258 0.98072 0.30541 0.41196 152.77952 195.62801 147.22542 138.42519 0.3 0.3 0.0 0.0 0.0 0.0 0.0 0.0 0.72115 0.0 0.0 45.47487 -0.49999 0.07399 0.0 0.0 0.0 0.0 0.0 0.0 0.00614886786118 41 0 0.972972972973 0.659004349208 0.84772012508
-0.12623 0.35028 3.35743 -0.12979 0.55971 4.19017347021 0.78258 0.98072 0.30541 0.41196 152.77952 195.62801 147.22542 138.42519 0.3 0.3 0.0 0.0 0.0 0.0 0.0 0.0 0.72115 0.0 0.0 45.47487 -0.49999 0.07399 0.0 0.0 0.0 0.0 0.0 0.0 0.00623986307407 42 0 0.952410770194 0.822388408713 0.84772012508
-0.12623 0.35028 3.35743 -0.12979 0.55971 4.11529542667 0.78258 0.98072 0.30541 0.41196 152.77952 195.62801 147.22542 138.42519 0.3 0.3 0.0 0.0 0.0 0.0 0.0 0.0 0.72115 0.0 0.0 45.47487 -0.49999 0.07399 0.0 0.0 0.0 0.0 0.0 0.0 0.00666834709933 43 0 0.961055276382 0.712841045288 0.84772012508
-0.12623 0.35028 3.35743 -0.12979 0.55971 4.11199329482 0.78258 0.98072 0.30541 0.41196 152.77952 195.62801 147.22542 138.42519 0.3 0.3 0.0 0.0 0.0 0.0 0.0 0.0 0.72115 0.0 0.0 45.47487 -0.49999 0.07399 0.0 0.0 0.0 0.0 0.0 0.0 0.00587112741616 44 0 0.961055276382 0.700843115324 0.84772012508
-0.12623 0.35028 3.35743 -0.12979 0.55971 3.98507174958 0.78258 0.98072 0.30541 0.41196 152.77952 195.62801 147.22542 138.42519 0.3 0.3 0.0 0.0 0.0 0.0 0.0 0.0 0.72115 0.0 0.0 45.47487 -0.49999 0.07399 0.0 0.0 0.0 0.0 0.0 0.0 0.00652876573415 45 1 0.978710081403 0.667525199659 1.74345643183
-0.12623 0.35028 3.35743 -0.12979 0.55971 4.08457192741 0.78258 0.98072 0.30541 0.41196 152.77952 195.62801 147.22542 138.42519 0.3 0.3 0.0 0.0 0.0 0.0 0.0 0.0 0.72115 0.0 0.0 45.47487 -0.49999 0.07399 0.0 0.0 0.0 0.0 0.0 0.0 0.00592886249863 46 1 0.972972972973 0.686367534551 -0.685841709727
-0.12623 0.35028 3.35743 -0.12979 0.55971 4.13993119729 0.78258 0.98072 0.30541 0.41196 152.77952 195.62801 147.22542 138.42519 0.3 0.3 0.0 0.0 0.0 0.0 0.0 0.0 0.72115 0.0 0.0 45.47487 -0.49999 0.07399 0.0 0.0 0.0 0.0 0.0 0.0 0.00561782088505 47 0 0.958672510958 0.799706002025 -0.685841709727
-0.12623 0.35028 3.35743 -0.12979 0.55971 3.9808806904 0.78258 0.98072 0.30541 0.41196 152.77952 195.62801 147.22542 138.42519 0.3 0.3 0.0 0.0 0.0 0.0 0.0 0.0 0.72115 0.0 0.0 45.47487 -0.49999 0.07399 0.0 0.0 0.0 0.0 0.0 0.0 0.00675074744319 48 1 0.981226533166 0.687884729748 2.24943532097
-0.12623 0.35028 3.35743 -0.12979 0.55971 4.08100008049 0.78258 0.98072 0.30541 0.41196 152.77952 195.62801 147.22542 138.42519 0.3 0.3 0.0 0.0 0.0 0.0 0.0 0.0 0.72115 0.0 0.0 45.47487 -0.49999 0.07399 0.0 0.0 0.0 0.0 0.0 0.0 0.00661068152907 49 0 0.976115650534 0.684855152388 2.24943532097
-0.12623 0.35028 3.35743 -0.12979 0.55971 3.98858276034 0.78258 0.98072 0.30541 0.41196 152.77952 195.62801 147.22542 138.42519 0.3 0.3 0.0 0.0 0.0 0.0 0.0 0.0 0.72115 0.0 0.0 45.47487 -0.49999 0.07399 0.0 0.0 0.0 0.0 0.0 0.0 0.00616019084493 50 1 0.978070175439 0.669090827801 1.33395196982
