-0.12623 0.35028 3.35743 -0.12979 0.55971 3.45507238934 0.78258 0.98072 0.30541 0.41196 152.77952 195.62801 147.22542 138.42519 0.3 0.3 0.0 0.0 0.0 0.0 0.0 0.0 0.72115 0.0 0.0 45.47487 -0.49999 0.07399 0.0 0.0 0.0 0.0 0.0 0.0 0.005 0 1 0.870034052213 1.49777795813 -753.47196021
-0.12623 0.35028 3.35743 -0.12979 0.55971 3.37061386581 0.78258 0.98072 0.30541 0.41196 152.77952 195.62801 147.22542 138.42519 0.3 0.3 0.0 0.0 0.0 0.0 0.0 0.0 0.72115 0.0 0.0 45.47487 -0.49999 0.07399 0.0 0.0 0.0 0.0 0.0 0.0 0.00499098086871 1 0 0.856902356902 1.56485301883 -753.47196021
-0.12623 0.35028 3.35743 -0.12979 0.55971 3.42565820277 0.78258 0.98072 0.30541 0.41196 152.77952 195.62801 147.22542 138.42519 0.3 0.3 0.0 0.0 0.0 0.0 0.0 0.0 0.72115 0.0 0.0 45.47487 -0.49999 0.07399 0.0 0.0 0.0 0.0 0.0 0.0 0.0057385437907 2 1 0.865155807365 1.50882836103 -624.266340121
-0.12623 0.35028 3.35743 -0.12979 0.55971 3.46742230105 0.78258 0.98072 0.30541 0.41196 152.77952 195.62801 147.22542 138.42519 0.3 0.3 0.0 0.0 0.0 0.0 0.0 0.0 0.72115 0.0 0.0 45.47487 -0.49999 0.07399 0.0 0.0 0.0 0.0 0.0 0.0 0.00556927337953 3 1 0.874145785877 1.5090748485 -577.202068202
-0.12623 0.35028 3.35743 -0.12979 0.55971 3.3957547648 0.78258 0.98072 0.30541 0.41196 152.77952 195.62801 147.22542 138.42519 0.3 0.3 0.0 0.0 0.0 0.0 0.0 0.0 0.72115 0.0 0.0 45.47487 -0.49999 0.07399 0.0 0.0 0.0 0.0 0.0 0.0 0.0058909829146 4 0 0.861581920904 1.53057220176 -577.202068202
-0.12623 0.35028 3.35743 -0.12979 0.55971 3.4558119405 0.78258 0.98072 0.30541 0.41196 152.77952 195.62801 147.22542 138.42519 0.3 0.3 0.0 0.0 0.0 0.0 0.0 0.0 0.72115 0.0 0.0 45.47487 -0.49999 0.07399 0.0 0.0 0.0 0.0 0.0 0.0 0.00528796112934 5 0 0.870034052213 1.49795077995 -577.202068202
-0.12623 0.35028 3.35743 -0.12979 0.55971 3.51752748547 0.78258 0.98072 0.30541 0.41196 152.77952 195.62801 147.22542 138.42519 0.3 0.3 0.0 0.0 0.0 0.0 0.0 0.0 0.72115 0.0 0.0 45.47487 -0.49999 0.07399 0.0 0.0 0.0 0.0 0.0 0.0 0.00626599602369 6 1 0.880434782609 1.45639748408 -381.999246931
-0.12623 0.35028 3.35743 -0.12979 0.55971 3.63526493971 0.78258 0.98072 0.30541 0.41196 152.77952 195.62801 147.22542 138.42519 0.3 0.3 0.0 0.0 0.0 0.0 0.0 0.0 0.72115 0.0 0.0 45.47487 -0.49999 0.07399 0.0 0.0 0.0 0.0 0.0 0.0 0.00635167770963 7 1 0.911436950147 1.30127040921 -160.461229764
-0.12623 0.35028 3.35743 -0.12979 0.55971 3.59275838317 0.78258 0.98072 0.30541 0.41196 152.77952 195.62801 147.22542 138.42519 0.3 0.3 0.0 0.0 0.0 0.0 0.0 0.0 0.72115 0.0 0.0 45.47487 -0.49999 0.07399 0.0 0.0 0.0 0.0 0.0 0.0 0.00537707290627 8 0 0.89837398374 1.32383582246 -160.461229764
-0.12623 0.35028 3.35743 -0.12979 0.55971 3.4884010813 0.78258 0.98072 0.30541 0.41196 152.77952 195.62801 147.22542 138.42519 0.3 0.3 0.0 0.0 0.0 0.0 0.0 0.0 0.72115 0.0 0.0 45.47487 -0.49999 0.07399 0.0 0.0 0.0 0.0 0.0 0.0 0.00625949368985 9 0 0.879428571429 1.49161435104 -160.461229764
-0.12623 0.35028 3.35743 -0.12979 0.55971 3.64600859152 0.78258 0.98072 0.30541 0.41196 152.77952 195.62801 147.22542 138.42519 0.3 0.3 0.0 0.0 0.0 0.0 0.0 0.0 0.72115 0.0 0.0 45.47487 -0.49999 0.07399 0.0 0.0 0.0 0.0 0.0 0.0 0.00688923963289 10 1 0.910158543746 1.27810793426 -134.845558753
-0.12623 0.35028 3.35743 -0.12979 0.55971 3.50037294712 0.78258 0.98072 0.30541 0.41196 152.77952 195.62801 147.22542 138.42519 0.3 0.3 0.0 0.0 0.0 0.0 0.0 0.0 0.72115 0.0 0.0 45.47487 -0.49999 0.07399 0.0 0.0 0.0 0.0 0.0 0.0 0.00710221762976 11 0 0.881210736722 1.47780400032 -134.845558753
-0.12623 0.35028 3.35743 -0.12979 0.55971 3.68770392825 0.78258 0.98072 0.30541 0.41196 152.77952 195.62801 147.22542 138.42519 0.3 0.3 0.0 0.0 0.0 0.0 0.0 0.0 0.72115 0.0 0.0 45.47487 -0.49999 0.07399 0.0 0.0 0.0 0.0 0.0 0.0 0.00691922726304 12 1 0.922756981581 1.28183489488 -98.3307541813
-0.12623 0.35028 3.35743 -0.12979 0.55971 3.82224911814 0.78258 0.98072 0.30541 0.41196 152.77952 195.62801 147.22542 138.42519 0.3 0.3 0.0 0.0 0.0 0.0 0.0 0.0 0.72115 0.0 0.0 45.47487 -0.49999 0.07399 0.0 0.0 0.0 0.0 0.0 0.0 0.00715830575535 13 1 0.944680851064 1.00570626803 -26.1819507303
-0.12623 0.35028 3.35743 -0.12979 0.55971 3.80036803446 0.78258 0.98072 0.30541 0.41196 152.77952 195.62801 147.22542 138.42519 0.3 0.3 0.0 0.0 0.0 0.0 0.0 0.0 0.72115 0.0 0.0 45.47487 -0.49999 0.07399 0.0 0.0 0.0 0.0 0.0 0.0 0.00739527012297 14 0 0.939046469523 1.0712006105 -26.1819507303
-0.12623 0.35028 3.35743 -0.12979 0.55971 3.76097897609 0.78258 0.98072 0.30541 0.41196 152.77952 195.62801 147.22542 138.42519 0.3 0.3 0.0 0.0 0.0 0.0 0.0 0.0 0.72115 0.0 0.0 45.47487 -0.49999 0.07399 0.0 0.0 0.0 0.0 0.0 0.0 0.0068913309316 15 0 0.940433212996 1.13176457914 -26.1819507303
-0.12623 0.35028 3.35743 -0.12979 0.55971 3.68741362176 0.78258 0.98072 0.30541 0.41196 152.77952 195.62801 147.22542 138.42519 0.3 0.3 0.0 0.0 0.0 0.0 0.0 0.0 0.72115 0.0 0.0 45.47487 -0.49999 0.07399 0.0 0.0 0.0 0.0 0.0 0.0 0.00652510576 16 0 0.922756981581 1.28796389143 -26.1819507303
-0.12623 0.35028 3.35743 -0.12979 0.55971 3.79179328639 0.78258 0.98072 0.30541 0.41196 152.77952 195.62801 147.22542 138.42519 0.3 0.3 0.0 0.0 0.0 0.0 0.0 0.0 0.72115 0.0 0.0 45.47487 -0.49999 0.07399 0.0 0.0 0.0 0.0 0.0 0.0 0.0067772168205 17 0 0.942028985507 1.07617650414 -26.1819507303
-0.12623 0.35028 3.35743 -0.12979 0.55971 3.77619879632 0.78258 0.98072 0.30541 0.41196 152.77952 195.62801 147.22542 138.42519 0.3 0.3 0.0 0.0 0.0 0.0 0.0 0.0 0.72115 0.0 0.0 45.47487 -0.49999 0.07399 0.0 0.0 0.0 0.0 0.0 0.0 0.0079745543429 18 0 0.93734939759 1.13363878077 -26.1819507303
-0.12623 0.35028 3.35743 -0.12979 0.55971 4.00470086756 0.78258 0.98072 0.30541 0.41196 152.77952 195.62801 147.22542 138.42519 0.3 0.3 0.0 0.0 0.0 0.0 0.0 0.0 0.72115 0.0 0.0 45.47487 -0.49999 0.07399 0.0 0.0 0.0 0.0 0.0 0.0 0.0074309229115 19 1 0.986800754243 0.660886759027 3.29413875429
-0.12623 0.35028 3.35743 -0.12979 0.55971 3.99540780089 0.78258 0.98072 0.30541 0.41196 152.77952 195.62801 147.22542 138.42519 0.3 0.3 0.0 0.0 0.0 0.0 0.0 0.0 0.72115 0.0 0.0 45.47487 -0.49999 0.07399 0.0 0.0 0.0 0.0 0.0 0.0 0.00709880859963 20 0 0.981783919598 0.679821418255 3.29413875429
-0.12623 0.35028 3.35743 -0.12979 0.55971 3.80698294276 0.78258 0.98072 0.30541 0.41196 152.77952 195.62801 147.22542 138.42519 0.3 0.3 0.0 0.0 0.0 0.0 0.0 0.0 0.72115 0.0 0.0 45.47487 -0.49999 0.07399 0.0 0.0 0.0 0.0 0.0 0.0 0.0064148915004 21 0 0.941993957704 1.08274228472 3.29413875429
-0.12623 0.35028 3.35743 -0.12979 0.55971 3.85444653596 0.78258 0.98072 0.30541 0.41196 152.77952 195.62801 147.22542 138.42519 0.3 0.3 0.0 0.0 0.0 0.0 0.0 0.0 0.72115 0.0 0.0 45.47487 -0.49999 0.07399 0.0 0.0 0.0 0.0 0.0 0.0 0.00749302541694 22 0 0.958920907419 0.916934136406 3.29413875429
-0.12623 0.35028 3.35743 -0.12979 0.55971 4.09401868975 0.78258 0.98072 0.30541 0.41196 152.77952 195.62801 147.22542 138.42519 0.3 0.3 0.0 0.0 0.0 0.0 0.0 0.0 0.72115 0.0 0.0 45.47487 -0.49999 0.07399 0.0 0.0 0.0 0.0 0.0 0.0 0.00760850576533 23 0 0.965452261307 0.717529271102 3.29413875429
-0.12623 0.35028 3.35743 -0.12979 0.55971 4.01505202174 0.78258 0.98072 0.30541 0.41196 152.77952 195.62801 147.22542 138.42519 0.3 0.3 0.0 0.0 0.0 0.0 0.0 0.0 0.72115 0.0 0.0 45.47487 -0.49999 0.07399 0.0 0.0 0.0 0.0 0.0 0.0 0.00742925501151 24 1 0.986767485822 0.48868173226 3.60458553601
-0.12623 0.35028 3.35743 -0.12979 0.55971 4.02047898675 0.78258 0.98072 0.30541 0.41196 152.77952 195.62801 147.22542 138.42519 0.3 0.3 0.0 0.0 0.0 0.0 0.0 0.0 0.72115 0.0 0.0 45.47487 -0.49999 0.07399 0.0 0.0 0.0 0.0 0.0 0.0 0.00724269243824 25 1 1.0 0.210659827341 4.00882372478
-0.12623 0.35028 3.35743 -0.12979 0.55971 3.99758876831 0.78258 0.98072 0.30541 0.41196 152.77952 195.62801 147.22542 138.42519 0.3 0.3 0.0 0.0 0.0 0.0 0.0 0.0 0.72115 0.0 0.0 45.47487 -0.49999 0.07399 0.0 0.0 0.0 0.0 0.0 0.0 0.00607421110394 26 1 0.983658076681 0.718645830681 2.31569104347
-0.12623 0.35028 3.35743 -0.12979 0.55971 4.14882478502 0.78258 0.98072 0.30541 0.41196 152.77952 195.62801 147.22542 138.42519 0.3 0.3 0.0 0.0 0.0 0.0 0.0 0.0 0.72115 0.0 0.0 45.47487 -0.49999 0.07399 0.0 0.0 0.0 0.0 0.0 0.0 0.00614476474118 27 0 0.959222082811 0.796142633314 2.31569104347
-0.12623 0.35028 3.35743 -0.12979 0.55971 3.72347190135 0.78258 0.98072 0.30541 0.41196 152.77952 195.62801 147.22542 138.42519 0.3 0.3 0.0 0.0 0.0 0.0 0.0 0.0 0.72115 0.0 0.0 45.47487 -0.49999 0.07399 0.0 0.0 0.0 0.0 0.0 0.0 0.00681373480812 28 0 0.930149253731 1.2042699136 2.31569104347
-0.12623 0.35028 3.35743 -0.12979 0.55971 3.96115495449 0.78258 0.98072 0.30541 0.41196 152.77952 195.62801 147.22542 138.42519 0.3 0.3 0.0 0.0 0.0 0.0 0.0 0.0 0.72115 0.0 0.0 45.47487 -0.49999 0.07399 0.0 0.0 0.0 0.0 0.0 0.0 0.00646181055845 29 1 0.978710081403 0.749540343714 1.07361115337
-0.12623 0.35028 3.35743 -0.12979 0.55971 4.07322255167 0.78258 0.98072 0.30541 0.41196 152.77952 195.62801 147.22542 138.42519 0.3 0.3 0.0 0.0 0.0 0.0 0.0 0.0 0.72115 0.0 0.0 45.47487 -0.49999 0.07399 0.0 0.0 0.0 0.0 0.0 0.0 0.00624569959271 30 1 0.972344437461 0.599901056124 0.628895221396
-0.12623 0.35028 3.35743 -0.12979 0.55971 4.12952977476 0.78258 0.98072 0.30541 0.41196 152.77952 195.62801 147.22542 138.42519 0.3 0.3 0.0 0.0 0.0 0.0 0.0 0.0 0.72115 0.0 0.0 45.47487 -0.49999 0.07399 0.0 0.0 0.0 0.0 0.0 0.0 0.00592970043607 31 0 0.958542713568 0.743386458276 0.628895221396
-0.12623 0.35028 3.35743 -0.12979 0.55971 4.04752876916 0.78258 0.98072 0.30541 0.41196 152.77952 195.62801 147.22542 138.42519 0.3 0.3 0.0 0.0 0.0 0.0 0.0 0.0 0.72115 0.0 0.0 45.47487 -0.49999 0.07399 0.0 0.0 0.0 0.0 0.0 0.0 0.00651614001406 32 1 0.975487115022 0.698053921607 0.666624047253
-0.12623 0.35028 3.35743 -0.12979 0.55971 3.77456457181 0.78258 0.98072 0.30541 0.41196 152.77952 195.62801 147.22542 138.42519 0.3 0.3 0.0 0.0 0.0 0.0 0.0 0.0 0.72115 0.0 0.0 45.47487 -0.49999 0.07399 0.0 0.0 0.0 0.0 0.0 0.0 0.0066965790254 33 0 0.936183022276 1.13288507872 0.666624047253
-0.12623 0.35028 3.35743 -0.12979 0.55971 4.12393747095 0.78258 0.98072 0.30541 0.41196 152.77952 195.62801 147.22542 138.42519 0.3 0.3 0.0 0.0 0.0 0.0 0.0 0.0 0.72115 0.0 0.0 45.47487 -0.49999 0.07399 0.0 0.0 0.0 0.0 0.0 0.0 0.00633267419465 34 0 0.963544940289 0.753726087484 0.666624047253
-0.12623 0.35028 3.35743 -0.12979 0.55971 4.1679805927 0.78258 0.98072 0.30541 0.41196 152.77952 195.62801 147.22542 138.42519 0.3 0.3 0.0 0.0 0.0 0.0 0.0 0.0 0.72115 0.0 0.0 45.47487 -0.49999 0.07399 0.0 0.0 0.0 0.0 0.0 0.0 0.00589620852563 35 0 0.958594730238 0.793828299271 0.666624047253
-0.12623 0.35028 3.35743 -0.12979 0.55971 3.93218019781 0.78258 0.98072 0.30541 0.41196 152.77952 195.62801 147.22542 138.42519 0.3 0.3 0.0 0.0 0.0 0.0 0.0 0.0 0.72115 0.0 0.0 45.47487 -0.49999 0.07399 0.0 0.0 0.0 0.0 0.0 0.0 0.00639233617572 36 0 0.970825574178 0.745422330645 0.666624047253
-0.12623 0.35028 3.35743 -0.12979 0.55971 3.94209422402 0.78258 0.98072 0.30541 0.41196 152.77952 195.62801 147.22542 138.42519 0.3 0.3 0.0 0.0 0.0 0.0 0.0 0.0 0.72115 0.0 0.0 45.47487 -0.49999 0.07399 0.0 0.0 0.0 0.0 0.0 0.0 0.00569016616487 37 0 0.968905472637 0.758598370371 0.666624047253
-0.12623 0.35028 3.35743 -0.12979 0.55971 4.07463907014 0.78258 0.98072 0.30541 0.41196 152.77952 195.62801 147.22542 138.42519 0.3 0.3 0.0 0.0 0.0 0.0 0.0 0.0 0.72115 0.0 0.0 45.47487 -0.49999 0.07399 0.0 0.0 0.0 0.0 0.0 0.0 0.00636956365561 38 1 0.972344437461 0.607248160427 0.661539636798
-0.12623 0.35028 3.35743 -0.12979 0.55971 4.00697843495 0.78258 0.98072 0.30541 0.41196 152.77952 195.62801 147.22542 138.42519 0.3 0.3 0.0 0.0 0.0 0.0 0.0 0.0 0.72115 0.0 0.0 45.47487 -0.49999 0.07399 0.0 0.0 0.0 0.0 0.0 0.0 0.00658736476362 39 1 0.986163522013 0.602205646207 3.30366823963
-0.12623 0.35028 3.35743 -0.12979 0.55971 4.04673729297 0.78258 0.98072 0.30541 0.41196 152.77952 195.62801 147.22542 138.42519 0.3 0.3 0.0 0.0 0.0 0.0 0.0 0.0 0.72115 0.0 0.0 45.47487 -0.49999 0.07399 0.0 0.0 0.0 0.0 0.0 0.0 0.00646648498713 40 0 0.976115650534 0.660563586623 3.30366823963
-0.12623 0.35028 3.35743 -0.12979 0.55971 4.14538135693 0.78258 0.98072 0.30541 0.41196 152.77952 195.62801 147.22542 138.42519 0.3 0.3 0.0 0.0 0.0 0.0 0.0 0.0 0.72115 0.0 0.0 45.47487 -0.49999 0.07399 0.0 0.0 0.0 0.0 0.0 0.0 0.00657615329749 41 0 0.957420162805 0.833032126735 3.30366823963
-0.12623 0.35028 3.35743 -0.12979 0.55971 4.06936067166 0.78258 0.98072 0.30541 0.41196 152.77952 195.62801 147.22542 138.42519 0.3 0.3 0.0 0.0 0.0 0.0 0.0 0.0 0.72115 0.0 0.0 45.47487 -0.49999 0.07399 0.0 0.0 0.0 0.0 0.0 0.0 0.00703109434771 42 0 0.971751412429 0.646190277085 3.30366823963
-0.12623 0.35028 3.35743 -0.12979 0.55971 4.01578229407 0.78258 0.98072 0.30541 0.41196 152.77952 195.62801 147.22542 138.42519 0.3 0.3 0.0 0.0 0.0 0.0 0.0 0.0 0.72115 0.0 0.0 45.47487 -0.49999 0.07399 0.0 0.0 0.0 0.0 0.0 0.0 0.00671742913774 43 1 0.9861373661 0.521763680672 3.50441161389
-0.12623 0.35028 3.35743 -0.12979 0.55971 3.9182366231 0.78258 0.98072 0.30541 0.41196 152.77952 195.62801 147.22542 138.42519 0.3 0.3 0.0 0.0 0.0 0.0 0.0 0.0 0.72115 0.0 0.0 45.47487 -0.49999 0.07399 0.0 0.0 0.0 0.0 0.0 0.0 0.00720194339223 44 0 0.962802231866 0.822718762485 3.50441161389
-0.12623 0.35028 3.35743 -0.12979 0.55971 3.94702954939 0.78258 0.98072 0.30541 0.41196 152.77952 195.62801 147.22542 138.42519 0.3 0.3 0.0 0.0 0.0 0.0 0.0 0.0 0.72115 0.0 0.0 45.47487 -0.49999 0.07399 0.0 0.0 0.0 0.0 0.0 0.0 0.00702879138036 45 0 0.970093457944 0.771704638752 3.50441161389
-0.12623 0.35028 3.35743 -0.12979 0.55971 4.11971935566 0.78258 0.98072 0.30541 0.41196 152.77952 195.62801 147.22542 138.42519 0.3 0.3 0.0 0.0 0.0 0.0 0.0 0.0 0.72115 0.0 0.0 45.47487 -0.49999 0.07399 0.0 0.0 0.0 0.0 0.0 0.0 0.00716912047781 46 0 0.963522012579 0.719750935806 3.50441161389
-0.12623 0.35028 3.35743 -0.12979 0.55971 4.12616395002 0.78258 0.98072 0.30541 0.41196 152.77952 195.62801 147.22542 138.42519 0.3 0.3 0.0 0.0 0.0 0.0 0.0 0.0 0.72115 0.0 0.0 45.47487 -0.49999 0.07399 0.0 0.0 0.0 0.0 0.0 0.0 0.00688495977302 47 0 0.960427135678 0.73166390349 3.50441161389
-0.12623 0.35028 3.35743 -0.12979 0.55971 4.11068182331 0.78258 0.98072 0.30541 0.41196 152.77952 195.62801 147.22542 138.42519 0.3 0.3 0.0 0.0 0.0 0.0 0.0 0.0 0.72115 0.0 0.0 45.47487 -0.49999 0.07399 0.0 0.0 0.0 0.0 0.0 0.0 0.00656901273451 48 0 0.962939698492 0.697376814057 3.50441161389
-0.12623 0.35028 3.35743 -0.12979 0.55971 3.96825351549 0.78258 0.98072 0.30541 0.41196 152.77952 195.62801 147.22542 138.42519 0.3 0.3 0.0 0.0 0.0 0.0 0.0 0.0 0.72115 0.0 0.0 45.47487 -0.49999 0.07399 0.0 0.0 0.0 0.0 0.0 0.0 0.00688282618156 49 0 0.978125 0.661787306472 3.50441161389
-0.12623 0.35028 3.35743 -0.12979 0.55971 4.20270785167 0.78258 0.98072 0.30541 0.41196 152.77952 195.62801 147.22542 138.42519 0.3 0.3 0.0 0.0 0.0 0.0 0.0 0.0 0.72115 0.0 0.0 45.47487 -0.49999 0.07399 0.0 0.0 0.0 0.0 0.0 0.0 0.00645745026419 50 0 0.949906073889 0.86466362366 3.50441161389
