-0.12623 0.35028 3.35743 -0.12979 0.55971 4.657073562 0.78258 0.98072 0.30541 0.41196 152.77952 195.62801 147.22542 138.42519 0.3 0.3 0.0 0.0 0.0 0.0 0.0 0.0 0.72115 0.0 0.0 45.47487 -0.49999 0.07399 0.0 0.0 0.0 0.0 0.0 0.0 0.005 0 1 0.847065797273 1.6383242415 -1251.18491651
-0.12623 0.35028 3.35743 -0.12979 0.55971 4.58248843393 0.78258 0.98072 0.30541 0.41196 152.77952 195.62801 147.22542 138.42519 0.3 0.3 0.0 0.0 0.0 0.0 0.0 0.0 0.72115 0.0 0.0 45.47487 -0.49999 0.07399 0.0 0.0 0.0 0.0 0.0 0.0 0.00456438657672 1 1 0.874020494274 1.47291634748 -821.873946992
-0.12623 0.35028 3.35743 -0.12979 0.55971 4.57452236382 0.78258 0.98072 0.30541 0.41196 152.77952 195.62801 147.22542 138.42519 0.3 0.3 0.0 0.0 0.0 0.0 0.0 0.0 0.72115 0.0 0.0 45.47487 -0.49999 0.07399 0.0 0.0 0.0 0.0 0.0 0.0 0.00557918112844 2 1 0.870559903672 1.47130900616 -578.33564981
-0.12623 0.35028 3.35743 -0.12979 0.55971 4.57726693244 0.78258 0.98072 0.30541 0.41196 152.77952 195.62801 147.22542 138.42519 0.3 0.3 0.0 0.0 0.0 0.0 0.0 0.0 0.72115 0.0 0.0 45.47487 -0.49999 0.07399 0.0 0.0 0.0 0.0 0.0 0.0 0.00556018036536 3 1 0.871686746988 1.45847018089 -562.136124795
-0.12623 0.35028 3.35743 -0.12979 0.55971 4.57461025347 0.78258 0.98072 0.30541 0.41196 152.77952 195.62801 147.22542 138.42519 0.3 0.3 0.0 0.0 0.0 0.0 0.0 0.0 0.72115 0.0 0.0 45.47487 -0.49999 0.07399 0.0 0.0 0.0 0.0 0.0 0.0 0.005880835906 4 1 0.870559903672 1.47130689248 -520.150755164
-0.12623 0.35028 3.35743 -0.12979 0.55971 4.53686839531 0.78258 0.98072 0.30541 0.41196 152.77952 195.62801 147.22542 138.42519 0.3 0.3 0.0 0.0 0.0 0.0 0.0 0.0 0.72115 0.0 0.0 45.47487 -0.49999 0.07399 0.0 0.0 0.0 0.0 0.0 0.0 0.0058373098767 5 1 0.878255602665 1.3932317802 -417.947253115
-0.12623 0.35028 3.35743 -0.12979 0.55971 4.42714679144 0.78258 0.98072 0.30541 0.41196 152.77952 195.62801 147.22542 138.42519 0.3 0.3 0.0 0.0 0.0 0.0 0.0 0.0 0.72115 0.0 0.0 45.47487 -0.49999 0.07399 0.0 0.0 0.0 0.0 0.0 0.0 0.00532926930818 6 1 0.912615384615 1.23755059663 -201.572170149
-0.12623 0.35028 3.35743 -0.12979 0.55971 4.29151666793 0.78258 0.98072 0.30541 0.41196 152.77952 195.62801 147.22542 138.42519 0.3 0.3 0.0 0.0 0.0 0.0 0.0 0.0 0.72115 0.0 0.0 45.47487 -0.49999 0.07399 0.0 0.0 0.0 0.0 0.0 0.0 0.00461868490014 7 1 0.937655860349 0.999278442855 -86.5111780664
-0.12623 0.35028 3.35743 -0.12979 0.55971 4.30502316477 0.78258 0.98072 0.30541 0.41196 152.77952 195.62801 147.22542 138.42519 0.3 0.3 0.0 0.0 0.0 0.0 0.0 0.0 0.72115 0.0 0.0 45.47487 -0.49999 0.07399 0.0 0.0 0.0 0.0 0.0 0.0 0.00477998148784 8 0 0.935825545171 1.04433519711 -86.5111780664
-0.12623 0.35028 3.35743 -0.12979 0.55971 4.36709693346 0.78258 0.98072 0.30541 0.41196 152.77952 195.62801 147.22542 138.42519 0.3 0.3 0.0 0.0 0.0 0.0 0.0 0.0 0.72115 0.0 0.0 45.47487 -0.49999 0.07399 0.0 0.0 0.0 0.0 0.0 0.0 0.0037285513653 9 0 0.91940483571 1.15498057653 -86.5111780664
-0.12623 0.35028 3.35743 -0.12979 0.55971 4.21579359341 0.78258 0.98072 0.30541 0.41196 152.77952 195.62801 147.22542 138.42519 0.3 0.3 0.0 0.0 0.0 0.0 0.0 0.0 0.72115 0.0 0.0 45.47487 -0.49999 0.07399 0.0 0.0 0.0 0.0 0.0 0.0 0.00500649851728 10 1 0.945625 0.856626400374 -38.9015231966
-0.12623 0.35028 3.35743 -0.12979 0.55971 4.30738993105 0.78258 0.98072 0.30541 0.41196 152.77952 195.62801 147.22542 138.42519 0.3 0.3 0.0 0.0 0.0 0.0 0.0 0.0 0.72115 0.0 0.0 45.47487 -0.49999 0.07399 0.0 0.0 0.0 0.0 0.0 0.0 0.00535694714711 11 0 0.935865504359 1.03337816076 -38.9015231966
-0.12623 0.35028 3.35743 -0.12979 0.55971 4.18046271873 0.78258 0.98072 0.30541 0.41196 152.77952 195.62801 147.22542 138.42519 0.3 0.3 0.0 0.0 0.0 0.0 0.0 0.0 0.72115 0.0 0.0 45.47487 -0.49999 0.07399 0.0 0.0 0.0 0.0 0.0 0.0 0.00416345636884 12 1 0.956030150754 0.828415006258 -33.7083549126
-0.12623 0.35028 3.35743 -0.12979 0.55971 4.20972576643 0.78258 0.98072 0.30541 0.41196 152.77952 195.62801 147.22542 138.42519 0.3 0.3 0.0 0.0 0.0 0.0 0.0 0.0 0.72115 0.0 0.0 45.47487 -0.49999 0.07399 0.0 0.0 0.0 0.0 0.0 0.0 0.00368893990947 13 0 0.944340212633 0.859506225084 -33.7083549126
-0.12623 0.35028 3.35743 -0.12979 0.55971 4.28843151105 0.78258 0.98072 0.30541 0.41196 152.77952 195.62801 147.22542 138.42519 0.3 0.3 0.0 0.0 0.0 0.0 0.0 0.0 0.72115 0.0 0.0 45.47487 -0.49999 0.07399 0.0 0.0 0.0 0.0 0.0 0.0 0.00418873228198 14 0 0.940736119775 1.00861486064 -33.7083549126
-0.12623 0.35028 3.35743 -0.12979 0.55971 4.01779168861 0.78258 0.98072 0.30541 0.41196 152.77952 195.62801 147.22542 138.42519 0.3 0.3 0.0 0.0 0.0 0.0 0.0 0.0 0.72115 0.0 0.0 45.47487 -0.49999 0.07399 0.0 0.0 0.0 0.0 0.0 0.0 0.00338038959108 15 1 0.987389659521 0.557522456804 2.60803330964
-0.12623 0.35028 3.35743 -0.12979 0.55971 4.14748166357 0.78258 0.98072 0.30541 0.41196 152.77952 195.62801 147.22542 138.42519 0.3 0.3 0.0 0.0 0.0 0.0 0.0 0.0 0.72115 0.0 0.0 45.47487 -0.49999 0.07399 0.0 0.0 0.0 0.0 0.0 0.0 0.00266349852317 16 0 0.959849435383 0.79529915665 2.60803330964
-0.12623 0.35028 3.35743 -0.12979 0.55971 4.02009624136 0.78258 0.98072 0.30541 0.41196 152.77952 195.62801 147.22542 138.42519 0.3 0.3 0.0 0.0 0.0 0.0 0.0 0.0 0.72115 0.0 0.0 45.47487 -0.49999 0.07399 0.0 0.0 0.0 0.0 0.0 0.0 0.00261107804195 17 1 0.998731769182 0.210733794096 5.02381520761
-0.12623 0.35028 3.35743 -0.12979 0.55971 4.03370035739 0.78258 0.98072 0.30541 0.41196 152.77952 195.62801 147.22542 138.42519 0.3 0.3 0.0 0.0 0.0 0.0 0.0 0.0 0.72115 0.0 0.0 45.47487 -0.49999 0.07399 0.0 0.0 0.0 0.0 0.0 0.0 0.00294345987277 18 0 0.984247006931 0.464365892353 5.02381520761
-0.12623 0.35028 3.35743 -0.12979 0.55971 4.04070182898 0.78258 0.98072 0.30541 0.41196 152.77952 195.62801 147.22542 138.42519 0.3 0.3 0.0 0.0 0.0 0.0 0.0 0.0 0.72115 0.0 0.0 45.47487 -0.49999 0.07399 0.0 0.0 0.0 0.0 0.0 0.0 0.00346044131653 19 0 0.980453972257 0.622254878452 5.02381520761
-0.12623 0.35028 3.35743 -0.12979 0.55971 3.99501044593 0.78258 0.98072 0.30541 0.41196 152.77952 195.62801 147.22542 138.42519 0.3 0.3 0.0 0.0 0.0 0.0 0.0 0.0 0.72115 0.0 0.0 45.47487 -0.49999 0.07399 0.0 0.0 0.0 0.0 0.0 0.0 0.00234984509619 20 0 0.981155778894 0.67709644034 5.02381520761
-0.12623 0.35028 3.35743 -0.12979 0.55971 3.97255395231 0.78258 0.98072 0.30541 0.41196 152.77952 195.62801 147.22542 138.42519 0.3 0.3 0.0 0.0 0.0 0.0 0.0 0.0 0.72115 0.0 0.0 45.47487 -0.49999 0.07399 0.0 0.0 0.0 0.0 0.0 0.0 0.00277600365259 21 0 0.978111319575 0.613971336656 5.02381520761
-0.12623 0.35028 3.35743 -0.12979 0.55971 3.92879631088 0.78258 0.98072 0.30541 0.41196 152.77952 195.62801 147.22542 138.42519 0.3 0.3 0.0 0.0 0.0 0.0 0.0 0.0 0.72115 0.0 0.0 45.47487 -0.49999 0.07399 0.0 0.0 0.0 0.0 0.0 0.0 0.00319795976018 22 0 0.965217391304 0.761552936362 5.02381520761
-0.12623 0.35028 3.35743 -0.12979 0.55971 3.93873929641 0.78258 0.98072 0.30541 0.41196 152.77952 195.62801 147.22542 138.42519 0.3 0.3 0.0 0.0 0.0 0.0 0.0 0.0 0.72115 0.0 0.0 45.47487 -0.49999 0.07399 0.0 0.0 0.0 0.0 0.0 0.0 0.002244017329 23 0 0.970186335404 0.754854986637 5.02381520761
-0.12623 0.35028 3.35743 -0.12979 0.55971 4.05354633886 0.78258 0.98072 0.30541 0.41196 152.77952 195.62801 147.22542 138.42519 0.3 0.3 0.0 0.0 0.0 0.0 0.0 0.0 0.72115 0.0 0.0 45.47487 -0.49999 0.07399 0.0 0.0 0.0 0.0 0.0 0.0 0.00352771388609 24 0 0.97675879397 0.698677835251 5.02381520761
-0.12623 0.35028 3.35743 -0.12979 0.55971 3.86235366804 0.78258 0.98072 0.30541 0.41196 152.77952 195.62801 147.22542 138.42519 0.3 0.3 0.0 0.0 0.0 0.0 0.0 0.0 0.72115 0.0 0.0 45.47487 -0.49999 0.07399 0.0 0.0 0.0 0.0 0.0 0.0 0.00269202520307 25 0 0.960712093309 0.93459779675 5.02381520761
-0.12623 0.35028 3.35743 -0.12979 0.55971 4.03497364218 0.78258 0.98072 0.30541 0.41196 152.77952 195.62801 147.22542 138.42519 0.3 0.3 0.0 0.0 0.0 0.0 0.0 0.0 0.72115 0.0 0.0 45.47487 -0.49999 0.07399 0.0 0.0 0.0 0.0 0.0 0.0 0.00200339720576 26 0 0.983616887209 0.470046293745 5.02381520761
-0.12623 0.35028 3.35743 -0.12979 0.55971 3.99508714863 0.78258 0.98072 0.30541 0.41196 152.77952 195.62801 147.22542 138.42519 0.3 0.3 0.0 0.0 0.0 0.0 0.0 0.0 0.72115 0.0 0.0 45.47487 -0.49999 0.07399 0.0 0.0 0.0 0.0 0.0 0.0 0.00262647988814 27 0 0.981783919598 0.676877062206 5.02381520761
-0.12623 0.35028 3.35743 -0.12979 0.55971 4.11921840836 0.78258 0.98072 0.30541 0.41196 152.77952 195.62801 147.22542 138.42519 0.3 0.3 0.0 0.0 0.0 0.0 0.0 0.0 0.72115 0.0 0.0 45.47487 -0.49999 0.07399 0.0 0.0 0.0 0.0 0.0 0.0 0.00331402262647 28 0 0.963522012579 0.729875080529 5.02381520761
-0.12623 0.35028 3.35743 -0.12979 0.55971 4.18671178604 0.78258 0.98072 0.30541 0.41196 152.77952 195.62801 147.22542 138.42519 0.3 0.3 0.0 0.0 0.0 0.0 0.0 0.0 0.72115 0.0 0.0 45.47487 -0.49999 0.07399 0.0 0.0 0.0 0.0 0.0 0.0 0.00182894502354 29 0 0.954773869347 0.857411723567 5.02381520761
-0.12623 0.35028 3.35743 -0.12979 0.55971 4.12908615275 0.78258 0.98072 0.30541 0.41196 152.77952 195.62801 147.22542 138.42519 0.3 0.3 0.0 0.0 0.0 0.0 0.0 0.0 0.72115 0.0 0.0 45.47487 -0.49999 0.07399 0.0 0.0 0.0 0.0 0.0 0.0 0.00221589588896 30 0 0.959145191703 0.746174490903 5.02381520761
-0.12623 0.35028 3.35743 -0.12979 0.55971 4.04951437671 0.78258 0.98072 0.30541 0.41196 152.77952 195.62801 147.22542 138.42519 0.3 0.3 0.0 0.0 0.0 0.0 0.0 0.0 0.72115 0.0 0.0 45.47487 -0.49999 0.07399 0.0 0.0 0.0 0.0 0.0 0.0 0.00271730775129 31 0 0.976729559748 0.667154793335 5.02381520761
-0.12623 0.35028 3.35743 -0.12979 0.55971 4.07754522485 0.78258 0.98072 0.30541 0.41196 152.77952 195.62801 147.22542 138.42519 0.3 0.3 0.0 0.0 0.0 0.0 0.0 0.0 0.72115 0.0 0.0 45.47487 -0.49999 0.07399 0.0 0.0 0.0 0.0 0.0 0.0 0.00200479290469 32 0 0.971733668342 0.640303159802 5.02381520761
-0.12623 0.35028 3.35743 -0.12979 0.55971 4.09327913645 0.78258 0.98072 0.30541 0.41196 152.77952 195.62801 147.22542 138.42519 0.3 0.3 0.0 0.0 0.0 0.0 0.0 0.0 0.72115 0.0 0.0 45.47487 -0.49999 0.07399 0.0 0.0 0.0 0.0 0.0 0.0 0.0025503850066 33 0 0.965452261307 0.707796188254 5.02381520761
-0.12623 0.35028 3.35743 -0.12979 0.55971 3.98835873892 0.78258 0.98072 0.30541 0.41196 152.77952 195.62801 147.22542 138.42519 0.3 0.3 0.0 0.0 0.0 0.0 0.0 0.0 0.72115 0.0 0.0 45.47487 -0.49999 0.07399 0.0 0.0 0.0 0.0 0.0 0.0 0.00170403121574 34 0 0.978070175439 0.659248061765 5.02381520761
-0.12623 0.35028 3.35743 -0.12979 0.55971 4.02374335918 0.78258 0.98072 0.30541 0.41196 152.77952 195.62801 147.22542 138.42519 0.3 0.3 0.0 0.0 0.0 0.0 0.0 0.0 0.72115 0.0 0.0 45.47487 -0.49999 0.07399 0.0 0.0 0.0 0.0 0.0 0.0 0.00238815378076 35 1 0.996833438885 0.313215335989 5.03205646006
-0.12623 0.35028 3.35743 -0.12979 0.55971 3.94045009616 0.78258 0.98072 0.30541 0.41196 152.77952 195.62801 147.22542 138.42519 0.3 0.3 0.0 0.0 0.0 0.0 0.0 0.0 0.72115 0.0 0.0 45.47487 -0.49999 0.07399 0.0 0.0 0.0 0.0 0.0 0.0 0.0020971915285 36 0 0.97141081417 0.748414408253 5.03205646006
-0.12623 0.35028 3.35743 -0.12979 0.55971 3.98649283756 0.78258 0.98072 0.30541 0.41196 152.77952 195.62801 147.22542 138.42519 0.3 0.3 0.0 0.0 0.0 0.0 0.0 0.0 0.72115 0.0 0.0 45.47487 -0.49999 0.07399 0.0 0.0 0.0 0.0 0.0 0.0 0.00252718236638 37 0 0.978710081403 0.652052063891 5.03205646006
-0.12623 0.35028 3.35743 -0.12979 0.55971 3.96020758975 0.78258 0.98072 0.30541 0.41196 152.77952 195.62801 147.22542 138.42519 0.3 0.3 0.0 0.0 0.0 0.0 0.0 0.0 0.72115 0.0 0.0 45.47487 -0.49999 0.07399 0.0 0.0 0.0 0.0 0.0 0.0 0.00255744348001 38 0 0.979336255479 0.740491192833 5.03205646006
-0.12623 0.35028 3.35743 -0.12979 0.55971 4.01343194465 0.78258 0.98072 0.30541 0.41196 152.77952 195.62801 147.22542 138.42519 0.3 0.3 0.0 0.0 0.0 0.0 0.0 0.0 0.72115 0.0 0.0 45.47487 -0.49999 0.07399 0.0 0.0 0.0 0.0 0.0 0.0 0.00202865760068 39 0 0.986767485822 0.498098064621 5.03205646006
-0.12623 0.35028 3.35743 -0.12979 0.55971 3.87322469741 0.78258 0.98072 0.30541 0.41196 152.77952 195.62801 147.22542 138.42519 0.3 0.3 0.0 0.0 0.0 0.0 0.0 0.0 0.72115 0.0 0.0 45.47487 -0.49999 0.07399 0.0 0.0 0.0 0.0 0.0 0.0 0.00291766081759 40 0 0.957028852056 0.889262674869 5.03205646006
-0.12623 0.35028 3.35743 -0.12979 0.55971 4.09855142916 0.78258 0.98072 0.30541 0.41196 152.77952 195.62801 147.22542 138.42519 0.3 0.3 0.0 0.0 0.0 0.0 0.0 0.0 0.72115 0.0 0.0 45.47487 -0.49999 0.07399 0.0 0.0 0.0 0.0 0.0 0.0 0.00209597365039 41 0 0.962335216573 0.68662287531 5.03205646006
-0.12623 0.35028 3.35743 -0.12979 0.55971 4.20537981437 0.78258 0.98072 0.30541 0.41196 152.77952 195.62801 147.22542 138.42519 0.3 0.3 0.0 0.0 0.0 0.0 0.0 0.0 0.72115 0.0 0.0 45.47487 -0.49999 0.07399 0.0 0.0 0.0 0.0 0.0 0.0 0.00273270274901 42 0 0.949279899812 0.847154687304 5.03205646006
-0.12623 0.35028 3.35743 -0.12979 0.55971 4.11575529685 0.78258 0.98072 0.30541 0.41196 152.77952 195.62801 147.22542 138.42519 0.3 0.3 0.0 0.0 0.0 0.0 0.0 0.0 0.72115 0.0 0.0 45.47487 -0.49999 0.07399 0.0 0.0 0.0 0.0 0.0 0.0 0.0020760528392 43 0 0.961683417085 0.704876924647 5.03205646006
-0.12623 0.35028 3.35743 -0.12979 0.55971 3.91864979094 0.78258 0.98072 0.30541 0.41196 152.77952 195.62801 147.22542 138.42519 0.3 0.3 0.0 0.0 0.0 0.0 0.0 0.0 0.72115 0.0 0.0 45.47487 -0.49999 0.07399 0.0 0.0 0.0 0.0 0.0 0.0 0.00300229390752 44 0 0.963399503722 0.822669573116 5.03205646006
-0.12623 0.35028 3.35743 -0.12979 0.55971 3.95656666718 0.78258 0.98072 0.30541 0.41196 152.77952 195.62801 147.22542 138.42519 0.3 0.3 0.0 0.0 0.0 0.0 0.0 0.0 0.72115 0.0 0.0 45.47487 -0.49999 0.07399 0.0 0.0 0.0 0.0 0.0 0.0 0.00278843064103 45 0 0.971892567146 0.792175987786 5.03205646006
-0.12623 0.35028 3.35743 -0.12979 0.55971 4.03284252155 0.78258 0.98072 0.30541 0.41196 152.77952 195.62801 147.22542 138.42519 0.3 0.3 0.0 0.0 0.0 0.0 0.0 0.0 0.72115 0.0 0.0 45.47487 -0.49999 0.07399 0.0 0.0 0.0 0.0 0.0 0.0 0.00211359804101 46 0 0.983616887209 0.494802780034 5.03205646006
-0.12623 0.35028 3.35743 -0.12979 0.55971 3.97998163661 0.78258 0.98072 0.30541 0.41196 152.77952 195.62801 147.22542 138.42519 0.3 0.3 0.0 0.0 0.0 0.0 0.0 0.0 0.72115 0.0 0.0 45.47487 -0.49999 0.07399 0.0 0.0 0.0 0.0 0.0 0.0 0.00250044517801 47 0 0.980588603632 0.702005397011 5.03205646006
-0.12623 0.35028 3.35743 -0.12979 0.55971 3.96356230832 0.78258 0.98072 0.30541 0.41196 152.77952 195.62801 147.22542 138.42519 0.3 0.3 0.0 0.0 0.0 0.0 0.0 0.0 0.72115 0.0 0.0 45.47487 -0.49999 0.07399 0.0 0.0 0.0 0.0 0.0 0.0 0.00140508129383 48 0 0.979323308271 0.688327250344 5.03205646006
-0.12623 0.35028 3.35743 -0.12979 0.55971 3.95296456692 0.78258 0.98072 0.30541 0.41196 152.77952 195.62801 147.22542 138.42519 0.3 0.3 0.0 0.0 0.0 0.0 0.0 0.0 0.72115 0.0 0.0 45.47487 -0.49999 0.07399 0.0 0.0 0.0 0.0 0.0 0.0 0.00242222139732 49 0 0.968789013733 0.81035632568 5.03205646006
-0.12623 0.35028 3.35743 -0.12979 0.55971 3.9671949977 0.78258 0.98072 0.30541 0.41196 152.77952 195.62801 147.22542 138.42519 0.3 0.3 0.0 0.0 0.0 0.0 0.0 0.0 0.72115 0.0 0.0 45.47487 -0.49999 0.07399 0.0 0.0 0.0 0.0 0.0 0.0 0.0022831940174 50 0 0.979323308271 0.680743653883 5.03205646006
