-0.12623 0.35028 3.35743 -0.12979 0.55971 4.09142595133 0.78258 0.98072 0.30541 0.41196 152.77952 195.62801 147.22542 138.42519 0.3 0.3 0.0 0.0 0.0 0.0 0.0 0.0 0.72115 0.0 0.0 45.47487 -0.49999 0.07399 0.0 0.0 0.0 0.0 0.0 0.0 0.005 0 1 0.965430546826 0.71559837741 -7.85984027508
-0.12623 0.35028 3.35743 -0.12979 0.55971 4.07811273233 0.78258 0.98072 0.30541 0.41196 152.77952 195.62801 147.22542 138.42519 0.3 0.3 0.0 0.0 0.0 0.0 0.0 0.0 0.72115 0.0 0.0 45.47487 -0.49999 0.07399 0.0 0.0 0.0 0.0 0.0 0.0 0.00439350647714 1 1 0.971105527638 0.630784171295 -4.09606715363
-0.12623 0.35028 3.35743 -0.12979 0.55971 4.12713491686 0.78258 0.98072 0.30541 0.41196 152.77952 195.62801 147.22542 138.42519 0.3 0.3 0.0 0.0 0.0 0.0 0.0 0.0 0.72115 0.0 0.0 45.47487 -0.49999 0.07399 0.0 0.0 0.0 0.0 0.0 0.0 0.00475612841848 2 0 0.959824231011 0.749289432246 -4.09606715363
-0.12623 0.35028 3.35743 -0.12979 0.55971 4.14895039067 0.78258 0.98072 0.30541 0.41196 152.77952 195.62801 147.22542 138.42519 0.3 0.3 0.0 0.0 0.0 0.0 0.0 0.0 0.72115 0.0 0.0 45.47487 -0.49999 0.07399 0.0 0.0 0.0 0.0 0.0 0.0 0.00447605095903 3 0 0.959222082811 0.796167670362 -4.09606715363
-0.12623 0.35028 3.35743 -0.12979 0.55971 4.06233386881 0.78258 0.98072 0.30541 0.41196 152.77952 195.62801 147.22542 138.42519 0.3 0.3 0.0 0.0 0.0 0.0 0.0 0.0 0.72115 0.0 0.0 45.47487 -0.49999 0.07399 0.0 0.0 0.0 0.0 0.0 0.0 0.00388766626372 4 1 0.974874371859 0.658693496397 -4.430337161
-0.12623 0.35028 3.35743 -0.12979 0.55971 4.06488235153 0.78258 0.98072 0.30541 0.41196 152.77952 195.62801 147.22542 138.42519 0.3 0.3 0.0 0.0 0.0 0.0 0.0 0.0 0.72115 0.0 0.0 45.47487 -0.49999 0.07399 0.0 0.0 0.0 0.0 0.0 0.0 0.00383897129691 5 1 0.973618090452 0.610521973197 -4.15785999702
-0.12623 0.35028 3.35743 -0.12979 0.55971 4.0085479227 0.78258 0.98072 0.30541 0.41196 152.77952 195.62801 147.22542 138.42519 0.3 0.3 0.0 0.0 0.0 0.0 0.0 0.0 0.72115 0.0 0.0 45.47487 -0.49999 0.07399 0.0 0.0 0.0 0.0 0.0 0.0 0.00430076797866 6 1 0.986163522013 0.60349915948 2.6451486808
-0.12623 0.35028 3.35743 -0.12979 0.55971 3.9958886886 0.78258 0.98072 0.30541 0.41196 152.77952 195.62801 147.22542 138.42519 0.3 0.3 0.0 0.0 0.0 0.0 0.0 0.0 0.72115 0.0 0.0 45.47487 -0.49999 0.07399 0.0 0.0 0.0 0.0 0.0 0.0 0.00460381170377 7 1 0.984286612194 0.7179759448 1.45935383254
-0.12623 0.35028 3.35743 -0.12979 0.55971 4.1156564139 0.78258 0.98072 0.30541 0.41196 152.77952 195.62801 147.22542 138.42519 0.3 0.3 0.0 0.0 0.0 0.0 0.0 0.0 0.72115 0.0 0.0 45.47487 -0.49999 0.07399 0.0 0.0 0.0 0.0 0.0 0.0 0.00410855349911 8 0 0.961055276382 0.705096324534 1.45935383254
-0.12623 0.35028 3.35743 -0.12979 0.55971 4.14332786967 0.78258 0.98072 0.30541 0.41196 152.77952 195.62801 147.22542 138.42519 0.3 0.3 0.0 0.0 0.0 0.0 0.0 0.0 0.72115 0.0 0.0 45.47487 -0.49999 0.07399 0.0 0.0 0.0 0.0 0.0 0.0 0.00479558505215 9 0 0.958046336882 0.816006107029 1.45935383254
-0.12623 0.35028 3.35743 -0.12979 0.55971 3.90650318075 0.78258 0.98072 0.30541 0.41196 152.77952 195.62801 147.22542 138.42519 0.3 0.3 0.0 0.0 0.0 0.0 0.0 0.0 0.72115 0.0 0.0 45.47487 -0.49999 0.07399 0.0 0.0 0.0 0.0 0.0 0.0 0.00474756416267 10 0 0.966542750929 0.857460603482 1.45935383254
-0.12623 0.35028 3.35743 -0.12979 0.55971 3.97875973419 0.78258 0.98072 0.30541 0.41196 152.77952 195.62801 147.22542 138.42519 0.3 0.3 0.0 0.0 0.0 0.0 0.0 0.0 0.72115 0.0 0.0 45.47487 -0.49999 0.07399 0.0 0.0 0.0 0.0 0.0 0.0 0.00355867330323 11 0 0.97875 0.672144005361 1.45935383254
-0.12623 0.35028 3.35743 -0.12979 0.55971 4.08479198517 0.78258 0.98072 0.30541 0.41196 152.77952 195.62801 147.22542 138.42519 0.3 0.3 0.0 0.0 0.0 0.0 0.0 0.0 0.72115 0.0 0.0 45.47487 -0.49999 0.07399 0.0 0.0 0.0 0.0 0.0 0.0 0.00487973216845 12 0 0.973601508485 0.679733656292 1.45935383254
-0.12623 0.35028 3.35743 -0.12979 0.55971 3.9587141616 0.78258 0.98072 0.30541 0.41196 152.77952 195.62801 147.22542 138.42519 0.3 0.3 0.0 0.0 0.0 0.0 0.0 0.0 0.72115 0.0 0.0 45.47487 -0.49999 0.07399 0.0 0.0 0.0 0.0 0.0 0.0 0.00470088185288 13 0 0.971892567146 0.778233708949 1.45935383254
-0.12623 0.35028 3.35743 -0.12979 0.55971 3.91681162831 0.78258 0.98072 0.30541 0.41196 152.77952 195.62801 147.22542 138.42519 0.3 0.3 0.0 0.0 0.0 0.0 0.0 0.0 0.72115 0.0 0.0 45.47487 -0.49999 0.07399 0.0 0.0 0.0 0.0 0.0 0.0 0.00439306221307 14 0 0.96282527881 0.837891542668 1.45935383254
-0.12623 0.35028 3.35743 -0.12979 0.55971 3.97385475821 0.78258 0.98072 0.30541 0.41196 152.77952 195.62801 147.22542 138.42519 0.3 0.3 0.0 0.0 0.0 0.0 0.0 0.0 0.72115 0.0 0.0 45.47487 -0.49999 0.07399 0.0 0.0 0.0 0.0 0.0 0.0 0.00427979867766 15 0 0.976903870162 0.644584114725 1.45935383254
-0.12623 0.35028 3.35743 -0.12979 0.55971 3.9593455327 0.78258 0.98072 0.30541 0.41196 152.77952 195.62801 147.22542 138.42519 0.3 0.3 0.0 0.0 0.0 0.0 0.0 0.0 0.72115 0.0 0.0 45.47487 -0.49999 0.07399 0.0 0.0 0.0 0.0 0.0 0.0 0.00400786475013 16 0 0.979336255479 0.734821097818 1.45935383254
-0.12623 0.35028 3.35743 -0.12979 0.55971 3.86476061241 0.78258 0.98072 0.30541 0.41196 152.77952 195.62801 147.22542 138.42519 0.3 0.3 0.0 0.0 0.0 0.0 0.0 0.0 0.72115 0.0 0.0 45.47487 -0.49999 0.07399 0.0 0.0 0.0 0.0 0.0 0.0 0.00426055441011 17 0 0.960687960688 0.915674237654 1.45935383254
-0.12623 0.35028 3.35743 -0.12979 0.55971 3.91013386305 0.78258 0.98072 0.30541 0.41196 152.77952 195.62801 147.22542 138.42519 0.3 0.3 0.0 0.0 0.0 0.0 0.0 0.0 0.72115 0.0 0.0 45.47487 -0.49999 0.07399 0.0 0.0 0.0 0.0 0.0 0.0 0.00463026136669 18 0 0.964705882353 0.819691486556 1.45935383254
-0.12623 0.35028 3.35743 -0.12979 0.55971 4.07307522835 0.78258 0.98072 0.30541 0.41196 152.77952 195.62801 147.22542 138.42519 0.3 0.3 0.0 0.0 0.0 0.0 0.0 0.0 0.72115 0.0 0.0 45.47487 -0.49999 0.07399 0.0 0.0 0.0 0.0 0.0 0.0 0.00476324373008 19 0 0.972972972973 0.606481121437 1.45935383254
-0.12623 0.35028 3.35743 -0.12979 0.55971 3.90360858228 0.78258 0.98072 0.30541 0.41196 152.77952 195.62801 147.22542 138.42519 0.3 0.3 0.0 0.0 0.0 0.0 0.0 0.0 0.72115 0.0 0.0 45.47487 -0.49999 0.07399 0.0 0.0 0.0 0.0 0.0 0.0 0.004508587304 20 0 0.965944272446 0.86280183781 1.45935383254
-0.12623 0.35028 3.35743 -0.12979 0.55971 4.00496369181 0.78258 0.98072 0.30541 0.41196 152.77952 195.62801 147.22542 138.42519 0.3 0.3 0.0 0.0 0.0 0.0 0.0 0.0 0.72115 0.0 0.0 45.47487 -0.49999 0.07399 0.0 0.0 0.0 0.0 0.0 0.0 0.00442426718748 21 1 0.986800754243 0.660760495132 2.55870814978
-0.12623 0.35028 3.35743 -0.12979 0.55971 4.12027916745 0.78258 0.98072 0.30541 0.41196 152.77952 195.62801 147.22542 138.42519 0.3 0.3 0.0 0.0 0.0 0.0 0.0 0.0 0.72115 0.0 0.0 45.47487 -0.49999 0.07399 0.0 0.0 0.0 0.0 0.0 0.0 0.00461942507305 22 0 0.962893081761 0.721102598246 2.55870814978
-0.12623 0.35028 3.35743 -0.12979 0.55971 4.01838783035 0.78258 0.98072 0.30541 0.41196 152.77952 195.62801 147.22542 138.42519 0.3 0.3 0.0 0.0 0.0 0.0 0.0 0.0 0.72115 0.0 0.0 45.47487 -0.49999 0.07399 0.0 0.0 0.0 0.0 0.0 0.0 0.00398668541198 23 1 0.991156032849 0.35221260069 4.30061050752
-0.12623 0.35028 3.35743 -0.12979 0.55971 4.02067608903 0.78258 0.98072 0.30541 0.41196 152.77952 195.62801 147.22542 138.42519 0.3 0.3 0.0 0.0 0.0 0.0 0.0 0.0 0.72115 0.0 0.0 45.47487 -0.49999 0.07399 0.0 0.0 0.0 0.0 0.0 0.0 0.00490777453973 24 1 1.0 0.00788745248543 4.39799615728
-0.12623 0.35028 3.35743 -0.12979 0.55971 4.00624432414 0.78258 0.98072 0.30541 0.41196 152.77952 195.62801 147.22542 138.42519 0.3 0.3 0.0 0.0 0.0 0.0 0.0 0.0 0.72115 0.0 0.0 45.47487 -0.49999 0.07399 0.0 0.0 0.0 0.0 0.0 0.0 0.00390436623303 25 0 0.986809045226 0.641667383576 4.39799615728
-0.12623 0.35028 3.35743 -0.12979 0.55971 4.06228197791 0.78258 0.98072 0.30541 0.41196 152.77952 195.62801 147.22542 138.42519 0.3 0.3 0.0 0.0 0.0 0.0 0.0 0.0 0.72115 0.0 0.0 45.47487 -0.49999 0.07399 0.0 0.0 0.0 0.0 0.0 0.0 0.0043782902184 26 0 0.974874371859 0.65865443074 4.39799615728
-0.12623 0.35028 3.35743 -0.12979 0.55971 4.05430747779 0.78258 0.98072 0.30541 0.41196 152.77952 195.62801 147.22542 138.42519 0.3 0.3 0.0 0.0 0.0 0.0 0.0 0.0 0.72115 0.0 0.0 45.47487 -0.49999 0.07399 0.0 0.0 0.0 0.0 0.0 0.0 0.00440131019037 27 0 0.980503144654 0.666371655208 4.39799615728
-0.12623 0.35028 3.35743 -0.12979 0.55971 4.04657955804 0.78258 0.98072 0.30541 0.41196 152.77952 195.62801 147.22542 138.42519 0.3 0.3 0.0 0.0 0.0 0.0 0.0 0.0 0.72115 0.0 0.0 45.47487 -0.49999 0.07399 0.0 0.0 0.0 0.0 0.0 0.0 0.00493416938296 28 0 0.976729559748 0.666560583967 4.39799615728
-0.12623 0.35028 3.35743 -0.12979 0.55971 4.04465208725 0.78258 0.98072 0.30541 0.41196 152.77952 195.62801 147.22542 138.42519 0.3 0.3 0.0 0.0 0.0 0.0 0.0 0.0 0.72115 0.0 0.0 45.47487 -0.49999 0.07399 0.0 0.0 0.0 0.0 0.0 0.0 0.00505198347186 29 0 0.981715006305 0.630643081083 4.39799615728
-0.12623 0.35028 3.35743 -0.12979 0.55971 3.90487488459 0.78258 0.98072 0.30541 0.41196 152.77952 195.62801 147.22542 138.42519 0.3 0.3 0.0 0.0 0.0 0.0 0.0 0.0 0.72115 0.0 0.0 45.47487 -0.49999 0.07399 0.0 0.0 0.0 0.0 0.0 0.0 0.00434191237259 30 0 0.965944272446 0.841152389575 4.39799615728
-0.12623 0.35028 3.35743 -0.12979 0.55971 4.09545306049 0.78258 0.98072 0.30541 0.41196 152.77952 195.62801 147.22542 138.42519 0.3 0.3 0.0 0.0 0.0 0.0 0.0 0.0 0.72115 0.0 0.0 45.47487 -0.49999 0.07399 0.0 0.0 0.0 0.0 0.0 0.0 0.00479403222015 31 0 0.962962962963 0.710518489975 4.39799615728
-0.12623 0.35028 3.35743 -0.12979 0.55971 4.10216810189 0.78258 0.98072 0.30541 0.41196 152.77952 195.62801 147.22542 138.42519 0.3 0.3 0.0 0.0 0.0 0.0 0.0 0.0 0.72115 0.0 0.0 45.47487 -0.49999 0.07399 0.0 0.0 0.0 0.0 0.0 0.0 0.00373540940819 32 0 0.960501567398 0.670350426095 4.39799615728
-0.12623 0.35028 3.35743 -0.12979 0.55971 3.9430290875 0.78258 0.98072 0.30541 0.41196 152.77952 195.62801 147.22542 138.42519 0.3 0.3 0.0 0.0 0.0 0.0 0.0 0.0 0.72115 0.0 0.0 45.47487 -0.49999 0.07399 0.0 0.0 0.0 0.0 0.0 0.0 0.00431786253013 33 0 0.968905472637 0.774881790192 4.39799615728
-0.12623 0.35028 3.35743 -0.12979 0.55971 3.91274569196 0.78258 0.98072 0.30541 0.41196 152.77952 195.62801 147.22542 138.42519 0.3 0.3 0.0 0.0 0.0 0.0 0.0 0.0 0.72115 0.0 0.0 45.47487 -0.49999 0.07399 0.0 0.0 0.0 0.0 0.0 0.0 0.00420601046474 34 0 0.964064436183 0.828923947357 4.39799615728
-0.12623 0.35028 3.35743 -0.12979 0.55971 4.05800121267 0.78258 0.98072 0.30541 0.41196 152.77952 195.62801 147.22542 138.42519 0.3 0.3 0.0 0.0 0.0 0.0 0.0 0.0 0.72115 0.0 0.0 45.47487 -0.49999 0.07399 0.0 0.0 0.0 0.0 0.0 0.0 0.00514946541358 35 1 0.978001257071 0.658953620093 0.387589310424
-0.12623 0.35028 3.35743 -0.12979 0.55971 3.9526644071 0.78258 0.98072 0.30541 0.41196 152.77952 195.62801 147.22542 138.42519 0.3 0.3 0.0 0.0 0.0 0.0 0.0 0.0 0.72115 0.0 0.0 45.47487 -0.49999 0.07399 0.0 0.0 0.0 0.0 0.0 0.0 0.00539139017684 36 0 0.968789013733 0.810800242704 0.387589310424
-0.12623 0.35028 3.35743 -0.12979 0.55971 4.1420025755 0.78258 0.98072 0.30541 0.41196 152.77952 195.62801 147.22542 138.42519 0.3 0.3 0.0 0.0 0.0 0.0 0.0 0.0 0.72115 0.0 0.0 45.47487 -0.49999 0.07399 0.0 0.0 0.0 0.0 0.0 0.0 0.00510981701883 37 0 0.957420162805 0.811469644762 0.387589310424
-0.12623 0.35028 3.35743 -0.12979 0.55971 4.21143819246 0.78258 0.98072 0.30541 0.41196 152.77952 195.62801 147.22542 138.42519 0.3 0.3 0.0 0.0 0.0 0.0 0.0 0.0 0.72115 0.0 0.0 45.47487 -0.49999 0.07399 0.0 0.0 0.0 0.0 0.0 0.0 0.00423519679173 38 0 0.945590994371 0.861770276015 0.387589310424
-0.12623 0.35028 3.35743 -0.12979 0.55971 4.05238638845 0.78258 0.98072 0.30541 0.41196 152.77952 195.62801 147.22542 138.42519 0.3 0.3 0.0 0.0 0.0 0.0 0.0 0.0 0.72115 0.0 0.0 45.47487 -0.49999 0.07399 0.0 0.0 0.0 0.0 0.0 0.0 0.0053155597233 39 1 0.976130653266 0.687378212699 -0.445523635607
-0.12623 0.35028 3.35743 -0.12979 0.55971 4.00928308545 0.78258 0.98072 0.30541 0.41196 152.77952 195.62801 147.22542 138.42519 0.3 0.3 0.0 0.0 0.0 0.0 0.0 0.0 0.72115 0.0 0.0 45.47487 -0.49999 0.07399 0.0 0.0 0.0 0.0 0.0 0.0 0.00577620485573 40 1 0.986163522013 0.603790554459 3.1891255426
-0.12623 0.35028 3.35743 -0.12979 0.55971 4.01503887741 0.78258 0.98072 0.30541 0.41196 152.77952 195.62801 147.22542 138.42519 0.3 0.3 0.0 0.0 0.0 0.0 0.0 0.0 0.72115 0.0 0.0 45.47487 -0.49999 0.07399 0.0 0.0 0.0 0.0 0.0 0.0 0.00530638807435 41 1 0.986767485822 0.50071102104 3.54037859997
-0.12623 0.35028 3.35743 -0.12979 0.55971 4.15803124858 0.78258 0.98072 0.30541 0.41196 152.77952 195.62801 147.22542 138.42519 0.3 0.3 0.0 0.0 0.0 0.0 0.0 0.0 0.72115 0.0 0.0 45.47487 -0.49999 0.07399 0.0 0.0 0.0 0.0 0.0 0.0 0.00501528083759 42 0 0.959899749373 0.759104766672 3.54037859997
-0.12623 0.35028 3.35743 -0.12979 0.55971 4.14346276748 0.78258 0.98072 0.30541 0.41196 152.77952 195.62801 147.22542 138.42519 0.3 0.3 0.0 0.0 0.0 0.0 0.0 0.0 0.72115 0.0 0.0 45.47487 -0.49999 0.07399 0.0 0.0 0.0 0.0 0.0 0.0 0.00498335060358 43 0 0.958046336882 0.815650707411 3.54037859997
-0.12623 0.35028 3.35743 -0.12979 0.55971 4.03965690752 0.78258 0.98072 0.30541 0.41196 152.77952 195.62801 147.22542 138.42519 0.3 0.3 0.0 0.0 0.0 0.0 0.0 0.0 0.72115 0.0 0.0 45.47487 -0.49999 0.07399 0.0 0.0 0.0 0.0 0.0 0.0 0.0046411622671 44 0 0.979823455233 0.628326212014 3.54037859997
-0.12623 0.35028 3.35743 -0.12979 0.55971 4.14196443241 0.78258 0.98072 0.30541 0.41196 152.77952 195.62801 147.22542 138.42519 0.3 0.3 0.0 0.0 0.0 0.0 0.0 0.0 0.72115 0.0 0.0 45.47487 -0.49999 0.07399 0.0 0.0 0.0 0.0 0.0 0.0 0.00484031756787 45 0 0.957420162805 0.810038039686 3.54037859997
-0.12623 0.35028 3.35743 -0.12979 0.55971 4.06980212661 0.78258 0.98072 0.30541 0.41196 152.77952 195.62801 147.22542 138.42519 0.3 0.3 0.0 0.0 0.0 0.0 0.0 0.0 0.72115 0.0 0.0 45.47487 -0.49999 0.07399 0.0 0.0 0.0 0.0 0.0 0.0 0.00502394225896 46 0 0.971751412429 0.614167965334 3.54037859997
-0.12623 0.35028 3.35743 -0.12979 0.55971 3.98095887586 0.78258 0.98072 0.30541 0.41196 152.77952 195.62801 147.22542 138.42519 0.3 0.3 0.0 0.0 0.0 0.0 0.0 0.0 0.72115 0.0 0.0 45.47487 -0.49999 0.07399 0.0 0.0 0.0 0.0 0.0 0.0 0.00549711546406 47 1 0.981226533166 0.695863355496 1.46077215027
-0.12623 0.35028 3.35743 -0.12979 0.55971 4.06722423346 0.78258 0.98072 0.30541 0.41196 152.77952 195.62801 147.22542 138.42519 0.3 0.3 0.0 0.0 0.0 0.0 0.0 0.0 0.72115 0.0 0.0 45.47487 -0.49999 0.07399 0.0 0.0 0.0 0.0 0.0 0.0 0.00474358633135 48 0 0.973618090452 0.630770569108 1.46077215027
-0.12623 0.35028 3.35743 -0.12979 0.55971 3.94893716622 0.78258 0.98072 0.30541 0.41196 152.77952 195.62801 147.22542 138.42519 0.3 0.3 0.0 0.0 0.0 0.0 0.0 0.0 0.72115 0.0 0.0 45.47487 -0.49999 0.07399 0.0 0.0 0.0 0.0 0.0 0.0 0.00489526153255 49 0 0.970093457944 0.761960499856 1.46077215027
-0.12623 0.35028 3.35743 -0.12979 0.55971 3.96994081775 0.78258 0.98072 0.30541 0.41196 152.77952 195.62801 147.22542 138.42519 0.3 0.3 0.0 0.0 0.0 0.0 0.0 0.0 0.72115 0.0 0.0 45.47487 -0.49999 0.07399 0.0 0.0 0.0 0.0 0.0 0.0 0.00471442845161 50 1 0.978111319575 0.640892151108 0.0110723262207
