-0.12623 0.35028 3.35743 -0.12979 0.55971 3.31366048667 0.78258 0.98072 0.30541 0.41196 152.77952 195.62801 147.22542 138.42519 0.3 0.3 0.0 0.0 0.0 0.0 0.0 0.0 0.72115 0.0 0.0 45.47487 -0.49999 0.07399 0.0 0.0 0.0 0.0 0.0 0.0 0.005 0 1 0.847741215839 1.55994384272 -1123.88957785
-0.12623 0.35028 3.35743 -0.12979 0.55971 3.46586941808 0.78258 0.98072 0.30541 0.41196 152.77952 195.62801 147.22542 138.42519 0.3 0.3 0.0 0.0 0.0 0.0 0.0 0.0 0.72115 0.0 0.0 45.47487 -0.49999 0.07399 0.0 0.0 0.0 0.0 0.0 0.0 0.00428582402406 1 1 0.871517907902 1.52453451129 -1039.85252608
-0.12623 0.35028 3.35743 -0.12979 0.55971 3.45988811821 0.78258 0.98072 0.30541 0.41196 152.77952 195.62801 147.22542 138.42519 0.3 0.3 0.0 0.0 0.0 0.0 0.0 0.0 0.72115 0.0 0.0 45.47487 -0.49999 0.07399 0.0 0.0 0.0 0.0 0.0 0.0 0.0043911275189 2 1 0.873223422399 1.49454867205 -926.418739331
-0.12623 0.35028 3.35743 -0.12979 0.55971 3.59771913779 0.78258 0.98072 0.30541 0.41196 152.77952 195.62801 147.22542 138.42519 0.3 0.3 0.0 0.0 0.0 0.0 0.0 0.0 0.72115 0.0 0.0 45.47487 -0.49999 0.07399 0.0 0.0 0.0 0.0 0.0 0.0 0.00486012597252 3 1 0.897793263647 1.33297269165 -388.487243847
-0.12623 0.35028 3.35743 -0.12979 0.55971 3.68815160357 0.78258 0.98072 0.30541 0.41196 152.77952 195.62801 147.22542 138.42519 0.3 0.3 0.0 0.0 0.0 0.0 0.0 0.0 0.72115 0.0 0.0 45.47487 -0.49999 0.07399 0.0 0.0 0.0 0.0 0.0 0.0 0.00557360879934 4 1 0.923900118906 1.27864080852 -148.121207648
-0.12623 0.35028 3.35743 -0.12979 0.55971 3.71386602058 0.78258 0.98072 0.30541 0.41196 152.77952 195.62801 147.22542 138.42519 0.3 0.3 0.0 0.0 0.0 0.0 0.0 0.0 0.72115 0.0 0.0 45.47487 -0.49999 0.07399 0.0 0.0 0.0 0.0 0.0 0.0 0.00604427907586 5 1 0.930704898447 1.23407821125 -95.8958564798
-0.12623 0.35028 3.35743 -0.12979 0.55971 3.81359912431 0.78258 0.98072 0.30541 0.41196 152.77952 195.62801 147.22542 138.42519 0.3 0.3 0.0 0.0 0.0 0.0 0.0 0.0 0.72115 0.0 0.0 45.47487 -0.49999 0.07399 0.0 0.0 0.0 0.0 0.0 0.0 0.00636032115697 6 1 0.943670502726 1.0778894933 -41.4263425836
-0.12623 0.35028 3.35743 -0.12979 0.55971 3.80752071146 0.78258 0.98072 0.30541 0.41196 152.77952 195.62801 147.22542 138.42519 0.3 0.3 0.0 0.0 0.0 0.0 0.0 0.0 0.72115 0.0 0.0 45.47487 -0.49999 0.07399 0.0 0.0 0.0 0.0 0.0 0.0 0.00522430536505 7 0 0.942598187311 1.07534543715 -41.4263425836
-0.12623 0.35028 3.35743 -0.12979 0.55971 3.76820193908 0.78258 0.98072 0.30541 0.41196 152.77952 195.62801 147.22542 138.42519 0.3 0.3 0.0 0.0 0.0 0.0 0.0 0.0 0.72115 0.0 0.0 45.47487 -0.49999 0.07399 0.0 0.0 0.0 0.0 0.0 0.0 0.00624560507397 8 0 0.943908323281 1.11734839478 -41.4263425836
-0.12623 0.35028 3.35743 -0.12979 0.55971 3.76146089461 0.78258 0.98072 0.30541 0.41196 152.77952 195.62801 147.22542 138.42519 0.3 0.3 0.0 0.0 0.0 0.0 0.0 0.0 0.72115 0.0 0.0 45.47487 -0.49999 0.07399 0.0 0.0 0.0 0.0 0.0 0.0 0.00621107227911 9 0 0.940433212996 1.14732425015 -41.4263425836
-0.12623 0.35028 3.35743 -0.12979 0.55971 3.82807353518 0.78258 0.98072 0.30541 0.41196 152.77952 195.62801 147.22542 138.42519 0.3 0.3 0.0 0.0 0.0 0.0 0.0 0.0 0.72115 0.0 0.0 45.47487 -0.49999 0.07399 0.0 0.0 0.0 0.0 0.0 0.0 0.00630518886871 10 1 0.952293577982 0.992464778206 -24.0466214775
-0.12623 0.35028 3.35743 -0.12979 0.55971 3.88310286185 0.78258 0.98072 0.30541 0.41196 152.77952 195.62801 147.22542 138.42519 0.3 0.3 0.0 0.0 0.0 0.0 0.0 0.0 0.72115 0.0 0.0 45.47487 -0.49999 0.07399 0.0 0.0 0.0 0.0 0.0 0.0 0.00706218176919 11 1 0.959434542102 0.87752036105 -8.66932026182
-0.12623 0.35028 3.35743 -0.12979 0.55971 3.80827361689 0.78258 0.98072 0.30541 0.41196 152.77952 195.62801 147.22542 138.42519 0.3 0.3 0.0 0.0 0.0 0.0 0.0 0.0 0.72115 0.0 0.0 45.47487 -0.49999 0.07399 0.0 0.0 0.0 0.0 0.0 0.0 0.00660613052029 12 0 0.940821256039 1.06693331598 -8.66932026182
-0.12623 0.35028 3.35743 -0.12979 0.55971 3.67474288712 0.78258 0.98072 0.30541 0.41196 152.77952 195.62801 147.22542 138.42519 0.3 0.3 0.0 0.0 0.0 0.0 0.0 0.0 0.72115 0.0 0.0 45.47487 -0.49999 0.07399 0.0 0.0 0.0 0.0 0.0 0.0 0.00694558979423 13 0 0.921021377672 1.26986007352 -8.66932026182
-0.12623 0.35028 3.35743 -0.12979 0.55971 3.97252609861 0.78258 0.98072 0.30541 0.41196 152.77952 195.62801 147.22542 138.42519 0.3 0.3 0.0 0.0 0.0 0.0 0.0 0.0 0.72115 0.0 0.0 45.47487 -0.49999 0.07399 0.0 0.0 0.0 0.0 0.0 0.0 0.00749134072403 14 1 0.978111319575 0.613974866694 2.36593851685
-0.12623 0.35028 3.35743 -0.12979 0.55971 4.04598777175 0.78258 0.98072 0.30541 0.41196 152.77952 195.62801 147.22542 138.42519 0.3 0.3 0.0 0.0 0.0 0.0 0.0 0.0 0.72115 0.0 0.0 45.47487 -0.49999 0.07399 0.0 0.0 0.0 0.0 0.0 0.0 0.0078310211762 15 1 0.981084489281 0.6467629775 2.71044337303
-0.12623 0.35028 3.35743 -0.12979 0.55971 3.95643891767 0.78258 0.98072 0.30541 0.41196 152.77952 195.62801 147.22542 138.42519 0.3 0.3 0.0 0.0 0.0 0.0 0.0 0.0 0.72115 0.0 0.0 45.47487 -0.49999 0.07399 0.0 0.0 0.0 0.0 0.0 0.0 0.0072500946995 16 0 0.972517176765 0.798428977053 2.71044337303
-0.12623 0.35028 3.35743 -0.12979 0.55971 4.16429769032 0.78258 0.98072 0.30541 0.41196 152.77952 195.62801 147.22542 138.42519 0.3 0.3 0.0 0.0 0.0 0.0 0.0 0.0 0.72115 0.0 0.0 45.47487 -0.49999 0.07399 0.0 0.0 0.0 0.0 0.0 0.0 0.00750835132793 17 0 0.958594730238 0.793903108903 2.71044337303
-0.12623 0.35028 3.35743 -0.12979 0.55971 4.08095775809 0.78258 0.98072 0.30541 0.41196 152.77952 195.62801 147.22542 138.42519 0.3 0.3 0.0 0.0 0.0 0.0 0.0 0.0 0.72115 0.0 0.0 45.47487 -0.49999 0.07399 0.0 0.0 0.0 0.0 0.0 0.0 0.00840314078286 18 1 0.976115650534 0.68498713648 1.96490933843
-0.12623 0.35028 3.35743 -0.12979 0.55971 3.95263999355 0.78258 0.98072 0.30541 0.41196 152.77952 195.62801 147.22542 138.42519 0.3 0.3 0.0 0.0 0.0 0.0 0.0 0.0 0.72115 0.0 0.0 45.47487 -0.49999 0.07399 0.0 0.0 0.0 0.0 0.0 0.0 0.00884747122817 19 0 0.968789013733 0.810781471781 1.96490933843
-0.12623 0.35028 3.35743 -0.12979 0.55971 3.97176517749 0.78258 0.98072 0.30541 0.41196 152.77952 195.62801 147.22542 138.42519 0.3 0.3 0.0 0.0 0.0 0.0 0.0 0.0 0.72115 0.0 0.0 45.47487 -0.49999 0.07399 0.0 0.0 0.0 0.0 0.0 0.0 0.00787350052009 20 1 0.978097622028 0.62287625869 2.42417682321
-0.12623 0.35028 3.35743 -0.12979 0.55971 4.04291511151 0.78258 0.98072 0.30541 0.41196 152.77952 195.62801 147.22542 138.42519 0.3 0.3 0.0 0.0 0.0 0.0 0.0 0.0 0.72115 0.0 0.0 45.47487 -0.49999 0.07399 0.0 0.0 0.0 0.0 0.0 0.0 0.00737241952075 21 1 0.981084489281 0.632609809878 2.67385202764
-0.12623 0.35028 3.35743 -0.12979 0.55971 4.0140375542 0.78258 0.98072 0.30541 0.41196 152.77952 195.62801 147.22542 138.42519 0.3 0.3 0.0 0.0 0.0 0.0 0.0 0.0 0.72115 0.0 0.0 45.47487 -0.49999 0.07399 0.0 0.0 0.0 0.0 0.0 0.0 0.00799909356858 22 1 0.987397605545 0.485866283203 3.61651516744
-0.12623 0.35028 3.35743 -0.12979 0.55971 4.07070858515 0.78258 0.98072 0.30541 0.41196 152.77952 195.62801 147.22542 138.42519 0.3 0.3 0.0 0.0 0.0 0.0 0.0 0.0 0.72115 0.0 0.0 45.47487 -0.49999 0.07399 0.0 0.0 0.0 0.0 0.0 0.0 0.00767943457431 23 0 0.972361809045 0.63916681559 3.61651516744
-0.12623 0.35028 3.35743 -0.12979 0.55971 3.97059201535 0.78258 0.98072 0.30541 0.41196 152.77952 195.62801 147.22542 138.42519 0.3 0.3 0.0 0.0 0.0 0.0 0.0 0.0 0.72115 0.0 0.0 45.47487 -0.49999 0.07399 0.0 0.0 0.0 0.0 0.0 0.0 0.00772575174296 24 0 0.978111319575 0.641352508287 3.61651516744
-0.12623 0.35028 3.35743 -0.12979 0.55971 4.12150791103 0.78258 0.98072 0.30541 0.41196 152.77952 195.62801 147.22542 138.42519 0.3 0.3 0.0 0.0 0.0 0.0 0.0 0.0 0.72115 0.0 0.0 45.47487 -0.49999 0.07399 0.0 0.0 0.0 0.0 0.0 0.0 0.007933945201 25 0 0.962916404777 0.740153592485 3.61651516744
-0.12623 0.35028 3.35743 -0.12979 0.55971 3.96174279249 0.78258 0.98072 0.30541 0.41196 152.77952 195.62801 147.22542 138.42519 0.3 0.3 0.0 0.0 0.0 0.0 0.0 0.0 0.72115 0.0 0.0 45.47487 -0.49999 0.07399 0.0 0.0 0.0 0.0 0.0 0.0 0.0077696222834 26 0 0.978723404255 0.757022402863 3.61651516744
-0.12623 0.35028 3.35743 -0.12979 0.55971 4.04850163695 0.78258 0.98072 0.30541 0.41196 152.77952 195.62801 147.22542 138.42519 0.3 0.3 0.0 0.0 0.0 0.0 0.0 0.0 0.72115 0.0 0.0 45.47487 -0.49999 0.07399 0.0 0.0 0.0 0.0 0.0 0.0 0.00736807648768 27 0 0.976115650534 0.673513632347 3.61651516744
-0.12623 0.35028 3.35743 -0.12979 0.55971 4.1134869069 0.78258 0.98072 0.30541 0.41196 152.77952 195.62801 147.22542 138.42519 0.3 0.3 0.0 0.0 0.0 0.0 0.0 0.0 0.72115 0.0 0.0 45.47487 -0.49999 0.07399 0.0 0.0 0.0 0.0 0.0 0.0 0.0077829771737 28 0 0.961055276382 0.703953199252 3.61651516744
-0.12623 0.35028 3.35743 -0.12979 0.55971 4.28229581771 0.78258 0.98072 0.30541 0.41196 152.77952 195.62801 147.22542 138.42519 0.3 0.3 0.0 0.0 0.0 0.0 0.0 0.0 0.72115 0.0 0.0 45.47487 -0.49999 0.07399 0.0 0.0 0.0 0.0 0.0 0.0 0.00799908626166 29 0 0.938864628821 1.00463762357 3.61651516744
-0.12623 0.35028 3.35743 -0.12979 0.55971 4.14439084447 0.78258 0.98072 0.30541 0.41196 152.77952 195.62801 147.22542 138.42519 0.3 0.3 0.0 0.0 0.0 0.0 0.0 0.0 0.72115 0.0 0.0 45.47487 -0.49999 0.07399 0.0 0.0 0.0 0.0 0.0 0.0 0.00768062420981 30 0 0.957420162805 0.825222332413 3.61651516744
-0.12623 0.35028 3.35743 -0.12979 0.55971 3.9625767872 0.78258 0.98072 0.30541 0.41196 152.77952 195.62801 147.22542 138.42519 0.3 0.3 0.0 0.0 0.0 0.0 0.0 0.0 0.72115 0.0 0.0 45.47487 -0.49999 0.07399 0.0 0.0 0.0 0.0 0.0 0.0 0.00731924672158 31 1 0.979336255479 0.744450775284 1.78965754219
-0.12623 0.35028 3.35743 -0.12979 0.55971 3.99702045117 0.78258 0.98072 0.30541 0.41196 152.77952 195.62801 147.22542 138.42519 0.3 0.3 0.0 0.0 0.0 0.0 0.0 0.0 0.72115 0.0 0.0 45.47487 -0.49999 0.07399 0.0 0.0 0.0 0.0 0.0 0.0 0.00818416749615 32 1 0.983658076681 0.718808404353 2.85657637689
-0.12623 0.35028 3.35743 -0.12979 0.55971 4.04657344618 0.78258 0.98072 0.30541 0.41196 152.77952 195.62801 147.22542 138.42519 0.3 0.3 0.0 0.0 0.0 0.0 0.0 0.0 0.72115 0.0 0.0 45.47487 -0.49999 0.07399 0.0 0.0 0.0 0.0 0.0 0.0 0.00887942063961 33 1 0.976729559748 0.660579464682 2.30656893079
-0.12623 0.35028 3.35743 -0.12979 0.55971 3.99294220825 0.78258 0.98072 0.30541 0.41196 152.77952 195.62801 147.22542 138.42519 0.3 0.3 0.0 0.0 0.0 0.0 0.0 0.0 0.72115 0.0 0.0 45.47487 -0.49999 0.07399 0.0 0.0 0.0 0.0 0.0 0.0 0.0100089606938 34 1 0.978696741855 0.659936941163 2.69885441484
-0.12623 0.35028 3.35743 -0.12979 0.55971 3.91172550646 0.78258 0.98072 0.30541 0.41196 152.77952 195.62801 147.22542 138.42519 0.3 0.3 0.0 0.0 0.0 0.0 0.0 0.0 0.72115 0.0 0.0 45.47487 -0.49999 0.07399 0.0 0.0 0.0 0.0 0.0 0.0 0.00996797401117 35 0 0.962848297214 0.840537827779 2.69885441484
-0.12623 0.35028 3.35743 -0.12979 0.55971 3.81606306057 0.78258 0.98072 0.30541 0.41196 152.77952 195.62801 147.22542 138.42519 0.3 0.3 0.0 0.0 0.0 0.0 0.0 0.0 0.72115 0.0 0.0 45.47487 -0.49999 0.07399 0.0 0.0 0.0 0.0 0.0 0.0 0.010961378977 36 0 0.943602183141 1.03043250245 2.69885441484
-0.12623 0.35028 3.35743 -0.12979 0.55971 4.09737169153 0.78258 0.98072 0.30541 0.41196 152.77952 195.62801 147.22542 138.42519 0.3 0.3 0.0 0.0 0.0 0.0 0.0 0.0 0.72115 0.0 0.0 45.47487 -0.49999 0.07399 0.0 0.0 0.0 0.0 0.0 0.0 0.0101617599975 37 0 0.962962962963 0.712285222471 2.69885441484
-0.12623 0.35028 3.35743 -0.12979 0.55971 4.04138821896 0.78258 0.98072 0.30541 0.41196 152.77952 195.62801 147.22542 138.42519 0.3 0.3 0.0 0.0 0.0 0.0 0.0 0.0 0.72115 0.0 0.0 45.47487 -0.49999 0.07399 0.0 0.0 0.0 0.0 0.0 0.0 0.010013828868 38 1 0.981084489281 0.652760673074 2.92467437524
-0.12623 0.35028 3.35743 -0.12979 0.55971 3.97901203361 0.78258 0.98072 0.30541 0.41196 152.77952 195.62801 147.22542 138.42519 0.3 0.3 0.0 0.0 0.0 0.0 0.0 0.0 0.72115 0.0 0.0 45.47487 -0.49999 0.07399 0.0 0.0 0.0 0.0 0.0 0.0 0.0101076923122 39 1 0.979375 0.660677698191 2.76679351009
-0.12623 0.35028 3.35743 -0.12979 0.55971 3.8417646032 0.78258 0.98072 0.30541 0.41196 152.77952 195.62801 147.22542 138.42519 0.3 0.3 0.0 0.0 0.0 0.0 0.0 0.0 0.72115 0.0 0.0 45.47487 -0.49999 0.07399 0.0 0.0 0.0 0.0 0.0 0.0 0.0100182037394 40 0 0.954212454212 0.969534783847 2.76679351009
-0.12623 0.35028 3.35743 -0.12979 0.55971 4.20353454125 0.78258 0.98072 0.30541 0.41196 152.77952 195.62801 147.22542 138.42519 0.3 0.3 0.0 0.0 0.0 0.0 0.0 0.0 0.72115 0.0 0.0 45.47487 -0.49999 0.07399 0.0 0.0 0.0 0.0 0.0 0.0 0.00993329438484 41 0 0.949279899812 0.85154704808 2.76679351009
-0.12623 0.35028 3.35743 -0.12979 0.55971 3.84659566493 0.78258 0.98072 0.30541 0.41196 152.77952 195.62801 147.22542 138.42519 0.3 0.3 0.0 0.0 0.0 0.0 0.0 0.0 0.72115 0.0 0.0 45.47487 -0.49999 0.07399 0.0 0.0 0.0 0.0 0.0 0.0 0.00989333258074 42 0 0.95540623091 0.933297056011 2.76679351009
-0.12623 0.35028 3.35743 -0.12979 0.55971 4.04629377388 0.78258 0.98072 0.30541 0.41196 152.77952 195.62801 147.22542 138.42519 0.3 0.3 0.0 0.0 0.0 0.0 0.0 0.0 0.72115 0.0 0.0 45.47487 -0.49999 0.07399 0.0 0.0 0.0 0.0 0.0 0.0 0.0104099158736 43 1 0.981715006305 0.647381636076 2.99953201668
-0.12623 0.35028 3.35743 -0.12979 0.55971 4.01751417438 0.78258 0.98072 0.30541 0.41196 152.77952 195.62801 147.22542 138.42519 0.3 0.3 0.0 0.0 0.0 0.0 0.0 0.0 0.72115 0.0 0.0 45.47487 -0.49999 0.07399 0.0 0.0 0.0 0.0 0.0 0.0 0.0112043421349 44 1 0.988020176545 0.557365211523 3.39494198354
-0.12623 0.35028 3.35743 -0.12979 0.55971 3.8868471511 0.78258 0.98072 0.30541 0.41196 152.77952 195.62801 147.22542 138.42519 0.3 0.3 0.0 0.0 0.0 0.0 0.0 0.0 0.72115 0.0 0.0 45.47487 -0.49999 0.07399 0.0 0.0 0.0 0.0 0.0 0.0 0.0111125141291 45 0 0.958769230769 0.893934821824 3.39494198354
-0.12623 0.35028 3.35743 -0.12979 0.55971 4.14531982104 0.78258 0.98072 0.30541 0.41196 152.77952 195.62801 147.22542 138.42519 0.3 0.3 0.0 0.0 0.0 0.0 0.0 0.0 0.72115 0.0 0.0 45.47487 -0.49999 0.07399 0.0 0.0 0.0 0.0 0.0 0.0 0.0119561629701 46 0 0.957420162805 0.832996531496 3.39494198354
-0.12623 0.35028 3.35743 -0.12979 0.55971 4.06074847805 0.78258 0.98072 0.30541 0.41196 152.77952 195.62801 147.22542 138.42519 0.3 0.3 0.0 0.0 0.0 0.0 0.0 0.0 0.72115 0.0 0.0 45.47487 -0.49999 0.07399 0.0 0.0 0.0 0.0 0.0 0.0 0.0105251807642 47 1 0.97675879397 0.649672970038 2.60604045671
-0.12623 0.35028 3.35743 -0.12979 0.55971 4.25380287331 0.78258 0.98072 0.30541 0.41196 152.77952 195.62801 147.22542 138.42519 0.3 0.3 0.0 0.0 0.0 0.0 0.0 0.0 0.72115 0.0 0.0 45.47487 -0.49999 0.07399 0.0 0.0 0.0 0.0 0.0 0.0 0.0109500280091 48 0 0.943231441048 0.972588958795 2.60604045671
-0.12623 0.35028 3.35743 -0.12979 0.55971 3.99595436209 0.78258 0.98072 0.30541 0.41196 152.77952 195.62801 147.22542 138.42519 0.3 0.3 0.0 0.0 0.0 0.0 0.0 0.0 0.72115 0.0 0.0 45.47487 -0.49999 0.07399 0.0 0.0 0.0 0.0 0.0 0.0 0.0103616957342 49 1 0.984286612194 0.717979171976 3.05795067646
-0.12623 0.35028 3.35743 -0.12979 0.55971 4.09754038393 0.78258 0.98072 0.30541 0.41196 152.77952 195.62801 147.22542 138.42519 0.3 0.3 0.0 0.0 0.0 0.0 0.0 0.0 0.72115 0.0 0.0 45.47487 -0.49999 0.07399 0.0 0.0 0.0 0.0 0.0 0.0 0.0105902398737 50 0 0.962962962963 0.716636593866 3.05795067646
