-0.12623 0.35028 3.35743 -0.12979 0.55971 3.95001404867 0.78258 0.98072 0.30541 0.41196 152.77952 195.62801 147.22542 138.42519 0.3 0.3 0.0 0.0 0.0 0.0 0.0 0.0 0.72115 0.0 0.0 45.47487 -0.49999 0.07399 0.0 0.0 0.0 0.0 0.0 0.0 0.005 0 1 0.971321695761 0.772277862489 -5.43096215505
-0.12623 0.35028 3.35743 -0.12979 0.55971 3.91743896988 0.78258 0.98072 0.30541 0.41196 152.77952 195.62801 147.22542 138.42519 0.3 0.3 0.0 0.0 0.0 0.0 0.0 0.0 0.72115 0.0 0.0 45.47487 -0.49999 0.07399 0.0 0.0 0.0 0.0 0.0 0.0 0.00497628053085 1 0 0.961609907121 0.82420251828 -5.43096215505
-0.12623 0.35028 3.35743 -0.12979 0.55971 3.95593102374 0.78258 0.98072 0.30541 0.41196 152.77952 195.62801 147.22542 138.42519 0.3 0.3 0.0 0.0 0.0 0.0 0.0 0.0 0.72115 0.0 0.0 45.47487 -0.49999 0.07399 0.0 0.0 0.0 0.0 0.0 0.0 0.00513838621941 2 1 0.97375 0.79292283998 -3.85213644788
-0.12623 0.35028 3.35743 -0.12979 0.55971 3.83864923754 0.78258 0.98072 0.30541 0.41196 152.77952 195.62801 147.22542 138.42519 0.3 0.3 0.0 0.0 0.0 0.0 0.0 0.0 0.72115 0.0 0.0 45.47487 -0.49999 0.07399 0.0 0.0 0.0 0.0 0.0 0.0 0.00445954878343 3 0 0.953048780488 0.97053320261 -3.85213644788
-0.12623 0.35028 3.35743 -0.12979 0.55971 3.98367961674 0.78258 0.98072 0.30541 0.41196 152.77952 195.62801 147.22542 138.42519 0.3 0.3 0.0 0.0 0.0 0.0 0.0 0.0 0.72115 0.0 0.0 45.47487 -0.49999 0.07399 0.0 0.0 0.0 0.0 0.0 0.0 0.00541041719087 4 1 0.980588603632 0.679864400334 1.32562971519
-0.12623 0.35028 3.35743 -0.12979 0.55971 3.90267511063 0.78258 0.98072 0.30541 0.41196 152.77952 195.62801 147.22542 138.42519 0.3 0.3 0.0 0.0 0.0 0.0 0.0 0.0 0.72115 0.0 0.0 45.47487 -0.49999 0.07399 0.0 0.0 0.0 0.0 0.0 0.0 0.00593997704911 5 0 0.968460111317 0.832179423743 1.32562971519
-0.12623 0.35028 3.35743 -0.12979 0.55971 3.99524796732 0.78258 0.98072 0.30541 0.41196 152.77952 195.62801 147.22542 138.42519 0.3 0.3 0.0 0.0 0.0 0.0 0.0 0.0 0.72115 0.0 0.0 45.47487 -0.49999 0.07399 0.0 0.0 0.0 0.0 0.0 0.0 0.0060542972615 6 1 0.981783919598 0.67980592768 2.09623818681
-0.12623 0.35028 3.35743 -0.12979 0.55971 4.02289266754 0.78258 0.98072 0.30541 0.41196 152.77952 195.62801 147.22542 138.42519 0.3 0.3 0.0 0.0 0.0 0.0 0.0 0.0 0.72115 0.0 0.0 45.47487 -0.49999 0.07399 0.0 0.0 0.0 0.0 0.0 0.0 0.00532745308023 7 1 0.998100063331 0.247185250585 4.31205790368
-0.12623 0.35028 3.35743 -0.12979 0.55971 4.12730338974 0.78258 0.98072 0.30541 0.41196 152.77952 195.62801 147.22542 138.42519 0.3 0.3 0.0 0.0 0.0 0.0 0.0 0.0 0.72115 0.0 0.0 45.47487 -0.49999 0.07399 0.0 0.0 0.0 0.0 0.0 0.0 0.00562878875117 8 0 0.959824231011 0.749416110573 4.31205790368
-0.12623 0.35028 3.35743 -0.12979 0.55971 3.86505407963 0.78258 0.98072 0.30541 0.41196 152.77952 195.62801 147.22542 138.42519 0.3 0.3 0.0 0.0 0.0 0.0 0.0 0.0 0.72115 0.0 0.0 45.47487 -0.49999 0.07399 0.0 0.0 0.0 0.0 0.0 0.0 0.00606208868681 9 0 0.960687960688 0.910321095377 4.31205790368
-0.12623 0.35028 3.35743 -0.12979 0.55971 4.06309711355 0.78258 0.98072 0.30541 0.41196 152.77952 195.62801 147.22542 138.42519 0.3 0.3 0.0 0.0 0.0 0.0 0.0 0.0 0.72115 0.0 0.0 45.47487 -0.49999 0.07399 0.0 0.0 0.0 0.0 0.0 0.0 0.00572149430542 10 0 0.972396486826 0.636286471796 4.31205790368
-0.12623 0.35028 3.35743 -0.12979 0.55971 4.11975460569 0.78258 0.98072 0.30541 0.41196 152.77952 195.62801 147.22542 138.42519 0.3 0.3 0.0 0.0 0.0 0.0 0.0 0.0 0.72115 0.0 0.0 45.47487 -0.49999 0.07399 0.0 0.0 0.0 0.0 0.0 0.0 0.00472186750745 11 0 0.963522012579 0.720616087392 4.31205790368
-0.12623 0.35028 3.35743 -0.12979 0.55971 4.08726054596 0.78258 0.98072 0.30541 0.41196 152.77952 195.62801 147.22542 138.42519 0.3 0.3 0.0 0.0 0.0 0.0 0.0 0.0 0.72115 0.0 0.0 45.47487 -0.49999 0.07399 0.0 0.0 0.0 0.0 0.0 0.0 0.00636674805124 12 0 0.967964824121 0.709573611263 4.31205790368
-0.12623 0.35028 3.35743 -0.12979 0.55971 4.04484816187 0.78258 0.98072 0.30541 0.41196 152.77952 195.62801 147.22542 138.42519 0.3 0.3 0.0 0.0 0.0 0.0 0.0 0.0 0.72115 0.0 0.0 45.47487 -0.49999 0.07399 0.0 0.0 0.0 0.0 0.0 0.0 0.00563507964929 13 0 0.980453972257 0.64210610323 4.31205790368
-0.12623 0.35028 3.35743 -0.12979 0.55971 3.97244861267 0.78258 0.98072 0.30541 0.41196 152.77952 195.62801 147.22542 138.42519 0.3 0.3 0.0 0.0 0.0 0.0 0.0 0.0 0.72115 0.0 0.0 45.47487 -0.49999 0.07399 0.0 0.0 0.0 0.0 0.0 0.0 0.00563108735491 14 0 0.978111319575 0.624201596706 4.31205790368
-0.12623 0.35028 3.35743 -0.12979 0.55971 3.92015788337 0.78258 0.98072 0.30541 0.41196 152.77952 195.62801 147.22542 138.42519 0.3 0.3 0.0 0.0 0.0 0.0 0.0 0.0 0.72115 0.0 0.0 45.47487 -0.49999 0.07399 0.0 0.0 0.0 0.0 0.0 0.0 0.00467450029066 15 0 0.962205700124 0.803356714686 4.31205790368
-0.12623 0.35028 3.35743 -0.12979 0.55971 4.00013121582 0.78258 0.98072 0.30541 0.41196 152.77952 195.62801 147.22542 138.42519 0.3 0.3 0.0 0.0 0.0 0.0 0.0 0.0 0.72115 0.0 0.0 45.47487 -0.49999 0.07399 0.0 0.0 0.0 0.0 0.0 0.0 0.00604334806428 16 0 0.983029541169 0.684131482585 4.31205790368
-0.12623 0.35028 3.35743 -0.12979 0.55971 4.01237020066 0.78258 0.98072 0.30541 0.41196 152.77952 195.62801 147.22542 138.42519 0.3 0.3 0.0 0.0 0.0 0.0 0.0 0.0 0.72115 0.0 0.0 45.47487 -0.49999 0.07399 0.0 0.0 0.0 0.0 0.0 0.0 0.00494815734226 17 0 0.984896161108 0.604132435997 4.31205790368
-0.12623 0.35028 3.35743 -0.12979 0.55971 4.08113682868 0.78258 0.98072 0.30541 0.41196 152.77952 195.62801 147.22542 138.42519 0.3 0.3 0.0 0.0 0.0 0.0 0.0 0.0 0.72115 0.0 0.0 45.47487 -0.49999 0.07399 0.0 0.0 0.0 0.0 0.0 0.0 0.00577043006847 18 0 0.976115650534 0.686412848371 4.31205790368
-0.12623 0.35028 3.35743 -0.12979 0.55971 4.12571620926 0.78258 0.98072 0.30541 0.41196 152.77952 195.62801 147.22542 138.42519 0.3 0.3 0.0 0.0 0.0 0.0 0.0 0.0 0.72115 0.0 0.0 45.47487 -0.49999 0.07399 0.0 0.0 0.0 0.0 0.0 0.0 0.0065386189317 19 0 0.961055276382 0.74956494274 4.31205790368
-0.12623 0.35028 3.35743 -0.12979 0.55971 4.1893525723 0.78258 0.98072 0.30541 0.41196 152.77952 195.62801 147.22542 138.42519 0.3 0.3 0.0 0.0 0.0 0.0 0.0 0.0 0.72115 0.0 0.0 45.47487 -0.49999 0.07399 0.0 0.0 0.0 0.0 0.0 0.0 0.00561724578315 20 0 0.952410770194 0.827996287276 4.31205790368
-0.12623 0.35028 3.35743 -0.12979 0.55971 4.09399041213 0.78258 0.98072 0.30541 0.41196 152.77952 195.62801 147.22542 138.42519 0.3 0.3 0.0 0.0 0.0 0.0 0.0 0.0 0.72115 0.0 0.0 45.47487 -0.49999 0.07399 0.0 0.0 0.0 0.0 0.0 0.0 0.00497973250639 21 0 0.965452261307 0.717544287549 4.31205790368
-0.12623 0.35028 3.35743 -0.12979 0.55971 3.83247257453 0.78258 0.98072 0.30541 0.41196 152.77952 195.62801 147.22542 138.42519 0.3 0.3 0.0 0.0 0.0 0.0 0.0 0.0 0.72115 0.0 0.0 45.47487 -0.49999 0.07399 0.0 0.0 0.0 0.0 0.0 0.0 0.00482115334649 22 0 0.949908368968 1.02551047661 4.31205790368
-0.12623 0.35028 3.35743 -0.12979 0.55971 4.05525287805 0.78258 0.98072 0.30541 0.41196 152.77952 195.62801 147.22542 138.42519 0.3 0.3 0.0 0.0 0.0 0.0 0.0 0.0 0.72115 0.0 0.0 45.47487 -0.49999 0.07399 0.0 0.0 0.0 0.0 0.0 0.0 0.0054300407098 23 1 0.979245283019 0.678765539872 0.931467440523
-0.12623 0.35028 3.35743 -0.12979 0.55971 4.17724651347 0.78258 0.98072 0.30541 0.41196 152.77952 195.62801 147.22542 138.42519 0.3 0.3 0.0 0.0 0.0 0.0 0.0 0.0 0.72115 0.0 0.0 45.47487 -0.49999 0.07399 0.0 0.0 0.0 0.0 0.0 0.0 0.00481831626701 24 0 0.956057752668 0.784686907939 0.931467440523
-0.12623 0.35028 3.35743 -0.12979 0.55971 4.0657228224 0.78258 0.98072 0.30541 0.41196 152.77952 195.62801 147.22542 138.42519 0.3 0.3 0.0 0.0 0.0 0.0 0.0 0.0 0.72115 0.0 0.0 45.47487 -0.49999 0.07399 0.0 0.0 0.0 0.0 0.0 0.0 0.00536517773407 25 0 0.973618090452 0.64349790508 0.931467440523
-0.12623 0.35028 3.35743 -0.12979 0.55971 4.12905376655 0.78258 0.98072 0.30541 0.41196 152.77952 195.62801 147.22542 138.42519 0.3 0.3 0.0 0.0 0.0 0.0 0.0 0.0 0.72115 0.0 0.0 45.47487 -0.49999 0.07399 0.0 0.0 0.0 0.0 0.0 0.0 0.00468912846284 26 0 0.959145191703 0.746171914612 0.931467440523
-0.12623 0.35028 3.35743 -0.12979 0.55971 4.04657130795 0.78258 0.98072 0.30541 0.41196 152.77952 195.62801 147.22542 138.42519 0.3 0.3 0.0 0.0 0.0 0.0 0.0 0.0 0.72115 0.0 0.0 45.47487 -0.49999 0.07399 0.0 0.0 0.0 0.0 0.0 0.0 0.00533432548071 27 0 0.976729559748 0.660580079988 0.931467440523
-0.12623 0.35028 3.35743 -0.12979 0.55971 4.09574959964 0.78258 0.98072 0.30541 0.41196 152.77952 195.62801 147.22542 138.42519 0.3 0.3 0.0 0.0 0.0 0.0 0.0 0.0 0.72115 0.0 0.0 45.47487 -0.49999 0.07399 0.0 0.0 0.0 0.0 0.0 0.0 0.00429274394909 28 0 0.962962962963 0.71259998239 0.931467440523
-0.12623 0.35028 3.35743 -0.12979 0.55971 3.94700347364 0.78258 0.98072 0.30541 0.41196 152.77952 195.62801 147.22542 138.42519 0.3 0.3 0.0 0.0 0.0 0.0 0.0 0.0 0.72115 0.0 0.0 45.47487 -0.49999 0.07399 0.0 0.0 0.0 0.0 0.0 0.0 0.00541812275466 29 0 0.970093457944 0.771705683676 0.931467440523
-0.12623 0.35028 3.35743 -0.12979 0.55971 4.14369581739 0.78258 0.98072 0.30541 0.41196 152.77952 195.62801 147.22542 138.42519 0.3 0.3 0.0 0.0 0.0 0.0 0.0 0.0 0.72115 0.0 0.0 45.47487 -0.49999 0.07399 0.0 0.0 0.0 0.0 0.0 0.0 0.00569731363608 30 0 0.958046336882 0.816463372324 0.931467440523
-0.12623 0.35028 3.35743 -0.12979 0.55971 4.08520927399 0.78258 0.98072 0.30541 0.41196 152.77952 195.62801 147.22542 138.42519 0.3 0.3 0.0 0.0 0.0 0.0 0.0 0.0 0.72115 0.0 0.0 45.47487 -0.49999 0.07399 0.0 0.0 0.0 0.0 0.0 0.0 0.00503910682164 31 0 0.972972972973 0.65900713088 0.931467440523
-0.12623 0.35028 3.35743 -0.12979 0.55971 3.96170930837 0.78258 0.98072 0.30541 0.41196 152.77952 195.62801 147.22542 138.42519 0.3 0.3 0.0 0.0 0.0 0.0 0.0 0.0 0.72115 0.0 0.0 45.47487 -0.49999 0.07399 0.0 0.0 0.0 0.0 0.0 0.0 0.00476742938246 32 0 0.978723404255 0.764663158616 0.931467440523
-0.12623 0.35028 3.35743 -0.12979 0.55971 4.13122808442 0.78258 0.98072 0.30541 0.41196 152.77952 195.62801 147.22542 138.42519 0.3 0.3 0.0 0.0 0.0 0.0 0.0 0.0 0.72115 0.0 0.0 45.47487 -0.49999 0.07399 0.0 0.0 0.0 0.0 0.0 0.0 0.00511117205062 33 0 0.958516656191 0.726022179354 0.931467440523
-0.12623 0.35028 3.35743 -0.12979 0.55971 4.08834135934 0.78258 0.98072 0.30541 0.41196 152.77952 195.62801 147.22542 138.42519 0.3 0.3 0.0 0.0 0.0 0.0 0.0 0.0 0.72115 0.0 0.0 45.47487 -0.49999 0.07399 0.0 0.0 0.0 0.0 0.0 0.0 0.00538607359664 34 0 0.969221105528 0.710202474822 0.931467440523
-0.12623 0.35028 3.35743 -0.12979 0.55971 3.97964347393 0.78258 0.98072 0.30541 0.41196 152.77952 195.62801 147.22542 138.42519 0.3 0.3 0.0 0.0 0.0 0.0 0.0 0.0 0.72115 0.0 0.0 45.47487 -0.49999 0.07399 0.0 0.0 0.0 0.0 0.0 0.0 0.00589841604266 35 1 0.979974968711 0.709242386555 1.31522129999
-0.12623 0.35028 3.35743 -0.12979 0.55971 3.99190134749 0.78258 0.98072 0.30541 0.41196 152.77952 195.62801 147.22542 138.42519 0.3 0.3 0.0 0.0 0.0 0.0 0.0 0.0 0.72115 0.0 0.0 45.47487 -0.49999 0.07399 0.0 0.0 0.0 0.0 0.0 0.0 0.00511120047788 36 1 0.979323308271 0.672465397734 0.657174225885
-0.12623 0.35028 3.35743 -0.12979 0.55971 3.97845124746 0.78258 0.98072 0.30541 0.41196 152.77952 195.62801 147.22542 138.42519 0.3 0.3 0.0 0.0 0.0 0.0 0.0 0.0 0.72115 0.0 0.0 45.47487 -0.49999 0.07399 0.0 0.0 0.0 0.0 0.0 0.0 0.00469416763399 37 1 0.97875 0.681727670765 -0.319538457139
-0.12623 0.35028 3.35743 -0.12979 0.55971 3.90586154018 0.78258 0.98072 0.30541 0.41196 152.77952 195.62801 147.22542 138.42519 0.3 0.3 0.0 0.0 0.0 0.0 0.0 0.0 0.72115 0.0 0.0 45.47487 -0.49999 0.07399 0.0 0.0 0.0 0.0 0.0 0.0 0.0038544114029 38 0 0.967162329616 0.858439179883 -0.319538457139
-0.12623 0.35028 3.35743 -0.12979 0.55971 4.02211947339 0.78258 0.98072 0.30541 0.41196 152.77952 195.62801 147.22542 138.42519 0.3 0.3 0.0 0.0 0.0 0.0 0.0 0.0 0.72115 0.0 0.0 45.47487 -0.49999 0.07399 0.0 0.0 0.0 0.0 0.0 0.0 0.00491017303252 39 1 0.999366286439 0.146566230786 4.39732865555
-0.12623 0.35028 3.35743 -0.12979 0.55971 3.99413040666 0.78258 0.98072 0.30541 0.41196 152.77952 195.62801 147.22542 138.42519 0.3 0.3 0.0 0.0 0.0 0.0 0.0 0.0 0.72115 0.0 0.0 45.47487 -0.49999 0.07399 0.0 0.0 0.0 0.0 0.0 0.0 0.00491788303327 40 0 0.981155778894 0.678701709224 4.39732865555
-0.12623 0.35028 3.35743 -0.12979 0.55971 4.01451078936 0.78258 0.98072 0.30541 0.41196 152.77952 195.62801 147.22542 138.42519 0.3 0.3 0.0 0.0 0.0 0.0 0.0 0.0 0.72115 0.0 0.0 45.47487 -0.49999 0.07399 0.0 0.0 0.0 0.0 0.0 0.0 0.00543470398672 41 1 0.988020176545 0.499379371483 3.690140575
-0.12623 0.35028 3.35743 -0.12979 0.55971 3.94883034935 0.78258 0.98072 0.30541 0.41196 152.77952 195.62801 147.22542 138.42519 0.3 0.3 0.0 0.0 0.0 0.0 0.0 0.0 0.72115 0.0 0.0 45.47487 -0.49999 0.07399 0.0 0.0 0.0 0.0 0.0 0.0 0.00483774321065 42 0 0.970093457944 0.75522114552 3.690140575
-0.12623 0.35028 3.35743 -0.12979 0.55971 3.87443134524 0.78258 0.98072 0.30541 0.41196 152.77952 195.62801 147.22542 138.42519 0.3 0.3 0.0 0.0 0.0 0.0 0.0 0.0 0.72115 0.0 0.0 45.47487 -0.49999 0.07399 0.0 0.0 0.0 0.0 0.0 0.0 0.00605670866231 43 0 0.957028852056 0.879683705995 3.690140575
-0.12623 0.35028 3.35743 -0.12979 0.55971 4.09924768819 0.78258 0.98072 0.30541 0.41196 152.77952 195.62801 147.22542 138.42519 0.3 0.3 0.0 0.0 0.0 0.0 0.0 0.0 0.72115 0.0 0.0 45.47487 -0.49999 0.07399 0.0 0.0 0.0 0.0 0.0 0.0 0.00544756966351 44 0 0.961079723792 0.687198662391 3.690140575
-0.12623 0.35028 3.35743 -0.12979 0.55971 4.22670257345 0.78258 0.98072 0.30541 0.41196 152.77952 195.62801 147.22542 138.42519 0.3 0.3 0.0 0.0 0.0 0.0 0.0 0.0 0.72115 0.0 0.0 45.47487 -0.49999 0.07399 0.0 0.0 0.0 0.0 0.0 0.0 0.00499216839057 45 0 0.945590994371 0.904618679103 3.690140575
-0.12623 0.35028 3.35743 -0.12979 0.55971 3.87208662562 0.78258 0.98072 0.30541 0.41196 152.77952 195.62801 147.22542 138.42519 0.3 0.3 0.0 0.0 0.0 0.0 0.0 0.0 0.72115 0.0 0.0 45.47487 -0.49999 0.07399 0.0 0.0 0.0 0.0 0.0 0.0 0.00559660930629 46 0 0.957028852056 0.894912998205 3.690140575
-0.12623 0.35028 3.35743 -0.12979 0.55971 4.17343572717 0.78258 0.98072 0.30541 0.41196 152.77952 195.62801 147.22542 138.42519 0.3 0.3 0.0 0.0 0.0 0.0 0.0 0.0 0.72115 0.0 0.0 45.47487 -0.49999 0.07399 0.0 0.0 0.0 0.0 0.0 0.0 0.00498609915959 47 0 0.956685499058 0.802139657018 3.690140575
-0.12623 0.35028 3.35743 -0.12979 0.55971 3.7910739685 0.78258 0.98072 0.30541 0.41196 152.77952 195.62801 147.22542 138.42519 0.3 0.3 0.0 0.0 0.0 0.0 0.0 0.0 0.72115 0.0 0.0 45.47487 -0.49999 0.07399 0.0 0.0 0.0 0.0 0.0 0.0 0.00600760676994 48 0 0.940892641737 1.07983599244 3.690140575
-0.12623 0.35028 3.35743 -0.12979 0.55971 4.01559509273 0.78258 0.98072 0.30541 0.41196 152.77952 195.62801 147.22542 138.42519 0.3 0.3 0.0 0.0 0.0 0.0 0.0 0.0 0.72115 0.0 0.0 45.47487 -0.49999 0.07399 0.0 0.0 0.0 0.0 0.0 0.0 0.00464080515888 49 1 0.986767485822 0.511478525705 3.39046465767
-0.12623 0.35028 3.35743 -0.12979 0.55971 4.1149035566 0.78258 0.98072 0.30541 0.41196 152.77952 195.62801 147.22542 138.42519 0.3 0.3 0.0 0.0 0.0 0.0 0.0 0.0 0.72115 0.0 0.0 45.47487 -0.49999 0.07399 0.0 0.0 0.0 0.0 0.0 0.0 0.0047006901069 50 0 0.961683417085 0.712850802317 3.39046465767
