-0.12623 0.35028 3.35743 -0.12979 0.55971 3.95001404867 0.78258 0.98072 0.30541 0.41196 152.77952 195.62801 147.22542 138.42519 0.3 0.3 0.0 0.0 0.0 0.0 0.0 0.0 0.72115 0.0 0.0 45.47487 -0.49999 0.07399 0.0 0.0 0.0 0.0 0.0 0.0 0.005 0 1 0.971321695761 0.772277862489 -5.43096215505
-0.12623 0.35028 3.35743 -0.12979 0.55971 4.02971245828 0.78258 0.98072 0.30541 0.41196 152.77952 195.62801 147.22542 138.42519 0.3 0.3 0.0 0.0 0.0 0.0 0.0 0.0 0.72115 0.0 0.0 45.47487 -0.49999 0.07399 0.0 0.0 0.0 0.0 0.0 0.0 0.00508426568248 1 1 0.983606557377 0.524558626162 2.93231743067
-0.12623 0.35028 3.35743 -0.12979 0.55971 3.97927909274 0.78258 0.98072 0.30541 0.41196 152.77952 195.62801 147.22542 138.42519 0.3 0.3 0.0 0.0 0.0 0.0 0.0 0.0 0.72115 0.0 0.0 45.47487 -0.49999 0.07399 0.0 0.0 0.0 0.0 0.0 0.0 0.00398476987703 2 0 0.980588603632 0.709162211557 2.93231743067
-0.12623 0.35028 3.35743 -0.12979 0.55971 4.09366793361 0.78258 0.98072 0.30541 0.41196 152.77952 195.62801 147.22542 138.42519 0.3 0.3 0.0 0.0 0.0 0.0 0.0 0.0 0.72115 0.0 0.0 45.47487 -0.49999 0.07399 0.0 0.0 0.0 0.0 0.0 0.0 0.00576404205499 3 0 0.965452261307 0.71776918616 2.93231743067
-0.12623 0.35028 3.35743 -0.12979 0.55971 4.11390841281 0.78258 0.98072 0.30541 0.41196 152.77952 195.62801 147.22542 138.42519 0.3 0.3 0.0 0.0 0.0 0.0 0.0 0.0 0.72115 0.0 0.0 45.47487 -0.49999 0.07399 0.0 0.0 0.0 0.0 0.0 0.0 0.00522055076322 4 0 0.961055276382 0.712540938921 2.93231743067
-0.12623 0.35028 3.35743 -0.12979 0.55971 3.97256976487 0.78258 0.98072 0.30541 0.41196 152.77952 195.62801 147.22542 138.42519 0.3 0.3 0.0 0.0 0.0 0.0 0.0 0.0 0.72115 0.0 0.0 45.47487 -0.49999 0.07399 0.0 0.0 0.0 0.0 0.0 0.0 0.00504540129621 5 0 0.978723404255 0.611835392596 2.93231743067
-0.12623 0.35028 3.35743 -0.12979 0.55971 4.05580883265 0.78258 0.98072 0.30541 0.41196 152.77952 195.62801 147.22542 138.42519 0.3 0.3 0.0 0.0 0.0 0.0 0.0 0.0 0.72115 0.0 0.0 45.47487 -0.49999 0.07399 0.0 0.0 0.0 0.0 0.0 0.0 0.00520148234372 6 0 0.978001257071 0.677023831552 2.93231743067
-0.12623 0.35028 3.35743 -0.12979 0.55971 4.02862011565 0.78258 0.98072 0.30541 0.41196 152.77952 195.62801 147.22542 138.42519 0.3 0.3 0.0 0.0 0.0 0.0 0.0 0.0 0.72115 0.0 0.0 45.47487 -0.49999 0.07399 0.0 0.0 0.0 0.0 0.0 0.0 0.00487848087182 7 1 0.988020176545 0.440162226084 3.81982912489
-0.12623 0.35028 3.35743 -0.12979 0.55971 4.02630228933 0.78258 0.98072 0.30541 0.41196 152.77952 195.62801 147.22542 138.42519 0.3 0.3 0.0 0.0 0.0 0.0 0.0 0.0 0.72115 0.0 0.0 45.47487 -0.49999 0.07399 0.0 0.0 0.0 0.0 0.0 0.0 0.00363858369531 8 1 0.99430740038 0.259321131238 4.61492175607
-0.12623 0.35028 3.35743 -0.12979 0.55971 4.11408281551 0.78258 0.98072 0.30541 0.41196 152.77952 195.62801 147.22542 138.42519 0.3 0.3 0.0 0.0 0.0 0.0 0.0 0.0 0.72115 0.0 0.0 45.47487 -0.49999 0.07399 0.0 0.0 0.0 0.0 0.0 0.0 0.00428937575307 9 0 0.961055276382 0.712790400044 4.61492175607
-0.12623 0.35028 3.35743 -0.12979 0.55971 4.18428067138 0.78258 0.98072 0.30541 0.41196 152.77952 195.62801 147.22542 138.42519 0.3 0.3 0.0 0.0 0.0 0.0 0.0 0.0 0.72115 0.0 0.0 45.47487 -0.49999 0.07399 0.0 0.0 0.0 0.0 0.0 0.0 0.00408317648471 10 0 0.957940991839 0.86707955302 4.61492175607
-0.12623 0.35028 3.35743 -0.12979 0.55971 4.1496535321 0.78258 0.98072 0.30541 0.41196 152.77952 195.62801 147.22542 138.42519 0.3 0.3 0.0 0.0 0.0 0.0 0.0 0.0 0.72115 0.0 0.0 45.47487 -0.49999 0.07399 0.0 0.0 0.0 0.0 0.0 0.0 0.00286324796673 11 0 0.959222082811 0.795369185074 4.61492175607
-0.12623 0.35028 3.35743 -0.12979 0.55971 4.08840612654 0.78258 0.98072 0.30541 0.41196 152.77952 195.62801 147.22542 138.42519 0.3 0.3 0.0 0.0 0.0 0.0 0.0 0.0 0.72115 0.0 0.0 45.47487 -0.49999 0.07399 0.0 0.0 0.0 0.0 0.0 0.0 0.00427214200916 12 0 0.969221105528 0.717854311006 4.61492175607
-0.12623 0.35028 3.35743 -0.12979 0.55971 4.01567922293 0.78258 0.98072 0.30541 0.41196 152.77952 195.62801 147.22542 138.42519 0.3 0.3 0.0 0.0 0.0 0.0 0.0 0.0 0.72115 0.0 0.0 45.47487 -0.49999 0.07399 0.0 0.0 0.0 0.0 0.0 0.0 0.00385544031164 13 0 0.986767485822 0.5115065905 4.61492175607
-0.12623 0.35028 3.35743 -0.12979 0.55971 4.11283915018 0.78258 0.98072 0.30541 0.41196 152.77952 195.62801 147.22542 138.42519 0.3 0.3 0.0 0.0 0.0 0.0 0.0 0.0 0.72115 0.0 0.0 45.47487 -0.49999 0.07399 0.0 0.0 0.0 0.0 0.0 0.0 0.00381467110315 14 0 0.961683417085 0.703384916921 4.61492175607
-0.12623 0.35028 3.35743 -0.12979 0.55971 3.94382479236 0.78258 0.98072 0.30541 0.41196 152.77952 195.62801 147.22542 138.42519 0.3 0.3 0.0 0.0 0.0 0.0 0.0 0.0 0.72115 0.0 0.0 45.47487 -0.49999 0.07399 0.0 0.0 0.0 0.0 0.0 0.0 0.00340060173709 15 0 0.968905472637 0.773667964853 4.61492175607
-0.12623 0.35028 3.35743 -0.12979 0.55971 3.89337057942 0.78258 0.98072 0.30541 0.41196 152.77952 195.62801 147.22542 138.42519 0.3 0.3 0.0 0.0 0.0 0.0 0.0 0.0 0.72115 0.0 0.0 45.47487 -0.49999 0.07399 0.0 0.0 0.0 0.0 0.0 0.0 0.00318383384317 16 0 0.961775585697 0.870426375926 4.61492175607
-0.12623 0.35028 3.35743 -0.12979 0.55971 4.10283161328 0.78258 0.98072 0.30541 0.41196 152.77952 195.62801 147.22542 138.42519 0.3 0.3 0.0 0.0 0.0 0.0 0.0 0.0 0.72115 0.0 0.0 45.47487 -0.49999 0.07399 0.0 0.0 0.0 0.0 0.0 0.0 0.00434734336481 17 0 0.95987460815 0.670967171741 4.61492175607
-0.12623 0.35028 3.35743 -0.12979 0.55971 3.90264727413 0.78258 0.98072 0.30541 0.41196 152.77952 195.62801 147.22542 138.42519 0.3 0.3 0.0 0.0 0.0 0.0 0.0 0.0 0.72115 0.0 0.0 45.47487 -0.49999 0.07399 0.0 0.0 0.0 0.0 0.0 0.0 0.00431753405328 18 0 0.968460111317 0.839094997242 4.61492175607
-0.12623 0.35028 3.35743 -0.12979 0.55971 4.18511474067 0.78258 0.98072 0.30541 0.41196 152.77952 195.62801 147.22542 138.42519 0.3 0.3 0.0 0.0 0.0 0.0 0.0 0.0 0.72115 0.0 0.0 45.47487 -0.49999 0.07399 0.0 0.0 0.0 0.0 0.0 0.0 0.00422032769825 19 0 0.957286432161 0.861424055874 4.61492175607
-0.12623 0.35028 3.35743 -0.12979 0.55971 3.9924567663 0.78258 0.98072 0.30541 0.41196 152.77952 195.62801 147.22542 138.42519 0.3 0.3 0.0 0.0 0.0 0.0 0.0 0.0 0.72115 0.0 0.0 45.47487 -0.49999 0.07399 0.0 0.0 0.0 0.0 0.0 0.0 0.00328413866898 20 0 0.978696741855 0.670101440673 4.61492175607
-0.12623 0.35028 3.35743 -0.12979 0.55971 3.9453555139 0.78258 0.98072 0.30541 0.41196 152.77952 195.62801 147.22542 138.42519 0.3 0.3 0.0 0.0 0.0 0.0 0.0 0.0 0.72115 0.0 0.0 45.47487 -0.49999 0.07399 0.0 0.0 0.0 0.0 0.0 0.0 0.00395754392236 21 0 0.968303293971 0.756133078395 4.61492175607
-0.12623 0.35028 3.35743 -0.12979 0.55971 4.18689238241 0.78258 0.98072 0.30541 0.41196 152.77952 195.62801 147.22542 138.42519 0.3 0.3 0.0 0.0 0.0 0.0 0.0 0.0 0.72115 0.0 0.0 45.47487 -0.49999 0.07399 0.0 0.0 0.0 0.0 0.0 0.0 0.00340269191736 22 0 0.954145728643 0.857735995517 4.61492175607
-0.12623 0.35028 3.35743 -0.12979 0.55971 3.94302277877 0.78258 0.98072 0.30541 0.41196 152.77952 195.62801 147.22542 138.42519 0.3 0.3 0.0 0.0 0.0 0.0 0.0 0.0 0.72115 0.0 0.0 45.47487 -0.49999 0.07399 0.0 0.0 0.0 0.0 0.0 0.0 0.00229935391334 23 0 0.968905472637 0.774881462304 4.61492175607
-0.12623 0.35028 3.35743 -0.12979 0.55971 4.11817661105 0.78258 0.98072 0.30541 0.41196 152.77952 195.62801 147.22542 138.42519 0.3 0.3 0.0 0.0 0.0 0.0 0.0 0.0 0.72115 0.0 0.0 45.47487 -0.49999 0.07399 0.0 0.0 0.0 0.0 0.0 0.0 0.00277340016564 24 0 0.963522012579 0.718644948621 4.61492175607
-0.12623 0.35028 3.35743 -0.12979 0.55971 4.15926278515 0.78258 0.98072 0.30541 0.41196 152.77952 195.62801 147.22542 138.42519 0.3 0.3 0.0 0.0 0.0 0.0 0.0 0.0 0.72115 0.0 0.0 45.47487 -0.49999 0.07399 0.0 0.0 0.0 0.0 0.0 0.0 0.00428147455005 25 0 0.959273182957 0.742083454078 4.61492175607
-0.12623 0.35028 3.35743 -0.12979 0.55971 4.09233005518 0.78258 0.98072 0.30541 0.41196 152.77952 195.62801 147.22542 138.42519 0.3 0.3 0.0 0.0 0.0 0.0 0.0 0.0 0.72115 0.0 0.0 45.47487 -0.49999 0.07399 0.0 0.0 0.0 0.0 0.0 0.0 0.00408733259457 26 0 0.964802011314 0.708035185691 4.61492175607
-0.12623 0.35028 3.35743 -0.12979 0.55971 4.10721387527 0.78258 0.98072 0.30541 0.41196 152.77952 195.62801 147.22542 138.42519 0.3 0.3 0.0 0.0 0.0 0.0 0.0 0.0 0.72115 0.0 0.0 45.47487 -0.49999 0.07399 0.0 0.0 0.0 0.0 0.0 0.0 0.00407081354068 27 0 0.95919648462 0.725042607693 4.61492175607
-0.12623 0.35028 3.35743 -0.12979 0.55971 4.03288309868 0.78258 0.98072 0.30541 0.41196 152.77952 195.62801 147.22542 138.42519 0.3 0.3 0.0 0.0 0.0 0.0 0.0 0.0 0.72115 0.0 0.0 45.47487 -0.49999 0.07399 0.0 0.0 0.0 0.0 0.0 0.0 0.0038887695891 28 0 0.983616887209 0.494813689653 4.61492175607
-0.12623 0.35028 3.35743 -0.12979 0.55971 4.1487235175 0.78258 0.98072 0.30541 0.41196 152.77952 195.62801 147.22542 138.42519 0.3 0.3 0.0 0.0 0.0 0.0 0.0 0.0 0.72115 0.0 0.0 45.47487 -0.49999 0.07399 0.0 0.0 0.0 0.0 0.0 0.0 0.00269206956848 29 0 0.959222082811 0.796131522217 4.61492175607
-0.12623 0.35028 3.35743 -0.12979 0.55971 3.99809688954 0.78258 0.98072 0.30541 0.41196 152.77952 195.62801 147.22542 138.42519 0.3 0.3 0.0 0.0 0.0 0.0 0.0 0.0 0.72115 0.0 0.0 45.47487 -0.49999 0.07399 0.0 0.0 0.0 0.0 0.0 0.0 0.00359377683612 30 0 0.983658076681 0.708642393874 4.61492175607
-0.12623 0.35028 3.35743 -0.12979 0.55971 3.90144297409 0.78258 0.98072 0.30541 0.41196 152.77952 195.62801 147.22542 138.42519 0.3 0.3 0.0 0.0 0.0 0.0 0.0 0.0 0.72115 0.0 0.0 45.47487 -0.49999 0.07399 0.0 0.0 0.0 0.0 0.0 0.0 0.00342509072153 31 0 0.966625463535 0.854181006489 4.61492175607
-0.12623 0.35028 3.35743 -0.12979 0.55971 4.15802154014 0.78258 0.98072 0.30541 0.41196 152.77952 195.62801 147.22542 138.42519 0.3 0.3 0.0 0.0 0.0 0.0 0.0 0.0 0.72115 0.0 0.0 45.47487 -0.49999 0.07399 0.0 0.0 0.0 0.0 0.0 0.0 0.00320084434749 32 0 0.959899749373 0.759085921867 4.61492175607
-0.12623 0.35028 3.35743 -0.12979 0.55971 3.93588678627 0.78258 0.98072 0.30541 0.41196 152.77952 195.62801 147.22542 138.42519 0.3 0.3 0.0 0.0 0.0 0.0 0.0 0.0 0.72115 0.0 0.0 45.47487 -0.49999 0.07399 0.0 0.0 0.0 0.0 0.0 0.0 0.00356274848383 33 0 0.970807453416 0.791136757272 4.61492175607
-0.12623 0.35028 3.35743 -0.12979 0.55971 4.1170025971 0.78258 0.98072 0.30541 0.41196 152.77952 195.62801 147.22542 138.42519 0.3 0.3 0.0 0.0 0.0 0.0 0.0 0.0 0.72115 0.0 0.0 45.47487 -0.49999 0.07399 0.0 0.0 0.0 0.0 0.0 0.0 0.00405030460778 34 0 0.964150943396 0.719035102672 4.61492175607
-0.12623 0.35028 3.35743 -0.12979 0.55971 4.04225996605 0.78258 0.98072 0.30541 0.41196 152.77952 195.62801 147.22542 138.42519 0.3 0.3 0.0 0.0 0.0 0.0 0.0 0.0 0.72115 0.0 0.0 45.47487 -0.49999 0.07399 0.0 0.0 0.0 0.0 0.0 0.0 0.0034350114259 35 0 0.981084489281 0.63127572296 4.61492175607
-0.12623 0.35028 3.35743 -0.12979 0.55971 3.96418950379 0.78258 0.98072 0.30541 0.41196 152.77952 195.62801 147.22542 138.42519 0.3 0.3 0.0 0.0 0.0 0.0 0.0 0.0 0.72115 0.0 0.0 45.47487 -0.49999 0.07399 0.0 0.0 0.0 0.0 0.0 0.0 0.00416241093006 36 0 0.979323308271 0.679381363452 4.61492175607
-0.12623 0.35028 3.35743 -0.12979 0.55971 4.08601081712 0.78258 0.98072 0.30541 0.41196 152.77952 195.62801 147.22542 138.42519 0.3 0.3 0.0 0.0 0.0 0.0 0.0 0.0 0.72115 0.0 0.0 45.47487 -0.49999 0.07399 0.0 0.0 0.0 0.0 0.0 0.0 0.00380455393481 37 0 0.972972972973 0.660773579519 4.61492175607
-0.12623 0.35028 3.35743 -0.12979 0.55971 4.24223386888 0.78258 0.98072 0.30541 0.41196 152.77952 195.62801 147.22542 138.42519 0.3 0.3 0.0 0.0 0.0 0.0 0.0 0.0 0.72115 0.0 0.0 45.47487 -0.49999 0.07399 0.0 0.0 0.0 0.0 0.0 0.0 0.00335592825034 38 0 0.945 0.941632484882 4.61492175607
-0.12623 0.35028 3.35743 -0.12979 0.55971 3.99989498859 0.78258 0.98072 0.30541 0.41196 152.77952 195.62801 147.22542 138.42519 0.3 0.3 0.0 0.0 0.0 0.0 0.0 0.0 0.72115 0.0 0.0 45.47487 -0.49999 0.07399 0.0 0.0 0.0 0.0 0.0 0.0 0.00346579947311 39 0 0.983029541169 0.684269285821 4.61492175607
-0.12623 0.35028 3.35743 -0.12979 0.55971 3.8338045231 0.78258 0.98072 0.30541 0.41196 152.77952 195.62801 147.22542 138.42519 0.3 0.3 0.0 0.0 0.0 0.0 0.0 0.0 0.72115 0.0 0.0 45.47487 -0.49999 0.07399 0.0 0.0 0.0 0.0 0.0 0.0 0.00420257465826 40 0 0.95177045177 1.00134184524 4.61492175607
-0.12623 0.35028 3.35743 -0.12979 0.55971 4.0704901785 0.78258 0.98072 0.30541 0.41196 152.77952 195.62801 147.22542 138.42519 0.3 0.3 0.0 0.0 0.0 0.0 0.0 0.0 0.72115 0.0 0.0 45.47487 -0.49999 0.07399 0.0 0.0 0.0 0.0 0.0 0.0 0.00443185779463 41 0 0.971751412429 0.639771375577 4.61492175607
-0.12623 0.35028 3.35743 -0.12979 0.55971 4.06871989355 0.78258 0.98072 0.30541 0.41196 152.77952 195.62801 147.22542 138.42519 0.3 0.3 0.0 0.0 0.0 0.0 0.0 0.0 0.72115 0.0 0.0 45.47487 -0.49999 0.07399 0.0 0.0 0.0 0.0 0.0 0.0 0.00486582422718 42 0 0.972361809045 0.638666730768 4.61492175607
-0.12623 0.35028 3.35743 -0.12979 0.55971 4.18305668361 0.78258 0.98072 0.30541 0.41196 152.77952 195.62801 147.22542 138.42519 0.3 0.3 0.0 0.0 0.0 0.0 0.0 0.0 0.72115 0.0 0.0 45.47487 -0.49999 0.07399 0.0 0.0 0.0 0.0 0.0 0.0 0.00350374678563 43 0 0.956685499058 0.848318346006 4.61492175607
-0.12623 0.35028 3.35743 -0.12979 0.55971 4.09807817938 0.78258 0.98072 0.30541 0.41196 152.77952 195.62801 147.22542 138.42519 0.3 0.3 0.0 0.0 0.0 0.0 0.0 0.0 0.72115 0.0 0.0 45.47487 -0.49999 0.07399 0.0 0.0 0.0 0.0 0.0 0.0 0.00374927362859 44 0 0.963567839196 0.725647762593 4.61492175607
-0.12623 0.35028 3.35743 -0.12979 0.55971 4.19759705423 0.78258 0.98072 0.30541 0.41196 152.77952 195.62801 147.22542 138.42519 0.3 0.3 0.0 0.0 0.0 0.0 0.0 0.0 0.72115 0.0 0.0 45.47487 -0.49999 0.07399 0.0 0.0 0.0 0.0 0.0 0.0 0.00339697528929 45 0 0.949937421777 0.834800930091 4.61492175607
-0.12623 0.35028 3.35743 -0.12979 0.55971 4.11513003097 0.78258 0.98072 0.30541 0.41196 152.77952 195.62801 147.22542 138.42519 0.3 0.3 0.0 0.0 0.0 0.0 0.0 0.0 0.72115 0.0 0.0 45.47487 -0.49999 0.07399 0.0 0.0 0.0 0.0 0.0 0.0 0.00369468016712 46 0 0.961055276382 0.712737712754 4.61492175607
-0.12623 0.35028 3.35743 -0.12979 0.55971 4.207796965 0.78258 0.98072 0.30541 0.41196 152.77952 195.62801 147.22542 138.42519 0.3 0.3 0.0 0.0 0.0 0.0 0.0 0.0 0.72115 0.0 0.0 45.47487 -0.49999 0.07399 0.0 0.0 0.0 0.0 0.0 0.0 0.00338718715181 47 0 0.945590994371 0.863224239373 4.61492175607
-0.12623 0.35028 3.35743 -0.12979 0.55971 4.01854401858 0.78258 0.98072 0.30541 0.41196 152.77952 195.62801 147.22542 138.42519 0.3 0.3 0.0 0.0 0.0 0.0 0.0 0.0 0.72115 0.0 0.0 45.47487 -0.49999 0.07399 0.0 0.0 0.0 0.0 0.0 0.0 0.00421972264772 48 0 0.991156032849 0.352171190935 4.61492175607
-0.12623 0.35028 3.35743 -0.12979 0.55971 4.11645117223 0.78258 0.98072 0.30541 0.41196 152.77952 195.62801 147.22542 138.42519 0.3 0.3 0.0 0.0 0.0 0.0 0.0 0.0 0.72115 0.0 0.0 45.47487 -0.49999 0.07399 0.0 0.0 0.0 0.0 0.0 0.0 0.0037765567536 49 0 0.964779874214 0.737855663699 4.61492175607
-0.12623 0.35028 3.35743 -0.12979 0.55971 4.04246021027 0.78258 0.98072 0.30541 0.41196 152.77952 195.62801 147.22542 138.42519 0.3 0.3 0.0 0.0 0.0 0.0 0.0 0.0 0.72115 0.0 0.0 45.47487 -0.49999 0.07399 0.0 0.0 0.0 0.0 0.0 0.0 0.0037037761253 50 0 0.981084489281 0.630853753446 4.61492175607
