-0.12623 0.35028 3.35743 -0.12979 0.55971 3.52577834067 0.78258 0.98072 0.30541 0.41196 152.77952 195.62801 147.22542 138.42519 0.3 0.3 0.0 0.0 0.0 0.0 0.0 0.0 0.72115 0.0 0.0 45.47487 -0.49999 0.07399 0.0 0.0 0.0 0.0 0.0 0.0 0.005 0 1 0.888059701493 1.4337362536 -510.779810406
-0.12623 0.35028 3.35743 -0.12979 0.55971 3.71721698257 0.78258 0.98072 0.30541 0.41196 152.77952 195.62801 147.22542 138.42519 0.3 0.3 0.0 0.0 0.0 0.0 0.0 0.0 0.72115 0.0 0.0 45.47487 -0.49999 0.07399 0.0 0.0 0.0 0.0 0.0 0.0 0.00448922163536 1 1 0.930746268657 1.21621190022 -171.521006248
-0.12623 0.35028 3.35743 -0.12979 0.55971 3.62061352195 0.78258 0.98072 0.30541 0.41196 152.77952 195.62801 147.22542 138.42519 0.3 0.3 0.0 0.0 0.0 0.0 0.0 0.0 0.72115 0.0 0.0 45.47487 -0.49999 0.07399 0.0 0.0 0.0 0.0 0.0 0.0 0.00518883022853 2 0 0.901400233372 1.3165120174 -171.521006248
-0.12623 0.35028 3.35743 -0.12979 0.55971 3.72511002129 0.78258 0.98072 0.30541 0.41196 152.77952 195.62801 147.22542 138.42519 0.3 0.3 0.0 0.0 0.0 0.0 0.0 0.0 0.72115 0.0 0.0 45.47487 -0.49999 0.07399 0.0 0.0 0.0 0.0 0.0 0.0 0.00513952556967 3 1 0.928997613365 1.22441542298 -138.711174131
-0.12623 0.35028 3.35743 -0.12979 0.55971 3.69463837718 0.78258 0.98072 0.30541 0.41196 152.77952 195.62801 147.22542 138.42519 0.3 0.3 0.0 0.0 0.0 0.0 0.0 0.0 0.72115 0.0 0.0 45.47487 -0.49999 0.07399 0.0 0.0 0.0 0.0 0.0 0.0 0.0048073597423 4 0 0.927976190476 1.25648461813 -138.711174131
-0.12623 0.35028 3.35743 -0.12979 0.55971 3.8433264182 0.78258 0.98072 0.30541 0.41196 152.77952 195.62801 147.22542 138.42519 0.3 0.3 0.0 0.0 0.0 0.0 0.0 0.0 0.72115 0.0 0.0 45.47487 -0.49999 0.07399 0.0 0.0 0.0 0.0 0.0 0.0 0.00389932166855 5 1 0.953601953602 0.982183899512 -63.6650956453
-0.12623 0.35028 3.35743 -0.12979 0.55971 3.9009646662 0.78258 0.98072 0.30541 0.41196 152.77952 195.62801 147.22542 138.42519 0.3 0.3 0.0 0.0 0.0 0.0 0.0 0.0 0.72115 0.0 0.0 45.47487 -0.49999 0.07399 0.0 0.0 0.0 0.0 0.0 0.0 0.00378871347045 6 1 0.966007416564 0.865641153477 -25.5031595916
-0.12623 0.35028 3.35743 -0.12979 0.55971 3.72779998613 0.78258 0.98072 0.30541 0.41196 152.77952 195.62801 147.22542 138.42519 0.3 0.3 0.0 0.0 0.0 0.0 0.0 0.0 0.72115 0.0 0.0 45.47487 -0.49999 0.07399 0.0 0.0 0.0 0.0 0.0 0.0 0.00326172244352 7 0 0.928400954654 1.21354171249 -25.5031595916
-0.12623 0.35028 3.35743 -0.12979 0.55971 4.03596223604 0.78258 0.98072 0.30541 0.41196 152.77952 195.62801 147.22542 138.42519 0.3 0.3 0.0 0.0 0.0 0.0 0.0 0.0 0.72115 0.0 0.0 45.47487 -0.49999 0.07399 0.0 0.0 0.0 0.0 0.0 0.0 0.00465435081889 8 1 0.981096408318 0.542296847866 2.02543995761
-0.12623 0.35028 3.35743 -0.12979 0.55971 4.08775294629 0.78258 0.98072 0.30541 0.41196 152.77952 195.62801 147.22542 138.42519 0.3 0.3 0.0 0.0 0.0 0.0 0.0 0.0 0.72115 0.0 0.0 45.47487 -0.49999 0.07399 0.0 0.0 0.0 0.0 0.0 0.0 0.00408045631399 9 0 0.969221105528 0.718056290248 2.02543995761
-0.12623 0.35028 3.35743 -0.12979 0.55971 3.89040574859 0.78258 0.98072 0.30541 0.41196 152.77952 195.62801 147.22542 138.42519 0.3 0.3 0.0 0.0 0.0 0.0 0.0 0.0 0.72115 0.0 0.0 45.47487 -0.49999 0.07399 0.0 0.0 0.0 0.0 0.0 0.0 0.00430597263416 10 0 0.958743842365 0.853416269863 2.02543995761
-0.12623 0.35028 3.35743 -0.12979 0.55971 4.1828699793 0.78258 0.98072 0.30541 0.41196 152.77952 195.62801 147.22542 138.42519 0.3 0.3 0.0 0.0 0.0 0.0 0.0 0.0 0.72115 0.0 0.0 45.47487 -0.49999 0.07399 0.0 0.0 0.0 0.0 0.0 0.0 0.00545362448193 11 0 0.956685499058 0.854541135351 2.02543995761
-0.12623 0.35028 3.35743 -0.12979 0.55971 3.99868775182 0.78258 0.98072 0.30541 0.41196 152.77952 195.62801 147.22542 138.42519 0.3 0.3 0.0 0.0 0.0 0.0 0.0 0.0 0.72115 0.0 0.0 45.47487 -0.49999 0.07399 0.0 0.0 0.0 0.0 0.0 0.0 0.00383426213539 12 0 0.983029541169 0.708952681694 2.02543995761
-0.12623 0.35028 3.35743 -0.12979 0.55971 3.9902573948 0.78258 0.98072 0.30541 0.41196 152.77952 195.62801 147.22542 138.42519 0.3 0.3 0.0 0.0 0.0 0.0 0.0 0.0 0.72115 0.0 0.0 45.47487 -0.49999 0.07399 0.0 0.0 0.0 0.0 0.0 0.0 0.00453224842787 13 0 0.979323308271 0.657589803663 2.02543995761
-0.12623 0.35028 3.35743 -0.12979 0.55971 4.1879218717 0.78258 0.98072 0.30541 0.41196 152.77952 195.62801 147.22542 138.42519 0.3 0.3 0.0 0.0 0.0 0.0 0.0 0.0 0.72115 0.0 0.0 45.47487 -0.49999 0.07399 0.0 0.0 0.0 0.0 0.0 0.0 0.00539822576353 14 0 0.953605015674 0.839125912393 2.02543995761
-0.12623 0.35028 3.35743 -0.12979 0.55971 4.05387658567 0.78258 0.98072 0.30541 0.41196 152.77952 195.62801 147.22542 138.42519 0.3 0.3 0.0 0.0 0.0 0.0 0.0 0.0 0.72115 0.0 0.0 45.47487 -0.49999 0.07399 0.0 0.0 0.0 0.0 0.0 0.0 0.00484073587998 15 0 0.977372721559 0.69016859756 2.02543995761
-0.12623 0.35028 3.35743 -0.12979 0.55971 4.04860261017 0.78258 0.98072 0.30541 0.41196 152.77952 195.62801 147.22542 138.42519 0.3 0.3 0.0 0.0 0.0 0.0 0.0 0.0 0.72115 0.0 0.0 45.47487 -0.49999 0.07399 0.0 0.0 0.0 0.0 0.0 0.0 0.00417557311571 16 0 0.975487115022 0.673756780707 2.02543995761
-0.12623 0.35028 3.35743 -0.12979 0.55971 3.94387716685 0.78258 0.98072 0.30541 0.41196 152.77952 195.62801 147.22542 138.42519 0.3 0.3 0.0 0.0 0.0 0.0 0.0 0.0 0.72115 0.0 0.0 45.47487 -0.49999 0.07399 0.0 0.0 0.0 0.0 0.0 0.0 0.00453996108461 17 0 0.968905472637 0.773669166013 2.02543995761
-0.12623 0.35028 3.35743 -0.12979 0.55971 3.95887104058 0.78258 0.98072 0.30541 0.41196 152.77952 195.62801 147.22542 138.42519 0.3 0.3 0.0 0.0 0.0 0.0 0.0 0.0 0.72115 0.0 0.0 45.47487 -0.49999 0.07399 0.0 0.0 0.0 0.0 0.0 0.0 0.00453559564017 18 0 0.971892567146 0.778176556945 2.02543995761
-0.12623 0.35028 3.35743 -0.12979 0.55971 4.05558682078 0.78258 0.98072 0.30541 0.41196 152.77952 195.62801 147.22542 138.42519 0.3 0.3 0.0 0.0 0.0 0.0 0.0 0.0 0.72115 0.0 0.0 45.47487 -0.49999 0.07399 0.0 0.0 0.0 0.0 0.0 0.0 0.00463015057941 19 0 0.978629792583 0.676738781243 2.02543995761
-0.12623 0.35028 3.35743 -0.12979 0.55971 4.06662389338 0.78258 0.98072 0.30541 0.41196 152.77952 195.62801 147.22542 138.42519 0.3 0.3 0.0 0.0 0.0 0.0 0.0 0.0 0.72115 0.0 0.0 45.47487 -0.49999 0.07399 0.0 0.0 0.0 0.0 0.0 0.0 0.00492321899508 20 0 0.972361809045 0.640453821214 2.02543995761
-0.12623 0.35028 3.35743 -0.12979 0.55971 4.11266166854 0.78258 0.98072 0.30541 0.41196 152.77952 195.62801 147.22542 138.42519 0.3 0.3 0.0 0.0 0.0 0.0 0.0 0.0 0.72115 0.0 0.0 45.47487 -0.49999 0.07399 0.0 0.0 0.0 0.0 0.0 0.0 0.00517775637429 21 0 0.961683417085 0.703416853753 2.02543995761
-0.12623 0.35028 3.35743 -0.12979 0.55971 4.08827879782 0.78258 0.98072 0.30541 0.41196 152.77952 195.62801 147.22542 138.42519 0.3 0.3 0.0 0.0 0.0 0.0 0.0 0.0 0.72115 0.0 0.0 45.47487 -0.49999 0.07399 0.0 0.0 0.0 0.0 0.0 0.0 0.0038849056032 22 0 0.969830295412 0.701367382536 2.02543995761
-0.12623 0.35028 3.35743 -0.12979 0.55971 4.22036998319 0.78258 0.98072 0.30541 0.41196 152.77952 195.62801 147.22542 138.42519 0.3 0.3 0.0 0.0 0.0 0.0 0.0 0.0 0.72115 0.0 0.0 45.47487 -0.49999 0.07399 0.0 0.0 0.0 0.0 0.0 0.0 0.00452640283775 23 0 0.945590994371 0.901216892528 2.02543995761
-0.12623 0.35028 3.35743 -0.12979 0.55971 4.07812416231 0.78258 0.98072 0.30541 0.41196 152.77952 195.62801 147.22542 138.42519 0.3 0.3 0.0 0.0 0.0 0.0 0.0 0.0 0.72115 0.0 0.0 45.47487 -0.49999 0.07399 0.0 0.0 0.0 0.0 0.0 0.0 0.00451613032542 24 0 0.971105527638 0.630831050122 2.02543995761
-0.12623 0.35028 3.35743 -0.12979 0.55971 3.98595775452 0.78258 0.98072 0.30541 0.41196 152.77952 195.62801 147.22542 138.42519 0.3 0.3 0.0 0.0 0.0 0.0 0.0 0.0 0.72115 0.0 0.0 45.47487 -0.49999 0.07399 0.0 0.0 0.0 0.0 0.0 0.0 0.00486228214671 25 1 0.979336255479 0.660657864444 0.465814044178
-0.12623 0.35028 3.35743 -0.12979 0.55971 3.86295329341 0.78258 0.98072 0.30541 0.41196 152.77952 195.62801 147.22542 138.42519 0.3 0.3 0.0 0.0 0.0 0.0 0.0 0.0 0.72115 0.0 0.0 45.47487 -0.49999 0.07399 0.0 0.0 0.0 0.0 0.0 0.0 0.0051491817847 26 0 0.960098219767 0.931940933479 0.465814044178
-0.12623 0.35028 3.35743 -0.12979 0.55971 3.85399984519 0.78258 0.98072 0.30541 0.41196 152.77952 195.62801 147.22542 138.42519 0.3 0.3 0.0 0.0 0.0 0.0 0.0 0.0 0.72115 0.0 0.0 45.47487 -0.49999 0.07399 0.0 0.0 0.0 0.0 0.0 0.0 0.00476238784357 27 0 0.958333333333 0.912307559665 0.465814044178
-0.12623 0.35028 3.35743 -0.12979 0.55971 4.03478680222 0.78258 0.98072 0.30541 0.41196 152.77952 195.62801 147.22542 138.42519 0.3 0.3 0.0 0.0 0.0 0.0 0.0 0.0 0.72115 0.0 0.0 45.47487 -0.49999 0.07399 0.0 0.0 0.0 0.0 0.0 0.0 0.00468580653872 28 1 0.984877126654 0.464453876295 3.32082517035
-0.12623 0.35028 3.35743 -0.12979 0.55971 3.98812483933 0.78258 0.98072 0.30541 0.41196 152.77952 195.62801 147.22542 138.42519 0.3 0.3 0.0 0.0 0.0 0.0 0.0 0.0 0.72115 0.0 0.0 45.47487 -0.49999 0.07399 0.0 0.0 0.0 0.0 0.0 0.0 0.00462675795594 29 0 0.978070175439 0.64365530808 3.32082517035
-0.12623 0.35028 3.35743 -0.12979 0.55971 3.91989164065 0.78258 0.98072 0.30541 0.41196 152.77952 195.62801 147.22542 138.42519 0.3 0.3 0.0 0.0 0.0 0.0 0.0 0.0 0.72115 0.0 0.0 45.47487 -0.49999 0.07399 0.0 0.0 0.0 0.0 0.0 0.0 0.00490203990737 30 0 0.962205700124 0.809150421899 3.32082517035
-0.12623 0.35028 3.35743 -0.12979 0.55971 4.06459428834 0.78258 0.98072 0.30541 0.41196 152.77952 195.62801 147.22542 138.42519 0.3 0.3 0.0 0.0 0.0 0.0 0.0 0.0 0.72115 0.0 0.0 45.47487 -0.49999 0.07399 0.0 0.0 0.0 0.0 0.0 0.0 0.00451560748741 31 0 0.973618090452 0.58805602543 3.32082517035
-0.12623 0.35028 3.35743 -0.12979 0.55971 4.1672892275 0.78258 0.98072 0.30541 0.41196 152.77952 195.62801 147.22542 138.42519 0.3 0.3 0.0 0.0 0.0 0.0 0.0 0.0 0.72115 0.0 0.0 45.47487 -0.49999 0.07399 0.0 0.0 0.0 0.0 0.0 0.0 0.00564390355705 32 0 0.957967377666 0.793949616947 3.32082517035
-0.12623 0.35028 3.35743 -0.12979 0.55971 4.08421550145 0.78258 0.98072 0.30541 0.41196 152.77952 195.62801 147.22542 138.42519 0.3 0.3 0.0 0.0 0.0 0.0 0.0 0.0 0.72115 0.0 0.0 45.47487 -0.49999 0.07399 0.0 0.0 0.0 0.0 0.0 0.0 0.00507941285292 33 0 0.97485857951 0.667560416642 3.32082517035
-0.12623 0.35028 3.35743 -0.12979 0.55971 4.14469679343 0.78258 0.98072 0.30541 0.41196 152.77952 195.62801 147.22542 138.42519 0.3 0.3 0.0 0.0 0.0 0.0 0.0 0.0 0.72115 0.0 0.0 45.47487 -0.49999 0.07399 0.0 0.0 0.0 0.0 0.0 0.0 0.00497151933503 34 0 0.957420162805 0.825190149632 3.32082517035
-0.12623 0.35028 3.35743 -0.12979 0.55971 3.99660917252 0.78258 0.98072 0.30541 0.41196 152.77952 195.62801 147.22542 138.42519 0.3 0.3 0.0 0.0 0.0 0.0 0.0 0.0 0.72115 0.0 0.0 45.47487 -0.49999 0.07399 0.0 0.0 0.0 0.0 0.0 0.0 0.00485664635892 35 0 0.983658076681 0.718714329887 3.32082517035
-0.12623 0.35028 3.35743 -0.12979 0.55971 4.00242608852 0.78258 0.98072 0.30541 0.41196 152.77952 195.62801 147.22542 138.42519 0.3 0.3 0.0 0.0 0.0 0.0 0.0 0.0 0.72115 0.0 0.0 45.47487 -0.49999 0.07399 0.0 0.0 0.0 0.0 0.0 0.0 0.00446157940301 36 1 0.986163522013 0.604923023315 2.7335918
-0.12623 0.35028 3.35743 -0.12979 0.55971 3.73009026637 0.78258 0.98072 0.30541 0.41196 152.77952 195.62801 147.22542 138.42519 0.3 0.3 0.0 0.0 0.0 0.0 0.0 0.0 0.72115 0.0 0.0 45.47487 -0.49999 0.07399 0.0 0.0 0.0 0.0 0.0 0.0 0.00435319659829 37 0 0.929468021518 1.21551447462 2.7335918
-0.12623 0.35028 3.35743 -0.12979 0.55971 4.05372848709 0.78258 0.98072 0.30541 0.41196 152.77952 195.62801 147.22542 138.42519 0.3 0.3 0.0 0.0 0.0 0.0 0.0 0.0 0.72115 0.0 0.0 45.47487 -0.49999 0.07399 0.0 0.0 0.0 0.0 0.0 0.0 0.004071019105 38 0 0.977372721559 0.698668527591 2.7335918
-0.12623 0.35028 3.35743 -0.12979 0.55971 3.87167875409 0.78258 0.98072 0.30541 0.41196 152.77952 195.62801 147.22542 138.42519 0.3 0.3 0.0 0.0 0.0 0.0 0.0 0.0 0.72115 0.0 0.0 45.47487 -0.49999 0.07399 0.0 0.0 0.0 0.0 0.0 0.0 0.0051927289784 39 0 0.957642725599 0.895721203005 2.7335918
-0.12623 0.35028 3.35743 -0.12979 0.55971 4.16693694274 0.78258 0.98072 0.30541 0.41196 152.77952 195.62801 147.22542 138.42519 0.3 0.3 0.0 0.0 0.0 0.0 0.0 0.0 0.72115 0.0 0.0 45.47487 -0.49999 0.07399 0.0 0.0 0.0 0.0 0.0 0.0 0.00478324599273 40 0 0.957967377666 0.792343989295 2.7335918
-0.12623 0.35028 3.35743 -0.12979 0.55971 4.06043747571 0.78258 0.98072 0.30541 0.41196 152.77952 195.62801 147.22542 138.42519 0.3 0.3 0.0 0.0 0.0 0.0 0.0 0.0 0.72115 0.0 0.0 45.47487 -0.49999 0.07399 0.0 0.0 0.0 0.0 0.0 0.0 0.00448147659867 41 0 0.97675879397 0.64961175049 2.7335918
-0.12623 0.35028 3.35743 -0.12979 0.55971 3.99706103365 0.78258 0.98072 0.30541 0.41196 152.77952 195.62801 147.22542 138.42519 0.3 0.3 0.0 0.0 0.0 0.0 0.0 0.0 0.72115 0.0 0.0 45.47487 -0.49999 0.07399 0.0 0.0 0.0 0.0 0.0 0.0 0.00516208941605 42 1 0.983658076681 0.718807805895 1.75836316285
-0.12623 0.35028 3.35743 -0.12979 0.55971 3.9986402428 0.78258 0.98072 0.30541 0.41196 152.77952 195.62801 147.22542 138.42519 0.3 0.3 0.0 0.0 0.0 0.0 0.0 0.0 0.72115 0.0 0.0 45.47487 -0.49999 0.07399 0.0 0.0 0.0 0.0 0.0 0.0 0.00434297445072 43 0 0.983658076681 0.708716638338 1.75836316285
-0.12623 0.35028 3.35743 -0.12979 0.55971 4.21604203315 0.78258 0.98072 0.30541 0.41196 152.77952 195.62801 147.22542 138.42519 0.3 0.3 0.0 0.0 0.0 0.0 0.0 0.0 0.72115 0.0 0.0 45.47487 -0.49999 0.07399 0.0 0.0 0.0 0.0 0.0 0.0 0.00492900636485 44 0 0.945034353529 0.856583956073 1.75836316285
-0.12623 0.35028 3.35743 -0.12979 0.55971 3.98872098604 0.78258 0.98072 0.30541 0.41196 152.77952 195.62801 147.22542 138.42519 0.3 0.3 0.0 0.0 0.0 0.0 0.0 0.0 0.72115 0.0 0.0 45.47487 -0.49999 0.07399 0.0 0.0 0.0 0.0 0.0 0.0 0.00473732930693 45 0 0.978070175439 0.676602954202 1.75836316285
-0.12623 0.35028 3.35743 -0.12979 0.55971 3.90064077383 0.78258 0.98072 0.30541 0.41196 152.77952 195.62801 147.22542 138.42519 0.3 0.3 0.0 0.0 0.0 0.0 0.0 0.0 0.72115 0.0 0.0 45.47487 -0.49999 0.07399 0.0 0.0 0.0 0.0 0.0 0.0 0.00389945409756 46 0 0.966625463535 0.889017990492 1.75836316285
-0.12623 0.35028 3.35743 -0.12979 0.55971 4.12160197206 0.78258 0.98072 0.30541 0.41196 152.77952 195.62801 147.22542 138.42519 0.3 0.3 0.0 0.0 0.0 0.0 0.0 0.0 0.72115 0.0 0.0 45.47487 -0.49999 0.07399 0.0 0.0 0.0 0.0 0.0 0.0 0.00509273157525 47 0 0.962916404777 0.730462654083 1.75836316285
-0.12623 0.35028 3.35743 -0.12979 0.55971 4.01311652097 0.78258 0.98072 0.30541 0.41196 152.77952 195.62801 147.22542 138.42519 0.3 0.3 0.0 0.0 0.0 0.0 0.0 0.0 0.72115 0.0 0.0 45.47487 -0.49999 0.07399 0.0 0.0 0.0 0.0 0.0 0.0 0.00591901986528 48 1 0.988020176545 0.499237075388 3.70015861643
-0.12623 0.35028 3.35743 -0.12979 0.55971 3.93346748569 0.78258 0.98072 0.30541 0.41196 152.77952 195.62801 147.22542 138.42519 0.3 0.3 0.0 0.0 0.0 0.0 0.0 0.0 0.72115 0.0 0.0 45.47487 -0.49999 0.07399 0.0 0.0 0.0 0.0 0.0 0.0 0.00623315141827 49 0 0.971446306642 0.78745852551 3.70015861643
-0.12623 0.35028 3.35743 -0.12979 0.55971 4.01511093558 0.78258 0.98072 0.30541 0.41196 152.77952 195.62801 147.22542 138.42519 0.3 0.3 0.0 0.0 0.0 0.0 0.0 0.0 0.72115 0.0 0.0 45.47487 -0.49999 0.07399 0.0 0.0 0.0 0.0 0.0 0.0 0.00567245152061 50 1 0.986767485822 0.488688080758 3.60339993192
