-0.12623 0.35028 3.35743 -0.12979 0.55971 3.172248584 0.78258 0.98072 0.30541 0.41196 152.77952 195.62801 147.22542 138.42519 0.3 0.3 0.0 0.0 0.0 0.0 0.0 0.0 0.72115 0.0 0.0 45.47487 -0.49999 0.07399 0.0 0.0 0.0 0.0 0.0 0.0 0.005 0 1 0.827945205479 1.59416343992 -1500.24898364
-0.12623 0.35028 3.35743 -0.12979 0.55971 3.3498296687 0.78258 0.98072 0.30541 0.41196 152.77952 195.62801 147.22542 138.42519 0.3 0.3 0.0 0.0 0.0 0.0 0.0 0.0 0.72115 0.0 0.0 45.47487 -0.49999 0.07399 0.0 0.0 0.0 0.0 0.0 0.0 0.00510975893166 1 1 0.853617498598 1.54603466183 -976.45476919
-0.12623 0.35028 3.35743 -0.12979 0.55971 3.32827928233 0.78258 0.98072 0.30541 0.41196 152.77952 195.62801 147.22542 138.42519 0.3 0.3 0.0 0.0 0.0 0.0 0.0 0.0 0.72115 0.0 0.0 45.47487 -0.49999 0.07399 0.0 0.0 0.0 0.0 0.0 0.0 0.00502097575942 2 0 0.852678571429 1.5484546074 -976.45476919
-0.12623 0.35028 3.35743 -0.12979 0.55971 3.52266430184 0.78258 0.98072 0.30541 0.41196 152.77952 195.62801 147.22542 138.42519 0.3 0.3 0.0 0.0 0.0 0.0 0.0 0.0 0.72115 0.0 0.0 45.47487 -0.49999 0.07399 0.0 0.0 0.0 0.0 0.0 0.0 0.00514753102384 3 1 0.883734249714 1.4405018849 -524.951435577
-0.12623 0.35028 3.35743 -0.12979 0.55971 3.39788123739 0.78258 0.98072 0.30541 0.41196 152.77952 195.62801 147.22542 138.42519 0.3 0.3 0.0 0.0 0.0 0.0 0.0 0.0 0.72115 0.0 0.0 45.47487 -0.49999 0.07399 0.0 0.0 0.0 0.0 0.0 0.0 0.00486165551205 4 0 0.862556561086 1.53141426512 -524.951435577
-0.12623 0.35028 3.35743 -0.12979 0.55971 3.31687533329 0.78258 0.98072 0.30541 0.41196 152.77952 195.62801 147.22542 138.42519 0.3 0.3 0.0 0.0 0.0 0.0 0.0 0.0 0.72115 0.0 0.0 45.47487 -0.49999 0.07399 0.0 0.0 0.0 0.0 0.0 0.0 0.00495228600139 5 0 0.846153846154 1.55340977458 -524.951435577
-0.12623 0.35028 3.35743 -0.12979 0.55971 3.52791756547 0.78258 0.98072 0.30541 0.41196 152.77952 195.62801 147.22542 138.42519 0.3 0.3 0.0 0.0 0.0 0.0 0.0 0.0 0.72115 0.0 0.0 45.47487 -0.49999 0.07399 0.0 0.0 0.0 0.0 0.0 0.0 0.00475831723194 6 0 0.888633754305 1.44594443046 -524.951435577
-0.12623 0.35028 3.35743 -0.12979 0.55971 3.68961186513 0.78258 0.98072 0.30541 0.41196 152.77952 195.62801 147.22542 138.42519 0.3 0.3 0.0 0.0 0.0 0.0 0.0 0.0 0.72115 0.0 0.0 45.47487 -0.49999 0.07399 0.0 0.0 0.0 0.0 0.0 0.0 0.00566268272289 7 1 0.9250446163 1.26323537173 -135.542696987
-0.12623 0.35028 3.35743 -0.12979 0.55971 3.68876792196 0.78258 0.98072 0.30541 0.41196 152.77952 195.62801 147.22542 138.42519 0.3 0.3 0.0 0.0 0.0 0.0 0.0 0.0 0.72115 0.0 0.0 45.47487 -0.49999 0.07399 0.0 0.0 0.0 0.0 0.0 0.0 0.00469033533325 8 0 0.922756981581 1.27658909133 -135.542696987
-0.12623 0.35028 3.35743 -0.12979 0.55971 3.78821732641 0.78258 0.98072 0.30541 0.41196 152.77952 195.62801 147.22542 138.42519 0.3 0.3 0.0 0.0 0.0 0.0 0.0 0.0 0.72115 0.0 0.0 45.47487 -0.49999 0.07399 0.0 0.0 0.0 0.0 0.0 0.0 0.00568241660591 9 1 0.94156626506 1.07943838463 -57.3551071982
-0.12623 0.35028 3.35743 -0.12979 0.55971 3.74142369697 0.78258 0.98072 0.30541 0.41196 152.77952 195.62801 147.22542 138.42519 0.3 0.3 0.0 0.0 0.0 0.0 0.0 0.0 0.72115 0.0 0.0 45.47487 -0.49999 0.07399 0.0 0.0 0.0 0.0 0.0 0.0 0.00502566854662 10 0 0.938212357528 1.15656193946 -57.3551071982
-0.12623 0.35028 3.35743 -0.12979 0.55971 3.76030504847 0.78258 0.98072 0.30541 0.41196 152.77952 195.62801 147.22542 138.42519 0.3 0.3 0.0 0.0 0.0 0.0 0.0 0.0 0.72115 0.0 0.0 45.47487 -0.49999 0.07399 0.0 0.0 0.0 0.0 0.0 0.0 0.00640634368026 11 1 0.9375 1.12006046368 -55.5709705769
-0.12623 0.35028 3.35743 -0.12979 0.55971 3.69694042239 0.78258 0.98072 0.30541 0.41196 152.77952 195.62801 147.22542 138.42519 0.3 0.3 0.0 0.0 0.0 0.0 0.0 0.0 0.72115 0.0 0.0 45.47487 -0.49999 0.07399 0.0 0.0 0.0 0.0 0.0 0.0 0.00658770797491 12 0 0.925595238095 1.25703059145 -55.5709705769
-0.12623 0.35028 3.35743 -0.12979 0.55971 3.63067275163 0.78258 0.98072 0.30541 0.41196 152.77952 195.62801 147.22542 138.42519 0.3 0.3 0.0 0.0 0.0 0.0 0.0 0.0 0.72115 0.0 0.0 45.47487 -0.49999 0.07399 0.0 0.0 0.0 0.0 0.0 0.0 0.00617491249725 13 0 0.908187134503 1.32081719268 -55.5709705769
-0.12623 0.35028 3.35743 -0.12979 0.55971 3.7350846168 0.78258 0.98072 0.30541 0.41196 152.77952 195.62801 147.22542 138.42519 0.3 0.3 0.0 0.0 0.0 0.0 0.0 0.0 0.72115 0.0 0.0 45.47487 -0.49999 0.07399 0.0 0.0 0.0 0.0 0.0 0.0 0.00625550355756 14 0 0.935329341317 1.20514917542 -55.5709705769
-0.12623 0.35028 3.35743 -0.12979 0.55971 3.82952767185 0.78258 0.98072 0.30541 0.41196 152.77952 195.62801 147.22542 138.42519 0.3 0.3 0.0 0.0 0.0 0.0 0.0 0.0 0.72115 0.0 0.0 45.47487 -0.49999 0.07399 0.0 0.0 0.0 0.0 0.0 0.0 0.00621794826433 15 1 0.952905198777 0.977674186595 -23.2549981153
-0.12623 0.35028 3.35743 -0.12979 0.55971 3.72684223949 0.78258 0.98072 0.30541 0.41196 152.77952 195.62801 147.22542 138.42519 0.3 0.3 0.0 0.0 0.0 0.0 0.0 0.0 0.72115 0.0 0.0 45.47487 -0.49999 0.07399 0.0 0.0 0.0 0.0 0.0 0.0 0.0058193603769 16 0 0.928443649374 1.21679390932 -23.2549981153
-0.12623 0.35028 3.35743 -0.12979 0.55971 3.90904090267 0.78258 0.98072 0.30541 0.41196 152.77952 195.62801 147.22542 138.42519 0.3 0.3 0.0 0.0 0.0 0.0 0.0 0.0 0.72115 0.0 0.0 45.47487 -0.49999 0.07399 0.0 0.0 0.0 0.0 0.0 0.0 0.00572137736539 17 1 0.964705882353 0.839694720099 -9.17118494718
-0.12623 0.35028 3.35743 -0.12979 0.55971 3.86011904781 0.78258 0.98072 0.30541 0.41196 152.77952 195.62801 147.22542 138.42519 0.3 0.3 0.0 0.0 0.0 0.0 0.0 0.0 0.72115 0.0 0.0 45.47487 -0.49999 0.07399 0.0 0.0 0.0 0.0 0.0 0.0 0.0058752494534 18 0 0.958845208845 0.906786485468 -9.17118494718
-0.12623 0.35028 3.35743 -0.12979 0.55971 3.94201442048 0.78258 0.98072 0.30541 0.41196 152.77952 195.62801 147.22542 138.42519 0.3 0.3 0.0 0.0 0.0 0.0 0.0 0.0 0.72115 0.0 0.0 45.47487 -0.49999 0.07399 0.0 0.0 0.0 0.0 0.0 0.0 0.00510528836103 19 1 0.968905472637 0.758452770924 -6.31121536275
-0.12623 0.35028 3.35743 -0.12979 0.55971 3.87056289641 0.78258 0.98072 0.30541 0.41196 152.77952 195.62801 147.22542 138.42519 0.3 0.3 0.0 0.0 0.0 0.0 0.0 0.0 0.72115 0.0 0.0 45.47487 -0.49999 0.07399 0.0 0.0 0.0 0.0 0.0 0.0 0.0049938809355 20 0 0.957028852056 0.855144293349 -6.31121536275
-0.12623 0.35028 3.35743 -0.12979 0.55971 4.05705351167 0.78258 0.98072 0.30541 0.41196 152.77952 195.62801 147.22542 138.42519 0.3 0.3 0.0 0.0 0.0 0.0 0.0 0.0 0.72115 0.0 0.0 45.47487 -0.49999 0.07399 0.0 0.0 0.0 0.0 0.0 0.0 0.00430031621872 21 1 0.977372721559 0.688318407751 -2.02849425267
-0.12623 0.35028 3.35743 -0.12979 0.55971 3.89859396095 0.78258 0.98072 0.30541 0.41196 152.77952 195.62801 147.22542 138.42519 0.3 0.3 0.0 0.0 0.0 0.0 0.0 0.0 0.72115 0.0 0.0 45.47487 -0.49999 0.07399 0.0 0.0 0.0 0.0 0.0 0.0 0.00428330824453 22 0 0.963580246914 0.84226414096 -2.02849425267
-0.12623 0.35028 3.35743 -0.12979 0.55971 3.99815962549 0.78258 0.98072 0.30541 0.41196 152.77952 195.62801 147.22542 138.42519 0.3 0.3 0.0 0.0 0.0 0.0 0.0 0.0 0.72115 0.0 0.0 45.47487 -0.49999 0.07399 0.0 0.0 0.0 0.0 0.0 0.0 0.00437985110281 23 1 0.983658076681 0.708640201189 1.01630270898
-0.12623 0.35028 3.35743 -0.12979 0.55971 4.08564498533 0.78258 0.98072 0.30541 0.41196 152.77952 195.62801 147.22542 138.42519 0.3 0.3 0.0 0.0 0.0 0.0 0.0 0.0 0.72115 0.0 0.0 45.47487 -0.49999 0.07399 0.0 0.0 0.0 0.0 0.0 0.0 0.00399600000713 24 0 0.973601508485 0.660260488073 1.01630270898
-0.12623 0.35028 3.35743 -0.12979 0.55971 3.9599334913 0.78258 0.98072 0.30541 0.41196 152.77952 195.62801 147.22542 138.42519 0.3 0.3 0.0 0.0 0.0 0.0 0.0 0.0 0.72115 0.0 0.0 45.47487 -0.49999 0.07399 0.0 0.0 0.0 0.0 0.0 0.0 0.00420671646271 25 0 0.979336255479 0.715406226741 1.01630270898
-0.12623 0.35028 3.35743 -0.12979 0.55971 3.94142620056 0.78258 0.98072 0.30541 0.41196 152.77952 195.62801 147.22542 138.42519 0.3 0.3 0.0 0.0 0.0 0.0 0.0 0.0 0.72115 0.0 0.0 45.47487 -0.49999 0.07399 0.0 0.0 0.0 0.0 0.0 0.0 0.00409781041499 26 0 0.972014925373 0.759511079221 1.01630270898
-0.12623 0.35028 3.35743 -0.12979 0.55971 3.98831081963 0.78258 0.98072 0.30541 0.41196 152.77952 195.62801 147.22542 138.42519 0.3 0.3 0.0 0.0 0.0 0.0 0.0 0.0 0.72115 0.0 0.0 45.47487 -0.49999 0.07399 0.0 0.0 0.0 0.0 0.0 0.0 0.00562805749323 27 1 0.97745773325 0.669091037232 0.670026406375
-0.12623 0.35028 3.35743 -0.12979 0.55971 3.92844531745 0.78258 0.98072 0.30541 0.41196 152.77952 195.62801 147.22542 138.42519 0.3 0.3 0.0 0.0 0.0 0.0 0.0 0.0 0.72115 0.0 0.0 45.47487 -0.49999 0.07399 0.0 0.0 0.0 0.0 0.0 0.0 0.00602147623363 28 0 0.966459627329 0.770716824842 0.670026406375
-0.12623 0.35028 3.35743 -0.12979 0.55971 3.86745378396 0.78258 0.98072 0.30541 0.41196 152.77952 195.62801 147.22542 138.42519 0.3 0.3 0.0 0.0 0.0 0.0 0.0 0.0 0.72115 0.0 0.0 45.47487 -0.49999 0.07399 0.0 0.0 0.0 0.0 0.0 0.0 0.0050775465644 29 0 0.957028852056 0.892574156946 0.670026406375
-0.12623 0.35028 3.35743 -0.12979 0.55971 4.00715576687 0.78258 0.98072 0.30541 0.41196 152.77952 195.62801 147.22542 138.42519 0.3 0.3 0.0 0.0 0.0 0.0 0.0 0.0 0.72115 0.0 0.0 45.47487 -0.49999 0.07399 0.0 0.0 0.0 0.0 0.0 0.0 0.00515192556446 30 1 0.986163522013 0.593525440873 3.07898725636
-0.12623 0.35028 3.35743 -0.12979 0.55971 3.866677595 0.78258 0.98072 0.30541 0.41196 152.77952 195.62801 147.22542 138.42519 0.3 0.3 0.0 0.0 0.0 0.0 0.0 0.0 0.72115 0.0 0.0 45.47487 -0.49999 0.07399 0.0 0.0 0.0 0.0 0.0 0.0 0.00574478788531 31 0 0.957642725599 0.90870101506 3.07898725636
-0.12623 0.35028 3.35743 -0.12979 0.55971 3.90814819548 0.78258 0.98072 0.30541 0.41196 152.77952 195.62801 147.22542 138.42519 0.3 0.3 0.0 0.0 0.0 0.0 0.0 0.0 0.72115 0.0 0.0 45.47487 -0.49999 0.07399 0.0 0.0 0.0 0.0 0.0 0.0 0.00446542788503 32 0 0.96282527881 0.836828966746 3.07898725636
-0.12623 0.35028 3.35743 -0.12979 0.55971 3.99546473946 0.78258 0.98072 0.30541 0.41196 152.77952 195.62801 147.22542 138.42519 0.3 0.3 0.0 0.0 0.0 0.0 0.0 0.0 0.72115 0.0 0.0 45.47487 -0.49999 0.07399 0.0 0.0 0.0 0.0 0.0 0.0 0.00462140578248 33 0 0.981783919598 0.679820619765 3.07898725636
-0.12623 0.35028 3.35743 -0.12979 0.55971 3.91151097915 0.78258 0.98072 0.30541 0.41196 152.77952 195.62801 147.22542 138.42519 0.3 0.3 0.0 0.0 0.0 0.0 0.0 0.0 0.72115 0.0 0.0 45.47487 -0.49999 0.07399 0.0 0.0 0.0 0.0 0.0 0.0 0.00480255983762 34 0 0.962848297214 0.842528232656 3.07898725636
-0.12623 0.35028 3.35743 -0.12979 0.55971 4.05447356998 0.78258 0.98072 0.30541 0.41196 152.77952 195.62801 147.22542 138.42519 0.3 0.3 0.0 0.0 0.0 0.0 0.0 0.0 0.72115 0.0 0.0 45.47487 -0.49999 0.07399 0.0 0.0 0.0 0.0 0.0 0.0 0.0042137894568 35 0 0.979874213836 0.677693952841 3.07898725636
-0.12623 0.35028 3.35743 -0.12979 0.55971 4.15803520468 0.78258 0.98072 0.30541 0.41196 152.77952 195.62801 147.22542 138.42519 0.3 0.3 0.0 0.0 0.0 0.0 0.0 0.0 0.72115 0.0 0.0 45.47487 -0.49999 0.07399 0.0 0.0 0.0 0.0 0.0 0.0 0.00580550474245 36 0 0.959899749373 0.759101745925 3.07898725636
-0.12623 0.35028 3.35743 -0.12979 0.55971 4.00968021644 0.78258 0.98072 0.30541 0.41196 152.77952 195.62801 147.22542 138.42519 0.3 0.3 0.0 0.0 0.0 0.0 0.0 0.0 0.72115 0.0 0.0 45.47487 -0.49999 0.07399 0.0 0.0 0.0 0.0 0.0 0.0 0.00497105284733 37 1 0.98679245283 0.602777415497 3.10276140672
-0.12623 0.35028 3.35743 -0.12979 0.55971 4.02677276134 0.78258 0.98072 0.30541 0.41196 152.77952 195.62801 147.22542 138.42519 0.3 0.3 0.0 0.0 0.0 0.0 0.0 0.0 0.72115 0.0 0.0 45.47487 -0.49999 0.07399 0.0 0.0 0.0 0.0 0.0 0.0 0.00592828100791 38 1 0.993678887484 0.289956343643 4.16128940921
-0.12623 0.35028 3.35743 -0.12979 0.55971 4.09256200437 0.78258 0.98072 0.30541 0.41196 152.77952 195.62801 147.22542 138.42519 0.3 0.3 0.0 0.0 0.0 0.0 0.0 0.0 0.72115 0.0 0.0 45.47487 -0.49999 0.07399 0.0 0.0 0.0 0.0 0.0 0.0 0.0063246514342 39 0 0.965452261307 0.706614072603 4.16128940921
-0.12623 0.35028 3.35743 -0.12979 0.55971 4.0026036405 0.78258 0.98072 0.30541 0.41196 152.77952 195.62801 147.22542 138.42519 0.3 0.3 0.0 0.0 0.0 0.0 0.0 0.0 0.72115 0.0 0.0 45.47487 -0.49999 0.07399 0.0 0.0 0.0 0.0 0.0 0.0 0.00533879837716 40 0 0.986163522013 0.632812415513 4.16128940921
-0.12623 0.35028 3.35743 -0.12979 0.55971 4.03399577104 0.78258 0.98072 0.30541 0.41196 152.77952 195.62801 147.22542 138.42519 0.3 0.3 0.0 0.0 0.0 0.0 0.0 0.0 0.72115 0.0 0.0 45.47487 -0.49999 0.07399 0.0 0.0 0.0 0.0 0.0 0.0 0.00634224204252 41 1 0.984247006931 0.480877042349 3.42827388166
-0.12623 0.35028 3.35743 -0.12979 0.55971 3.99896727562 0.78258 0.98072 0.30541 0.41196 152.77952 195.62801 147.22542 138.42519 0.3 0.3 0.0 0.0 0.0 0.0 0.0 0.0 0.72115 0.0 0.0 45.47487 -0.49999 0.07399 0.0 0.0 0.0 0.0 0.0 0.0 0.00671215612602 42 0 0.983029541169 0.709882255566 3.42827388166
-0.12623 0.35028 3.35743 -0.12979 0.55971 4.257138586 0.78258 0.98072 0.30541 0.41196 152.77952 195.62801 147.22542 138.42519 0.3 0.3 0.0 0.0 0.0 0.0 0.0 0.0 0.72115 0.0 0.0 45.47487 -0.49999 0.07399 0.0 0.0 0.0 0.0 0.0 0.0 0.00792038478268 43 0 0.94125 0.971102839227 3.42827388166
-0.12623 0.35028 3.35743 -0.12979 0.55971 4.00127387469 0.78258 0.98072 0.30541 0.41196 152.77952 195.62801 147.22542 138.42519 0.3 0.3 0.0 0.0 0.0 0.0 0.0 0.0 0.72115 0.0 0.0 45.47487 -0.49999 0.07399 0.0 0.0 0.0 0.0 0.0 0.0 0.00610861035908 44 1 0.983029541169 0.68075270088 2.39077339886
-0.12623 0.35028 3.35743 -0.12979 0.55971 4.00938626745 0.78258 0.98072 0.30541 0.41196 152.77952 195.62801 147.22542 138.42519 0.3 0.3 0.0 0.0 0.0 0.0 0.0 0.0 0.72115 0.0 0.0 45.47487 -0.49999 0.07399 0.0 0.0 0.0 0.0 0.0 0.0 0.00565034673349 45 1 0.98679245283 0.603625405674 3.26169632449
-0.12623 0.35028 3.35743 -0.12979 0.55971 4.10904073119 0.78258 0.98072 0.30541 0.41196 152.77952 195.62801 147.22542 138.42519 0.3 0.3 0.0 0.0 0.0 0.0 0.0 0.0 0.72115 0.0 0.0 45.47487 -0.49999 0.07399 0.0 0.0 0.0 0.0 0.0 0.0 0.00629991102996 46 0 0.959222082811 0.742223350484 3.26169632449
-0.12623 0.35028 3.35743 -0.12979 0.55971 3.94947919827 0.78258 0.98072 0.30541 0.41196 152.77952 195.62801 147.22542 138.42519 0.3 0.3 0.0 0.0 0.0 0.0 0.0 0.0 0.72115 0.0 0.0 45.47487 -0.49999 0.07399 0.0 0.0 0.0 0.0 0.0 0.0 0.00612347873094 47 0 0.970716510903 0.794915728425 3.26169632449
-0.12623 0.35028 3.35743 -0.12979 0.55971 3.95566349839 0.78258 0.98072 0.30541 0.41196 152.77952 195.62801 147.22542 138.42519 0.3 0.3 0.0 0.0 0.0 0.0 0.0 0.0 0.72115 0.0 0.0 45.47487 -0.49999 0.07399 0.0 0.0 0.0 0.0 0.0 0.0 0.00549824480791 48 0 0.973125 0.793380725545 3.26169632449
-0.12623 0.35028 3.35743 -0.12979 0.55971 3.84436802388 0.78258 0.98072 0.30541 0.41196 152.77952 195.62801 147.22542 138.42519 0.3 0.3 0.0 0.0 0.0 0.0 0.0 0.0 0.72115 0.0 0.0 45.47487 -0.49999 0.07399 0.0 0.0 0.0 0.0 0.0 0.0 0.0050291824494 49 0 0.953601953602 0.985968977837 3.26169632449
-0.12623 0.35028 3.35743 -0.12979 0.55971 3.96865533273 0.78258 0.98072 0.30541 0.41196 152.77952 195.62801 147.22542 138.42519 0.3 0.3 0.0 0.0 0.0 0.0 0.0 0.0 0.72115 0.0 0.0 45.47487 -0.49999 0.07399 0.0 0.0 0.0 0.0 0.0 0.0 0.00562342851888 50 0 0.97875 0.649378312003 3.26169632449
