-0.12623 0.35028 3.35743 -0.12979 0.45471 4.02072 0.78258 0.98072 0.30541 0.41196 152.77952 195.62801 147.22542 138.42519 0.3 0.3 0.0 0.0 0.0 0.0 0.0 0.0 0.72115 0.0 0.0 45.47487 -0.49999 0.07399 0.0 0.0 0.0 0.0 0.0 0.0 0.05 0 1 0.75 1.1259035239 -3567.04363109
-0.12623 0.35028 3.35743 -0.12979 0.436241856848 4.02072 0.78258 0.98072 0.30541 0.41196 152.77952 195.62801 147.22542 138.42519 0.3 0.3 0.0 0.0 0.0 0.0 0.0 0.0 0.72115 0.0 0.0 45.47487 -0.49999 0.07399 0.0 0.0 0.0 0.0 0.0 0.0 0.0503367101337 1 0 0.737142857143 1.428639271 -3567.04363109
-0.12623 0.35028 3.35743 -0.12979 0.428755050676 4.02072 0.78258 0.98072 0.30541 0.41196 152.77952 195.62801 147.22542 138.42519 0.3 0.3 0.0 0.0 0.0 0.0 0.0 0.0 0.72115 0.0 0.0 45.47487 -0.49999 0.07399 0.0 0.0 0.0 0.0 0.0 0.0 0.0492319176331 2 0 0.739884393064 1.55596623747 -3567.04363109
-0.12623 0.35028 3.35743 -0.12979 0.419127527285 4.02072 0.78258 0.98072 0.30541 0.41196 152.77952 195.62801 147.22542 138.42519 0.3 0.3 0.0 0.0 0.0 0.0 0.0 0.0 0.72115 0.0 0.0 45.47487 -0.49999 0.07399 0.0 0.0 0.0 0.0 0.0 0.0 0.0504260655214 3 0 0.730538922156 1.82141136265 -3567.04363109
-0.12623 0.35028 3.35743 -0.12979 0.420185528801 4.02072 0.78258 0.98072 0.30541 0.41196 152.77952 195.62801 147.22542 138.42519 0.3 0.3 0.0 0.0 0.0 0.0 0.0 0.0 0.72115 0.0 0.0 45.47487 -0.49999 0.07399 0.0 0.0 0.0 0.0 0.0 0.0 0.0498272374519 4 0 0.71098265896 1.82257674789 -3567.04363109
-0.12623 0.35028 3.35743 -0.12979 0.448773488265 4.02072 0.78258 0.98072 0.30541 0.41196 152.77952 195.62801 147.22542 138.42519 0.3 0.3 0.0 0.0 0.0 0.0 0.0 0.0 0.72115 0.0 0.0 45.47487 -0.49999 0.07399 0.0 0.0 0.0 0.0 0.0 0.0 0.0497353869223 5 0 0.771929824561 1.26947868574 -3567.04363109
-0.12623 0.35028 3.35743 -0.12979 0.488843417239 4.02072 0.78258 0.98072 0.30541 0.41196 152.77952 195.62801 147.22542 138.42519 0.3 0.3 0.0 0.0 0.0 0.0 0.0 0.0 0.72115 0.0 0.0 45.47487 -0.49999 0.07399 0.0 0.0 0.0 0.0 0.0 0.0 0.0503397871361 6 1 0.836477987421 0.878715858718 -918.375649456
-0.12623 0.35028 3.35743 -0.12979 0.434133648143 4.02072 0.78258 0.98072 0.30541 0.41196 152.77952 195.62801 147.22542 138.42519 0.3 0.3 0.0 0.0 0.0 0.0 0.0 0.0 0.72115 0.0 0.0 45.47487 -0.49999 0.07399 0.0 0.0 0.0 0.0 0.0 0.0 0.0509864237993 7 0 0.725714285714 1.44052433618 -918.375649456
-0.12623 0.35028 3.35743 -0.12979 0.489293839288 4.02072 0.78258 0.98072 0.30541 0.41196 152.77952 195.62801 147.22542 138.42519 0.3 0.3 0.0 0.0 0.0 0.0 0.0 0.0 0.72115 0.0 0.0 45.47487 -0.49999 0.07399 0.0 0.0 0.0 0.0 0.0 0.0 0.0498372793777 8 0 0.836477987421 0.87716290156 -918.375649456
-0.12623 0.35028 3.35743 -0.12979 0.500492100871 4.02072 0.78258 0.98072 0.30541 0.41196 152.77952 195.62801 147.22542 138.42519 0.3 0.3 0.0 0.0 0.0 0.0 0.0 0.0 0.72115 0.0 0.0 45.47487 -0.49999 0.07399 0.0 0.0 0.0 0.0 0.0 0.0 0.0509753481471 9 1 0.875816993464 0.831244190416 -463.154064001
-0.12623 0.35028 3.35743 -0.12979 0.499456930204 4.02072 0.78258 0.98072 0.30541 0.41196 152.77952 195.62801 147.22542 138.42519 0.3 0.3 0.0 0.0 0.0 0.0 0.0 0.0 0.72115 0.0 0.0 45.47487 -0.49999 0.07399 0.0 0.0 0.0 0.0 0.0 0.0 0.0511339516081 10 0 0.863636363636 0.836537280081 -463.154064001
-0.12623 0.35028 3.35743 -0.12979 0.554384214521 4.02072 0.78258 0.98072 0.30541 0.41196 152.77952 195.62801 147.22542 138.42519 0.3 0.3 0.0 0.0 0.0 0.0 0.0 0.0 0.72115 0.0 0.0 45.47487 -0.49999 0.07399 0.0 0.0 0.0 0.0 0.0 0.0 0.0509712803451 11 1 1.0 0.366742729038 -1.82164021801
-0.12623 0.35028 3.35743 -0.12979 0.529912123022 4.02072 0.78258 0.98072 0.30541 0.41196 152.77952 195.62801 147.22542 138.42519 0.3 0.3 0.0 0.0 0.0 0.0 0.0 0.0 0.72115 0.0 0.0 45.47487 -0.49999 0.07399 0.0 0.0 0.0 0.0 0.0 0.0 0.0504086930577 12 0 0.9375 0.61204319967 -1.82164021801
-0.12623 0.35028 3.35743 -0.12979 0.56992133671 4.02072 0.78258 0.98072 0.30541 0.41196 152.77952 195.62801 147.22542 138.42519 0.3 0.3 0.0 0.0 0.0 0.0 0.0 0.0 0.72115 0.0 0.0 45.47487 -0.49999 0.07399 0.0 0.0 0.0 0.0 0.0 0.0 0.0505715170346 13 0 0.985294117647 0.506688299425 -1.82164021801
-0.12623 0.35028 3.35743 -0.12979 0.544090074352 4.02072 0.78258 0.98072 0.30541 0.41196 152.77952 195.62801 147.22542 138.42519 0.3 0.3 0.0 0.0 0.0 0.0 0.0 0.0 0.72115 0.0 0.0 45.47487 -0.49999 0.07399 0.0 0.0 0.0 0.0 0.0 0.0 0.0508976381864 14 0 0.957446808511 0.457315830243 -1.82164021801
-0.12623 0.35028 3.35743 -0.12979 0.579128273306 4.02072 0.78258 0.98072 0.30541 0.41196 152.77952 195.62801 147.22542 138.42519 0.3 0.3 0.0 0.0 0.0 0.0 0.0 0.0 0.72115 0.0 0.0 45.47487 -0.49999 0.07399 0.0 0.0 0.0 0.0 0.0 0.0 0.0511838895986 15 0 0.977941176471 0.42742755642 -1.82164021801
-0.12623 0.35028 3.35743 -0.12979 0.548228574549 4.02072 0.78258 0.98072 0.30541 0.41196 152.77952 195.62801 147.22542 138.42519 0.3 0.3 0.0 0.0 0.0 0.0 0.0 0.0 0.72115 0.0 0.0 45.47487 -0.49999 0.07399 0.0 0.0 0.0 0.0 0.0 0.0 0.0501431455735 16 0 0.985401459854 0.454877351999 -1.82164021801
-0.12623 0.35028 3.35743 -0.12979 0.535185758199 4.02072 0.78258 0.98072 0.30541 0.41196 152.77952 195.62801 147.22542 138.42519 0.3 0.3 0.0 0.0 0.0 0.0 0.0 0.0 0.72115 0.0 0.0 45.47487 -0.49999 0.07399 0.0 0.0 0.0 0.0 0.0 0.0 0.0513417031698 17 0 0.950704225352 0.600099670611 -1.82164021801
-0.12623 0.35028 3.35743 -0.12979 0.549239798329 4.02072 0.78258 0.98072 0.30541 0.41196 152.77952 195.62801 147.22542 138.42519 0.3 0.3 0.0 0.0 0.0 0.0 0.0 0.0 0.72115 0.0 0.0 45.47487 -0.49999 0.07399 0.0 0.0 0.0 0.0 0.0 0.0 0.0512936399938 18 0 0.985401459854 0.453434245079 -1.82164021801
-0.12623 0.35028 3.35743 -0.12979 0.532217574744 4.02072 0.78258 0.98072 0.30541 0.41196 152.77952 195.62801 147.22542 138.42519 0.3 0.3 0.0 0.0 0.0 0.0 0.0 0.0 0.72115 0.0 0.0 45.47487 -0.49999 0.07399 0.0 0.0 0.0 0.0 0.0 0.0 0.050575102512 19 0 0.9375 0.610121524067 -1.82164021801
-0.12623 0.35028 3.35743 -0.12979 0.557968599082 4.02072 0.78258 0.98072 0.30541 0.41196 152.77952 195.62801 147.22542 138.42519 0.3 0.3 0.0 0.0 0.0 0.0 0.0 0.0 0.72115 0.0 0.0 45.47487 -0.49999 0.07399 0.0 0.0 0.0 0.0 0.0 0.0 0.0502783012164 20 1 1.0 0.119708312132 -1.77283033796
-0.12623 0.35028 3.35743 -0.12979 0.537551958764 4.02072 0.78258 0.98072 0.30541 0.41196 152.77952 195.62801 147.22542 138.42519 0.3 0.3 0.0 0.0 0.0 0.0 0.0 0.0 0.72115 0.0 0.0 45.47487 -0.49999 0.07399 0.0 0.0 0.0 0.0 0.0 0.0 0.0499386333081 21 0 0.944055944056 0.600547219474 -1.77283033796
-0.12623 0.35028 3.35743 -0.12979 0.612852821603 4.02072 0.78258 0.98072 0.30541 0.41196 152.77952 195.62801 147.22542 138.42519 0.3 0.3 0.0 0.0 0.0 0.0 0.0 0.0 0.72115 0.0 0.0 45.47487 -0.49999 0.07399 0.0 0.0 0.0 0.0 0.0 0.0 0.0510405033849 22 0 0.955882352941 1.06119042648 -1.77283033796
-0.12623 0.35028 3.35743 -0.12979 0.556613669482 4.02072 0.78258 0.98072 0.30541 0.41196 152.77952 195.62801 147.22542 138.42519 0.3 0.3 0.0 0.0 0.0 0.0 0.0 0.0 0.72115 0.0 0.0 45.47487 -0.49999 0.07399 0.0 0.0 0.0 0.0 0.0 0.0 0.050132903992 23 1 1.0 0.1851718876 -1.76267144302
-0.12623 0.35028 3.35743 -0.12979 0.55700957629 4.02072 0.78258 0.98072 0.30541 0.41196 152.77952 195.62801 147.22542 138.42519 0.3 0.3 0.0 0.0 0.0 0.0 0.0 0.0 0.72115 0.0 0.0 45.47487 -0.49999 0.07399 0.0 0.0 0.0 0.0 0.0 0.0 0.0498757040631 24 1 1.0 0.185090518482 -1.74477072051
-0.12623 0.35028 3.35743 -0.12979 0.553923397797 4.02072 0.78258 0.98072 0.30541 0.41196 152.77952 195.62801 147.22542 138.42519 0.3 0.3 0.0 0.0 0.0 0.0 0.0 0.0 0.72115 0.0 0.0 45.47487 -0.49999 0.07399 0.0 0.0 0.0 0.0 0.0 0.0 0.0505184831066 25 1 1.0 0.403846403579 -1.78967425089
-0.12623 0.35028 3.35743 -0.12979 0.549054614511 4.02072 0.78258 0.98072 0.30541 0.41196 152.77952 195.62801 147.22542 138.42519 0.3 0.3 0.0 0.0 0.0 0.0 0.0 0.0 0.72115 0.0 0.0 45.47487 -0.49999 0.07399 0.0 0.0 0.0 0.0 0.0 0.0 0.0509910788978 26 0 0.985401459854 0.454271895983 -1.78967425089
-0.12623 0.35028 3.35743 -0.12979 0.574572100544 4.02072 0.78258 0.98072 0.30541 0.41196 152.77952 195.62801 147.22542 138.42519 0.3 0.3 0.0 0.0 0.0 0.0 0.0 0.0 0.72115 0.0 0.0 45.47487 -0.49999 0.07399 0.0 0.0 0.0 0.0 0.0 0.0 0.0514506455283 27 0 0.977941176471 0.375796053765 -1.78967425089
-0.12623 0.35028 3.35743 -0.12979 0.512204855603 4.02072 0.78258 0.98072 0.30541 0.41196 152.77952 195.62801 147.22542 138.42519 0.3 0.3 0.0 0.0 0.0 0.0 0.0 0.0 0.72115 0.0 0.0 45.47487 -0.49999 0.07399 0.0 0.0 0.0 0.0 0.0 0.0 0.0507284613834 28 0 0.894039735099 0.801624138788 -1.78967425089
-0.12623 0.35028 3.35743 -0.12979 0.56979019665 4.02072 0.78258 0.98072 0.30541 0.41196 152.77952 195.62801 147.22542 138.42519 0.3 0.3 0.0 0.0 0.0 0.0 0.0 0.0 0.72115 0.0 0.0 45.47487 -0.49999 0.07399 0.0 0.0 0.0 0.0 0.0 0.0 0.0502173185743 29 0 0.985294117647 0.503860581498 -1.78967425089
-0.12623 0.35028 3.35743 -0.12979 0.551129059677 4.02072 0.78258 0.98072 0.30541 0.41196 152.77952 195.62801 147.22542 138.42519 0.3 0.3 0.0 0.0 0.0 0.0 0.0 0.0 0.72115 0.0 0.0 45.47487 -0.49999 0.07399 0.0 0.0 0.0 0.0 0.0 0.0 0.0502514677831 30 0 0.992647058824 0.448522645934 -1.78967425089
-0.12623 0.35028 3.35743 -0.12979 0.598499385527 4.02072 0.78258 0.98072 0.30541 0.41196 152.77952 195.62801 147.22542 138.42519 0.3 0.3 0.0 0.0 0.0 0.0 0.0 0.0 0.72115 0.0 0.0 45.47487 -0.49999 0.07399 0.0 0.0 0.0 0.0 0.0 0.0 0.0505378895403 31 0 0.955882352941 0.978566804304 -1.78967425089
-0.12623 0.35028 3.35743 -0.12979 0.520510108438 4.02072 0.78258 0.98072 0.30541 0.41196 152.77952 195.62801 147.22542 138.42519 0.3 0.3 0.0 0.0 0.0 0.0 0.0 0.0 0.72115 0.0 0.0 45.47487 -0.49999 0.07399 0.0 0.0 0.0 0.0 0.0 0.0 0.0501068665987 32 0 0.918367346939 0.709276619646 -1.78967425089
-0.12623 0.35028 3.35743 -0.12979 0.536909385571 4.02072 0.78258 0.98072 0.30541 0.41196 152.77952 195.62801 147.22542 138.42519 0.3 0.3 0.0 0.0 0.0 0.0 0.0 0.0 0.72115 0.0 0.0 45.47487 -0.49999 0.07399 0.0 0.0 0.0 0.0 0.0 0.0 0.0517710257779 33 0 0.944055944056 0.599177444224 -1.78967425089
-0.12623 0.35028 3.35743 -0.12979 0.543874092533 4.02072 0.78258 0.98072 0.30541 0.41196 152.77952 195.62801 147.22542 138.42519 0.3 0.3 0.0 0.0 0.0 0.0 0.0 0.0 0.72115 0.0 0.0 45.47487 -0.49999 0.07399 0.0 0.0 0.0 0.0 0.0 0.0 0.0508886906434 34 0 0.957446808511 0.457271364292 -1.78967425089
-0.12623 0.35028 3.35743 -0.12979 0.63393669608 4.02072 0.78258 0.98072 0.30541 0.41196 152.77952 195.62801 147.22542 138.42519 0.3 0.3 0.0 0.0 0.0 0.0 0.0 0.0 0.72115 0.0 0.0 45.47487 -0.49999 0.07399 0.0 0.0 0.0 0.0 0.0 0.0 0.0514071067105 35 0 0.933823529412 1.24353828068 -1.78967425089
-0.12623 0.35028 3.35743 -0.12979 0.545173263589 4.02072 0.78258 0.98072 0.30541 0.41196 152.77952 195.62801 147.22542 138.42519 0.3 0.3 0.0 0.0 0.0 0.0 0.0 0.0 0.72115 0.0 0.0 45.47487 -0.49999 0.07399 0.0 0.0 0.0 0.0 0.0 0.0 0.0505675113332 36 0 0.964285714286 0.449075833528 -1.78967425089
-0.12623 0.35028 3.35743 -0.12979 0.507431398985 4.02072 0.78258 0.98072 0.30541 0.41196 152.77952 195.62801 147.22542 138.42519 0.3 0.3 0.0 0.0 0.0 0.0 0.0 0.0 0.72115 0.0 0.0 45.47487 -0.49999 0.07399 0.0 0.0 0.0 0.0 0.0 0.0 0.0515225580561 37 0 0.881578947368 0.712354449372 -1.78967425089
-0.12623 0.35028 3.35743 -0.12979 0.536449041468 4.02072 0.78258 0.98072 0.30541 0.41196 152.77952 195.62801 147.22542 138.42519 0.3 0.3 0.0 0.0 0.0 0.0 0.0 0.0 0.72115 0.0 0.0 45.47487 -0.49999 0.07399 0.0 0.0 0.0 0.0 0.0 0.0 0.05066184863 38 0 0.944055944056 0.600584065873 -1.78967425089
-0.12623 0.35028 3.35743 -0.12979 0.516276354124 4.02072 0.78258 0.98072 0.30541 0.41196 152.77952 195.62801 147.22542 138.42519 0.3 0.3 0.0 0.0 0.0 0.0 0.0 0.0 0.72115 0.0 0.0 45.47487 -0.49999 0.07399 0.0 0.0 0.0 0.0 0.0 0.0 0.0503633459196 39 0 0.906040268456 0.780918788818 -1.78967425089
-0.12623 0.35028 3.35743 -0.12979 0.550993642355 4.02072 0.78258 0.98072 0.30541 0.41196 152.77952 195.62801 147.22542 138.42519 0.3 0.3 0.0 0.0 0.0 0.0 0.0 0.0 0.72115 0.0 0.0 45.47487 -0.49999 0.07399 0.0 0.0 0.0 0.0 0.0 0.0 0.050369389745 40 1 0.992647058824 0.448518147066 -2.26149155535
-0.12623 0.35028 3.35743 -0.12979 0.562737611908 4.02072 0.78258 0.98072 0.30541 0.41196 152.77952 195.62801 147.22542 138.42519 0.3 0.3 0.0 0.0 0.0 0.0 0.0 0.0 0.72115 0.0 0.0 45.47487 -0.49999 0.07399 0.0 0.0 0.0 0.0 0.0 0.0 0.0501198836645 41 1 0.985185185185 0.370870348682 -3.1137394506
-0.12623 0.35028 3.35743 -0.12979 0.575238596602 4.02072 0.78258 0.98072 0.30541 0.41196 152.77952 195.62801 147.22542 138.42519 0.3 0.3 0.0 0.0 0.0 0.0 0.0 0.0 0.72115 0.0 0.0 45.47487 -0.49999 0.07399 0.0 0.0 0.0 0.0 0.0 0.0 0.0506858129098 42 0 0.977941176471 0.421422851675 -3.1137394506
-0.12623 0.35028 3.35743 -0.12979 0.599082068115 4.02072 0.78258 0.98072 0.30541 0.41196 152.77952 195.62801 147.22542 138.42519 0.3 0.3 0.0 0.0 0.0 0.0 0.0 0.0 0.72115 0.0 0.0 45.47487 -0.49999 0.07399 0.0 0.0 0.0 0.0 0.0 0.0 0.04874808377 43 0 0.955882352941 0.990210097382 -3.1137394506
-0.12623 0.35028 3.35743 -0.12979 0.559938807995 4.02072 0.78258 0.98072 0.30541 0.41196 152.77952 195.62801 147.22542 138.42519 0.3 0.3 0.0 0.0 0.0 0.0 0.0 0.0 0.72115 0.0 0.0 45.47487 -0.49999 0.07399 0.0 0.0 0.0 0.0 0.0 0.0 0.0508165626096 44 1 1.0 0.00280331313756 -1.81068660752
-0.12623 0.35028 3.35743 -0.12979 0.555923417763 4.02072 0.78258 0.98072 0.30541 0.41196 152.77952 195.62801 147.22542 138.42519 0.3 0.3 0.0 0.0 0.0 0.0 0.0 0.0 0.72115 0.0 0.0 45.47487 -0.49999 0.07399 0.0 0.0 0.0 0.0 0.0 0.0 0.0503839114909 45 1 1.0 0.513132446655 -1.78022719
-0.12623 0.35028 3.35743 -0.12979 0.554740214503 4.02072 0.78258 0.98072 0.30541 0.41196 152.77952 195.62801 147.22542 138.42519 0.3 0.3 0.0 0.0 0.0 0.0 0.0 0.0 0.72115 0.0 0.0 45.47487 -0.49999 0.07399 0.0 0.0 0.0 0.0 0.0 0.0 0.0511856258897 46 1 1.0 0.365008863692 -1.8368685711
-0.12623 0.35028 3.35743 -0.12979 0.547786848094 4.02072 0.78258 0.98072 0.30541 0.41196 152.77952 195.62801 147.22542 138.42519 0.3 0.3 0.0 0.0 0.0 0.0 0.0 0.0 0.72115 0.0 0.0 45.47487 -0.49999 0.07399 0.0 0.0 0.0 0.0 0.0 0.0 0.051704718083 47 0 0.985401459854 0.455640375945 -1.8368685711
-0.12623 0.35028 3.35743 -0.12979 0.565187213044 4.02072 0.78258 0.98072 0.30541 0.41196 152.77952 195.62801 147.22542 138.42519 0.3 0.3 0.0 0.0 0.0 0.0 0.0 0.0 0.72115 0.0 0.0 45.47487 -0.49999 0.07399 0.0 0.0 0.0 0.0 0.0 0.0 0.0512159838232 48 0 0.985294117647 0.369497712931 -1.8368685711
-0.12623 0.35028 3.35743 -0.12979 0.525844588662 4.02072 0.78258 0.98072 0.30541 0.41196 152.77952 195.62801 147.22542 138.42519 0.3 0.3 0.0 0.0 0.0 0.0 0.0 0.0 0.72115 0.0 0.0 45.47487 -0.49999 0.07399 0.0 0.0 0.0 0.0 0.0 0.0 0.0515390284877 49 0 0.9375 0.653192059726 -1.8368685711
-0.12623 0.35028 3.35743 -0.12979 0.551762137381 4.02072 0.78258 0.98072 0.30541 0.41196 152.77952 195.62801 147.22542 138.42519 0.3 0.3 0.0 0.0 0.0 0.0 0.0 0.0 0.72115 0.0 0.0 45.47487 -0.49999 0.07399 0.0 0.0 0.0 0.0 0.0 0.0 0.0516510219336 50 1 1.0 0.423958432611 -1.87014584315
