-0.12623 0.35028 3.35743 -0.12979 0.47721 4.02072 0.78258 0.98072 0.30541 0.41196 152.77952 195.62801 147.22542 138.42519 0.3 0.3 0.0 0.0 0.0 0.0 0.0 0.0 0.72115 0.0 0.0 45.47487 -0.49999 0.07399 0.0 0.0 0.0 0.0 0.0 0.0 0.05 0 1 0.823170731707 1.04398140975 -1535.33308486
-0.12623 0.35028 3.35743 -0.12979 0.496574580124 4.02072 0.78258 0.98072 0.30541 0.41196 152.77952 195.62801 147.22542 138.42519 0.3 0.3 0.0 0.0 0.0 0.0 0.0 0.0 0.72115 0.0 0.0 45.47487 -0.49999 0.07399 0.0 0.0 0.0 0.0 0.0 0.0 0.0496665605532 1 1 0.864516129032 0.848742776452 -604.778064693
-0.12623 0.35028 3.35743 -0.12979 0.51989150586 4.02072 0.78258 0.98072 0.30541 0.41196 152.77952 195.62801 147.22542 138.42519 0.3 0.3 0.0 0.0 0.0 0.0 0.0 0.0 0.72115 0.0 0.0 45.47487 -0.49999 0.07399 0.0 0.0 0.0 0.0 0.0 0.0 0.0491646472183 2 1 0.918367346939 0.754599209909 -178.302449785
-0.12623 0.35028 3.35743 -0.12979 0.541325093692 4.02072 0.78258 0.98072 0.30541 0.41196 152.77952 195.62801 147.22542 138.42519 0.3 0.3 0.0 0.0 0.0 0.0 0.0 0.0 0.72115 0.0 0.0 45.47487 -0.49999 0.07399 0.0 0.0 0.0 0.0 0.0 0.0 0.0487904247357 3 1 0.950704225352 0.588822984498 -41.4875584991
-0.12623 0.35028 3.35743 -0.12979 0.531398364747 4.02072 0.78258 0.98072 0.30541 0.41196 152.77952 195.62801 147.22542 138.42519 0.3 0.3 0.0 0.0 0.0 0.0 0.0 0.0 0.72115 0.0 0.0 45.47487 -0.49999 0.07399 0.0 0.0 0.0 0.0 0.0 0.0 0.0494770677419 4 0 0.9375 0.609377991088 -41.4875584991
-0.12623 0.35028 3.35743 -0.12979 0.569841934346 4.02072 0.78258 0.98072 0.30541 0.41196 152.77952 195.62801 147.22542 138.42519 0.3 0.3 0.0 0.0 0.0 0.0 0.0 0.0 0.72115 0.0 0.0 45.47487 -0.49999 0.07399 0.0 0.0 0.0 0.0 0.0 0.0 0.0478645351904 5 1 0.985294117647 0.503856347474 -4.30388079281
-0.12623 0.35028 3.35743 -0.12979 0.569204463272 4.02072 0.78258 0.98072 0.30541 0.41196 152.77952 195.62801 147.22542 138.42519 0.3 0.3 0.0 0.0 0.0 0.0 0.0 0.0 0.72115 0.0 0.0 45.47487 -0.49999 0.07399 0.0 0.0 0.0 0.0 0.0 0.0 0.047436214461 6 1 0.985294117647 0.503594705628 -4.3214896001
-0.12623 0.35028 3.35743 -0.12979 0.588906716326 4.02072 0.78258 0.98072 0.30541 0.41196 152.77952 195.62801 147.22542 138.42519 0.3 0.3 0.0 0.0 0.0 0.0 0.0 0.0 0.72115 0.0 0.0 45.47487 -0.49999 0.07399 0.0 0.0 0.0 0.0 0.0 0.0 0.048200768817 7 0 0.977941176471 0.763509099838 -4.3214896001
-0.12623 0.35028 3.35743 -0.12979 0.480647797129 4.02072 0.78258 0.98072 0.30541 0.41196 152.77952 195.62801 147.22542 138.42519 0.3 0.3 0.0 0.0 0.0 0.0 0.0 0.0 0.72115 0.0 0.0 45.47487 -0.49999 0.07399 0.0 0.0 0.0 0.0 0.0 0.0 0.0476441928903 8 0 0.84375 0.99550356905 -4.3214896001
-0.12623 0.35028 3.35743 -0.12979 0.621101804866 4.02072 0.78258 0.98072 0.30541 0.41196 152.77952 195.62801 147.22542 138.42519 0.3 0.3 0.0 0.0 0.0 0.0 0.0 0.0 0.72115 0.0 0.0 45.47487 -0.49999 0.07399 0.0 0.0 0.0 0.0 0.0 0.0 0.0465915626647 9 0 0.941176470588 1.18858773887 -4.3214896001
-0.12623 0.35028 3.35743 -0.12979 0.579492174624 4.02072 0.78258 0.98072 0.30541 0.41196 152.77952 195.62801 147.22542 138.42519 0.3 0.3 0.0 0.0 0.0 0.0 0.0 0.0 0.72115 0.0 0.0 45.47487 -0.49999 0.07399 0.0 0.0 0.0 0.0 0.0 0.0 0.0466568292349 10 1 0.977941176471 0.427625564797 -6.12678115629
-0.12623 0.35028 3.35743 -0.12979 0.58897910436 4.02072 0.78258 0.98072 0.30541 0.41196 152.77952 195.62801 147.22542 138.42519 0.3 0.3 0.0 0.0 0.0 0.0 0.0 0.0 0.72115 0.0 0.0 45.47487 -0.49999 0.07399 0.0 0.0 0.0 0.0 0.0 0.0 0.0455235997222 11 0 0.977941176471 0.763510024614 -6.12678115629
-0.12623 0.35028 3.35743 -0.12979 0.561071569675 4.02072 0.78258 0.98072 0.30541 0.41196 152.77952 195.62801 147.22542 138.42519 0.3 0.3 0.0 0.0 0.0 0.0 0.0 0.0 0.72115 0.0 0.0 45.47487 -0.49999 0.07399 0.0 0.0 0.0 0.0 0.0 0.0 0.0471146740661 12 1 0.992592592593 0.0380040456511 -1.56225365401
-0.12623 0.35028 3.35743 -0.12979 0.57615437066 4.02072 0.78258 0.98072 0.30541 0.41196 152.77952 195.62801 147.22542 138.42519 0.3 0.3 0.0 0.0 0.0 0.0 0.0 0.0 0.72115 0.0 0.0 45.47487 -0.49999 0.07399 0.0 0.0 0.0 0.0 0.0 0.0 0.0478030729315 13 0 0.977941176471 0.421219516046 -1.56225365401
-0.12623 0.35028 3.35743 -0.12979 0.569407360606 4.02072 0.78258 0.98072 0.30541 0.41196 152.77952 195.62801 147.22542 138.42519 0.3 0.3 0.0 0.0 0.0 0.0 0.0 0.0 0.72115 0.0 0.0 45.47487 -0.49999 0.07399 0.0 0.0 0.0 0.0 0.0 0.0 0.0471589491877 14 0 0.985294117647 0.503579810814 -1.56225365401
-0.12623 0.35028 3.35743 -0.12979 0.581547570534 4.02072 0.78258 0.98072 0.30541 0.41196 152.77952 195.62801 147.22542 138.42519 0.3 0.3 0.0 0.0 0.0 0.0 0.0 0.0 0.72115 0.0 0.0 45.47487 -0.49999 0.07399 0.0 0.0 0.0 0.0 0.0 0.0 0.0465966374643 15 0 0.977941176471 0.408582731507 -1.56225365401
-0.12623 0.35028 3.35743 -0.12979 0.545605621331 4.02072 0.78258 0.98072 0.30541 0.41196 152.77952 195.62801 147.22542 138.42519 0.3 0.3 0.0 0.0 0.0 0.0 0.0 0.0 0.72115 0.0 0.0 45.47487 -0.49999 0.07399 0.0 0.0 0.0 0.0 0.0 0.0 0.046912701302 16 0 0.964285714286 0.429895348758 -1.56225365401
-0.12623 0.35028 3.35743 -0.12979 0.576247078465 4.02072 0.78258 0.98072 0.30541 0.41196 152.77952 195.62801 147.22542 138.42519 0.3 0.3 0.0 0.0 0.0 0.0 0.0 0.0 0.72115 0.0 0.0 45.47487 -0.49999 0.07399 0.0 0.0 0.0 0.0 0.0 0.0 0.0472688755875 17 0 0.977941176471 0.42121891841 -1.56225365401
-0.12623 0.35028 3.35743 -0.12979 0.556229654667 4.02072 0.78258 0.98072 0.30541 0.41196 152.77952 195.62801 147.22542 138.42519 0.3 0.3 0.0 0.0 0.0 0.0 0.0 0.0 0.72115 0.0 0.0 45.47487 -0.49999 0.07399 0.0 0.0 0.0 0.0 0.0 0.0 0.0477723566798 18 1 1.0 0.328847924093 -1.60173399014
-0.12623 0.35028 3.35743 -0.12979 0.540393101187 4.02072 0.78258 0.98072 0.30541 0.41196 152.77952 195.62801 147.22542 138.42519 0.3 0.3 0.0 0.0 0.0 0.0 0.0 0.0 0.72115 0.0 0.0 45.47487 -0.49999 0.07399 0.0 0.0 0.0 0.0 0.0 0.0 0.0476025363791 19 0 0.950704225352 0.595029364909 -1.60173399014
-0.12623 0.35028 3.35743 -0.12979 0.586837764925 4.02072 0.78258 0.98072 0.30541 0.41196 152.77952 195.62801 147.22542 138.42519 0.3 0.3 0.0 0.0 0.0 0.0 0.0 0.0 0.72115 0.0 0.0 45.47487 -0.49999 0.07399 0.0 0.0 0.0 0.0 0.0 0.0 0.0482434333709 20 0 0.977941176471 0.770570880429 -1.60173399014
-0.12623 0.35028 3.35743 -0.12979 0.544636492135 4.02072 0.78258 0.98072 0.30541 0.41196 152.77952 195.62801 147.22542 138.42519 0.3 0.3 0.0 0.0 0.0 0.0 0.0 0.0 0.72115 0.0 0.0 45.47487 -0.49999 0.07399 0.0 0.0 0.0 0.0 0.0 0.0 0.0480905300362 21 0 0.957446808511 0.428508182761 -1.60173399014
-0.12623 0.35028 3.35743 -0.12979 0.52156148066 4.02072 0.78258 0.98072 0.30541 0.41196 152.77952 195.62801 147.22542 138.42519 0.3 0.3 0.0 0.0 0.0 0.0 0.0 0.0 0.72115 0.0 0.0 45.47487 -0.49999 0.07399 0.0 0.0 0.0 0.0 0.0 0.0 0.0488550567054 22 0 0.918367346939 0.725517719514 -1.60173399014
-0.12623 0.35028 3.35743 -0.12979 0.562894071394 4.02072 0.78258 0.98072 0.30541 0.41196 152.77952 195.62801 147.22542 138.42519 0.3 0.3 0.0 0.0 0.0 0.0 0.0 0.0 0.72115 0.0 0.0 45.47487 -0.49999 0.07399 0.0 0.0 0.0 0.0 0.0 0.0 0.0477647501862 23 0 0.977941176471 0.370863311069 -1.60173399014
-0.12623 0.35028 3.35743 -0.12979 0.488310792585 4.02072 0.78258 0.98072 0.30541 0.41196 152.77952 195.62801 147.22542 138.42519 0.3 0.3 0.0 0.0 0.0 0.0 0.0 0.0 0.72115 0.0 0.0 45.47487 -0.49999 0.07399 0.0 0.0 0.0 0.0 0.0 0.0 0.0484363148557 24 0 0.836477987421 0.878977520638 -1.60173399014
-0.12623 0.35028 3.35743 -0.12979 0.539674592982 4.02072 0.78258 0.98072 0.30541 0.41196 152.77952 195.62801 147.22542 138.42519 0.3 0.3 0.0 0.0 0.0 0.0 0.0 0.0 0.72115 0.0 0.0 45.47487 -0.49999 0.07399 0.0 0.0 0.0 0.0 0.0 0.0 0.0485952396913 25 0 0.944055944056 0.593345811825 -1.60173399014
-0.12623 0.35028 3.35743 -0.12979 0.556948042947 4.02072 0.78258 0.98072 0.30541 0.41196 152.77952 195.62801 147.22542 138.42519 0.3 0.3 0.0 0.0 0.0 0.0 0.0 0.0 0.72115 0.0 0.0 45.47487 -0.49999 0.07399 0.0 0.0 0.0 0.0 0.0 0.0 0.0482158370596 26 1 1.0 0.18508934658 -1.63139487082
-0.12623 0.35028 3.35743 -0.12979 0.540810962961 4.02072 0.78258 0.98072 0.30541 0.41196 152.77952 195.62801 147.22542 138.42519 0.3 0.3 0.0 0.0 0.0 0.0 0.0 0.0 0.72115 0.0 0.0 45.47487 -0.49999 0.07399 0.0 0.0 0.0 0.0 0.0 0.0 0.0482134325612 27 0 0.950704225352 0.595490368787 -1.63139487082
-0.12623 0.35028 3.35743 -0.12979 0.539231452384 4.02072 0.78258 0.98072 0.30541 0.41196 152.77952 195.62801 147.22542 138.42519 0.3 0.3 0.0 0.0 0.0 0.0 0.0 0.0 0.72115 0.0 0.0 45.47487 -0.49999 0.07399 0.0 0.0 0.0 0.0 0.0 0.0 0.0472895469828 28 0 0.944055944056 0.588144058179 -1.63139487082
-0.12623 0.35028 3.35743 -0.12979 0.517579878233 4.02072 0.78258 0.98072 0.30541 0.41196 152.77952 195.62801 147.22542 138.42519 0.3 0.3 0.0 0.0 0.0 0.0 0.0 0.0 0.72115 0.0 0.0 45.47487 -0.49999 0.07399 0.0 0.0 0.0 0.0 0.0 0.0 0.0491027363637 29 0 0.912162162162 0.773050725797 -1.63139487082
-0.12623 0.35028 3.35743 -0.12979 0.58047572196 4.02072 0.78258 0.98072 0.30541 0.41196 152.77952 195.62801 147.22542 138.42519 0.3 0.3 0.0 0.0 0.0 0.0 0.0 0.0 0.72115 0.0 0.0 45.47487 -0.49999 0.07399 0.0 0.0 0.0 0.0 0.0 0.0 0.0485712483349 30 0 0.977941176471 0.493383618909 -1.63139487082
-0.12623 0.35028 3.35743 -0.12979 0.548715346716 4.02072 0.78258 0.98072 0.30541 0.41196 152.77952 195.62801 147.22542 138.42519 0.3 0.3 0.0 0.0 0.0 0.0 0.0 0.0 0.72115 0.0 0.0 45.47487 -0.49999 0.07399 0.0 0.0 0.0 0.0 0.0 0.0 0.0481739716505 31 0 0.985401459854 0.454271227852 -1.63139487082
-0.12623 0.35028 3.35743 -0.12979 0.537564837574 4.02072 0.78258 0.98072 0.30541 0.41196 152.77952 195.62801 147.22542 138.42519 0.3 0.3 0.0 0.0 0.0 0.0 0.0 0.0 0.72115 0.0 0.0 45.47487 -0.49999 0.07399 0.0 0.0 0.0 0.0 0.0 0.0 0.0492352431116 32 0 0.944055944056 0.600543556879 -1.63139487082
-0.12623 0.35028 3.35743 -0.12979 0.557973644738 4.02072 0.78258 0.98072 0.30541 0.41196 152.77952 195.62801 147.22542 138.42519 0.3 0.3 0.0 0.0 0.0 0.0 0.0 0.0 0.72115 0.0 0.0 45.47487 -0.49999 0.07399 0.0 0.0 0.0 0.0 0.0 0.0 0.0483486469002 33 1 1.0 0.119707957481 -1.64032926266
-0.12623 0.35028 3.35743 -0.12979 0.537607447135 4.02072 0.78258 0.98072 0.30541 0.41196 152.77952 195.62801 147.22542 138.42519 0.3 0.3 0.0 0.0 0.0 0.0 0.0 0.0 0.72115 0.0 0.0 45.47487 -0.49999 0.07399 0.0 0.0 0.0 0.0 0.0 0.0 0.0479457563067 34 0 0.944055944056 0.60053648435 -1.64032926266
-0.12623 0.35028 3.35743 -0.12979 0.594115892258 4.02072 0.78258 0.98072 0.30541 0.41196 152.77952 195.62801 147.22542 138.42519 0.3 0.3 0.0 0.0 0.0 0.0 0.0 0.0 0.72115 0.0 0.0 45.47487 -0.49999 0.07399 0.0 0.0 0.0 0.0 0.0 0.0 0.0495205843921 35 0 0.955882352941 0.94689935539 -1.64032926266
-0.12623 0.35028 3.35743 -0.12979 0.575817310549 4.02072 0.78258 0.98072 0.30541 0.41196 152.77952 195.62801 147.22542 138.42519 0.3 0.3 0.0 0.0 0.0 0.0 0.0 0.0 0.72115 0.0 0.0 45.47487 -0.49999 0.07399 0.0 0.0 0.0 0.0 0.0 0.0 0.0482182283936 36 0 0.977941176471 0.421220179162 -1.64032926266
-0.12623 0.35028 3.35743 -0.12979 0.516324298016 4.02072 0.78258 0.98072 0.30541 0.41196 152.77952 195.62801 147.22542 138.42519 0.3 0.3 0.0 0.0 0.0 0.0 0.0 0.0 0.72115 0.0 0.0 45.47487 -0.49999 0.07399 0.0 0.0 0.0 0.0 0.0 0.0 0.0491829130823 37 0 0.906040268456 0.780927095598 -1.64032926266
-0.12623 0.35028 3.35743 -0.12979 0.578605692023 4.02072 0.78258 0.98072 0.30541 0.41196 152.77952 195.62801 147.22542 138.42519 0.3 0.3 0.0 0.0 0.0 0.0 0.0 0.0 0.72115 0.0 0.0 45.47487 -0.49999 0.07399 0.0 0.0 0.0 0.0 0.0 0.0 0.0476184790318 38 0 0.977941176471 0.427471826688 -1.64032926266
-0.12623 0.35028 3.35743 -0.12979 0.570507084061 4.02072 0.78258 0.98072 0.30541 0.41196 152.77952 195.62801 147.22542 138.42519 0.3 0.3 0.0 0.0 0.0 0.0 0.0 0.0 0.72115 0.0 0.0 45.47487 -0.49999 0.07399 0.0 0.0 0.0 0.0 0.0 0.0 0.0483570858327 39 1 0.985294117647 0.0888400174981 -1.72301451843
-0.12623 0.35028 3.35743 -0.12979 0.565656062148 4.02072 0.78258 0.98072 0.30541 0.41196 152.77952 195.62801 147.22542 138.42519 0.3 0.3 0.0 0.0 0.0 0.0 0.0 0.0 0.72115 0.0 0.0 45.47487 -0.49999 0.07399 0.0 0.0 0.0 0.0 0.0 0.0 0.0492912062852 40 0 0.985294117647 0.372769642999 -1.72301451843
-0.12623 0.35028 3.35743 -0.12979 0.557323338568 4.02072 0.78258 0.98072 0.30541 0.41196 152.77952 195.62801 147.22542 138.42519 0.3 0.3 0.0 0.0 0.0 0.0 0.0 0.0 0.72115 0.0 0.0 45.47487 -0.49999 0.07399 0.0 0.0 0.0 0.0 0.0 0.0 0.0487693223568 41 1 0.992592592593 0.123883508879 -1.70861720086
-0.12623 0.35028 3.35743 -0.12979 0.544005748139 4.02072 0.78258 0.98072 0.30541 0.41196 152.77952 195.62801 147.22542 138.42519 0.3 0.3 0.0 0.0 0.0 0.0 0.0 0.0 0.72115 0.0 0.0 45.47487 -0.49999 0.07399 0.0 0.0 0.0 0.0 0.0 0.0 0.0488933396387 42 0 0.957446808511 0.457313967383 -1.70861720086
-0.12623 0.35028 3.35743 -0.12979 0.564007218782 4.02072 0.78258 0.98072 0.30541 0.41196 152.77952 195.62801 147.22542 138.42519 0.3 0.3 0.0 0.0 0.0 0.0 0.0 0.0 0.72115 0.0 0.0 45.47487 -0.49999 0.07399 0.0 0.0 0.0 0.0 0.0 0.0 0.0485501126507 43 1 0.985294117647 0.369668570372 -3.06444790032
-0.12623 0.35028 3.35743 -0.12979 0.559653391421 4.02072 0.78258 0.98072 0.30541 0.41196 152.77952 195.62801 147.22542 138.42519 0.3 0.3 0.0 0.0 0.0 0.0 0.0 0.0 0.72115 0.0 0.0 45.47487 -0.49999 0.07399 0.0 0.0 0.0 0.0 0.0 0.0 0.0480855430224 44 1 1.0 0.113063036143 -1.62265291742
-0.12623 0.35028 3.35743 -0.12979 0.563272566432 4.02072 0.78258 0.98072 0.30541 0.41196 152.77952 195.62801 147.22542 138.42519 0.3 0.3 0.0 0.0 0.0 0.0 0.0 0.0 0.72115 0.0 0.0 45.47487 -0.49999 0.07399 0.0 0.0 0.0 0.0 0.0 0.0 0.0476201857929 45 0 0.985294117647 0.369575421703 -1.62265291742
-0.12623 0.35028 3.35743 -0.12979 0.588274900787 4.02072 0.78258 0.98072 0.30541 0.41196 152.77952 195.62801 147.22542 138.42519 0.3 0.3 0.0 0.0 0.0 0.0 0.0 0.0 0.72115 0.0 0.0 45.47487 -0.49999 0.07399 0.0 0.0 0.0 0.0 0.0 0.0 0.0485749693296 46 0 0.977941176471 0.76364905625 -1.62265291742
-0.12623 0.35028 3.35743 -0.12979 0.551099386624 4.02072 0.78258 0.98072 0.30541 0.41196 152.77952 195.62801 147.22542 138.42519 0.3 0.3 0.0 0.0 0.0 0.0 0.0 0.0 0.72115 0.0 0.0 45.47487 -0.49999 0.07399 0.0 0.0 0.0 0.0 0.0 0.0 0.0481029913814 47 1 0.992647058824 0.448504898841 -2.15258996608
-0.12623 0.35028 3.35743 -0.12979 0.531668629515 4.02072 0.78258 0.98072 0.30541 0.41196 152.77952 195.62801 147.22542 138.42519 0.3 0.3 0.0 0.0 0.0 0.0 0.0 0.0 0.72115 0.0 0.0 45.47487 -0.49999 0.07399 0.0 0.0 0.0 0.0 0.0 0.0 0.0487343303906 48 0 0.9375 0.609299149448 -2.15258996608
-0.12623 0.35028 3.35743 -0.12979 0.532396503168 4.02072 0.78258 0.98072 0.30541 0.41196 152.77952 195.62801 147.22542 138.42519 0.3 0.3 0.0 0.0 0.0 0.0 0.0 0.0 0.72115 0.0 0.0 45.47487 -0.49999 0.07399 0.0 0.0 0.0 0.0 0.0 0.0 0.0468553156661 49 0 0.9375 0.610129787207 -2.15258996608
-0.12623 0.35028 3.35743 -0.12979 0.552697319399 4.02072 0.78258 0.98072 0.30541 0.41196 152.77952 195.62801 147.22542 138.42519 0.3 0.3 0.0 0.0 0.0 0.0 0.0 0.0 0.72115 0.0 0.0 45.47487 -0.49999 0.07399 0.0 0.0 0.0 0.0 0.0 0.0 0.0475538285256 50 1 1.0 0.404188563107 -1.58721632759
