-0.12623 0.35028 3.35743 -0.12979 0.55971 4.02072 0.890708862895 0.872591137105 0.30541 0.41196 152.77952 195.62801 147.22542 138.42519 0.3 0.3 0.0 0.0 0.0 0.0 0.0 0.0 0.72115 0.0 0.0 45.47487 -0.49999 0.07399 0.0 0.0 0.0 0.0 0.0 0.0 0.01 0 1 0.89384800965 1.40076979497 -106.864042612
-0.12623 0.35028 3.35743 -0.12979 0.55971 4.02072 0.891933147386 0.871366852614 0.30541 0.41196 152.77952 195.62801 147.22542 138.42519 0.3 0.3 0.0 0.0 0.0 0.0 0.0 0.0 0.72115 0.0 0.0 45.47487 -0.49999 0.07399 0.0 0.0 0.0 0.0 0.0 0.0 0.0104188319701 1 1 0.894451145959 1.40613749211 -97.8147279745
-0.12623 0.35028 3.35743 -0.12979 0.55971 4.02072 0.892415069677 0.870884930323 0.30541 0.41196 152.77952 195.62801 147.22542 138.42519 0.3 0.3 0.0 0.0 0.0 0.0 0.0 0.0 0.72115 0.0 0.0 45.47487 -0.49999 0.07399 0.0 0.0 0.0 0.0 0.0 0.0 0.0102793560774 2 0 0.894451145959 1.4160927756 -97.8147279745
-0.12623 0.35028 3.35743 -0.12979 0.55971 4.02072 0.891455597191 0.871844402809 0.30541 0.41196 152.77952 195.62801 147.22542 138.42519 0.3 0.3 0.0 0.0 0.0 0.0 0.0 0.0 0.72115 0.0 0.0 45.47487 -0.49999 0.07399 0.0 0.0 0.0 0.0 0.0 0.0 0.0116433231353 3 1 0.893244873341 1.4129702125 -80.3847801652
-0.12623 0.35028 3.35743 -0.12979 0.55971 4.02072 0.889113876843 0.874186123157 0.30541 0.41196 152.77952 195.62801 147.22542 138.42519 0.3 0.3 0.0 0.0 0.0 0.0 0.0 0.0 0.72115 0.0 0.0 45.47487 -0.49999 0.07399 0.0 0.0 0.0 0.0 0.0 0.0 0.012578707733 4 1 0.890162945081 1.33332951082 -64.3183709769
-0.12623 0.35028 3.35743 -0.12979 0.55971 4.02072 0.898778668715 0.864521331285 0.30541 0.41196 152.77952 195.62801 147.22542 138.42519 0.3 0.3 0.0 0.0 0.0 0.0 0.0 0.0 0.72115 0.0 0.0 45.47487 -0.49999 0.07399 0.0 0.0 0.0 0.0 0.0 0.0 0.0125443849749 5 0 0.890229191797 1.39501920542 -64.3183709769
-0.12623 0.35028 3.35743 -0.12979 0.55971 4.02072 0.888228759563 0.875071240437 0.30541 0.41196 152.77952 195.62801 147.22542 138.42519 0.3 0.3 0.0 0.0 0.0 0.0 0.0 0.0 0.72115 0.0 0.0 45.47487 -0.49999 0.07399 0.0 0.0 0.0 0.0 0.0 0.0 0.0124770982348 6 1 0.891973445987 1.34113828867 -63.9492157679
-0.12623 0.35028 3.35743 -0.12979 0.55971 4.02072 0.874511766567 0.888788233433 0.30541 0.41196 152.77952 195.62801 147.22542 138.42519 0.3 0.3 0.0 0.0 0.0 0.0 0.0 0.0 0.72115 0.0 0.0 45.47487 -0.49999 0.07399 0.0 0.0 0.0 0.0 0.0 0.0 0.0114635546345 7 1 0.91312272175 1.44570198529 -56.4710983751
-0.12623 0.35028 3.35743 -0.12979 0.55971 4.02072 0.880017004357 0.883282995643 0.30541 0.41196 152.77952 195.62801 147.22542 138.42519 0.3 0.3 0.0 0.0 0.0 0.0 0.0 0.0 0.72115 0.0 0.0 45.47487 -0.49999 0.07399 0.0 0.0 0.0 0.0 0.0 0.0 0.0111688222154 8 0 0.90467516697 1.39225203854 -56.4710983751
-0.12623 0.35028 3.35743 -0.12979 0.55971 4.02072 0.861754625 0.901545375 0.30541 0.41196 152.77952 195.62801 147.22542 138.42519 0.3 0.3 0.0 0.0 0.0 0.0 0.0 0.0 0.72115 0.0 0.0 45.47487 -0.49999 0.07399 0.0 0.0 0.0 0.0 0.0 0.0 0.0121159104685 9 1 0.920170627666 1.38910524997 -38.3902309863
-0.12623 0.35028 3.35743 -0.12979 0.55971 4.02072 0.86106986425 0.90223013575 0.30541 0.41196 152.77952 195.62801 147.22542 138.42519 0.3 0.3 0.0 0.0 0.0 0.0 0.0 0.0 0.72115 0.0 0.0 45.47487 -0.49999 0.07399 0.0 0.0 0.0 0.0 0.0 0.0 0.0122382387089 10 1 0.920170627666 1.38060288493 -37.0661490207
-0.12623 0.35028 3.35743 -0.12979 0.55971 4.02072 0.839280203463 0.924019796537 0.30541 0.41196 152.77952 195.62801 147.22542 138.42519 0.3 0.3 0.0 0.0 0.0 0.0 0.0 0.0 0.72115 0.0 0.0 45.47487 -0.49999 0.07399 0.0 0.0 0.0 0.0 0.0 0.0 0.0118820579156 11 1 0.937807881773 1.10363632088 -13.1705647008
-0.12623 0.35028 3.35743 -0.12979 0.55971 4.02072 0.839499745646 0.923800254354 0.30541 0.41196 152.77952 195.62801 147.22542 138.42519 0.3 0.3 0.0 0.0 0.0 0.0 0.0 0.0 0.72115 0.0 0.0 45.47487 -0.49999 0.07399 0.0 0.0 0.0 0.0 0.0 0.0 0.0121746413762 12 1 0.937807881773 1.16534744488 -14.2295383061
-0.12623 0.35028 3.35743 -0.12979 0.55971 4.02072 0.849721156652 0.913578843348 0.30541 0.41196 152.77952 195.62801 147.22542 138.42519 0.3 0.3 0.0 0.0 0.0 0.0 0.0 0.0 0.72115 0.0 0.0 45.47487 -0.49999 0.07399 0.0 0.0 0.0 0.0 0.0 0.0 0.0120602253463 13 0 0.931818181818 1.21655112503 -14.2295383061
-0.12623 0.35028 3.35743 -0.12979 0.55971 4.02072 0.813511284576 0.949788715424 0.30541 0.41196 152.77952 195.62801 147.22542 138.42519 0.3 0.3 0.0 0.0 0.0 0.0 0.0 0.0 0.72115 0.0 0.0 45.47487 -0.49999 0.07399 0.0 0.0 0.0 0.0 0.0 0.0 0.011730628302 14 1 0.952144188937 1.16002480665 -7.67115206533
-0.12623 0.35028 3.35743 -0.12979 0.55971 4.02072 0.835754268752 0.927545731248 0.30541 0.41196 152.77952 195.62801 147.22542 138.42519 0.3 0.3 0.0 0.0 0.0 0.0 0.0 0.0 0.72115 0.0 0.0 45.47487 -0.49999 0.07399 0.0 0.0 0.0 0.0 0.0 0.0 0.0121980292147 15 0 0.937192118227 1.23150111541 -7.67115206533
-0.12623 0.35028 3.35743 -0.12979 0.55971 4.02072 0.848432928718 0.914867071282 0.30541 0.41196 152.77952 195.62801 147.22542 138.42519 0.3 0.3 0.0 0.0 0.0 0.0 0.0 0.0 0.72115 0.0 0.0 45.47487 -0.49999 0.07399 0.0 0.0 0.0 0.0 0.0 0.0 0.0121066480273 16 0 0.931161647203 1.21221467173 -7.67115206533
-0.12623 0.35028 3.35743 -0.12979 0.55971 4.02072 0.799211499977 0.964088500023 0.30541 0.41196 152.77952 195.62801 147.22542 138.42519 0.3 0.3 0.0 0.0 0.0 0.0 0.0 0.0 0.72115 0.0 0.0 45.47487 -0.49999 0.07399 0.0 0.0 0.0 0.0 0.0 0.0 0.0123224251447 17 1 0.968125 1.24307227941 -1.69236874787
-0.12623 0.35028 3.35743 -0.12979 0.55971 4.02072 0.791668766313 0.971631233687 0.30541 0.41196 152.77952 195.62801 147.22542 138.42519 0.3 0.3 0.0 0.0 0.0 0.0 0.0 0.0 0.72115 0.0 0.0 45.47487 -0.49999 0.07399 0.0 0.0 0.0 0.0 0.0 0.0 0.0131991619495 18 1 0.978629792583 1.13317028239 1.72565952725
-0.12623 0.35028 3.35743 -0.12979 0.55971 4.02072 0.808099262174 0.955200737826 0.30541 0.41196 152.77952 195.62801 147.22542 138.42519 0.3 0.3 0.0 0.0 0.0 0.0 0.0 0.0 0.72115 0.0 0.0 45.47487 -0.49999 0.07399 0.0 0.0 0.0 0.0 0.0 0.0 0.0131442656028 19 0 0.96379525593 1.23523387188 1.72565952725
-0.12623 0.35028 3.35743 -0.12979 0.55971 4.02072 0.798464552568 0.964835447432 0.30541 0.41196 152.77952 195.62801 147.22542 138.42519 0.3 0.3 0.0 0.0 0.0 0.0 0.0 0.0 0.72115 0.0 0.0 45.47487 -0.49999 0.07399 0.0 0.0 0.0 0.0 0.0 0.0 0.0131454466999 20 0 0.969355847405 1.32157945611 1.72565952725
-0.12623 0.35028 3.35743 -0.12979 0.55971 4.02072 0.800698743638 0.962601256362 0.30541 0.41196 152.77952 195.62801 147.22542 138.42519 0.3 0.3 0.0 0.0 0.0 0.0 0.0 0.0 0.72115 0.0 0.0 45.47487 -0.49999 0.07399 0.0 0.0 0.0 0.0 0.0 0.0 0.0120532381441 21 0 0.96875 1.23986097995 1.72565952725
-0.12623 0.35028 3.35743 -0.12979 0.55971 4.02072 0.782840682442 0.980459317558 0.30541 0.41196 152.77952 195.62801 147.22542 138.42519 0.3 0.3 0.0 0.0 0.0 0.0 0.0 0.0 0.72115 0.0 0.0 45.47487 -0.49999 0.07399 0.0 0.0 0.0 0.0 0.0 0.0 0.0123840169535 22 1 0.998100063331 0.176017754221 3.47204544192
-0.12623 0.35028 3.35743 -0.12979 0.55971 4.02072 0.791463218684 0.971836781316 0.30541 0.41196 152.77952 195.62801 147.22542 138.42519 0.3 0.3 0.0 0.0 0.0 0.0 0.0 0.0 0.72115 0.0 0.0 45.47487 -0.49999 0.07399 0.0 0.0 0.0 0.0 0.0 0.0 0.0128586681854 23 0 0.979258328096 1.13628189287 3.47204544192
-0.12623 0.35028 3.35743 -0.12979 0.55971 4.02072 0.801638142693 0.961661857307 0.30541 0.41196 152.77952 195.62801 147.22542 138.42519 0.3 0.3 0.0 0.0 0.0 0.0 0.0 0.0 0.72115 0.0 0.0 45.47487 -0.49999 0.07399 0.0 0.0 0.0 0.0 0.0 0.0 0.0127948660892 24 0 0.9675 1.08611195734 3.47204544192
-0.12623 0.35028 3.35743 -0.12979 0.55971 4.02072 0.763656775351 0.999643224649 0.30541 0.41196 152.77952 195.62801 147.22542 138.42519 0.3 0.3 0.0 0.0 0.0 0.0 0.0 0.0 0.72115 0.0 0.0 45.47487 -0.49999 0.07399 0.0 0.0 0.0 0.0 0.0 0.0 0.0117072022985 25 0 0.969317470257 1.19914683553 3.47204544192
-0.12623 0.35028 3.35743 -0.12979 0.55971 4.02072 0.763071763243 1.00022823676 0.30541 0.41196 152.77952 195.62801 147.22542 138.42519 0.3 0.3 0.0 0.0 0.0 0.0 0.0 0.0 0.72115 0.0 0.0 45.47487 -0.49999 0.07399 0.0 0.0 0.0 0.0 0.0 0.0 0.0121443501755 26 0 0.969962453066 1.17188319294 3.47204544192
-0.12623 0.35028 3.35743 -0.12979 0.55971 4.02072 0.770079829175 0.993220170825 0.30541 0.41196 152.77952 195.62801 147.22542 138.42519 0.3 0.3 0.0 0.0 0.0 0.0 0.0 0.0 0.72115 0.0 0.0 45.47487 -0.49999 0.07399 0.0 0.0 0.0 0.0 0.0 0.0 0.0128360426837 27 0 0.974213836478 1.23559428389 3.47204544192
-0.12623 0.35028 3.35743 -0.12979 0.55971 4.02072 0.793912222477 0.969387777523 0.30541 0.41196 152.77952 195.62801 147.22542 138.42519 0.3 0.3 0.0 0.0 0.0 0.0 0.0 0.0 0.72115 0.0 0.0 45.47487 -0.49999 0.07399 0.0 0.0 0.0 0.0 0.0 0.0 0.0125687461612 28 0 0.973023839398 1.24114373354 3.47204544192
-0.12623 0.35028 3.35743 -0.12979 0.55971 4.02072 0.786199496246 0.977100503754 0.30541 0.41196 152.77952 195.62801 147.22542 138.42519 0.3 0.3 0.0 0.0 0.0 0.0 0.0 0.0 0.72115 0.0 0.0 45.47487 -0.49999 0.07399 0.0 0.0 0.0 0.0 0.0 0.0 0.0122694970032 29 0 0.985534591195 0.970453113074 3.47204544192
-0.12623 0.35028 3.35743 -0.12979 0.55971 4.02072 0.783527971546 0.979772028454 0.30541 0.41196 152.77952 195.62801 147.22542 138.42519 0.3 0.3 0.0 0.0 0.0 0.0 0.0 0.0 0.72115 0.0 0.0 45.47487 -0.49999 0.07399 0.0 0.0 0.0 0.0 0.0 0.0 0.0127679846209 30 1 0.995572422517 0.478863711541 3.42808853746
-0.12623 0.35028 3.35743 -0.12979 0.55971 4.02072 0.78772365644 0.97557634356 0.30541 0.41196 152.77952 195.62801 147.22542 138.42519 0.3 0.3 0.0 0.0 0.0 0.0 0.0 0.0 0.72115 0.0 0.0 45.47487 -0.49999 0.07399 0.0 0.0 0.0 0.0 0.0 0.0 0.0122551981792 31 0 0.983658076681 1.05127362239 3.42808853746
-0.12623 0.35028 3.35743 -0.12979 0.55971 4.02072 0.801894785184 0.961405214816 0.30541 0.41196 152.77952 195.62801 147.22542 138.42519 0.3 0.3 0.0 0.0 0.0 0.0 0.0 0.0 0.72115 0.0 0.0 45.47487 -0.49999 0.07399 0.0 0.0 0.0 0.0 0.0 0.0 0.012188046579 32 0 0.966854283927 1.05382842688 3.42808853746
-0.12623 0.35028 3.35743 -0.12979 0.55971 4.02072 0.779407458898 0.983892541102 0.30541 0.41196 152.77952 195.62801 147.22542 138.42519 0.3 0.3 0.0 0.0 0.0 0.0 0.0 0.0 0.72115 0.0 0.0 45.47487 -0.49999 0.07399 0.0 0.0 0.0 0.0 0.0 0.0 0.0132664783281 33 1 0.986102337334 0.828244608666 3.02716777912
-0.12623 0.35028 3.35743 -0.12979 0.55971 4.02072 0.772225958006 0.991074041994 0.30541 0.41196 152.77952 195.62801 147.22542 138.42519 0.3 0.3 0.0 0.0 0.0 0.0 0.0 0.0 0.72115 0.0 0.0 45.47487 -0.49999 0.07399 0.0 0.0 0.0 0.0 0.0 0.0 0.0139353531942 34 0 0.980478589421 1.22268393511 3.02716777912
-0.12623 0.35028 3.35743 -0.12979 0.55971 4.02072 0.793889202546 0.969410797454 0.30541 0.41196 152.77952 195.62801 147.22542 138.42519 0.3 0.3 0.0 0.0 0.0 0.0 0.0 0.0 0.72115 0.0 0.0 45.47487 -0.49999 0.07399 0.0 0.0 0.0 0.0 0.0 0.0 0.0122466805834 35 0 0.973023839398 1.24098688521 3.02716777912
-0.12623 0.35028 3.35743 -0.12979 0.55971 4.02072 0.771585185077 0.991714814923 0.30541 0.41196 152.77952 195.62801 147.22542 138.42519 0.3 0.3 0.0 0.0 0.0 0.0 0.0 0.0 0.72115 0.0 0.0 45.47487 -0.49999 0.07399 0.0 0.0 0.0 0.0 0.0 0.0 0.013642078939 36 1 0.981108312343 1.23657979374 1.90945270263
-0.12623 0.35028 3.35743 -0.12979 0.55971 4.02072 0.793259634968 0.970040365032 0.30541 0.41196 152.77952 195.62801 147.22542 138.42519 0.3 0.3 0.0 0.0 0.0 0.0 0.0 0.0 0.72115 0.0 0.0 45.47487 -0.49999 0.07399 0.0 0.0 0.0 0.0 0.0 0.0 0.0135033702021 37 0 0.973023839398 1.23358677755 1.90945270263
-0.12623 0.35028 3.35743 -0.12979 0.55971 4.02072 0.762137348174 1.00116265183 0.30541 0.41196 152.77952 195.62801 147.22542 138.42519 0.3 0.3 0.0 0.0 0.0 0.0 0.0 0.0 0.72115 0.0 0.0 45.47487 -0.49999 0.07399 0.0 0.0 0.0 0.0 0.0 0.0 0.0128875951411 38 0 0.96625 1.24853210931 1.90945270263
-0.12623 0.35028 3.35743 -0.12979 0.55971 4.02072 0.78255862585 0.98074137415 0.30541 0.41196 152.77952 195.62801 147.22542 138.42519 0.3 0.3 0.0 0.0 0.0 0.0 0.0 0.0 0.72115 0.0 0.0 45.47487 -0.49999 0.07399 0.0 0.0 0.0 0.0 0.0 0.0 0.0146814622657 39 1 1.0 0.143109340385 3.30223111817
-0.12623 0.35028 3.35743 -0.12979 0.55971 4.02072 0.795985833702 0.967314166298 0.30541 0.41196 152.77952 195.62801 147.22542 138.42519 0.3 0.3 0.0 0.0 0.0 0.0 0.0 0.0 0.72115 0.0 0.0 45.47487 -0.49999 0.07399 0.0 0.0 0.0 0.0 0.0 0.0 0.0148547998814 40 0 0.968710888611 1.26751313869 3.30223111817
-0.12623 0.35028 3.35743 -0.12979 0.55971 4.02072 0.806934206805 0.956365793195 0.30541 0.41196 152.77952 195.62801 147.22542 138.42519 0.3 0.3 0.0 0.0 0.0 0.0 0.0 0.0 0.72115 0.0 0.0 45.47487 -0.49999 0.07399 0.0 0.0 0.0 0.0 0.0 0.0 0.0140210005073 41 0 0.964397251718 1.17963204256 3.30223111817
-0.12623 0.35028 3.35743 -0.12979 0.55971 4.02072 0.782759746057 0.980540253943 0.30541 0.41196 152.77952 195.62801 147.22542 138.42519 0.3 0.3 0.0 0.0 0.0 0.0 0.0 0.0 0.72115 0.0 0.0 45.47487 -0.49999 0.07399 0.0 0.0 0.0 0.0 0.0 0.0 0.0146605219288 42 1 0.998733375554 0.176225105215 3.30354254264
-0.12623 0.35028 3.35743 -0.12979 0.55971 4.02072 0.783130800274 0.980169199726 0.30541 0.41196 152.77952 195.62801 147.22542 138.42519 0.3 0.3 0.0 0.0 0.0 0.0 0.0 0.0 0.72115 0.0 0.0 45.47487 -0.49999 0.07399 0.0 0.0 0.0 0.0 0.0 0.0 0.0148718730114 43 1 0.994939911448 0.472887703524 3.27640096145
-0.12623 0.35028 3.35743 -0.12979 0.55971 4.02072 0.765868175778 0.997431824222 0.30541 0.41196 152.77952 195.62801 147.22542 138.42519 0.3 0.3 0.0 0.0 0.0 0.0 0.0 0.0 0.72115 0.0 0.0 45.47487 -0.49999 0.07399 0.0 0.0 0.0 0.0 0.0 0.0 0.0152109832518 44 0 0.967438948028 1.23358608474 3.27640096145
-0.12623 0.35028 3.35743 -0.12979 0.55971 4.02072 0.78167574223 0.98162425777 0.30541 0.41196 152.77952 195.62801 147.22542 138.42519 0.3 0.3 0.0 0.0 0.0 0.0 0.0 0.0 0.72115 0.0 0.0 45.47487 -0.49999 0.07399 0.0 0.0 0.0 0.0 0.0 0.0 0.0145927653611 45 1 0.991150442478 0.308206455672 3.29082373999
-0.12623 0.35028 3.35743 -0.12979 0.55971 4.02072 0.778501516179 0.984798483821 0.30541 0.41196 152.77952 195.62801 147.22542 138.42519 0.3 0.3 0.0 0.0 0.0 0.0 0.0 0.0 0.72115 0.0 0.0 45.47487 -0.49999 0.07399 0.0 0.0 0.0 0.0 0.0 0.0 0.0134489182303 46 0 0.981703470032 0.973381647146 3.29082373999
-0.12623 0.35028 3.35743 -0.12979 0.55971 4.02072 0.772220902646 0.991079097354 0.30541 0.41196 152.77952 195.62801 147.22542 138.42519 0.3 0.3 0.0 0.0 0.0 0.0 0.0 0.0 0.72115 0.0 0.0 45.47487 -0.49999 0.07399 0.0 0.0 0.0 0.0 0.0 0.0 0.0148762903924 47 0 0.980478589421 1.22265195293 3.29082373999
-0.12623 0.35028 3.35743 -0.12979 0.55971 4.02072 0.803140424727 0.960159575273 0.30541 0.41196 152.77952 195.62801 147.22542 138.42519 0.3 0.3 0.0 0.0 0.0 0.0 0.0 0.0 0.72115 0.0 0.0 45.47487 -0.49999 0.07399 0.0 0.0 0.0 0.0 0.0 0.0 0.0149546317377 48 0 0.966895690194 1.09721736198 3.29082373999
-0.12623 0.35028 3.35743 -0.12979 0.55971 4.02072 0.779098904754 0.984201095246 0.30541 0.41196 152.77952 195.62801 147.22542 138.42519 0.3 0.3 0.0 0.0 0.0 0.0 0.0 0.0 0.72115 0.0 0.0 45.47487 -0.49999 0.07399 0.0 0.0 0.0 0.0 0.0 0.0 0.014996764189 49 1 0.984848484848 0.855496748433 2.90745379676
-0.12623 0.35028 3.35743 -0.12979 0.55971 4.02072 0.800716255481 0.962583744519 0.30541 0.41196 152.77952 195.62801 147.22542 138.42519 0.3 0.3 0.0 0.0 0.0 0.0 0.0 0.0 0.72115 0.0 0.0 45.47487 -0.49999 0.07399 0.0 0.0 0.0 0.0 0.0 0.0 0.0145504067448 50 0 0.96875 1.24305087134 2.90745379676
