-0.12623 0.35028 3.35743 -0.12979 0.55971 4.02072 0.925354124057 0.837945875943 0.30541 0.41196 152.77952 195.62801 147.22542 138.42519 0.3 0.3 0.0 0.0 0.0 0.0 0.0 0.0 0.72115 0.0 0.0 45.47487 -0.49999 0.07399 0.0 0.0 0.0 0.0 0.0 0.0 0.01 0 1 0.864558472554 1.4833727549 -198.138454712
-0.12623 0.35028 3.35743 -0.12979 0.55971 4.02072 0.934591701602 0.828708298398 0.30541 0.41196 152.77952 195.62801 147.22542 138.42519 0.3 0.3 0.0 0.0 0.0 0.0 0.0 0.0 0.72115 0.0 0.0 45.47487 -0.49999 0.07399 0.0 0.0 0.0 0.0 0.0 0.0 0.00997048676209 1 1 0.861474435196 1.43315917378 -194.548397047
-0.12623 0.35028 3.35743 -0.12979 0.55971 4.02072 0.913031836449 0.850268163551 0.30541 0.41196 152.77952 195.62801 147.22542 138.42519 0.3 0.3 0.0 0.0 0.0 0.0 0.0 0.0 0.72115 0.0 0.0 45.47487 -0.49999 0.07399 0.0 0.0 0.0 0.0 0.0 0.0 0.0102093577668 2 1 0.875899280576 1.38105391964 -137.244880964
-0.12623 0.35028 3.35743 -0.12979 0.55971 4.02072 0.907222391149 0.856077608851 0.30541 0.41196 152.77952 195.62801 147.22542 138.42519 0.3 0.3 0.0 0.0 0.0 0.0 0.0 0.0 0.72115 0.0 0.0 45.47487 -0.49999 0.07399 0.0 0.0 0.0 0.0 0.0 0.0 0.009806979064 3 1 0.883944678292 1.32644182758 -119.492954578
-0.12623 0.35028 3.35743 -0.12979 0.55971 4.02072 0.885160098837 0.878139901163 0.30541 0.41196 152.77952 195.62801 147.22542 138.42519 0.3 0.3 0.0 0.0 0.0 0.0 0.0 0.0 0.72115 0.0 0.0 45.47487 -0.49999 0.07399 0.0 0.0 0.0 0.0 0.0 0.0 0.00920474923088 4 1 0.900121065375 1.37794525486 -108.009282884
-0.12623 0.35028 3.35743 -0.12979 0.55971 4.02072 0.897888542646 0.865411457354 0.30541 0.41196 152.77952 195.62801 147.22542 138.42519 0.3 0.3 0.0 0.0 0.0 0.0 0.0 0.0 0.72115 0.0 0.0 45.47487 -0.49999 0.07399 0.0 0.0 0.0 0.0 0.0 0.0 0.00951612279365 5 0 0.890832328106 1.3503140067 -108.009282884
-0.12623 0.35028 3.35743 -0.12979 0.55971 4.02072 0.889597133443 0.873702866557 0.30541 0.41196 152.77952 195.62801 147.22542 138.42519 0.3 0.3 0.0 0.0 0.0 0.0 0.0 0.0 0.72115 0.0 0.0 45.47487 -0.49999 0.07399 0.0 0.0 0.0 0.0 0.0 0.0 0.0086574956349 6 0 0.88902291918 1.32561961974 -108.009282884
-0.12623 0.35028 3.35743 -0.12979 0.55971 4.02072 0.872238004815 0.891061995185 0.30541 0.41196 152.77952 195.62801 147.22542 138.42519 0.3 0.3 0.0 0.0 0.0 0.0 0.0 0.0 0.72115 0.0 0.0 45.47487 -0.49999 0.07399 0.0 0.0 0.0 0.0 0.0 0.0 0.00974558167945 7 1 0.913730255164 1.36224866842 -68.9963464153
-0.12623 0.35028 3.35743 -0.12979 0.55971 4.02072 0.877406536169 0.885893463831 0.30541 0.41196 152.77952 195.62801 147.22542 138.42519 0.3 0.3 0.0 0.0 0.0 0.0 0.0 0.0 0.72115 0.0 0.0 45.47487 -0.49999 0.07399 0.0 0.0 0.0 0.0 0.0 0.0 0.00960197833012 8 0 0.904126213592 1.40468769298 -68.9963464153
-0.12623 0.35028 3.35743 -0.12979 0.55971 4.02072 0.873366027757 0.889933972243 0.30541 0.41196 152.77952 195.62801 147.22542 138.42519 0.3 0.3 0.0 0.0 0.0 0.0 0.0 0.0 0.72115 0.0 0.0 45.47487 -0.49999 0.07399 0.0 0.0 0.0 0.0 0.0 0.0 0.00845625818755 9 0 0.913730255164 1.45575626836 -68.9963464153
-0.12623 0.35028 3.35743 -0.12979 0.55971 4.02072 0.886114598602 0.877185401398 0.30541 0.41196 152.77952 195.62801 147.22542 138.42519 0.3 0.3 0.0 0.0 0.0 0.0 0.0 0.0 0.72115 0.0 0.0 45.47487 -0.49999 0.07399 0.0 0.0 0.0 0.0 0.0 0.0 0.0102189787386 10 0 0.89667673716 1.35982731971 -68.9963464153
-0.12623 0.35028 3.35743 -0.12979 0.55971 4.02072 0.883951569144 0.879348430856 0.30541 0.41196 152.77952 195.62801 147.22542 138.42519 0.3 0.3 0.0 0.0 0.0 0.0 0.0 0.0 0.72115 0.0 0.0 45.47487 -0.49999 0.07399 0.0 0.0 0.0 0.0 0.0 0.0 0.0100374857939 11 0 0.903694730466 1.33228893725 -68.9963464153
-0.12623 0.35028 3.35743 -0.12979 0.55971 4.02072 0.872799018172 0.890500981828 0.30541 0.41196 152.77952 195.62801 147.22542 138.42519 0.3 0.3 0.0 0.0 0.0 0.0 0.0 0.0 0.72115 0.0 0.0 45.47487 -0.49999 0.07399 0.0 0.0 0.0 0.0 0.0 0.0 0.0100390548219 12 1 0.913730255164 1.38216816551 -66.8556678148
-0.12623 0.35028 3.35743 -0.12979 0.55971 4.02072 0.903724707737 0.859575292263 0.30541 0.41196 152.77952 195.62801 147.22542 138.42519 0.3 0.3 0.0 0.0 0.0 0.0 0.0 0.0 0.72115 0.0 0.0 45.47487 -0.49999 0.07399 0.0 0.0 0.0 0.0 0.0 0.0 0.0109436218257 13 0 0.885611077664 1.3769930779 -66.8556678148
-0.12623 0.35028 3.35743 -0.12979 0.55971 4.02072 0.867931511262 0.895368488738 0.30541 0.41196 152.77952 195.62801 147.22542 138.42519 0.3 0.3 0.0 0.0 0.0 0.0 0.0 0.0 0.72115 0.0 0.0 45.47487 -0.49999 0.07399 0.0 0.0 0.0 0.0 0.0 0.0 0.0104626958161 14 1 0.916666666667 1.24781799321 -45.7471542828
-0.12623 0.35028 3.35743 -0.12979 0.55971 4.02072 0.870480286191 0.892819713809 0.30541 0.41196 152.77952 195.62801 147.22542 138.42519 0.3 0.3 0.0 0.0 0.0 0.0 0.0 0.0 0.72115 0.0 0.0 45.47487 -0.49999 0.07399 0.0 0.0 0.0 0.0 0.0 0.0 0.0104148814143 15 0 0.915552855407 1.30233919268 -45.7471542828
-0.12623 0.35028 3.35743 -0.12979 0.55971 4.02072 0.857922664398 0.905377335602 0.30541 0.41196 152.77952 195.62801 147.22542 138.42519 0.3 0.3 0.0 0.0 0.0 0.0 0.0 0.0 0.72115 0.0 0.0 45.47487 -0.49999 0.07399 0.0 0.0 0.0 0.0 0.0 0.0 0.0107944086353 16 1 0.92608430055 1.28677307388 -35.209681898
-0.12623 0.35028 3.35743 -0.12979 0.55971 4.02072 0.866322036963 0.896977963037 0.30541 0.41196 152.77952 195.62801 147.22542 138.42519 0.3 0.3 0.0 0.0 0.0 0.0 0.0 0.0 0.72115 0.0 0.0 45.47487 -0.49999 0.07399 0.0 0.0 0.0 0.0 0.0 0.0 0.0112090443083 17 0 0.916514320536 1.33556300453 -35.209681898
-0.12623 0.35028 3.35743 -0.12979 0.55971 4.02072 0.874089651433 0.889210348567 0.30541 0.41196 152.77952 195.62801 147.22542 138.42519 0.3 0.3 0.0 0.0 0.0 0.0 0.0 0.0 0.72115 0.0 0.0 45.47487 -0.49999 0.07399 0.0 0.0 0.0 0.0 0.0 0.0 0.0111969901916 18 0 0.912515188335 1.44614987988 -35.209681898
-0.12623 0.35028 3.35743 -0.12979 0.55971 4.02072 0.84964025398 0.91365974602 0.30541 0.41196 152.77952 195.62801 147.22542 138.42519 0.3 0.3 0.0 0.0 0.0 0.0 0.0 0.0 0.72115 0.0 0.0 45.47487 -0.49999 0.07399 0.0 0.0 0.0 0.0 0.0 0.0 0.0101525959818 19 1 0.931818181818 1.21389999881 -29.5580276972
-0.12623 0.35028 3.35743 -0.12979 0.55971 4.02072 0.834526903756 0.928773096244 0.30541 0.41196 152.77952 195.62801 147.22542 138.42519 0.3 0.3 0.0 0.0 0.0 0.0 0.0 0.0 0.72115 0.0 0.0 45.47487 -0.49999 0.07399 0.0 0.0 0.0 0.0 0.0 0.0 0.0098848435508 20 1 0.938461538462 1.21954092192 -25.1236758871
-0.12623 0.35028 3.35743 -0.12979 0.55971 4.02072 0.835715157098 0.927584842902 0.30541 0.41196 152.77952 195.62801 147.22542 138.42519 0.3 0.3 0.0 0.0 0.0 0.0 0.0 0.0 0.72115 0.0 0.0 45.47487 -0.49999 0.07399 0.0 0.0 0.0 0.0 0.0 0.0 0.0102219427516 21 1 0.937192118227 1.23126481574 -24.9533949712
-0.12623 0.35028 3.35743 -0.12979 0.55971 4.02072 0.837280924291 0.926019075709 0.30541 0.41196 152.77952 195.62801 147.22542 138.42519 0.3 0.3 0.0 0.0 0.0 0.0 0.0 0.0 0.72115 0.0 0.0 45.47487 -0.49999 0.07399 0.0 0.0 0.0 0.0 0.0 0.0 0.0100831434436 22 1 0.937807881773 1.21135776667 -24.2342225455
-0.12623 0.35028 3.35743 -0.12979 0.55971 4.02072 0.853800774208 0.909499225792 0.30541 0.41196 152.77952 195.62801 147.22542 138.42519 0.3 0.3 0.0 0.0 0.0 0.0 0.0 0.0 0.72115 0.0 0.0 45.47487 -0.49999 0.07399 0.0 0.0 0.0 0.0 0.0 0.0 0.00992449430886 23 0 0.930674846626 1.27430828056 -24.2342225455
-0.12623 0.35028 3.35743 -0.12979 0.55971 4.02072 0.83301195597 0.93028804403 0.30541 0.41196 152.77952 195.62801 147.22542 138.42519 0.3 0.3 0.0 0.0 0.0 0.0 0.0 0.0 0.72115 0.0 0.0 45.47487 -0.49999 0.07399 0.0 0.0 0.0 0.0 0.0 0.0 0.010567003055 24 1 0.937692782233 1.25709299135 -23.8401343878
-0.12623 0.35028 3.35743 -0.12979 0.55971 4.02072 0.810634151129 0.952665848871 0.30541 0.41196 152.77952 195.62801 147.22542 138.42519 0.3 0.3 0.0 0.0 0.0 0.0 0.0 0.0 0.72115 0.0 0.0 45.47487 -0.49999 0.07399 0.0 0.0 0.0 0.0 0.0 0.0 0.0104819142662 25 1 0.956440572495 1.23490817289 -9.52891451154
-0.12623 0.35028 3.35743 -0.12979 0.55971 4.02072 0.813489498846 0.949810501154 0.30541 0.41196 152.77952 195.62801 147.22542 138.42519 0.3 0.3 0.0 0.0 0.0 0.0 0.0 0.0 0.72115 0.0 0.0 45.47487 -0.49999 0.07399 0.0 0.0 0.0 0.0 0.0 0.0 0.0108733339101 26 1 0.952144188937 1.16010244556 -9.43236352035
-0.12623 0.35028 3.35743 -0.12979 0.55971 4.02072 0.808933209142 0.954366790858 0.30541 0.41196 152.77952 195.62801 147.22542 138.42519 0.3 0.3 0.0 0.0 0.0 0.0 0.0 0.0 0.72115 0.0 0.0 45.47487 -0.49999 0.07399 0.0 0.0 0.0 0.0 0.0 0.0 0.0110682519642 27 1 0.960747663551 1.1801605988 -5.17367218632
-0.12623 0.35028 3.35743 -0.12979 0.55971 4.02072 0.824029089226 0.939270910774 0.30541 0.41196 152.77952 195.62801 147.22542 138.42519 0.3 0.3 0.0 0.0 0.0 0.0 0.0 0.0 0.72115 0.0 0.0 45.47487 -0.49999 0.07399 0.0 0.0 0.0 0.0 0.0 0.0 0.0107571541827 28 0 0.952380952381 1.34814804563 -5.17367218632
-0.12623 0.35028 3.35743 -0.12979 0.55971 4.02072 0.829572881876 0.933727118124 0.30541 0.41196 152.77952 195.62801 147.22542 138.42519 0.3 0.3 0.0 0.0 0.0 0.0 0.0 0.0 0.72115 0.0 0.0 45.47487 -0.49999 0.07399 0.0 0.0 0.0 0.0 0.0 0.0 0.0107323272931 29 0 0.946815089672 1.2186349501 -5.17367218632
-0.12623 0.35028 3.35743 -0.12979 0.55971 4.02072 0.808693688206 0.954606311794 0.30541 0.41196 152.77952 195.62801 147.22542 138.42519 0.3 0.3 0.0 0.0 0.0 0.0 0.0 0.0 0.72115 0.0 0.0 45.47487 -0.49999 0.07399 0.0 0.0 0.0 0.0 0.0 0.0 0.0106996704745 30 1 0.961394769614 1.17966771537 -5.4395748989
-0.12623 0.35028 3.35743 -0.12979 0.55971 4.02072 0.804865566232 0.958434433768 0.30541 0.41196 152.77952 195.62801 147.22542 138.42519 0.3 0.3 0.0 0.0 0.0 0.0 0.0 0.0 0.72115 0.0 0.0 45.47487 -0.49999 0.07399 0.0 0.0 0.0 0.0 0.0 0.0 0.0113800699124 31 1 0.966895690194 1.23252071014 -2.87048148738
-0.12623 0.35028 3.35743 -0.12979 0.55971 4.02072 0.796204966833 0.967095033167 0.30541 0.41196 152.77952 195.62801 147.22542 138.42519 0.3 0.3 0.0 0.0 0.0 0.0 0.0 0.0 0.72115 0.0 0.0 45.47487 -0.49999 0.07399 0.0 0.0 0.0 0.0 0.0 0.0 0.0117009116296 32 1 0.967459324155 1.26153765991 -2.62522822939
-0.12623 0.35028 3.35743 -0.12979 0.55971 4.02072 0.777591671408 0.985708328592 0.30541 0.41196 152.77952 195.62801 147.22542 138.42519 0.3 0.3 0.0 0.0 0.0 0.0 0.0 0.0 0.72115 0.0 0.0 45.47487 -0.49999 0.07399 0.0 0.0 0.0 0.0 0.0 0.0 0.0122651459265 33 1 0.982345523329 0.994746179283 2.45697266603
-0.12623 0.35028 3.35743 -0.12979 0.55971 4.02072 0.806055872658 0.957244127342 0.30541 0.41196 152.77952 195.62801 147.22542 138.42519 0.3 0.3 0.0 0.0 0.0 0.0 0.0 0.0 0.72115 0.0 0.0 45.47487 -0.49999 0.07399 0.0 0.0 0.0 0.0 0.0 0.0 0.012041380135 34 0 0.966271080575 1.1822724651 2.45697266603
-0.12623 0.35028 3.35743 -0.12979 0.55971 4.02072 0.787246653866 0.976053346134 0.30541 0.41196 152.77952 195.62801 147.22542 138.42519 0.3 0.3 0.0 0.0 0.0 0.0 0.0 0.0 0.72115 0.0 0.0 45.47487 -0.49999 0.07399 0.0 0.0 0.0 0.0 0.0 0.0 0.0123133746392 35 1 0.984286612194 1.01305032614 2.64249398211
-0.12623 0.35028 3.35743 -0.12979 0.55971 4.02072 0.760698206491 1.00260179351 0.30541 0.41196 152.77952 195.62801 147.22542 138.42519 0.3 0.3 0.0 0.0 0.0 0.0 0.0 0.0 0.72115 0.0 0.0 45.47487 -0.49999 0.07399 0.0 0.0 0.0 0.0 0.0 0.0 0.0121088711275 36 0 0.964375 1.20908849942 2.64249398211
-0.12623 0.35028 3.35743 -0.12979 0.55971 4.02072 0.781359812042 0.981940187958 0.30541 0.41196 152.77952 195.62801 147.22542 138.42519 0.3 0.3 0.0 0.0 0.0 0.0 0.0 0.0 0.72115 0.0 0.0 45.47487 -0.49999 0.07399 0.0 0.0 0.0 0.0 0.0 0.0 0.0117493817651 37 1 0.99052432091 0.640126390066 3.39175847973
-0.12623 0.35028 3.35743 -0.12979 0.55971 4.02072 0.78382335657 0.97947664343 0.30541 0.41196 152.77952 195.62801 147.22542 138.42519 0.3 0.3 0.0 0.0 0.0 0.0 0.0 0.0 0.72115 0.0 0.0 45.47487 -0.49999 0.07399 0.0 0.0 0.0 0.0 0.0 0.0 0.0113493551281 38 1 0.995572422517 0.48040301338 3.54209392363
-0.12623 0.35028 3.35743 -0.12979 0.55971 4.02072 0.794319347164 0.968980652836 0.30541 0.41196 152.77952 195.62801 147.22542 138.42519 0.3 0.3 0.0 0.0 0.0 0.0 0.0 0.0 0.72115 0.0 0.0 45.47487 -0.49999 0.07399 0.0 0.0 0.0 0.0 0.0 0.0 0.010719126136 39 0 0.97365119197 1.25442985656 3.54209392363
-0.12623 0.35028 3.35743 -0.12979 0.55971 4.02072 0.80365432524 0.95964567476 0.30541 0.41196 152.77952 195.62801 147.22542 138.42519 0.3 0.3 0.0 0.0 0.0 0.0 0.0 0.0 0.72115 0.0 0.0 45.47487 -0.49999 0.07399 0.0 0.0 0.0 0.0 0.0 0.0 0.0116091429392 40 0 0.965667915106 1.0634655764 3.54209392363
-0.12623 0.35028 3.35743 -0.12979 0.55971 4.02072 0.779428806822 0.983871193178 0.30541 0.41196 152.77952 195.62801 147.22542 138.42519 0.3 0.3 0.0 0.0 0.0 0.0 0.0 0.0 0.72115 0.0 0.0 45.47487 -0.49999 0.07399 0.0 0.0 0.0 0.0 0.0 0.0 0.0111991914791 41 0 0.986734049274 0.762149849563 3.54209392363
-0.12623 0.35028 3.35743 -0.12979 0.55971 4.02072 0.759683898244 1.00361610176 0.30541 0.41196 152.77952 195.62801 147.22542 138.42519 0.3 0.3 0.0 0.0 0.0 0.0 0.0 0.0 0.72115 0.0 0.0 45.47487 -0.49999 0.07399 0.0 0.0 0.0 0.0 0.0 0.0 0.0112432931035 42 0 0.962523422861 1.17553305314 3.54209392363
-0.12623 0.35028 3.35743 -0.12979 0.55971 4.02072 0.766109518878 0.997190481122 0.30541 0.41196 152.77952 195.62801 147.22542 138.42519 0.3 0.3 0.0 0.0 0.0 0.0 0.0 0.0 0.72115 0.0 0.0 45.47487 -0.49999 0.07399 0.0 0.0 0.0 0.0 0.0 0.0 0.0112564710924 43 0 0.96869129618 1.25769425214 3.54209392363
-0.12623 0.35028 3.35743 -0.12979 0.55971 4.02072 0.781796016359 0.981503983641 0.30541 0.41196 152.77952 195.62801 147.22542 138.42519 0.3 0.3 0.0 0.0 0.0 0.0 0.0 0.0 0.72115 0.0 0.0 45.47487 -0.49999 0.07399 0.0 0.0 0.0 0.0 0.0 0.0 0.0101249110307 44 1 0.991777356104 0.299420100337 3.64425329041
-0.12623 0.35028 3.35743 -0.12979 0.55971 4.02072 0.807700356203 0.955599643797 0.30541 0.41196 152.77952 195.62801 147.22542 138.42519 0.3 0.3 0.0 0.0 0.0 0.0 0.0 0.0 0.72115 0.0 0.0 45.47487 -0.49999 0.07399 0.0 0.0 0.0 0.0 0.0 0.0 0.0099163331772 45 0 0.96379525593 1.20129903788 3.64425329041
-0.12623 0.35028 3.35743 -0.12979 0.55971 4.02072 0.783035612799 0.980264387201 0.30541 0.41196 152.77952 195.62801 147.22542 138.42519 0.3 0.3 0.0 0.0 0.0 0.0 0.0 0.0 0.72115 0.0 0.0 45.47487 -0.49999 0.07399 0.0 0.0 0.0 0.0 0.0 0.0 0.0101430026945 46 1 0.998100063331 0.176773235822 3.67148445616
-0.12623 0.35028 3.35743 -0.12979 0.55971 4.02072 0.776257370358 0.987042629642 0.30541 0.41196 152.77952 195.62801 147.22542 138.42519 0.3 0.3 0.0 0.0 0.0 0.0 0.0 0.0 0.72115 0.0 0.0 45.47487 -0.49999 0.07399 0.0 0.0 0.0 0.0 0.0 0.0 0.00974985504973 47 0 0.981096408318 1.09543795372 3.67148445616
-0.12623 0.35028 3.35743 -0.12979 0.55971 4.02072 0.764779486162 0.998520513838 0.30541 0.41196 152.77952 195.62801 147.22542 138.42519 0.3 0.3 0.0 0.0 0.0 0.0 0.0 0.0 0.72115 0.0 0.0 45.47487 -0.49999 0.07399 0.0 0.0 0.0 0.0 0.0 0.0 0.010750430455 48 0 0.968710888611 1.26698603959 3.67148445616
-0.12623 0.35028 3.35743 -0.12979 0.55971 4.02072 0.785474121313 0.977825878687 0.30541 0.41196 152.77952 195.62801 147.22542 138.42519 0.3 0.3 0.0 0.0 0.0 0.0 0.0 0.0 0.72115 0.0 0.0 45.47487 -0.49999 0.07399 0.0 0.0 0.0 0.0 0.0 0.0 0.00979728574228 49 1 0.98741346759 0.816823946083 3.15612230825
-0.12623 0.35028 3.35743 -0.12979 0.55971 4.02072 0.809932913825 0.953367086175 0.30541 0.41196 152.77952 195.62801 147.22542 138.42519 0.3 0.3 0.0 0.0 0.0 0.0 0.0 0.0 0.72115 0.0 0.0 45.47487 -0.49999 0.07399 0.0 0.0 0.0 0.0 0.0 0.0 0.00991625119482 50 0 0.956440572495 1.2253301908 3.15612230825
