-0.12623 0.35028 3.35743 -0.12979 0.55971 4.02072 0.767150012105 0.996149987895 0.30541 0.41196 152.77952 195.62801 147.22542 138.42519 0.3 0.3 0.0 0.0 0.0 0.0 0.0 0.0 0.72115 0.0 0.0 45.47487 -0.49999 0.07399 0.0 0.0 0.0 0.0 0.0 0.0 0.01 0 1 0.973023839398 1.1463628806 -1.09538231615
-0.12623 0.35028 3.35743 -0.12979 0.55971 4.02072 0.766399893747 0.996900106253 0.30541 0.41196 152.77952 195.62801 147.22542 138.42519 0.3 0.3 0.0 0.0 0.0 0.0 0.0 0.0 0.72115 0.0 0.0 45.47487 -0.49999 0.07399 0.0 0.0 0.0 0.0 0.0 0.0 0.01010095045 1 1 0.971195992486 1.26277251666 -2.80719456184
-0.12623 0.35028 3.35743 -0.12979 0.55971 4.02072 0.772622952753 0.990677047247 0.30541 0.41196 152.77952 195.62801 147.22542 138.42519 0.3 0.3 0.0 0.0 0.0 0.0 0.0 0.0 0.72115 0.0 0.0 45.47487 -0.49999 0.07399 0.0 0.0 0.0 0.0 0.0 0.0 0.0104404623948 2 1 0.980466288595 1.21965974278 1.03950876504
-0.12623 0.35028 3.35743 -0.12979 0.55971 4.02072 0.775454601413 0.987845398587 0.30541 0.41196 152.77952 195.62801 147.22542 138.42519 0.3 0.3 0.0 0.0 0.0 0.0 0.0 0.0 0.72115 0.0 0.0 45.47487 -0.49999 0.07399 0.0 0.0 0.0 0.0 0.0 0.0 0.0107864684771 3 1 0.982986767486 1.11082977124 2.07562411357
-0.12623 0.35028 3.35743 -0.12979 0.55971 4.02072 0.7857252259 0.9775747741 0.30541 0.41196 152.77952 195.62801 147.22542 138.42519 0.3 0.3 0.0 0.0 0.0 0.0 0.0 0.0 0.72115 0.0 0.0 45.47487 -0.49999 0.07399 0.0 0.0 0.0 0.0 0.0 0.0 0.0110692108283 4 1 0.986784140969 0.848755951595 3.07120521635
-0.12623 0.35028 3.35743 -0.12979 0.55971 4.02072 0.773466523306 0.989833476694 0.30541 0.41196 152.77952 195.62801 147.22542 138.42519 0.3 0.3 0.0 0.0 0.0 0.0 0.0 0.0 0.72115 0.0 0.0 45.47487 -0.49999 0.07399 0.0 0.0 0.0 0.0 0.0 0.0 0.0112975938859 5 1 0.984247006931 1.18099778424 2.20834334899
-0.12623 0.35028 3.35743 -0.12979 0.55971 4.02072 0.7827319133 0.9805680867 0.30541 0.41196 152.77952 195.62801 147.22542 138.42519 0.3 0.3 0.0 0.0 0.0 0.0 0.0 0.0 0.72115 0.0 0.0 45.47487 -0.49999 0.07399 0.0 0.0 0.0 0.0 0.0 0.0 0.0117782321795 6 1 0.999366286439 0.176504590623 3.52251855561
-0.12623 0.35028 3.35743 -0.12979 0.55971 4.02072 0.7867191831 0.9765808169 0.30541 0.41196 152.77952 195.62801 147.22542 138.42519 0.3 0.3 0.0 0.0 0.0 0.0 0.0 0.0 0.72115 0.0 0.0 45.47487 -0.49999 0.07399 0.0 0.0 0.0 0.0 0.0 0.0 0.0116550364861 7 1 0.983029541169 1.03855875104 2.38969453512
-0.12623 0.35028 3.35743 -0.12979 0.55971 4.02072 0.760087198162 1.00321280184 0.30541 0.41196 152.77952 195.62801 147.22542 138.42519 0.3 0.3 0.0 0.0 0.0 0.0 0.0 0.0 0.72115 0.0 0.0 45.47487 -0.49999 0.07399 0.0 0.0 0.0 0.0 0.0 0.0 0.0109182877431 8 0 0.963772642099 1.14540728982 2.38969453512
-0.12623 0.35028 3.35743 -0.12979 0.55971 4.02072 0.770166731784 0.993133268216 0.30541 0.41196 152.77952 195.62801 147.22542 138.42519 0.3 0.3 0.0 0.0 0.0 0.0 0.0 0.0 0.72115 0.0 0.0 45.47487 -0.49999 0.07399 0.0 0.0 0.0 0.0 0.0 0.0 0.0112621003887 9 0 0.97358490566 1.21493772479 2.38969453512
-0.12623 0.35028 3.35743 -0.12979 0.55971 4.02072 0.768316610171 0.994983389829 0.30541 0.41196 152.77952 195.62801 147.22542 138.42519 0.3 0.3 0.0 0.0 0.0 0.0 0.0 0.0 0.72115 0.0 0.0 45.47487 -0.49999 0.07399 0.0 0.0 0.0 0.0 0.0 0.0 0.0116775427669 10 0 0.97305764411 1.13481390047 2.38969453512
-0.12623 0.35028 3.35743 -0.12979 0.55971 4.02072 0.805911064873 0.957388935127 0.30541 0.41196 152.77952 195.62801 147.22542 138.42519 0.3 0.3 0.0 0.0 0.0 0.0 0.0 0.0 0.72115 0.0 0.0 45.47487 -0.49999 0.07399 0.0 0.0 0.0 0.0 0.0 0.0 0.0116524969451 11 0 0.965646470956 1.18326674903 2.38969453512
-0.12623 0.35028 3.35743 -0.12979 0.55971 4.02072 0.794454435554 0.968845564446 0.30541 0.41196 152.77952 195.62801 147.22542 138.42519 0.3 0.3 0.0 0.0 0.0 0.0 0.0 0.0 0.72115 0.0 0.0 45.47487 -0.49999 0.07399 0.0 0.0 0.0 0.0 0.0 0.0 0.0111109739704 12 0 0.974278544542 1.26794099191 2.38969453512
-0.12623 0.35028 3.35743 -0.12979 0.55971 4.02072 0.784826598198 0.978473401802 0.30541 0.41196 152.77952 195.62801 147.22542 138.42519 0.3 0.3 0.0 0.0 0.0 0.0 0.0 0.0 0.72115 0.0 0.0 45.47487 -0.49999 0.07399 0.0 0.0 0.0 0.0 0.0 0.0 0.0123982814447 13 1 0.988672120831 0.817633327806 3.19222212285
-0.12623 0.35028 3.35743 -0.12979 0.55971 4.02072 0.761957498678 1.00134250132 0.30541 0.41196 152.77952 195.62801 147.22542 138.42519 0.3 0.3 0.0 0.0 0.0 0.0 0.0 0.0 0.72115 0.0 0.0 45.47487 -0.49999 0.07399 0.0 0.0 0.0 0.0 0.0 0.0 0.0128972550994 14 0 0.965625 1.25051595176 3.19222212285
-0.12623 0.35028 3.35743 -0.12979 0.55971 4.02072 0.780800017609 0.982499982391 0.30541 0.41196 152.77952 195.62801 147.22542 138.42519 0.3 0.3 0.0 0.0 0.0 0.0 0.0 0.0 0.72115 0.0 0.0 45.47487 -0.49999 0.07399 0.0 0.0 0.0 0.0 0.0 0.0 0.013288703297 15 1 0.990518331226 0.797662105543 3.23994076668
-0.12623 0.35028 3.35743 -0.12979 0.55971 4.02072 0.8034020522 0.9598979478 0.30541 0.41196 152.77952 195.62801 147.22542 138.42519 0.3 0.3 0.0 0.0 0.0 0.0 0.0 0.0 0.72115 0.0 0.0 45.47487 -0.49999 0.07399 0.0 0.0 0.0 0.0 0.0 0.0 0.0132206705226 16 0 0.966271080575 1.09148670098 3.23994076668
-0.12623 0.35028 3.35743 -0.12979 0.55971 4.02072 0.771651213627 0.991648786373 0.30541 0.41196 152.77952 195.62801 147.22542 138.42519 0.3 0.3 0.0 0.0 0.0 0.0 0.0 0.0 0.72115 0.0 0.0 45.47487 -0.49999 0.07399 0.0 0.0 0.0 0.0 0.0 0.0 0.0131014175612 17 0 0.981108312343 1.23533591692 3.23994076668
-0.12623 0.35028 3.35743 -0.12979 0.55971 4.02072 0.803360097364 0.959939902636 0.30541 0.41196 152.77952 195.62801 147.22542 138.42519 0.3 0.3 0.0 0.0 0.0 0.0 0.0 0.0 0.72115 0.0 0.0 45.47487 -0.49999 0.07399 0.0 0.0 0.0 0.0 0.0 0.0 0.0137919065277 18 0 0.966271080575 1.09388597924 3.23994076668
-0.12623 0.35028 3.35743 -0.12979 0.55971 4.02072 0.784684598218 0.978615401782 0.30541 0.41196 152.77952 195.62801 147.22542 138.42519 0.3 0.3 0.0 0.0 0.0 0.0 0.0 0.0 0.72115 0.0 0.0 45.47487 -0.49999 0.07399 0.0 0.0 0.0 0.0 0.0 0.0 0.0125760068343 19 1 0.989301447451 0.788045620797 3.23230828629
-0.12623 0.35028 3.35743 -0.12979 0.55971 4.02072 0.800799840958 0.962500159042 0.30541 0.41196 152.77952 195.62801 147.22542 138.42519 0.3 0.3 0.0 0.0 0.0 0.0 0.0 0.0 0.72115 0.0 0.0 45.47487 -0.49999 0.07399 0.0 0.0 0.0 0.0 0.0 0.0 0.0126050623497 20 0 0.96875 1.16567873442 3.23230828629
-0.12623 0.35028 3.35743 -0.12979 0.55971 4.02072 0.749679532349 1.01362046765 0.30541 0.41196 152.77952 195.62801 147.22542 138.42519 0.3 0.3 0.0 0.0 0.0 0.0 0.0 0.0 0.72115 0.0 0.0 45.47487 -0.49999 0.07399 0.0 0.0 0.0 0.0 0.0 0.0 0.0135047789554 21 0 0.953387197017 1.32063417279 3.23230828629
-0.12623 0.35028 3.35743 -0.12979 0.55971 4.02072 0.805471043446 0.957828956554 0.30541 0.41196 152.77952 195.62801 147.22542 138.42519 0.3 0.3 0.0 0.0 0.0 0.0 0.0 0.0 0.72115 0.0 0.0 45.47487 -0.49999 0.07399 0.0 0.0 0.0 0.0 0.0 0.0 0.0124722900648 22 0 0.965021861337 1.186145303 3.23230828629
-0.12623 0.35028 3.35743 -0.12979 0.55971 4.02072 0.814284818582 0.949015181418 0.30541 0.41196 152.77952 195.62801 147.22542 138.42519 0.3 0.3 0.0 0.0 0.0 0.0 0.0 0.0 0.72115 0.0 0.0 45.47487 -0.49999 0.07399 0.0 0.0 0.0 0.0 0.0 0.0 0.0119231157064 23 0 0.955279503106 1.09141496499 3.23230828629
-0.12623 0.35028 3.35743 -0.12979 0.55971 4.02072 0.747482809728 1.01581719027 0.30541 0.41196 152.77952 195.62801 147.22542 138.42519 0.3 0.3 0.0 0.0 0.0 0.0 0.0 0.0 0.72115 0.0 0.0 45.47487 -0.49999 0.07399 0.0 0.0 0.0 0.0 0.0 0.0 0.012294090596 24 0 0.951492537313 1.2361149023 3.23230828629
-0.12623 0.35028 3.35743 -0.12979 0.55971 4.02072 0.778192321062 0.985107678938 0.30541 0.41196 152.77952 195.62801 147.22542 138.42519 0.3 0.3 0.0 0.0 0.0 0.0 0.0 0.0 0.72115 0.0 0.0 45.47487 -0.49999 0.07399 0.0 0.0 0.0 0.0 0.0 0.0 0.0125469962807 25 1 0.982976040353 0.97179681767 2.59004967323
-0.12623 0.35028 3.35743 -0.12979 0.55971 4.02072 0.794092575925 0.969207424075 0.30541 0.41196 152.77952 195.62801 147.22542 138.42519 0.3 0.3 0.0 0.0 0.0 0.0 0.0 0.0 0.72115 0.0 0.0 45.47487 -0.49999 0.07399 0.0 0.0 0.0 0.0 0.0 0.0 0.0126498466218 26 0 0.973634651601 1.25761217682 2.59004967323
-0.12623 0.35028 3.35743 -0.12979 0.55971 4.02072 0.796723572827 0.966576427173 0.30541 0.41196 152.77952 195.62801 147.22542 138.42519 0.3 0.3 0.0 0.0 0.0 0.0 0.0 0.0 0.72115 0.0 0.0 45.47487 -0.49999 0.07399 0.0 0.0 0.0 0.0 0.0 0.0 0.012577059058 27 0 0.966854283927 1.26334790997 2.59004967323
-0.12623 0.35028 3.35743 -0.12979 0.55971 4.02072 0.806618986501 0.956681013499 0.30541 0.41196 152.77952 195.62801 147.22542 138.42519 0.3 0.3 0.0 0.0 0.0 0.0 0.0 0.0 0.72115 0.0 0.0 45.47487 -0.49999 0.07399 0.0 0.0 0.0 0.0 0.0 0.0 0.0123865795881 28 0 0.963772642099 1.20272280128 2.59004967323
-0.12623 0.35028 3.35743 -0.12979 0.55971 4.02072 0.789337741462 0.973962258538 0.30541 0.41196 152.77952 195.62801 147.22542 138.42519 0.3 0.3 0.0 0.0 0.0 0.0 0.0 0.0 0.72115 0.0 0.0 45.47487 -0.49999 0.07399 0.0 0.0 0.0 0.0 0.0 0.0 0.0122514140424 29 1 0.980539861896 0.961478123364 2.31698831839
-0.12623 0.35028 3.35743 -0.12979 0.55971 4.02072 0.783879287634 0.979420712366 0.30541 0.41196 152.77952 195.62801 147.22542 138.42519 0.3 0.3 0.0 0.0 0.0 0.0 0.0 0.0 0.72115 0.0 0.0 45.47487 -0.49999 0.07399 0.0 0.0 0.0 0.0 0.0 0.0 0.0130780986969 30 1 0.994314592546 0.593342042492 3.38461072555
-0.12623 0.35028 3.35743 -0.12979 0.55971 4.02072 0.806743764667 0.956556235333 0.30541 0.41196 152.77952 195.62801 147.22542 138.42519 0.3 0.3 0.0 0.0 0.0 0.0 0.0 0.0 0.72115 0.0 0.0 45.47487 -0.49999 0.07399 0.0 0.0 0.0 0.0 0.0 0.0 0.0132461622462 31 0 0.963772642099 1.19258664031 3.38461072555
-0.12623 0.35028 3.35743 -0.12979 0.55971 4.02072 0.790047162442 0.973252837558 0.30541 0.41196 152.77952 195.62801 147.22542 138.42519 0.3 0.3 0.0 0.0 0.0 0.0 0.0 0.0 0.72115 0.0 0.0 45.47487 -0.49999 0.07399 0.0 0.0 0.0 0.0 0.0 0.0 0.0136507191505 32 0 0.978656622724 1.00739518293 3.38461072555
-0.12623 0.35028 3.35743 -0.12979 0.55971 4.02072 0.809244996848 0.954055003152 0.30541 0.41196 152.77952 195.62801 147.22542 138.42519 0.3 0.3 0.0 0.0 0.0 0.0 0.0 0.0 0.72115 0.0 0.0 45.47487 -0.49999 0.07399 0.0 0.0 0.0 0.0 0.0 0.0 0.0132158313446 33 0 0.958904109589 1.19517219226 3.38461072555
-0.12623 0.35028 3.35743 -0.12979 0.55971 4.02072 0.801255196697 0.962044803303 0.30541 0.41196 152.77952 195.62801 147.22542 138.42519 0.3 0.3 0.0 0.0 0.0 0.0 0.0 0.0 0.72115 0.0 0.0 45.47487 -0.49999 0.07399 0.0 0.0 0.0 0.0 0.0 0.0 0.013885471136 34 0 0.966271080575 1.07833571076 3.38461072555
-0.12623 0.35028 3.35743 -0.12979 0.55971 4.02072 0.805579436215 0.957720563785 0.30541 0.41196 152.77952 195.62801 147.22542 138.42519 0.3 0.3 0.0 0.0 0.0 0.0 0.0 0.0 0.72115 0.0 0.0 45.47487 -0.49999 0.07399 0.0 0.0 0.0 0.0 0.0 0.0 0.0122615157564 35 0 0.965021861337 1.18978757667 3.38461072555
-0.12623 0.35028 3.35743 -0.12979 0.55971 4.02072 0.802786090251 0.960513909749 0.30541 0.41196 152.77952 195.62801 147.22542 138.42519 0.3 0.3 0.0 0.0 0.0 0.0 0.0 0.0 0.72115 0.0 0.0 45.47487 -0.49999 0.07399 0.0 0.0 0.0 0.0 0.0 0.0 0.0140048802013 36 0 0.968125 1.10461965956 3.38461072555
-0.12623 0.35028 3.35743 -0.12979 0.55971 4.02072 0.779442247952 0.983857752048 0.30541 0.41196 152.77952 195.62801 147.22542 138.42519 0.3 0.3 0.0 0.0 0.0 0.0 0.0 0.0 0.72115 0.0 0.0 45.47487 -0.49999 0.07399 0.0 0.0 0.0 0.0 0.0 0.0 0.0126274781467 37 1 0.986734049274 0.828217467238 3.07440977583
-0.12623 0.35028 3.35743 -0.12979 0.55971 4.02072 0.803205165698 0.960094834302 0.30541 0.41196 152.77952 195.62801 147.22542 138.42519 0.3 0.3 0.0 0.0 0.0 0.0 0.0 0.0 0.72115 0.0 0.0 45.47487 -0.49999 0.07399 0.0 0.0 0.0 0.0 0.0 0.0 0.0130216017475 38 0 0.966895690194 1.10377053557 3.07440977583
-0.12623 0.35028 3.35743 -0.12979 0.55971 4.02072 0.781672159914 0.981627840086 0.30541 0.41196 152.77952 195.62801 147.22542 138.42519 0.3 0.3 0.0 0.0 0.0 0.0 0.0 0.0 0.72115 0.0 0.0 45.47487 -0.49999 0.07399 0.0 0.0 0.0 0.0 0.0 0.0 0.0126671368608 39 1 0.991150442478 0.308208004606 3.42662412218
-0.12623 0.35028 3.35743 -0.12979 0.55971 4.02072 0.787985721743 0.975314278257 0.30541 0.41196 152.77952 195.62801 147.22542 138.42519 0.3 0.3 0.0 0.0 0.0 0.0 0.0 0.0 0.72115 0.0 0.0 45.47487 -0.49999 0.07399 0.0 0.0 0.0 0.0 0.0 0.0 0.0124560758179 40 0 0.983040201005 0.982185253331 3.42662412218
-0.12623 0.35028 3.35743 -0.12979 0.55971 4.02072 0.791077201376 0.972222798624 0.30541 0.41196 152.77952 195.62801 147.22542 138.42519 0.3 0.3 0.0 0.0 0.0 0.0 0.0 0.0 0.72115 0.0 0.0 45.47487 -0.49999 0.07399 0.0 0.0 0.0 0.0 0.0 0.0 0.0119253642246 41 1 0.979258328096 1.04696926055 1.85215849728
-0.12623 0.35028 3.35743 -0.12979 0.55971 4.02072 0.808685329826 0.954614670174 0.30541 0.41196 152.77952 195.62801 147.22542 138.42519 0.3 0.3 0.0 0.0 0.0 0.0 0.0 0.0 0.72115 0.0 0.0 45.47487 -0.49999 0.07399 0.0 0.0 0.0 0.0 0.0 0.0 0.0122284670203 42 0 0.961394769614 1.17896669948 1.85215849728
-0.12623 0.35028 3.35743 -0.12979 0.55971 4.02072 0.791235684201 0.972064315799 0.30541 0.41196 152.77952 195.62801 147.22542 138.42519 0.3 0.3 0.0 0.0 0.0 0.0 0.0 0.0 0.72115 0.0 0.0 45.47487 -0.49999 0.07399 0.0 0.0 0.0 0.0 0.0 0.0 0.0127784249373 43 1 0.979258328096 1.04833431682 1.99327886701
-0.12623 0.35028 3.35743 -0.12979 0.55971 4.02072 0.770399697752 0.992900302248 0.30541 0.41196 152.77952 195.62801 147.22542 138.42519 0.3 0.3 0.0 0.0 0.0 0.0 0.0 0.0 0.72115 0.0 0.0 45.47487 -0.49999 0.07399 0.0 0.0 0.0 0.0 0.0 0.0 0.012155409151 44 0 0.975487115022 1.2456407146 1.99327886701
-0.12623 0.35028 3.35743 -0.12979 0.55971 4.02072 0.772252913197 0.991047086803 0.30541 0.41196 152.77952 195.62801 147.22542 138.42519 0.3 0.3 0.0 0.0 0.0 0.0 0.0 0.0 0.72115 0.0 0.0 45.47487 -0.49999 0.07399 0.0 0.0 0.0 0.0 0.0 0.0 0.0128889609649 45 1 0.980478589421 1.22267201647 1.71779143271
-0.12623 0.35028 3.35743 -0.12979 0.55971 4.02072 0.776262530556 0.987037469444 0.30541 0.41196 152.77952 195.62801 147.22542 138.42519 0.3 0.3 0.0 0.0 0.0 0.0 0.0 0.0 0.72115 0.0 0.0 45.47487 -0.49999 0.07399 0.0 0.0 0.0 0.0 0.0 0.0 0.01261176928 46 1 0.981096408318 1.09537798691 2.10635777154
-0.12623 0.35028 3.35743 -0.12979 0.55971 4.02072 0.782934212201 0.980365787799 0.30541 0.41196 152.77952 195.62801 147.22542 138.42519 0.3 0.3 0.0 0.0 0.0 0.0 0.0 0.0 0.72115 0.0 0.0 45.47487 -0.49999 0.07399 0.0 0.0 0.0 0.0 0.0 0.0 0.0134559538093 47 1 0.998100063331 0.176058471658 3.38908609331
-0.12623 0.35028 3.35743 -0.12979 0.55971 4.02072 0.791323634537 0.971976365463 0.30541 0.41196 152.77952 195.62801 147.22542 138.42519 0.3 0.3 0.0 0.0 0.0 0.0 0.0 0.0 0.72115 0.0 0.0 45.47487 -0.49999 0.07399 0.0 0.0 0.0 0.0 0.0 0.0 0.0136995647666 48 0 0.979258328096 1.04905264709 3.38908609331
-0.12623 0.35028 3.35743 -0.12979 0.55971 4.02072 0.791393386961 0.971906613039 0.30541 0.41196 152.77952 195.62801 147.22542 138.42519 0.3 0.3 0.0 0.0 0.0 0.0 0.0 0.0 0.72115 0.0 0.0 45.47487 -0.49999 0.07399 0.0 0.0 0.0 0.0 0.0 0.0 0.0132386800768 49 1 0.979258328096 1.13921784829 1.81279883642
-0.12623 0.35028 3.35743 -0.12979 0.55971 4.02072 0.800495360246 0.962804639754 0.30541 0.41196 152.77952 195.62801 147.22542 138.42519 0.3 0.3 0.0 0.0 0.0 0.0 0.0 0.0 0.72115 0.0 0.0 45.47487 -0.49999 0.07399 0.0 0.0 0.0 0.0 0.0 0.0 0.0125704613572 50 0 0.96875 1.21336747034 1.81279883642
