-0.12623 0.35028 3.35743 -0.12979 0.55971 4.02072 0.602827125137 1.16047287486 0.30541 0.41196 152.77952 195.62801 147.22542 138.42519 0.3 0.3 0.0 0.0 0.0 0.0 0.0 0.0 0.72115 0.0 0.0 45.47487 -0.49999 0.07399 0.0 0.0 0.0 0.0 0.0 0.0 0.01 0 1 0.812937062937 1.98352161896 -684.679716703
-0.12623 0.35028 3.35743 -0.12979 0.55971 4.02072 0.583588095957 1.17971190404 0.30541 0.41196 152.77952 195.62801 147.22542 138.42519 0.3 0.3 0.0 0.0 0.0 0.0 0.0 0.0 0.72115 0.0 0.0 45.47487 -0.49999 0.07399 0.0 0.0 0.0 0.0 0.0 0.0 0.0109457681951 1 0 0.798265895954 2.08989417517 -684.679716703
-0.12623 0.35028 3.35743 -0.12979 0.55971 4.02072 0.585148287924 1.17815171208 0.30541 0.41196 152.77952 195.62801 147.22542 138.42519 0.3 0.3 0.0 0.0 0.0 0.0 0.0 0.0 0.72115 0.0 0.0 45.47487 -0.49999 0.07399 0.0 0.0 0.0 0.0 0.0 0.0 0.0101235048066 2 0 0.799305957201 2.02309492286 -684.679716703
-0.12623 0.35028 3.35743 -0.12979 0.55971 4.02072 0.625937104654 1.13736289535 0.30541 0.41196 152.77952 195.62801 147.22542 138.42519 0.3 0.3 0.0 0.0 0.0 0.0 0.0 0.0 0.72115 0.0 0.0 45.47487 -0.49999 0.07399 0.0 0.0 0.0 0.0 0.0 0.0 0.0109167917271 3 1 0.840281855549 1.90189559321 -383.535927771
-0.12623 0.35028 3.35743 -0.12979 0.55971 4.02072 0.628607839936 1.13469216006 0.30541 0.41196 152.77952 195.62801 147.22542 138.42519 0.3 0.3 0.0 0.0 0.0 0.0 0.0 0.0 0.72115 0.0 0.0 45.47487 -0.49999 0.07399 0.0 0.0 0.0 0.0 0.0 0.0 0.0107412129546 4 1 0.841578327444 1.87008573831 -376.763432778
-0.12623 0.35028 3.35743 -0.12979 0.55971 4.02072 0.657929182785 1.10537081722 0.30541 0.41196 152.77952 195.62801 147.22542 138.42519 0.3 0.3 0.0 0.0 0.0 0.0 0.0 0.0 0.72115 0.0 0.0 45.47487 -0.49999 0.07399 0.0 0.0 0.0 0.0 0.0 0.0 0.0109685777397 5 1 0.870160810006 1.76698923952 -215.156576412
-0.12623 0.35028 3.35743 -0.12979 0.55971 4.02072 0.665329771482 1.09797022852 0.30541 0.41196 152.77952 195.62801 147.22542 138.42519 0.3 0.3 0.0 0.0 0.0 0.0 0.0 0.0 0.72115 0.0 0.0 45.47487 -0.49999 0.07399 0.0 0.0 0.0 0.0 0.0 0.0 0.0108484625775 6 1 0.878443113772 1.63398892842 -164.001748836
-0.12623 0.35028 3.35743 -0.12979 0.55971 4.02072 0.638012509905 1.1252874901 0.30541 0.41196 152.77952 195.62801 147.22542 138.42519 0.3 0.3 0.0 0.0 0.0 0.0 0.0 0.0 0.72115 0.0 0.0 45.47487 -0.49999 0.07399 0.0 0.0 0.0 0.0 0.0 0.0 0.0107376485979 7 0 0.85325443787 1.96072409604 -164.001748836
-0.12623 0.35028 3.35743 -0.12979 0.55971 4.02072 0.68618435623 1.07711564377 0.30541 0.41196 152.77952 195.62801 147.22542 138.42519 0.3 0.3 0.0 0.0 0.0 0.0 0.0 0.0 0.72115 0.0 0.0 45.47487 -0.49999 0.07399 0.0 0.0 0.0 0.0 0.0 0.0 0.0104109245775 8 1 0.899758454106 1.63895283932 -120.868510298
-0.12623 0.35028 3.35743 -0.12979 0.55971 4.02072 0.660971735134 1.10232826487 0.30541 0.41196 152.77952 195.62801 147.22542 138.42519 0.3 0.3 0.0 0.0 0.0 0.0 0.0 0.0 0.72115 0.0 0.0 45.47487 -0.49999 0.07399 0.0 0.0 0.0 0.0 0.0 0.0 0.0110642245277 9 0 0.874626865672 1.75942576537 -120.868510298
-0.12623 0.35028 3.35743 -0.12979 0.55971 4.02072 0.712444122352 1.05085587765 0.30541 0.41196 152.77952 195.62801 147.22542 138.42519 0.3 0.3 0.0 0.0 0.0 0.0 0.0 0.0 0.72115 0.0 0.0 45.47487 -0.49999 0.07399 0.0 0.0 0.0 0.0 0.0 0.0 0.0100493239633 10 1 0.921712538226 1.50562750182 -65.1071845616
-0.12623 0.35028 3.35743 -0.12979 0.55971 4.02072 0.728583922522 1.03471607748 0.30541 0.41196 152.77952 195.62801 147.22542 138.42519 0.3 0.3 0.0 0.0 0.0 0.0 0.0 0.0 0.72115 0.0 0.0 45.47487 -0.49999 0.07399 0.0 0.0 0.0 0.0 0.0 0.0 0.0108333746206 11 1 0.942521631644 1.27908196858 -19.4213841362
-0.12623 0.35028 3.35743 -0.12979 0.55971 4.02072 0.735201945947 1.02809805405 0.30541 0.41196 152.77952 195.62801 147.22542 138.42519 0.3 0.3 0.0 0.0 0.0 0.0 0.0 0.0 0.72115 0.0 0.0 45.47487 -0.49999 0.07399 0.0 0.0 0.0 0.0 0.0 0.0 0.00986624128514 12 0 0.943174799259 1.32493472019 -19.4213841362
-0.12623 0.35028 3.35743 -0.12979 0.55971 4.02072 0.772709822474 0.990590177526 0.30541 0.41196 152.77952 195.62801 147.22542 138.42519 0.3 0.3 0.0 0.0 0.0 0.0 0.0 0.0 0.72115 0.0 0.0 45.47487 -0.49999 0.07399 0.0 0.0 0.0 0.0 0.0 0.0 0.0117074232271 13 1 0.98172652804 1.21298843534 1.73632613884
-0.12623 0.35028 3.35743 -0.12979 0.55971 4.02072 0.807948209194 0.955351790806 0.30541 0.41196 152.77952 195.62801 147.22542 138.42519 0.3 0.3 0.0 0.0 0.0 0.0 0.0 0.0 0.72115 0.0 0.0 45.47487 -0.49999 0.07399 0.0 0.0 0.0 0.0 0.0 0.0 0.0112535279795 14 0 0.96379525593 1.22884310017 1.73632613884
-0.12623 0.35028 3.35743 -0.12979 0.55971 4.02072 0.767322008805 0.995977991195 0.30541 0.41196 152.77952 195.62801 147.22542 138.42519 0.3 0.3 0.0 0.0 0.0 0.0 0.0 0.0 0.72115 0.0 0.0 45.47487 -0.49999 0.07399 0.0 0.0 0.0 0.0 0.0 0.0 0.0115411990633 15 0 0.973023839398 1.1316489767 1.73632613884
-0.12623 0.35028 3.35743 -0.12979 0.55971 4.02072 0.755853407005 1.007446593 0.30541 0.41196 152.77952 195.62801 147.22542 138.42519 0.3 0.3 0.0 0.0 0.0 0.0 0.0 0.0 0.72115 0.0 0.0 45.47487 -0.49999 0.07399 0.0 0.0 0.0 0.0 0.0 0.0 0.0119192371776 16 0 0.958281444583 1.2460853379 1.73632613884
-0.12623 0.35028 3.35743 -0.12979 0.55971 4.02072 0.7621514472 1.0011485528 0.30541 0.41196 152.77952 195.62801 147.22542 138.42519 0.3 0.3 0.0 0.0 0.0 0.0 0.0 0.0 0.72115 0.0 0.0 45.47487 -0.49999 0.07399 0.0 0.0 0.0 0.0 0.0 0.0 0.0108573040309 17 0 0.96625 1.24853012968 1.73632613884
-0.12623 0.35028 3.35743 -0.12979 0.55971 4.02072 0.762006706077 1.00129329392 0.30541 0.41196 152.77952 195.62801 147.22542 138.42519 0.3 0.3 0.0 0.0 0.0 0.0 0.0 0.0 0.72115 0.0 0.0 45.47487 -0.49999 0.07399 0.0 0.0 0.0 0.0 0.0 0.0 0.0116617535442 18 0 0.96625 1.25032415458 1.73632613884
-0.12623 0.35028 3.35743 -0.12979 0.55971 4.02072 0.765507916314 0.997792083686 0.30541 0.41196 152.77952 195.62801 147.22542 138.42519 0.3 0.3 0.0 0.0 0.0 0.0 0.0 0.0 0.72115 0.0 0.0 45.47487 -0.49999 0.07399 0.0 0.0 0.0 0.0 0.0 0.0 0.0120856165783 19 0 0.965603502189 1.24260837524 1.73632613884
-0.12623 0.35028 3.35743 -0.12979 0.55971 4.02072 0.807794773204 0.955505226796 0.30541 0.41196 152.77952 195.62801 147.22542 138.42519 0.3 0.3 0.0 0.0 0.0 0.0 0.0 0.0 0.72115 0.0 0.0 45.47487 -0.49999 0.07399 0.0 0.0 0.0 0.0 0.0 0.0 0.0115069198143 20 0 0.963171036205 1.2000367608 1.73632613884
-0.12623 0.35028 3.35743 -0.12979 0.55971 4.02072 0.797493384951 0.965806615049 0.30541 0.41196 152.77952 195.62801 147.22542 138.42519 0.3 0.3 0.0 0.0 0.0 0.0 0.0 0.0 0.72115 0.0 0.0 45.47487 -0.49999 0.07399 0.0 0.0 0.0 0.0 0.0 0.0 0.0116656475713 21 0 0.97 1.3329180525 1.73632613884
-0.12623 0.35028 3.35743 -0.12979 0.55971 4.02072 0.786597065545 0.976702934455 0.30541 0.41196 152.77952 195.62801 147.22542 138.42519 0.3 0.3 0.0 0.0 0.0 0.0 0.0 0.0 0.72115 0.0 0.0 45.47487 -0.49999 0.07399 0.0 0.0 0.0 0.0 0.0 0.0 0.0107803223166 22 1 0.983658076681 1.03411012121 2.38239267281
-0.12623 0.35028 3.35743 -0.12979 0.55971 4.02072 0.768740129653 0.994559870347 0.30541 0.41196 152.77952 195.62801 147.22542 138.42519 0.3 0.3 0.0 0.0 0.0 0.0 0.0 0.0 0.72115 0.0 0.0 45.47487 -0.49999 0.07399 0.0 0.0 0.0 0.0 0.0 0.0 0.0108788347115 23 0 0.972413793103 1.18290282288 2.38239267281
-0.12623 0.35028 3.35743 -0.12979 0.55971 4.02072 0.793350702543 0.969949297457 0.30541 0.41196 152.77952 195.62801 147.22542 138.42519 0.3 0.3 0.0 0.0 0.0 0.0 0.0 0.0 0.72115 0.0 0.0 45.47487 -0.49999 0.07399 0.0 0.0 0.0 0.0 0.0 0.0 0.011006752847 24 0 0.973023839398 1.23748219225 2.38239267281
-0.12623 0.35028 3.35743 -0.12979 0.55971 4.02072 0.798437221979 0.964862778021 0.30541 0.41196 152.77952 195.62801 147.22542 138.42519 0.3 0.3 0.0 0.0 0.0 0.0 0.0 0.0 0.72115 0.0 0.0 45.47487 -0.49999 0.07399 0.0 0.0 0.0 0.0 0.0 0.0 0.0109495940844 25 0 0.969355847405 1.32144766179 2.38239267281
-0.12623 0.35028 3.35743 -0.12979 0.55971 4.02072 0.81353024652 0.94976975348 0.30541 0.41196 152.77952 195.62801 147.22542 138.42519 0.3 0.3 0.0 0.0 0.0 0.0 0.0 0.0 0.72115 0.0 0.0 45.47487 -0.49999 0.07399 0.0 0.0 0.0 0.0 0.0 0.0 0.0105598507447 26 0 0.952144188937 1.16270286127 2.38239267281
-0.12623 0.35028 3.35743 -0.12979 0.55971 4.02072 0.761413040248 1.00188695975 0.30541 0.41196 152.77952 195.62801 147.22542 138.42519 0.3 0.3 0.0 0.0 0.0 0.0 0.0 0.0 0.72115 0.0 0.0 45.47487 -0.49999 0.07399 0.0 0.0 0.0 0.0 0.0 0.0 0.0104600164544 27 0 0.965603502189 1.24357343866 2.38239267281
-0.12623 0.35028 3.35743 -0.12979 0.55971 4.02072 0.792935770382 0.970364229618 0.30541 0.41196 152.77952 195.62801 147.22542 138.42519 0.3 0.3 0.0 0.0 0.0 0.0 0.0 0.0 0.72115 0.0 0.0 45.47487 -0.49999 0.07399 0.0 0.0 0.0 0.0 0.0 0.0 0.0104550359728 28 0 0.973634651601 1.19791874392 2.38239267281
-0.12623 0.35028 3.35743 -0.12979 0.55971 4.02072 0.796733449025 0.966566550975 0.30541 0.41196 152.77952 195.62801 147.22542 138.42519 0.3 0.3 0.0 0.0 0.0 0.0 0.0 0.0 0.72115 0.0 0.0 45.47487 -0.49999 0.07399 0.0 0.0 0.0 0.0 0.0 0.0 0.0111787331252 29 0 0.967479674797 1.26317955471 2.38239267281
-0.12623 0.35028 3.35743 -0.12979 0.55971 4.02072 0.791981542136 0.971318457864 0.30541 0.41196 152.77952 195.62801 147.22542 138.42519 0.3 0.3 0.0 0.0 0.0 0.0 0.0 0.0 0.72115 0.0 0.0 45.47487 -0.49999 0.07399 0.0 0.0 0.0 0.0 0.0 0.0 0.0106931899733 30 0 0.97864321608 1.1607846976 2.38239267281
-0.12623 0.35028 3.35743 -0.12979 0.55971 4.02072 0.774776561196 0.988523438804 0.30541 0.41196 152.77952 195.62801 147.22542 138.42519 0.3 0.3 0.0 0.0 0.0 0.0 0.0 0.0 0.72115 0.0 0.0 45.47487 -0.49999 0.07399 0.0 0.0 0.0 0.0 0.0 0.0 0.01098772399 31 1 0.983606557377 1.07173039776 2.3136404897
-0.12623 0.35028 3.35743 -0.12979 0.55971 4.02072 0.752911729069 1.01038827093 0.30541 0.41196 152.77952 195.62801 147.22542 138.42519 0.3 0.3 0.0 0.0 0.0 0.0 0.0 0.0 0.72115 0.0 0.0 45.47487 -0.49999 0.07399 0.0 0.0 0.0 0.0 0.0 0.0 0.010171929797 32 0 0.958307405103 1.23151877067 2.3136404897
-0.12623 0.35028 3.35743 -0.12979 0.55971 4.02072 0.756280979337 1.00701902066 0.30541 0.41196 152.77952 195.62801 147.22542 138.42519 0.3 0.3 0.0 0.0 0.0 0.0 0.0 0.0 0.72115 0.0 0.0 45.47487 -0.49999 0.07399 0.0 0.0 0.0 0.0 0.0 0.0 0.0108731506724 33 0 0.958307405103 1.24030231394 2.3136404897
-0.12623 0.35028 3.35743 -0.12979 0.55971 4.02072 0.764421363397 0.998878636603 0.30541 0.41196 152.77952 195.62801 147.22542 138.42519 0.3 0.3 0.0 0.0 0.0 0.0 0.0 0.0 0.72115 0.0 0.0 45.47487 -0.49999 0.07399 0.0 0.0 0.0 0.0 0.0 0.0 0.0106746503464 34 0 0.968105065666 1.25491314506 2.3136404897
-0.12623 0.35028 3.35743 -0.12979 0.55971 4.02072 0.765673455949 0.997626544051 0.30541 0.41196 152.77952 195.62801 147.22542 138.42519 0.3 0.3 0.0 0.0 0.0 0.0 0.0 0.0 0.72115 0.0 0.0 45.47487 -0.49999 0.07399 0.0 0.0 0.0 0.0 0.0 0.0 0.0113082002197 35 0 0.966812773951 1.23714513605 2.3136404897
-0.12623 0.35028 3.35743 -0.12979 0.55971 4.02072 0.785392133197 0.977907866803 0.30541 0.41196 152.77952 195.62801 147.22542 138.42519 0.3 0.3 0.0 0.0 0.0 0.0 0.0 0.0 0.72115 0.0 0.0 45.47487 -0.49999 0.07399 0.0 0.0 0.0 0.0 0.0 0.0 0.0108313159886 36 1 0.98741346759 0.822499762611 3.14961176328
-0.12623 0.35028 3.35743 -0.12979 0.55971 4.02072 0.807984743005 0.955315256995 0.30541 0.41196 152.77952 195.62801 147.22542 138.42519 0.3 0.3 0.0 0.0 0.0 0.0 0.0 0.0 0.72115 0.0 0.0 45.47487 -0.49999 0.07399 0.0 0.0 0.0 0.0 0.0 0.0 0.0102549324616 37 0 0.96379525593 1.22962669301 3.14961176328
-0.12623 0.35028 3.35743 -0.12979 0.55971 4.02072 0.805747603773 0.957552396227 0.30541 0.41196 152.77952 195.62801 147.22542 138.42519 0.3 0.3 0.0 0.0 0.0 0.0 0.0 0.0 0.72115 0.0 0.0 45.47487 -0.49999 0.07399 0.0 0.0 0.0 0.0 0.0 0.0 0.00992302531841 38 0 0.965021861337 1.18110035384 3.14961176328
-0.12623 0.35028 3.35743 -0.12979 0.55971 4.02072 0.788046003485 0.975253996515 0.30541 0.41196 152.77952 195.62801 147.22542 138.42519 0.3 0.3 0.0 0.0 0.0 0.0 0.0 0.0 0.72115 0.0 0.0 45.47487 -0.49999 0.07399 0.0 0.0 0.0 0.0 0.0 0.0 0.0108154389294 39 0 0.982412060302 0.92929960738 3.14961176328
-0.12623 0.35028 3.35743 -0.12979 0.55971 4.02072 0.776002569803 0.987297430197 0.30541 0.41196 152.77952 195.62801 147.22542 138.42519 0.3 0.3 0.0 0.0 0.0 0.0 0.0 0.0 0.72115 0.0 0.0 45.47487 -0.49999 0.07399 0.0 0.0 0.0 0.0 0.0 0.0 0.0108986237821 40 1 0.981096408318 1.10914815395 1.74965734145
-0.12623 0.35028 3.35743 -0.12979 0.55971 4.02072 0.74267078281 1.02062921719 0.30541 0.41196 152.77952 195.62801 147.22542 138.42519 0.3 0.3 0.0 0.0 0.0 0.0 0.0 0.0 0.72115 0.0 0.0 45.47487 -0.49999 0.07399 0.0 0.0 0.0 0.0 0.0 0.0 0.0110653560905 41 0 0.953358208955 1.27703350074 1.74965734145
-0.12623 0.35028 3.35743 -0.12979 0.55971 4.02072 0.74402125622 1.01927874378 0.30541 0.41196 152.77952 195.62801 147.22542 138.42519 0.3 0.3 0.0 0.0 0.0 0.0 0.0 0.0 0.72115 0.0 0.0 45.47487 -0.49999 0.07399 0.0 0.0 0.0 0.0 0.0 0.0 0.0109607777575 42 0 0.953358208955 1.26294670773 1.74965734145
-0.12623 0.35028 3.35743 -0.12979 0.55971 4.02072 0.764992143005 0.998307856995 0.30541 0.41196 152.77952 195.62801 147.22542 138.42519 0.3 0.3 0.0 0.0 0.0 0.0 0.0 0.0 0.72115 0.0 0.0 45.47487 -0.49999 0.07399 0.0 0.0 0.0 0.0 0.0 0.0 0.0100131002975 43 0 0.968085106383 1.25672654015 1.74965734145
-0.12623 0.35028 3.35743 -0.12979 0.55971 4.02072 0.771050939987 0.992249060013 0.30541 0.41196 152.77952 195.62801 147.22542 138.42519 0.3 0.3 0.0 0.0 0.0 0.0 0.0 0.0 0.72115 0.0 0.0 45.47487 -0.49999 0.07399 0.0 0.0 0.0 0.0 0.0 0.0 0.0106857814193 44 0 0.976729559748 1.24761435328 1.74965734145
-0.12623 0.35028 3.35743 -0.12979 0.55971 4.02072 0.768713747439 0.994586252561 0.30541 0.41196 152.77952 195.62801 147.22542 138.42519 0.3 0.3 0.0 0.0 0.0 0.0 0.0 0.0 0.72115 0.0 0.0 45.47487 -0.49999 0.07399 0.0 0.0 0.0 0.0 0.0 0.0 0.0105811929567 45 0 0.972413793103 1.18571599468 1.74965734145
-0.12623 0.35028 3.35743 -0.12979 0.55971 4.02072 0.783785482055 0.979514517945 0.30541 0.41196 152.77952 195.62801 147.22542 138.42519 0.3 0.3 0.0 0.0 0.0 0.0 0.0 0.0 0.72115 0.0 0.0 45.47487 -0.49999 0.07399 0.0 0.0 0.0 0.0 0.0 0.0 0.0107253223534 46 1 0.994943109987 0.480373323071 3.59056001033
-0.12623 0.35028 3.35743 -0.12979 0.55971 4.02072 0.791718654146 0.971581345854 0.30541 0.41196 152.77952 195.62801 147.22542 138.42519 0.3 0.3 0.0 0.0 0.0 0.0 0.0 0.0 0.72115 0.0 0.0 45.47487 -0.49999 0.07399 0.0 0.0 0.0 0.0 0.0 0.0 0.0107337295053 47 1 0.978015075377 1.13718323905 0.902864300488
-0.12623 0.35028 3.35743 -0.12979 0.55971 4.02072 0.802183309681 0.961116690319 0.30541 0.41196 152.77952 195.62801 147.22542 138.42519 0.3 0.3 0.0 0.0 0.0 0.0 0.0 0.0 0.72115 0.0 0.0 45.47487 -0.49999 0.07399 0.0 0.0 0.0 0.0 0.0 0.0 0.0111899366486 48 0 0.966875 1.08934121456 0.902864300488
-0.12623 0.35028 3.35743 -0.12979 0.55971 4.02072 0.789892587881 0.973407412119 0.30541 0.41196 152.77952 195.62801 147.22542 138.42519 0.3 0.3 0.0 0.0 0.0 0.0 0.0 0.0 0.72115 0.0 0.0 45.47487 -0.49999 0.07399 0.0 0.0 0.0 0.0 0.0 0.0 0.0105644306587 49 1 0.979912115505 1.00479055903 1.80617926219
-0.12623 0.35028 3.35743 -0.12979 0.55971 4.02072 0.774881335187 0.988418664813 0.30541 0.41196 152.77952 195.62801 147.22542 138.42519 0.3 0.3 0.0 0.0 0.0 0.0 0.0 0.0 0.72115 0.0 0.0 45.47487 -0.49999 0.07399 0.0 0.0 0.0 0.0 0.0 0.0 0.0109735712101 50 1 0.984237074401 1.06357229524 2.42629780101
