-0.12623 0.35028 3.35743 -0.12979 0.55971 4.02072 0.853075195904 0.910224804096 0.30541 0.41196 152.77952 195.62801 147.22542 138.42519 0.3 0.3 0.0 0.0 0.0 0.0 0.0 0.0 0.72115 0.0 0.0 45.47487 -0.49999 0.07399 0.0 0.0 0.0 0.0 0.0 0.0 0.01 0 1 0.930061349693 1.26273753772 -35.310721817
-0.12623 0.35028 3.35743 -0.12979 0.55971 4.02072 0.850334636257 0.912965363743 0.30541 0.41196 152.77952 195.62801 147.22542 138.42519 0.3 0.3 0.0 0.0 0.0 0.0 0.0 0.0 0.72115 0.0 0.0 45.47487 -0.49999 0.07399 0.0 0.0 0.0 0.0 0.0 0.0 0.00883518397621 1 0 0.932432432432 1.2786758823 -35.310721817
-0.12623 0.35028 3.35743 -0.12979 0.55971 4.02072 0.832491965177 0.930808034823 0.30541 0.41196 152.77952 195.62801 147.22542 138.42519 0.3 0.3 0.0 0.0 0.0 0.0 0.0 0.0 0.72115 0.0 0.0 45.47487 -0.49999 0.07399 0.0 0.0 0.0 0.0 0.0 0.0 0.0099799426389 2 1 0.940777297964 1.28322152415 -25.3047917213
-0.12623 0.35028 3.35743 -0.12979 0.55971 4.02072 0.809244581612 0.954055418388 0.30541 0.41196 152.77952 195.62801 147.22542 138.42519 0.3 0.3 0.0 0.0 0.0 0.0 0.0 0.0 0.72115 0.0 0.0 45.47487 -0.49999 0.07399 0.0 0.0 0.0 0.0 0.0 0.0 0.00933587785142 3 1 0.958904109589 1.1951722447 -10.0844546927
-0.12623 0.35028 3.35743 -0.12979 0.55971 4.02072 0.794406338191 0.968893661809 0.30541 0.41196 152.77952 195.62801 147.22542 138.42519 0.3 0.3 0.0 0.0 0.0 0.0 0.0 0.0 0.72115 0.0 0.0 45.47487 -0.49999 0.07399 0.0 0.0 0.0 0.0 0.0 0.0 0.00953342620719 4 1 0.97365119197 1.25493182264 -2.28096755566
-0.12623 0.35028 3.35743 -0.12979 0.55971 4.02072 0.760331836321 1.00296816368 0.30541 0.41196 152.77952 195.62801 147.22542 138.42519 0.3 0.3 0.0 0.0 0.0 0.0 0.0 0.0 0.72115 0.0 0.0 45.47487 -0.49999 0.07399 0.0 0.0 0.0 0.0 0.0 0.0 0.00949991031181 5 0 0.96314803248 1.16151144626 -2.28096755566
-0.12623 0.35028 3.35743 -0.12979 0.55971 4.02072 0.771693491005 0.991606508995 0.30541 0.41196 152.77952 195.62801 147.22542 138.42519 0.3 0.3 0.0 0.0 0.0 0.0 0.0 0.0 0.72115 0.0 0.0 45.47487 -0.49999 0.07399 0.0 0.0 0.0 0.0 0.0 0.0 0.00942366015565 6 1 0.981108312343 1.2467852778 0.621991723458
-0.12623 0.35028 3.35743 -0.12979 0.55971 4.02072 0.759114992603 1.0041850074 0.30541 0.41196 152.77952 195.62801 147.22542 138.42519 0.3 0.3 0.0 0.0 0.0 0.0 0.0 0.0 0.72115 0.0 0.0 45.47487 -0.49999 0.07399 0.0 0.0 0.0 0.0 0.0 0.0 0.00952953587788 7 0 0.961922596754 1.18981931102 0.621991723458
-0.12623 0.35028 3.35743 -0.12979 0.55971 4.02072 0.777691188556 0.985608811444 0.30541 0.41196 152.77952 195.62801 147.22542 138.42519 0.3 0.3 0.0 0.0 0.0 0.0 0.0 0.0 0.72115 0.0 0.0 45.47487 -0.49999 0.07399 0.0 0.0 0.0 0.0 0.0 0.0 0.010603564837 8 1 0.982345523329 0.994607597813 2.25649390611
-0.12623 0.35028 3.35743 -0.12979 0.55971 4.02072 0.772682136802 0.990617863198 0.30541 0.41196 152.77952 195.62801 147.22542 138.42519 0.3 0.3 0.0 0.0 0.0 0.0 0.0 0.0 0.72115 0.0 0.0 45.47487 -0.49999 0.07399 0.0 0.0 0.0 0.0 0.0 0.0 0.00920766545294 9 0 0.981096408318 1.2135204359 2.25649390611
-0.12623 0.35028 3.35743 -0.12979 0.55971 4.02072 0.771331971325 0.991968028675 0.30541 0.41196 152.77952 195.62801 147.22542 138.42519 0.3 0.3 0.0 0.0 0.0 0.0 0.0 0.0 0.72115 0.0 0.0 45.47487 -0.49999 0.07399 0.0 0.0 0.0 0.0 0.0 0.0 0.0104871476561 10 0 0.980478589421 1.26613099055 2.25649390611
-0.12623 0.35028 3.35743 -0.12979 0.55971 4.02072 0.76204593357 1.00125406643 0.30541 0.41196 152.77952 195.62801 147.22542 138.42519 0.3 0.3 0.0 0.0 0.0 0.0 0.0 0.0 0.72115 0.0 0.0 45.47487 -0.49999 0.07399 0.0 0.0 0.0 0.0 0.0 0.0 0.0104529639346 11 0 0.966875 1.25053268526 2.25649390611
-0.12623 0.35028 3.35743 -0.12979 0.55971 4.02072 0.787917044722 0.975382955278 0.30541 0.41196 152.77952 195.62801 147.22542 138.42519 0.3 0.3 0.0 0.0 0.0 0.0 0.0 0.0 0.72115 0.0 0.0 45.47487 -0.49999 0.07399 0.0 0.0 0.0 0.0 0.0 0.0 0.0114000363095 12 1 0.983040201005 1.02296805098 2.39716149495
-0.12623 0.35028 3.35743 -0.12979 0.55971 4.02072 0.766882279477 0.996417720523 0.30541 0.41196 152.77952 195.62801 147.22542 138.42519 0.3 0.3 0.0 0.0 0.0 0.0 0.0 0.0 0.72115 0.0 0.0 45.47487 -0.49999 0.07399 0.0 0.0 0.0 0.0 0.0 0.0 0.011071198742 13 0 0.971804511278 1.26285419773 2.39716149495
-0.12623 0.35028 3.35743 -0.12979 0.55971 4.02072 0.788554115953 0.974745884047 0.30541 0.41196 152.77952 195.62801 147.22542 138.42519 0.3 0.3 0.0 0.0 0.0 0.0 0.0 0.0 0.72115 0.0 0.0 45.47487 -0.49999 0.07399 0.0 0.0 0.0 0.0 0.0 0.0 0.0116741818729 14 1 0.981783919598 0.945712445183 2.44264439129
-0.12623 0.35028 3.35743 -0.12979 0.55971 4.02072 0.826434574064 0.936865425936 0.30541 0.41196 152.77952 195.62801 147.22542 138.42519 0.3 0.3 0.0 0.0 0.0 0.0 0.0 0.0 0.72115 0.0 0.0 45.47487 -0.49999 0.07399 0.0 0.0 0.0 0.0 0.0 0.0 0.0119077434309 15 0 0.951792336218 1.22332013113 2.44264439129
-0.12623 0.35028 3.35743 -0.12979 0.55971 4.02072 0.798931391437 0.964368608563 0.30541 0.41196 152.77952 195.62801 147.22542 138.42519 0.3 0.3 0.0 0.0 0.0 0.0 0.0 0.0 0.72115 0.0 0.0 45.47487 -0.49999 0.07399 0.0 0.0 0.0 0.0 0.0 0.0 0.0117916578566 16 0 0.968125 1.27899971815 2.44264439129
-0.12623 0.35028 3.35743 -0.12979 0.55971 4.02072 0.768617766468 0.994682233532 0.30541 0.41196 152.77952 195.62801 147.22542 138.42519 0.3 0.3 0.0 0.0 0.0 0.0 0.0 0.0 0.72115 0.0 0.0 45.47487 -0.49999 0.07399 0.0 0.0 0.0 0.0 0.0 0.0 0.0109952304591 17 0 0.973040752351 1.18595149956 2.44264439129
-0.12623 0.35028 3.35743 -0.12979 0.55971 4.02072 0.799249868454 0.964050131546 0.30541 0.41196 152.77952 195.62801 147.22542 138.42519 0.3 0.3 0.0 0.0 0.0 0.0 0.0 0.0 0.72115 0.0 0.0 45.47487 -0.49999 0.07399 0.0 0.0 0.0 0.0 0.0 0.0 0.0120524190507 18 0 0.968125 1.24548001586 2.44264439129
-0.12623 0.35028 3.35743 -0.12979 0.55971 4.02072 0.790944552012 0.972355447988 0.30541 0.41196 152.77952 195.62801 147.22542 138.42519 0.3 0.3 0.0 0.0 0.0 0.0 0.0 0.0 0.72115 0.0 0.0 45.47487 -0.49999 0.07399 0.0 0.0 0.0 0.0 0.0 0.0 0.0113829099385 19 0 0.979258328096 1.11524451531 2.44264439129
-0.12623 0.35028 3.35743 -0.12979 0.55971 4.02072 0.780270566984 0.983029433016 0.30541 0.41196 152.77952 195.62801 147.22542 138.42519 0.3 0.3 0.0 0.0 0.0 0.0 0.0 0.0 0.72115 0.0 0.0 45.47487 -0.49999 0.07399 0.0 0.0 0.0 0.0 0.0 0.0 0.0112642661357 20 1 0.98989260897 0.749556946549 3.34100267293
-0.12623 0.35028 3.35743 -0.12979 0.55971 4.02072 0.784624795671 0.978675204329 0.30541 0.41196 152.77952 195.62801 147.22542 138.42519 0.3 0.3 0.0 0.0 0.0 0.0 0.0 0.0 0.72115 0.0 0.0 45.47487 -0.49999 0.07399 0.0 0.0 0.0 0.0 0.0 0.0 0.0108533534724 21 1 0.989924433249 0.788156017999 3.33666908039
-0.12623 0.35028 3.35743 -0.12979 0.55971 4.02072 0.792523407573 0.970776592427 0.30541 0.41196 152.77952 195.62801 147.22542 138.42519 0.3 0.3 0.0 0.0 0.0 0.0 0.0 0.0 0.72115 0.0 0.0 45.47487 -0.49999 0.07399 0.0 0.0 0.0 0.0 0.0 0.0 0.0107749653673 22 0 0.974262397991 1.18249051361 3.33666908039
-0.12623 0.35028 3.35743 -0.12979 0.55971 4.02072 0.778115937311 0.985184062689 0.30541 0.41196 152.77952 195.62801 147.22542 138.42519 0.3 0.3 0.0 0.0 0.0 0.0 0.0 0.0 0.72115 0.0 0.0 45.47487 -0.49999 0.07399 0.0 0.0 0.0 0.0 0.0 0.0 0.0106429666378 23 0 0.982976040353 0.975220406183 3.33666908039
-0.12623 0.35028 3.35743 -0.12979 0.55971 4.02072 0.830108738261 0.933191261739 0.30541 0.41196 152.77952 195.62801 147.22542 138.42519 0.3 0.3 0.0 0.0 0.0 0.0 0.0 0.0 0.72115 0.0 0.0 45.47487 -0.49999 0.07399 0.0 0.0 0.0 0.0 0.0 0.0 0.0108569644905 24 0 0.943792464484 1.1652421967 3.33666908039
-0.12623 0.35028 3.35743 -0.12979 0.55971 4.02072 0.759220344694 1.00407965531 0.30541 0.41196 152.77952 195.62801 147.22542 138.42519 0.3 0.3 0.0 0.0 0.0 0.0 0.0 0.0 0.72115 0.0 0.0 45.47487 -0.49999 0.07399 0.0 0.0 0.0 0.0 0.0 0.0 0.0109078333727 25 0 0.961922596754 1.19095247241 3.33666908039
-0.12623 0.35028 3.35743 -0.12979 0.55971 4.02072 0.776842388302 0.986457611698 0.30541 0.41196 152.77952 195.62801 147.22542 138.42519 0.3 0.3 0.0 0.0 0.0 0.0 0.0 0.0 0.72115 0.0 0.0 45.47487 -0.49999 0.07399 0.0 0.0 0.0 0.0 0.0 0.0 0.0115224708288 26 0 0.981096408318 1.13340082106 3.33666908039
-0.12623 0.35028 3.35743 -0.12979 0.55971 4.02072 0.806863020141 0.956436979859 0.30541 0.41196 152.77952 195.62801 147.22542 138.42519 0.3 0.3 0.0 0.0 0.0 0.0 0.0 0.0 0.72115 0.0 0.0 45.47487 -0.49999 0.07399 0.0 0.0 0.0 0.0 0.0 0.0 0.0109139477184 27 0 0.963772642099 1.18243967462 3.33666908039
-0.12623 0.35028 3.35743 -0.12979 0.55971 4.02072 0.77399224249 0.98930775751 0.30541 0.41196 152.77952 195.62801 147.22542 138.42519 0.3 0.3 0.0 0.0 0.0 0.0 0.0 0.0 0.72115 0.0 0.0 45.47487 -0.49999 0.07399 0.0 0.0 0.0 0.0 0.0 0.0 0.0104071627298 28 0 0.985498108449 1.15748922449 3.33666908039
-0.12623 0.35028 3.35743 -0.12979 0.55971 4.02072 0.761367714198 1.0019322858 0.30541 0.41196 152.77952 195.62801 147.22542 138.42519 0.3 0.3 0.0 0.0 0.0 0.0 0.0 0.0 0.72115 0.0 0.0 45.47487 -0.49999 0.07399 0.0 0.0 0.0 0.0 0.0 0.0 0.0105986844964 29 0 0.965603502189 1.24449845332 3.33666908039
-0.12623 0.35028 3.35743 -0.12979 0.55971 4.02072 0.806508321061 0.956791678939 0.30541 0.41196 152.77952 195.62801 147.22542 138.42519 0.3 0.3 0.0 0.0 0.0 0.0 0.0 0.0 0.72115 0.0 0.0 45.47487 -0.49999 0.07399 0.0 0.0 0.0 0.0 0.0 0.0 0.00977399306651 30 0 0.963772642099 1.15848915172 3.33666908039
-0.12623 0.35028 3.35743 -0.12979 0.55971 4.02072 0.797804232551 0.965495767449 0.30541 0.41196 152.77952 195.62801 147.22542 138.42519 0.3 0.3 0.0 0.0 0.0 0.0 0.0 0.0 0.72115 0.0 0.0 45.47487 -0.49999 0.07399 0.0 0.0 0.0 0.0 0.0 0.0 0.0112418753526 31 0 0.96939412867 1.32362813558 3.33666908039
-0.12623 0.35028 3.35743 -0.12979 0.55971 4.02072 0.817423142729 0.945876857271 0.30541 0.41196 152.77952 195.62801 147.22542 138.42519 0.3 0.3 0.0 0.0 0.0 0.0 0.0 0.0 0.72115 0.0 0.0 45.47487 -0.49999 0.07399 0.0 0.0 0.0 0.0 0.0 0.0 0.0109965458203 32 0 0.955927995034 1.12017115095 3.33666908039
-0.12623 0.35028 3.35743 -0.12979 0.55971 4.02072 0.785036986525 0.978263013475 0.30541 0.41196 152.77952 195.62801 147.22542 138.42519 0.3 0.3 0.0 0.0 0.0 0.0 0.0 0.0 0.72115 0.0 0.0 45.47487 -0.49999 0.07399 0.0 0.0 0.0 0.0 0.0 0.0 0.0118088748375 33 1 0.988672120831 0.817588447454 3.21241260041
-0.12623 0.35028 3.35743 -0.12979 0.55971 4.02072 0.772175044496 0.991124955504 0.30541 0.41196 152.77952 195.62801 147.22542 138.42519 0.3 0.3 0.0 0.0 0.0 0.0 0.0 0.0 0.72115 0.0 0.0 45.47487 -0.49999 0.07399 0.0 0.0 0.0 0.0 0.0 0.0 0.0120838669759 34 1 0.981738035264 1.22193411664 1.79184996953
-0.12623 0.35028 3.35743 -0.12979 0.55971 4.02072 0.802362730273 0.960937269727 0.30541 0.41196 152.77952 195.62801 147.22542 138.42519 0.3 0.3 0.0 0.0 0.0 0.0 0.0 0.0 0.72115 0.0 0.0 45.47487 -0.49999 0.07399 0.0 0.0 0.0 0.0 0.0 0.0 0.0116958279896 35 0 0.9675 1.10765504917 1.79184996953
-0.12623 0.35028 3.35743 -0.12979 0.55971 4.02072 0.749665511903 1.0136344881 0.30541 0.41196 152.77952 195.62801 147.22542 138.42519 0.3 0.3 0.0 0.0 0.0 0.0 0.0 0.0 0.72115 0.0 0.0 45.47487 -0.49999 0.07399 0.0 0.0 0.0 0.0 0.0 0.0 0.012011116593 36 0 0.953387197017 1.32095558997 1.79184996953
-0.12623 0.35028 3.35743 -0.12979 0.55971 4.02072 0.75852300603 1.00477699397 0.30541 0.41196 152.77952 195.62801 147.22542 138.42519 0.3 0.3 0.0 0.0 0.0 0.0 0.0 0.0 0.72115 0.0 0.0 45.47487 -0.49999 0.07399 0.0 0.0 0.0 0.0 0.0 0.0 0.0115838759134 37 0 0.957579538366 1.19732712073 1.79184996953
-0.12623 0.35028 3.35743 -0.12979 0.55971 4.02072 0.769441842529 0.993858157471 0.30541 0.41196 152.77952 195.62801 147.22542 138.42519 0.3 0.3 0.0 0.0 0.0 0.0 0.0 0.0 0.72115 0.0 0.0 45.47487 -0.49999 0.07399 0.0 0.0 0.0 0.0 0.0 0.0 0.0121936378788 38 0 0.971123666039 1.17591689349 1.79184996953
-0.12623 0.35028 3.35743 -0.12979 0.55971 4.02072 0.783148721542 0.980151278458 0.30541 0.41196 152.77952 195.62801 147.22542 138.42519 0.3 0.3 0.0 0.0 0.0 0.0 0.0 0.0 0.72115 0.0 0.0 45.47487 -0.49999 0.07399 0.0 0.0 0.0 0.0 0.0 0.0 0.0112825596622 39 1 0.994939911448 0.472942386946 3.54306353039
-0.12623 0.35028 3.35743 -0.12979 0.55971 4.02072 0.799536137226 0.963763862774 0.30541 0.41196 152.77952 195.62801 147.22542 138.42519 0.3 0.3 0.0 0.0 0.0 0.0 0.0 0.0 0.72115 0.0 0.0 45.47487 -0.49999 0.07399 0.0 0.0 0.0 0.0 0.0 0.0 0.0122814010525 40 0 0.968144909432 1.20606348969 3.54306353039
-0.12623 0.35028 3.35743 -0.12979 0.55971 4.02072 0.784248113923 0.979051886077 0.30541 0.41196 152.77952 195.62801 147.22542 138.42519 0.3 0.3 0.0 0.0 0.0 0.0 0.0 0.0 0.72115 0.0 0.0 45.47487 -0.49999 0.07399 0.0 0.0 0.0 0.0 0.0 0.0 0.0120570253375 41 0 0.992429022082 0.699605798166 3.54306353039
-0.12623 0.35028 3.35743 -0.12979 0.55971 4.02072 0.796493588895 0.966806411105 0.30541 0.41196 152.77952 195.62801 147.22542 138.42519 0.3 0.3 0.0 0.0 0.0 0.0 0.0 0.0 0.72115 0.0 0.0 45.47487 -0.49999 0.07399 0.0 0.0 0.0 0.0 0.0 0.0 0.0117600795665 42 0 0.966833541927 1.26626259331 3.54306353039
-0.12623 0.35028 3.35743 -0.12979 0.55971 4.02072 0.80870668444 0.95459331556 0.30541 0.41196 152.77952 195.62801 147.22542 138.42519 0.3 0.3 0.0 0.0 0.0 0.0 0.0 0.0 0.72115 0.0 0.0 45.47487 -0.49999 0.07399 0.0 0.0 0.0 0.0 0.0 0.0 0.0108946523797 43 0 0.960149439601 1.18016221558 3.54306353039
-0.12623 0.35028 3.35743 -0.12979 0.55971 4.02072 0.767030346704 0.996269653296 0.30541 0.41196 152.77952 195.62801 147.22542 138.42519 0.3 0.3 0.0 0.0 0.0 0.0 0.0 0.0 0.72115 0.0 0.0 45.47487 -0.49999 0.07399 0.0 0.0 0.0 0.0 0.0 0.0 0.0112221383217 44 0 0.972413793103 1.23035111976 3.54306353039
-0.12623 0.35028 3.35743 -0.12979 0.55971 4.02072 0.833611738806 0.929688261194 0.30541 0.41196 152.77952 195.62801 147.22542 138.42519 0.3 0.3 0.0 0.0 0.0 0.0 0.0 0.0 0.72115 0.0 0.0 45.47487 -0.49999 0.07399 0.0 0.0 0.0 0.0 0.0 0.0 0.0116151389672 45 0 0.940160394818 1.18717095294 3.54306353039
-0.12623 0.35028 3.35743 -0.12979 0.55971 4.02072 0.787174647821 0.976125352179 0.30541 0.41196 152.77952 195.62801 147.22542 138.42519 0.3 0.3 0.0 0.0 0.0 0.0 0.0 0.0 0.72115 0.0 0.0 45.47487 -0.49999 0.07399 0.0 0.0 0.0 0.0 0.0 0.0 0.0114762265315 46 0 0.984286612194 1.010226604 3.54306353039
-0.12623 0.35028 3.35743 -0.12979 0.55971 4.02072 0.768746094549 0.994553905451 0.30541 0.41196 152.77952 195.62801 147.22542 138.42519 0.3 0.3 0.0 0.0 0.0 0.0 0.0 0.0 0.72115 0.0 0.0 45.47487 -0.49999 0.07399 0.0 0.0 0.0 0.0 0.0 0.0 0.0115268400093 47 0 0.972413793103 1.18284701903 3.54306353039
-0.12623 0.35028 3.35743 -0.12979 0.55971 4.02072 0.790808896508 0.972491103492 0.30541 0.41196 152.77952 195.62801 147.22542 138.42519 0.3 0.3 0.0 0.0 0.0 0.0 0.0 0.0 0.72115 0.0 0.0 45.47487 -0.49999 0.07399 0.0 0.0 0.0 0.0 0.0 0.0 0.0117132955368 48 0 0.97864321608 1.111053148 3.54306353039
-0.12623 0.35028 3.35743 -0.12979 0.55971 4.02072 0.780456906146 0.982843093854 0.30541 0.41196 152.77952 195.62801 147.22542 138.42519 0.3 0.3 0.0 0.0 0.0 0.0 0.0 0.0 0.72115 0.0 0.0 45.47487 -0.49999 0.07399 0.0 0.0 0.0 0.0 0.0 0.0 0.0107870766266 49 1 0.98989260897 0.758634046904 3.35782609918
-0.12623 0.35028 3.35743 -0.12979 0.55971 4.02072 0.769918676348 0.993381323652 0.30541 0.41196 152.77952 195.62801 147.22542 138.42519 0.3 0.3 0.0 0.0 0.0 0.0 0.0 0.0 0.72115 0.0 0.0 45.47487 -0.49999 0.07399 0.0 0.0 0.0 0.0 0.0 0.0 0.0109877280336 50 0 0.974213836478 1.2364346684 3.35782609918
