-0.12623 0.35028 3.35743 -0.12979 0.55971 4.02072 0.623714210324 1.13958578968 0.30541 0.41196 152.77952 195.62801 147.22542 138.42519 0.3 0.3 0.0 0.0 0.0 0.0 0.0 0.0 0.72115 0.0 0.0 45.47487 -0.49999 0.07399 0.0 0.0 0.0 0.0 0.0 0.0 0.01 0 1 0.837837837838 1.90421834476 -473.076771134
-0.12623 0.35028 3.35743 -0.12979 0.55971 4.02072 0.610770065067 1.15252993493 0.30541 0.41196 152.77952 195.62801 147.22542 138.42519 0.3 0.3 0.0 0.0 0.0 0.0 0.0 0.0 0.72115 0.0 0.0 45.47487 -0.49999 0.07399 0.0 0.0 0.0 0.0 0.0 0.0 0.00975867736647 1 0 0.822429906542 1.93801699424 -473.076771134
-0.12623 0.35028 3.35743 -0.12979 0.55971 4.02072 0.620607590959 1.14269240904 0.30541 0.41196 152.77952 195.62801 147.22542 138.42519 0.3 0.3 0.0 0.0 0.0 0.0 0.0 0.0 0.72115 0.0 0.0 45.47487 -0.49999 0.07399 0.0 0.0 0.0 0.0 0.0 0.0 0.0101085623432 2 0 0.834604105572 2.01024785589 -473.076771134
-0.12623 0.35028 3.35743 -0.12979 0.55971 4.02072 0.653543244885 1.10975675511 0.30541 0.41196 152.77952 195.62801 147.22542 138.42519 0.3 0.3 0.0 0.0 0.0 0.0 0.0 0.0 0.72115 0.0 0.0 45.47487 -0.49999 0.07399 0.0 0.0 0.0 0.0 0.0 0.0 0.0102983156934 3 1 0.868530636526 1.74389896681 -244.159175572
-0.12623 0.35028 3.35743 -0.12979 0.55971 4.02072 0.629533930447 1.13376606955 0.30541 0.41196 152.77952 195.62801 147.22542 138.42519 0.3 0.3 0.0 0.0 0.0 0.0 0.0 0.0 0.72115 0.0 0.0 45.47487 -0.49999 0.07399 0.0 0.0 0.0 0.0 0.0 0.0 0.011251037919 4 0 0.841578327444 1.87319612267 -244.159175572
-0.12623 0.35028 3.35743 -0.12979 0.55971 4.02072 0.632004795275 1.13129520473 0.30541 0.41196 152.77952 195.62801 147.22542 138.42519 0.3 0.3 0.0 0.0 0.0 0.0 0.0 0.0 0.72115 0.0 0.0 45.47487 -0.49999 0.07399 0.0 0.0 0.0 0.0 0.0 0.0 0.0102424955531 5 0 0.84375 1.92487778499 -244.159175572
-0.12623 0.35028 3.35743 -0.12979 0.55971 4.02072 0.676351329941 1.08694867006 0.30541 0.41196 152.77952 195.62801 147.22542 138.42519 0.3 0.3 0.0 0.0 0.0 0.0 0.0 0.0 0.72115 0.0 0.0 45.47487 -0.49999 0.07399 0.0 0.0 0.0 0.0 0.0 0.0 0.00975351297298 6 1 0.889489489489 1.65472482749 -172.043373711
-0.12623 0.35028 3.35743 -0.12979 0.55971 4.02072 0.700496509631 1.06280349037 0.30541 0.41196 152.77952 195.62801 147.22542 138.42519 0.3 0.3 0.0 0.0 0.0 0.0 0.0 0.0 0.72115 0.0 0.0 45.47487 -0.49999 0.07399 0.0 0.0 0.0 0.0 0.0 0.0 0.00897161340944 7 1 0.908759124088 1.58094165382 -125.457905221
-0.12623 0.35028 3.35743 -0.12979 0.55971 4.02072 0.695491492435 1.06780850756 0.30541 0.41196 152.77952 195.62801 147.22542 138.42519 0.3 0.3 0.0 0.0 0.0 0.0 0.0 0.0 0.72115 0.0 0.0 45.47487 -0.49999 0.07399 0.0 0.0 0.0 0.0 0.0 0.0 0.00893184207643 8 0 0.904242424242 1.53473808092 -125.457905221
-0.12623 0.35028 3.35743 -0.12979 0.55971 4.02072 0.737574898052 1.02572510195 0.30541 0.41196 152.77952 195.62801 147.22542 138.42519 0.3 0.3 0.0 0.0 0.0 0.0 0.0 0.0 0.72115 0.0 0.0 45.47487 -0.49999 0.07399 0.0 0.0 0.0 0.0 0.0 0.0 0.00921641869603 9 1 0.944857496902 1.26740892392 -24.9831122656
-0.12623 0.35028 3.35743 -0.12979 0.55971 4.02072 0.713506628689 1.04979337131 0.30541 0.41196 152.77952 195.62801 147.22542 138.42519 0.3 0.3 0.0 0.0 0.0 0.0 0.0 0.0 0.72115 0.0 0.0 45.47487 -0.49999 0.07399 0.0 0.0 0.0 0.0 0.0 0.0 0.00908399808602 10 0 0.925857843137 1.46908460351 -24.9831122656
-0.12623 0.35028 3.35743 -0.12979 0.55971 4.02072 0.748427277335 1.01487272266 0.30541 0.41196 152.77952 195.62801 147.22542 138.42519 0.3 0.3 0.0 0.0 0.0 0.0 0.0 0.0 0.72115 0.0 0.0 45.47487 -0.49999 0.07399 0.0 0.0 0.0 0.0 0.0 0.0 0.00940696468666 11 1 0.950870646766 1.25455876999 -17.7178411445
-0.12623 0.35028 3.35743 -0.12979 0.55971 4.02072 0.746381581365 1.01691841864 0.30541 0.41196 152.77952 195.62801 147.22542 138.42519 0.3 0.3 0.0 0.0 0.0 0.0 0.0 0.0 0.72115 0.0 0.0 45.47487 -0.49999 0.07399 0.0 0.0 0.0 0.0 0.0 0.0 0.0097350409257 12 1 0.955196017424 1.25495128241 -12.9663531159
-0.12623 0.35028 3.35743 -0.12979 0.55971 4.02072 0.692732763856 1.07056723614 0.30541 0.41196 152.77952 195.62801 147.22542 138.42519 0.3 0.3 0.0 0.0 0.0 0.0 0.0 0.0 0.72115 0.0 0.0 45.47487 -0.49999 0.07399 0.0 0.0 0.0 0.0 0.0 0.0 0.0100423249937 13 0 0.905454545455 1.49386648641 -12.9663531159
-0.12623 0.35028 3.35743 -0.12979 0.55971 4.02072 0.75067251845 1.01262748155 0.30541 0.41196 152.77952 195.62801 147.22542 138.42519 0.3 0.3 0.0 0.0 0.0 0.0 0.0 0.0 0.72115 0.0 0.0 45.47487 -0.49999 0.07399 0.0 0.0 0.0 0.0 0.0 0.0 0.00956166414664 14 0 0.95460199005 1.34274107638 -12.9663531159
-0.12623 0.35028 3.35743 -0.12979 0.55971 4.02072 0.748987205915 1.01431279409 0.30541 0.41196 152.77952 195.62801 147.22542 138.42519 0.3 0.3 0.0 0.0 0.0 0.0 0.0 0.0 0.72115 0.0 0.0 45.47487 -0.49999 0.07399 0.0 0.0 0.0 0.0 0.0 0.0 0.00999184017699 15 0 0.952736318408 1.28658564732 -12.9663531159
-0.12623 0.35028 3.35743 -0.12979 0.55971 4.02072 0.767836234582 0.995463765418 0.30541 0.41196 152.77952 195.62801 147.22542 138.42519 0.3 0.3 0.0 0.0 0.0 0.0 0.0 0.0 0.72115 0.0 0.0 45.47487 -0.49999 0.07399 0.0 0.0 0.0 0.0 0.0 0.0 0.00925040619818 16 1 0.97305764411 1.16023473278 -1.9455240146
-0.12623 0.35028 3.35743 -0.12979 0.55971 4.02072 0.767863507007 0.995436492993 0.30541 0.41196 152.77952 195.62801 147.22542 138.42519 0.3 0.3 0.0 0.0 0.0 0.0 0.0 0.0 0.72115 0.0 0.0 45.47487 -0.49999 0.07399 0.0 0.0 0.0 0.0 0.0 0.0 0.00930067062133 17 1 0.97305764411 1.16136016694 -1.90035799564
-0.12623 0.35028 3.35743 -0.12979 0.55971 4.02072 0.770734341934 0.992565658066 0.30541 0.41196 152.77952 195.62801 147.22542 138.42519 0.3 0.3 0.0 0.0 0.0 0.0 0.0 0.0 0.72115 0.0 0.0 45.47487 -0.49999 0.07399 0.0 0.0 0.0 0.0 0.0 0.0 0.0100183020056 18 1 0.976115650534 1.26258993508 -0.845962414581
-0.12623 0.35028 3.35743 -0.12979 0.55971 4.02072 0.777020376511 0.986279623489 0.30541 0.41196 152.77952 195.62801 147.22542 138.42519 0.3 0.3 0.0 0.0 0.0 0.0 0.0 0.0 0.72115 0.0 0.0 45.47487 -0.49999 0.07399 0.0 0.0 0.0 0.0 0.0 0.0 0.00944427355807 19 1 0.98172652804 1.15826470621 1.23215395877
-0.12623 0.35028 3.35743 -0.12979 0.55971 4.02072 0.773098592489 0.990201407511 0.30541 0.41196 152.77952 195.62801 147.22542 138.42519 0.3 0.3 0.0 0.0 0.0 0.0 0.0 0.0 0.72115 0.0 0.0 45.47487 -0.49999 0.07399 0.0 0.0 0.0 0.0 0.0 0.0 0.0101113515523 20 1 0.983616887209 1.17276725632 1.8697802686
-0.12623 0.35028 3.35743 -0.12979 0.55971 4.02072 0.756389853418 1.00691014658 0.30541 0.41196 152.77952 195.62801 147.22542 138.42519 0.3 0.3 0.0 0.0 0.0 0.0 0.0 0.0 0.72115 0.0 0.0 45.47487 -0.49999 0.07399 0.0 0.0 0.0 0.0 0.0 0.0 0.0098326909535 21 0 0.958307405103 1.23771860814 1.8697802686
-0.12623 0.35028 3.35743 -0.12979 0.55971 4.02072 0.772169126063 0.991130873937 0.30541 0.41196 152.77952 195.62801 147.22542 138.42519 0.3 0.3 0.0 0.0 0.0 0.0 0.0 0.0 0.72115 0.0 0.0 45.47487 -0.49999 0.07399 0.0 0.0 0.0 0.0 0.0 0.0 0.00989578780095 22 0 0.981738035264 1.22192524728 1.8697802686
-0.12623 0.35028 3.35743 -0.12979 0.55971 4.02072 0.72524012901 1.03805987099 0.30541 0.41196 152.77952 195.62801 147.22542 138.42519 0.3 0.3 0.0 0.0 0.0 0.0 0.0 0.0 0.72115 0.0 0.0 45.47487 -0.49999 0.07399 0.0 0.0 0.0 0.0 0.0 0.0 0.00957139325831 23 0 0.938385705484 1.42261948012 1.8697802686
-0.12623 0.35028 3.35743 -0.12979 0.55971 4.02072 0.772571015412 0.990728984588 0.30541 0.41196 152.77952 195.62801 147.22542 138.42519 0.3 0.3 0.0 0.0 0.0 0.0 0.0 0.0 0.72115 0.0 0.0 45.47487 -0.49999 0.07399 0.0 0.0 0.0 0.0 0.0 0.0 0.0109604610005 24 1 0.980478589421 1.21530472582 1.25188470883
-0.12623 0.35028 3.35743 -0.12979 0.55971 4.02072 0.798300469537 0.964999530463 0.30541 0.41196 152.77952 195.62801 147.22542 138.42519 0.3 0.3 0.0 0.0 0.0 0.0 0.0 0.0 0.72115 0.0 0.0 45.47487 -0.49999 0.07399 0.0 0.0 0.0 0.0 0.0 0.0 0.0113060268566 25 0 0.969981238274 1.30705251373 1.25188470883
-0.12623 0.35028 3.35743 -0.12979 0.55971 4.02072 0.743758552031 1.01954144797 0.30541 0.41196 152.77952 195.62801 147.22542 138.42519 0.3 0.3 0.0 0.0 0.0 0.0 0.0 0.0 0.72115 0.0 0.0 45.47487 -0.49999 0.07399 0.0 0.0 0.0 0.0 0.0 0.0 0.0111837766169 26 0 0.952736318408 1.25717846397 1.25188470883
-0.12623 0.35028 3.35743 -0.12979 0.55971 4.02072 0.819953906526 0.943346093474 0.30541 0.41196 152.77952 195.62801 147.22542 138.42519 0.3 0.3 0.0 0.0 0.0 0.0 0.0 0.0 0.72115 0.0 0.0 45.47487 -0.49999 0.07399 0.0 0.0 0.0 0.0 0.0 0.0 0.0117442253469 27 0 0.956575682382 1.23187465242 1.25188470883
-0.12623 0.35028 3.35743 -0.12979 0.55971 4.02072 0.759483201821 1.00381679818 0.30541 0.41196 152.77952 195.62801 147.22542 138.42519 0.3 0.3 0.0 0.0 0.0 0.0 0.0 0.0 0.72115 0.0 0.0 45.47487 -0.49999 0.07399 0.0 0.0 0.0 0.0 0.0 0.0 0.0108726350287 28 0 0.962523422861 1.1834794329 1.25188470883
-0.12623 0.35028 3.35743 -0.12979 0.55971 4.02072 0.802377132836 0.960922867164 0.30541 0.41196 152.77952 195.62801 147.22542 138.42519 0.3 0.3 0.0 0.0 0.0 0.0 0.0 0.0 0.72115 0.0 0.0 45.47487 -0.49999 0.07399 0.0 0.0 0.0 0.0 0.0 0.0 0.011532763548 29 0 0.9675 1.10996379755 1.25188470883
-0.12623 0.35028 3.35743 -0.12979 0.55971 4.02072 0.753078933651 1.01022106635 0.30541 0.41196 152.77952 195.62801 147.22542 138.42519 0.3 0.3 0.0 0.0 0.0 0.0 0.0 0.0 0.72115 0.0 0.0 45.47487 -0.49999 0.07399 0.0 0.0 0.0 0.0 0.0 0.0 0.0112288666862 30 0 0.959526774595 1.23686880174 1.25188470883
-0.12623 0.35028 3.35743 -0.12979 0.55971 4.02072 0.772381199533 0.990918800467 0.30541 0.41196 152.77952 195.62801 147.22542 138.42519 0.3 0.3 0.0 0.0 0.0 0.0 0.0 0.0 0.72115 0.0 0.0 45.47487 -0.49999 0.07399 0.0 0.0 0.0 0.0 0.0 0.0 0.0111682183345 31 1 0.979848866499 1.21864733932 1.15829597263
-0.12623 0.35028 3.35743 -0.12979 0.55971 4.02072 0.785587861071 0.977712138929 0.30541 0.41196 152.77952 195.62801 147.22542 138.42519 0.3 0.3 0.0 0.0 0.0 0.0 0.0 0.0 0.72115 0.0 0.0 45.47487 -0.49999 0.07399 0.0 0.0 0.0 0.0 0.0 0.0 0.0111230386155 32 1 0.98741346759 0.826905534759 3.14202711603
-0.12623 0.35028 3.35743 -0.12979 0.55971 4.02072 0.802092285193 0.961207714807 0.30541 0.41196 152.77952 195.62801 147.22542 138.42519 0.3 0.3 0.0 0.0 0.0 0.0 0.0 0.0 0.72115 0.0 0.0 45.47487 -0.49999 0.07399 0.0 0.0 0.0 0.0 0.0 0.0 0.0109731646529 33 0 0.967479674797 1.09160988674 3.14202711603
-0.12623 0.35028 3.35743 -0.12979 0.55971 4.02072 0.800898047498 0.962401952502 0.30541 0.41196 152.77952 195.62801 147.22542 138.42519 0.3 0.3 0.0 0.0 0.0 0.0 0.0 0.0 0.72115 0.0 0.0 45.47487 -0.49999 0.07399 0.0 0.0 0.0 0.0 0.0 0.0 0.0105685436931 34 0 0.968125 1.16755885602 3.14202711603
-0.12623 0.35028 3.35743 -0.12979 0.55971 4.02072 0.753675050868 1.00962494913 0.30541 0.41196 152.77952 195.62801 147.22542 138.42519 0.3 0.3 0.0 0.0 0.0 0.0 0.0 0.0 0.72115 0.0 0.0 45.47487 -0.49999 0.07399 0.0 0.0 0.0 0.0 0.0 0.0 0.0107785890229 35 0 0.960124610592 1.20483905276 3.14202711603
-0.12623 0.35028 3.35743 -0.12979 0.55971 4.02072 0.744841156563 1.01845884344 0.30541 0.41196 152.77952 195.62801 147.22542 138.42519 0.3 0.3 0.0 0.0 0.0 0.0 0.0 0.0 0.72115 0.0 0.0 45.47487 -0.49999 0.07399 0.0 0.0 0.0 0.0 0.0 0.0 0.0108782339499 36 0 0.952144188937 1.29186128974 3.14202711603
-0.12623 0.35028 3.35743 -0.12979 0.55971 4.02072 0.79113934804 0.97216065196 0.30541 0.41196 152.77952 195.62801 147.22542 138.42519 0.3 0.3 0.0 0.0 0.0 0.0 0.0 0.0 0.72115 0.0 0.0 45.47487 -0.49999 0.07399 0.0 0.0 0.0 0.0 0.0 0.0 0.0111046301621 37 0 0.979258328096 1.04666439175 3.14202711603
-0.12623 0.35028 3.35743 -0.12979 0.55971 4.02072 0.782276488867 0.981023511133 0.30541 0.41196 152.77952 195.62801 147.22542 138.42519 0.3 0.3 0.0 0.0 0.0 0.0 0.0 0.0 0.72115 0.0 0.0 45.47487 -0.49999 0.07399 0.0 0.0 0.0 0.0 0.0 0.0 0.0112417679698 38 1 0.998731769182 0.197019621293 3.56893360998
-0.12623 0.35028 3.35743 -0.12979 0.55971 4.02072 0.77969293824 0.98360706176 0.30541 0.41196 152.77952 195.62801 147.22542 138.42519 0.3 0.3 0.0 0.0 0.0 0.0 0.0 0.0 0.72115 0.0 0.0 45.47487 -0.49999 0.07399 0.0 0.0 0.0 0.0 0.0 0.0 0.0114049618541 39 1 0.987365761213 0.765125767992 3.19556011201
-0.12623 0.35028 3.35743 -0.12979 0.55971 4.02072 0.781829948328 0.981470051672 0.30541 0.41196 152.77952 195.62801 147.22542 138.42519 0.3 0.3 0.0 0.0 0.0 0.0 0.0 0.0 0.72115 0.0 0.0 45.47487 -0.49999 0.07399 0.0 0.0 0.0 0.0 0.0 0.0 0.0115945293616 40 1 0.992409867173 0.296834524845 3.51940382899
-0.12623 0.35028 3.35743 -0.12979 0.55971 4.02072 0.77422576962 0.98907423038 0.30541 0.41196 152.77952 195.62801 147.22542 138.42519 0.3 0.3 0.0 0.0 0.0 0.0 0.0 0.0 0.72115 0.0 0.0 45.47487 -0.49999 0.07399 0.0 0.0 0.0 0.0 0.0 0.0 0.0108114970991 41 1 0.984247006931 1.09922491106 2.32558777681
-0.12623 0.35028 3.35743 -0.12979 0.55971 4.02072 0.750113664623 1.01318633538 0.30541 0.41196 152.77952 195.62801 147.22542 138.42519 0.3 0.3 0.0 0.0 0.0 0.0 0.0 0.0 0.72115 0.0 0.0 45.47487 -0.49999 0.07399 0.0 0.0 0.0 0.0 0.0 0.0 0.0112293028709 42 0 0.954630205096 1.31384579941 2.32558777681
-0.12623 0.35028 3.35743 -0.12979 0.55971 4.02072 0.749496971642 1.01380302836 0.30541 0.41196 152.77952 195.62801 147.22542 138.42519 0.3 0.3 0.0 0.0 0.0 0.0 0.0 0.0 0.72115 0.0 0.0 45.47487 -0.49999 0.07399 0.0 0.0 0.0 0.0 0.0 0.0 0.0104388204111 43 0 0.952144188937 1.32222745377 2.32558777681
-0.12623 0.35028 3.35743 -0.12979 0.55971 4.02072 0.804144337806 0.959155662194 0.30541 0.41196 152.77952 195.62801 147.22542 138.42519 0.3 0.3 0.0 0.0 0.0 0.0 0.0 0.0 0.72115 0.0 0.0 45.47487 -0.49999 0.07399 0.0 0.0 0.0 0.0 0.0 0.0 0.00997492358293 44 0 0.966271080575 1.09340303273 2.32558777681
-0.12623 0.35028 3.35743 -0.12979 0.55971 4.02072 0.782733657048 0.980566342952 0.30541 0.41196 152.77952 195.62801 147.22542 138.42519 0.3 0.3 0.0 0.0 0.0 0.0 0.0 0.0 0.72115 0.0 0.0 45.47487 -0.49999 0.07399 0.0 0.0 0.0 0.0 0.0 0.0 0.0110895571657 45 1 0.999366286439 0.176494176758 3.58276201476
-0.12623 0.35028 3.35743 -0.12979 0.55971 4.02072 0.785575704357 0.977724295643 0.30541 0.41196 152.77952 195.62801 147.22542 138.42519 0.3 0.3 0.0 0.0 0.0 0.0 0.0 0.0 0.72115 0.0 0.0 45.47487 -0.49999 0.07399 0.0 0.0 0.0 0.0 0.0 0.0 0.0104361827093 46 1 0.98741346759 0.825042788123 3.1484847551
-0.12623 0.35028 3.35743 -0.12979 0.55971 4.02072 0.794181266322 0.969118733678 0.30541 0.41196 152.77952 195.62801 147.22542 138.42519 0.3 0.3 0.0 0.0 0.0 0.0 0.0 0.0 0.72115 0.0 0.0 45.47487 -0.49999 0.07399 0.0 0.0 0.0 0.0 0.0 0.0 0.0108696786264 47 0 0.974262397991 1.25518102361 3.1484847551
-0.12623 0.35028 3.35743 -0.12979 0.55971 4.02072 0.769348708756 0.993951291244 0.30541 0.41196 152.77952 195.62801 147.22542 138.42519 0.3 0.3 0.0 0.0 0.0 0.0 0.0 0.0 0.72115 0.0 0.0 45.47487 -0.49999 0.07399 0.0 0.0 0.0 0.0 0.0 0.0 0.010732364519 48 0 0.97237915882 1.18853774368 3.1484847551
-0.12623 0.35028 3.35743 -0.12979 0.55971 4.02072 0.791684985319 0.971615014681 0.30541 0.41196 152.77952 195.62801 147.22542 138.42519 0.3 0.3 0.0 0.0 0.0 0.0 0.0 0.0 0.72115 0.0 0.0 45.47487 -0.49999 0.07399 0.0 0.0 0.0 0.0 0.0 0.0 0.00995885292818 49 1 0.978629792583 1.13333529052 0.733121015731
-0.12623 0.35028 3.35743 -0.12979 0.55971 4.02072 0.786040397469 0.977259602531 0.30541 0.41196 152.77952 195.62801 147.22542 138.42519 0.3 0.3 0.0 0.0 0.0 0.0 0.0 0.0 0.72115 0.0 0.0 45.47487 -0.49999 0.07399 0.0 0.0 0.0 0.0 0.0 0.0 0.00931475565458 50 1 0.985534591195 0.951419782641 2.665694081
