-0.12623 0.35028 3.35743 -0.12979 0.55971 4.02072 0.734786122977 1.02851387702 0.30541 0.41196 152.77952 195.62801 147.22542 138.42519 0.3 0.3 0.0 0.0 0.0 0.0 0.0 0.0 0.72115 0.0 0.0 45.47487 -0.49999 0.07399 0.0 0.0 0.0 0.0 0.0 0.0 0.01 0 1 0.945027794935 1.33087433433 -23.0764987885
-0.12623 0.35028 3.35743 -0.12979 0.55971 4.02072 0.727502895083 1.03579710492 0.30541 0.41196 152.77952 195.62801 147.22542 138.42519 0.3 0.3 0.0 0.0 0.0 0.0 0.0 0.0 0.72115 0.0 0.0 45.47487 -0.49999 0.07399 0.0 0.0 0.0 0.0 0.0 0.0 0.00962464717858 1 0 0.939468807906 1.45450899689 -23.0764987885
-0.12623 0.35028 3.35743 -0.12979 0.55971 4.02072 0.697478942086 1.06582105791 0.30541 0.41196 152.77952 195.62801 147.22542 138.42519 0.3 0.3 0.0 0.0 0.0 0.0 0.0 0.0 0.72115 0.0 0.0 45.47487 -0.49999 0.07399 0.0 0.0 0.0 0.0 0.0 0.0 0.00994587547826 2 0 0.911084043849 1.55298123214 -23.0764987885
-0.12623 0.35028 3.35743 -0.12979 0.55971 4.02072 0.704815201612 1.05848479839 0.30541 0.41196 152.77952 195.62801 147.22542 138.42519 0.3 0.3 0.0 0.0 0.0 0.0 0.0 0.0 0.72115 0.0 0.0 45.47487 -0.49999 0.07399 0.0 0.0 0.0 0.0 0.0 0.0 0.0101869778487 3 0 0.917682926829 1.63976096746 -23.0764987885
-0.12623 0.35028 3.35743 -0.12979 0.55971 4.02072 0.768342602088 0.994957397912 0.30541 0.41196 152.77952 195.62801 147.22542 138.42519 0.3 0.3 0.0 0.0 0.0 0.0 0.0 0.0 0.72115 0.0 0.0 45.47487 -0.49999 0.07399 0.0 0.0 0.0 0.0 0.0 0.0 0.0095481070825 4 1 0.97305764411 1.16506191764 -1.67139244716
-0.12623 0.35028 3.35743 -0.12979 0.55971 4.02072 0.775374770442 0.987925229558 0.30541 0.41196 152.77952 195.62801 147.22542 138.42519 0.3 0.3 0.0 0.0 0.0 0.0 0.0 0.0 0.72115 0.0 0.0 45.47487 -0.49999 0.07399 0.0 0.0 0.0 0.0 0.0 0.0 0.00987850566838 5 1 0.982986767486 1.1123220956 1.86351366419
-0.12623 0.35028 3.35743 -0.12979 0.55971 4.02072 0.746122981874 1.01717701813 0.30541 0.41196 152.77952 195.62801 147.22542 138.42519 0.3 0.3 0.0 0.0 0.0 0.0 0.0 0.0 0.72115 0.0 0.0 45.47487 -0.49999 0.07399 0.0 0.0 0.0 0.0 0.0 0.0 0.00976517622921 6 0 0.953980099502 1.25691487213 1.86351366419
-0.12623 0.35028 3.35743 -0.12979 0.55971 4.02072 0.806681880513 0.956618119487 0.30541 0.41196 152.77952 195.62801 147.22542 138.42519 0.3 0.3 0.0 0.0 0.0 0.0 0.0 0.0 0.72115 0.0 0.0 45.47487 -0.49999 0.07399 0.0 0.0 0.0 0.0 0.0 0.0 0.0100998668789 7 0 0.963772642099 1.188792898 1.86351366419
-0.12623 0.35028 3.35743 -0.12979 0.55971 4.02072 0.763444480814 0.999855519186 0.30541 0.41196 152.77952 195.62801 147.22542 138.42519 0.3 0.3 0.0 0.0 0.0 0.0 0.0 0.0 0.72115 0.0 0.0 45.47487 -0.49999 0.07399 0.0 0.0 0.0 0.0 0.0 0.0 0.010303014188 8 0 0.969317470257 1.17352641857 1.86351366419
-0.12623 0.35028 3.35743 -0.12979 0.55971 4.02072 0.781107195909 0.982192804091 0.30541 0.41196 152.77952 195.62801 147.22542 138.42519 0.3 0.3 0.0 0.0 0.0 0.0 0.0 0.0 0.72115 0.0 0.0 45.47487 -0.49999 0.07399 0.0 0.0 0.0 0.0 0.0 0.0 0.0095739200366 9 1 0.990518331226 0.621627048682 3.5402693969
-0.12623 0.35028 3.35743 -0.12979 0.55971 4.02072 0.770883110674 0.992416889326 0.30541 0.41196 152.77952 195.62801 147.22542 138.42519 0.3 0.3 0.0 0.0 0.0 0.0 0.0 0.0 0.72115 0.0 0.0 45.47487 -0.49999 0.07399 0.0 0.0 0.0 0.0 0.0 0.0 0.00817841395551 10 0 0.975487115022 1.24807219642 3.5402693969
-0.12623 0.35028 3.35743 -0.12979 0.55971 4.02072 0.763562161046 0.999737838954 0.30541 0.41196 152.77952 195.62801 147.22542 138.42519 0.3 0.3 0.0 0.0 0.0 0.0 0.0 0.0 0.72115 0.0 0.0 45.47487 -0.49999 0.07399 0.0 0.0 0.0 0.0 0.0 0.0 0.00973153947303 11 0 0.969317470257 1.21256446482 3.5402693969
-0.12623 0.35028 3.35743 -0.12979 0.55971 4.02072 0.76454192402 0.99875807598 0.30541 0.41196 152.77952 195.62801 147.22542 138.42519 0.3 0.3 0.0 0.0 0.0 0.0 0.0 0.0 0.72115 0.0 0.0 45.47487 -0.49999 0.07399 0.0 0.0 0.0 0.0 0.0 0.0 0.00860790624143 12 0 0.968105065666 1.24212219834 3.5402693969
-0.12623 0.35028 3.35743 -0.12979 0.55971 4.02072 0.78627804436 0.97702195564 0.30541 0.41196 152.77952 195.62801 147.22542 138.42519 0.3 0.3 0.0 0.0 0.0 0.0 0.0 0.0 0.72115 0.0 0.0 45.47487 -0.49999 0.07399 0.0 0.0 0.0 0.0 0.0 0.0 0.00930897524925 13 1 0.984286612194 0.946904514555 2.48046310308
-0.12623 0.35028 3.35743 -0.12979 0.55971 4.02072 0.759089526284 1.00421047372 0.30541 0.41196 152.77952 195.62801 147.22542 138.42519 0.3 0.3 0.0 0.0 0.0 0.0 0.0 0.0 0.72115 0.0 0.0 45.47487 -0.49999 0.07399 0.0 0.0 0.0 0.0 0.0 0.0 0.00929986828678 14 0 0.961922596754 1.19523332096 2.48046310308
-0.12623 0.35028 3.35743 -0.12979 0.55971 4.02072 0.796541000856 0.966758999144 0.30541 0.41196 152.77952 195.62801 147.22542 138.42519 0.3 0.3 0.0 0.0 0.0 0.0 0.0 0.0 0.72115 0.0 0.0 45.47487 -0.49999 0.07399 0.0 0.0 0.0 0.0 0.0 0.0 0.00897899994283 15 0 0.966228893058 1.2691837296 2.48046310308
-0.12623 0.35028 3.35743 -0.12979 0.55971 4.02072 0.806560468771 0.956739531229 0.30541 0.41196 152.77952 195.62801 147.22542 138.42519 0.3 0.3 0.0 0.0 0.0 0.0 0.0 0.0 0.72115 0.0 0.0 45.47487 -0.49999 0.07399 0.0 0.0 0.0 0.0 0.0 0.0 0.00869466804537 16 0 0.963772642099 1.15758358094 2.48046310308
-0.12623 0.35028 3.35743 -0.12979 0.55971 4.02072 0.787759934859 0.975540065141 0.30541 0.41196 152.77952 195.62801 147.22542 138.42519 0.3 0.3 0.0 0.0 0.0 0.0 0.0 0.0 0.72115 0.0 0.0 45.47487 -0.49999 0.07399 0.0 0.0 0.0 0.0 0.0 0.0 0.00941191311631 17 1 0.983658076681 1.02801977258 2.15381232846
-0.12623 0.35028 3.35743 -0.12979 0.55971 4.02072 0.780712934418 0.982587065582 0.30541 0.41196 152.77952 195.62801 147.22542 138.42519 0.3 0.3 0.0 0.0 0.0 0.0 0.0 0.0 0.72115 0.0 0.0 45.47487 -0.49999 0.07399 0.0 0.0 0.0 0.0 0.0 0.0 0.00889689795651 18 1 0.990518331226 0.799096612989 3.44048641608
-0.12623 0.35028 3.35743 -0.12979 0.55971 4.02072 0.773253409934 0.990046590066 0.30541 0.41196 152.77952 195.62801 147.22542 138.42519 0.3 0.3 0.0 0.0 0.0 0.0 0.0 0.0 0.72115 0.0 0.0 45.47487 -0.49999 0.07399 0.0 0.0 0.0 0.0 0.0 0.0 0.00956046680427 19 0 0.983616887209 1.18687398922 3.44048641608
-0.12623 0.35028 3.35743 -0.12979 0.55971 4.02072 0.752910373474 1.01038962653 0.30541 0.41196 152.77952 195.62801 147.22542 138.42519 0.3 0.3 0.0 0.0 0.0 0.0 0.0 0.0 0.72115 0.0 0.0 45.47487 -0.49999 0.07399 0.0 0.0 0.0 0.0 0.0 0.0 0.00847921992824 20 0 0.958307405103 1.23269670626 3.44048641608
-0.12623 0.35028 3.35743 -0.12979 0.55971 4.02072 0.767413493396 0.995886506604 0.30541 0.41196 152.77952 195.62801 147.22542 138.42519 0.3 0.3 0.0 0.0 0.0 0.0 0.0 0.0 0.72115 0.0 0.0 45.47487 -0.49999 0.07399 0.0 0.0 0.0 0.0 0.0 0.0 0.00875386905463 21 0 0.974278544542 1.13039985454 3.44048641608
-0.12623 0.35028 3.35743 -0.12979 0.55971 4.02072 0.778153941588 0.985146058412 0.30541 0.41196 152.77952 195.62801 147.22542 138.42519 0.3 0.3 0.0 0.0 0.0 0.0 0.0 0.0 0.72115 0.0 0.0 45.47487 -0.49999 0.07399 0.0 0.0 0.0 0.0 0.0 0.0 0.00877222050877 22 0 0.982976040353 0.971956575787 3.44048641608
-0.12623 0.35028 3.35743 -0.12979 0.55971 4.02072 0.795071983398 0.968228016602 0.30541 0.41196 152.77952 195.62801 147.22542 138.42519 0.3 0.3 0.0 0.0 0.0 0.0 0.0 0.0 0.72115 0.0 0.0 45.47487 -0.49999 0.07399 0.0 0.0 0.0 0.0 0.0 0.0 0.00935837635182 23 0 0.974294670846 1.26465708783 3.44048641608
-0.12623 0.35028 3.35743 -0.12979 0.55971 4.02072 0.771069178774 0.992230821226 0.30541 0.41196 152.77952 195.62801 147.22542 138.42519 0.3 0.3 0.0 0.0 0.0 0.0 0.0 0.0 0.72115 0.0 0.0 45.47487 -0.49999 0.07399 0.0 0.0 0.0 0.0 0.0 0.0 0.00829293669803 24 0 0.977358490566 1.24764057247 3.44048641608
-0.12623 0.35028 3.35743 -0.12979 0.55971 4.02072 0.776099661342 0.987200338658 0.30541 0.41196 152.77952 195.62801 147.22542 138.42519 0.3 0.3 0.0 0.0 0.0 0.0 0.0 0.0 0.72115 0.0 0.0 45.47487 -0.49999 0.07399 0.0 0.0 0.0 0.0 0.0 0.0 0.00987860979312 25 0 0.980466288595 1.09147930394 3.44048641608
-0.12623 0.35028 3.35743 -0.12979 0.55971 4.02072 0.788328315397 0.974971684603 0.30541 0.41196 152.77952 195.62801 147.22542 138.42519 0.3 0.3 0.0 0.0 0.0 0.0 0.0 0.0 0.72115 0.0 0.0 45.47487 -0.49999 0.07399 0.0 0.0 0.0 0.0 0.0 0.0 0.00885108957151 26 1 0.981795354677 0.987460838973 1.74583894986
-0.12623 0.35028 3.35743 -0.12979 0.55971 4.02072 0.801200906407 0.962099093593 0.30541 0.41196 152.77952 195.62801 147.22542 138.42519 0.3 0.3 0.0 0.0 0.0 0.0 0.0 0.0 0.72115 0.0 0.0 45.47487 -0.49999 0.07399 0.0 0.0 0.0 0.0 0.0 0.0 0.00913888642002 27 0 0.966271080575 1.07671428368 1.74583894986
-0.12623 0.35028 3.35743 -0.12979 0.55971 4.02072 0.775742083713 0.987557916287 0.30541 0.41196 152.77952 195.62801 147.22542 138.42519 0.3 0.3 0.0 0.0 0.0 0.0 0.0 0.0 0.72115 0.0 0.0 45.47487 -0.49999 0.07399 0.0 0.0 0.0 0.0 0.0 0.0 0.00893071788503 28 1 0.982356647763 1.10353291064 1.42286246464
-0.12623 0.35028 3.35743 -0.12979 0.55971 4.02072 0.777981806796 0.985318193204 0.30541 0.41196 152.77952 195.62801 147.22542 138.42519 0.3 0.3 0.0 0.0 0.0 0.0 0.0 0.0 0.72115 0.0 0.0 45.47487 -0.49999 0.07399 0.0 0.0 0.0 0.0 0.0 0.0 0.00822492089828 29 1 0.982976040353 0.97360590185 1.85118963591
-0.12623 0.35028 3.35743 -0.12979 0.55971 4.02072 0.802583949975 0.960716050025 0.30541 0.41196 152.77952 195.62801 147.22542 138.42519 0.3 0.3 0.0 0.0 0.0 0.0 0.0 0.0 0.72115 0.0 0.0 45.47487 -0.49999 0.07399 0.0 0.0 0.0 0.0 0.0 0.0 0.00827700006312 30 0 0.968125 1.11089686298 1.85118963591
-0.12623 0.35028 3.35743 -0.12979 0.55971 4.02072 0.809607747973 0.953692252027 0.30541 0.41196 152.77952 195.62801 147.22542 138.42519 0.3 0.3 0.0 0.0 0.0 0.0 0.0 0.0 0.72115 0.0 0.0 45.47487 -0.49999 0.07399 0.0 0.0 0.0 0.0 0.0 0.0 0.00924284398807 31 0 0.957062850031 1.22453940278 1.85118963591
-0.12623 0.35028 3.35743 -0.12979 0.55971 4.02072 0.811501987774 0.951798012226 0.30541 0.41196 152.77952 195.62801 147.22542 138.42519 0.3 0.3 0.0 0.0 0.0 0.0 0.0 0.0 0.72115 0.0 0.0 45.47487 -0.49999 0.07399 0.0 0.0 0.0 0.0 0.0 0.0 0.00922356242566 32 0 0.95460199005 1.18557946513 1.85118963591
-0.12623 0.35028 3.35743 -0.12979 0.55971 4.02072 0.781196807544 0.982103192456 0.30541 0.41196 152.77952 195.62801 147.22542 138.42519 0.3 0.3 0.0 0.0 0.0 0.0 0.0 0.0 0.72115 0.0 0.0 45.47487 -0.49999 0.07399 0.0 0.0 0.0 0.0 0.0 0.0 0.00803871032718 33 1 0.99052432091 0.621535227184 3.63616852584
-0.12623 0.35028 3.35743 -0.12979 0.55971 4.02072 0.794786341366 0.968513658634 0.30541 0.41196 152.77952 195.62801 147.22542 138.42519 0.3 0.3 0.0 0.0 0.0 0.0 0.0 0.0 0.72115 0.0 0.0 45.47487 -0.49999 0.07399 0.0 0.0 0.0 0.0 0.0 0.0 0.00781463446206 34 0 0.973040752351 1.25522932443 3.63616852584
-0.12623 0.35028 3.35743 -0.12979 0.55971 4.02072 0.754772904934 1.00852709507 0.30541 0.41196 152.77952 195.62801 147.22542 138.42519 0.3 0.3 0.0 0.0 0.0 0.0 0.0 0.0 0.72115 0.0 0.0 45.47487 -0.49999 0.07399 0.0 0.0 0.0 0.0 0.0 0.0 0.00839676659952 35 0 0.956440572495 1.20426854891 3.63616852584
-0.12623 0.35028 3.35743 -0.12979 0.55971 4.02072 0.771884508529 0.991415491471 0.30541 0.41196 152.77952 195.62801 147.22542 138.42519 0.3 0.3 0.0 0.0 0.0 0.0 0.0 0.0 0.72115 0.0 0.0 45.47487 -0.49999 0.07399 0.0 0.0 0.0 0.0 0.0 0.0 0.00811186328846 36 0 0.981738035264 1.22835633409 3.63616852584
-0.12623 0.35028 3.35743 -0.12979 0.55971 4.02072 0.801545177919 0.961754822081 0.30541 0.41196 152.77952 195.62801 147.22542 138.42519 0.3 0.3 0.0 0.0 0.0 0.0 0.0 0.0 0.72115 0.0 0.0 45.47487 -0.49999 0.07399 0.0 0.0 0.0 0.0 0.0 0.0 0.00820278565346 37 0 0.966895690194 1.08239508546 3.63616852584
-0.12623 0.35028 3.35743 -0.12979 0.55971 4.02072 0.775156721669 0.988143278331 0.30541 0.41196 152.77952 195.62801 147.22542 138.42519 0.3 0.3 0.0 0.0 0.0 0.0 0.0 0.0 0.72115 0.0 0.0 45.47487 -0.49999 0.07399 0.0 0.0 0.0 0.0 0.0 0.0 0.00714323042287 38 0 0.983606557377 1.11820754685 3.63616852584
-0.12623 0.35028 3.35743 -0.12979 0.55971 4.02072 0.765389318026 0.997910681974 0.30541 0.41196 152.77952 195.62801 147.22542 138.42519 0.3 0.3 0.0 0.0 0.0 0.0 0.0 0.0 0.72115 0.0 0.0 45.47487 -0.49999 0.07399 0.0 0.0 0.0 0.0 0.0 0.0 0.00849294773991 39 0 0.965603502189 1.25491994142 3.63616852584
-0.12623 0.35028 3.35743 -0.12979 0.55971 4.02072 0.792638000582 0.970661999418 0.30541 0.41196 152.77952 195.62801 147.22542 138.42519 0.3 0.3 0.0 0.0 0.0 0.0 0.0 0.0 0.72115 0.0 0.0 45.47487 -0.49999 0.07399 0.0 0.0 0.0 0.0 0.0 0.0 0.00857690241831 40 0 0.973634651601 1.18354243066 3.63616852584
-0.12623 0.35028 3.35743 -0.12979 0.55971 4.02072 0.754005841484 1.00929415852 0.30541 0.41196 152.77952 195.62801 147.22542 138.42519 0.3 0.3 0.0 0.0 0.0 0.0 0.0 0.0 0.72115 0.0 0.0 45.47487 -0.49999 0.07399 0.0 0.0 0.0 0.0 0.0 0.0 0.00823838548453 41 0 0.961970074813 1.20063485574 3.63616852584
-0.12623 0.35028 3.35743 -0.12979 0.55971 4.02072 0.809991099979 0.953308900021 0.30541 0.41196 152.77952 195.62801 147.22542 138.42519 0.3 0.3 0.0 0.0 0.0 0.0 0.0 0.0 0.72115 0.0 0.0 45.47487 -0.49999 0.07399 0.0 0.0 0.0 0.0 0.0 0.0 0.0069758656082 42 0 0.956440572495 1.22505131475 3.63616852584
-0.12623 0.35028 3.35743 -0.12979 0.55971 4.02072 0.789076977964 0.974223022036 0.30541 0.41196 152.77952 195.62801 147.22542 138.42519 0.3 0.3 0.0 0.0 0.0 0.0 0.0 0.0 0.72115 0.0 0.0 45.47487 -0.49999 0.07399 0.0 0.0 0.0 0.0 0.0 0.0 0.0091566718294 43 0 0.979912115505 0.96204296679 3.63616852584
-0.12623 0.35028 3.35743 -0.12979 0.55971 4.02072 0.798465163948 0.964834836052 0.30541 0.41196 152.77952 195.62801 147.22542 138.42519 0.3 0.3 0.0 0.0 0.0 0.0 0.0 0.0 0.72115 0.0 0.0 45.47487 -0.49999 0.07399 0.0 0.0 0.0 0.0 0.0 0.0 0.00796385568268 44 0 0.969355847405 1.32156602472 3.63616852584
-0.12623 0.35028 3.35743 -0.12979 0.55971 4.02072 0.753258456542 1.01004154346 0.30541 0.41196 152.77952 195.62801 147.22542 138.42519 0.3 0.3 0.0 0.0 0.0 0.0 0.0 0.0 0.72115 0.0 0.0 45.47487 -0.49999 0.07399 0.0 0.0 0.0 0.0 0.0 0.0 0.00804453899581 45 0 0.960124610592 1.2346474836 3.63616852584
-0.12623 0.35028 3.35743 -0.12979 0.55971 4.02072 0.785335548412 0.977964451588 0.30541 0.41196 152.77952 195.62801 147.22542 138.42519 0.3 0.3 0.0 0.0 0.0 0.0 0.0 0.0 0.72115 0.0 0.0 45.47487 -0.49999 0.07399 0.0 0.0 0.0 0.0 0.0 0.0 0.00790612800162 46 1 0.98804279421 0.82230915551 3.14783590822
-0.12623 0.35028 3.35743 -0.12979 0.55971 4.02072 0.77705609417 0.98624390583 0.30541 0.41196 152.77952 195.62801 147.22542 138.42519 0.3 0.3 0.0 0.0 0.0 0.0 0.0 0.0 0.72115 0.0 0.0 45.47487 -0.49999 0.07399 0.0 0.0 0.0 0.0 0.0 0.0 0.00887766110855 47 0 0.98172652804 1.15806835777 3.14783590822
-0.12623 0.35028 3.35743 -0.12979 0.55971 4.02072 0.777551497048 0.985748502952 0.30541 0.41196 152.77952 195.62801 147.22542 138.42519 0.3 0.3 0.0 0.0 0.0 0.0 0.0 0.0 0.72115 0.0 0.0 45.47487 -0.49999 0.07399 0.0 0.0 0.0 0.0 0.0 0.0 0.00843197243992 48 0 0.982345523329 0.994695383829 3.14783590822
-0.12623 0.35028 3.35743 -0.12979 0.55971 4.02072 0.780159572991 0.983140427009 0.30541 0.41196 152.77952 195.62801 147.22542 138.42519 0.3 0.3 0.0 0.0 0.0 0.0 0.0 0.0 0.72115 0.0 0.0 45.47487 -0.49999 0.07399 0.0 0.0 0.0 0.0 0.0 0.0 0.00772397791177 49 1 0.98989260897 0.732570207133 3.48500937172
-0.12623 0.35028 3.35743 -0.12979 0.55971 4.02072 0.786457454757 0.976842545243 0.30541 0.41196 152.77952 195.62801 147.22542 138.42519 0.3 0.3 0.0 0.0 0.0 0.0 0.0 0.0 0.72115 0.0 0.0 45.47487 -0.49999 0.07399 0.0 0.0 0.0 0.0 0.0 0.0 0.00668841432824 50 1 0.984286612194 0.944174871054 1.62825246093
