-0.12623 0.35028 3.35743 -0.12979 0.55971 4.02072 0.767150012105 0.996149987895 0.30541 0.41196 152.77952 195.62801 147.22542 138.42519 0.3 0.3 0.0 0.0 0.0 0.0 0.0 0.0 0.72115 0.0 0.0 45.47487 -0.49999 0.07399 0.0 0.0 0.0 0.0 0.0 0.0 0.01 0 1 0.973023839398 1.1463628806 -1.09538231615
-0.12623 0.35028 3.35743 -0.12979 0.55971 4.02072 0.777899534279 0.985400465721 0.30541 0.41196 152.77952 195.62801 147.22542 138.42519 0.3 0.3 0.0 0.0 0.0 0.0 0.0 0.0 0.72115 0.0 0.0 45.47487 -0.49999 0.07399 0.0 0.0 0.0 0.0 0.0 0.0 0.010628479263 1 1 0.982345523329 0.993726261928 2.26298520758
-0.12623 0.35028 3.35743 -0.12979 0.55971 4.02072 0.783761640795 0.979538359205 0.30541 0.41196 152.77952 195.62801 147.22542 138.42519 0.3 0.3 0.0 0.0 0.0 0.0 0.0 0.0 0.72115 0.0 0.0 45.47487 -0.49999 0.07399 0.0 0.0 0.0 0.0 0.0 0.0 0.0102466345659 2 1 0.995572422517 0.478664063483 3.64047788665
-0.12623 0.35028 3.35743 -0.12979 0.55971 4.02072 0.776528593983 0.986771406017 0.30541 0.41196 152.77952 195.62801 147.22542 138.42519 0.3 0.3 0.0 0.0 0.0 0.0 0.0 0.0 0.72115 0.0 0.0 45.47487 -0.49999 0.07399 0.0 0.0 0.0 0.0 0.0 0.0 0.0100915164161 3 0 0.980466288595 1.08819975266 3.64047788665
-0.12623 0.35028 3.35743 -0.12979 0.55971 4.02072 0.775318439571 0.987981560429 0.30541 0.41196 152.77952 195.62801 147.22542 138.42519 0.3 0.3 0.0 0.0 0.0 0.0 0.0 0.0 0.72115 0.0 0.0 45.47487 -0.49999 0.07399 0.0 0.0 0.0 0.0 0.0 0.0 0.0100629532315 4 0 0.982986767486 1.10168285676 3.64047788665
-0.12623 0.35028 3.35743 -0.12979 0.55971 4.02072 0.776762060658 0.986537939342 0.30541 0.41196 152.77952 195.62801 147.22542 138.42519 0.3 0.3 0.0 0.0 0.0 0.0 0.0 0.0 0.72115 0.0 0.0 45.47487 -0.49999 0.07399 0.0 0.0 0.0 0.0 0.0 0.0 0.0108706642139 5 1 0.981096408318 1.13385111693 1.65891767774
-0.12623 0.35028 3.35743 -0.12979 0.55971 4.02072 0.793728417691 0.969571582309 0.30541 0.41196 152.77952 195.62801 147.22542 138.42519 0.3 0.3 0.0 0.0 0.0 0.0 0.0 0.0 0.72115 0.0 0.0 45.47487 -0.49999 0.07399 0.0 0.0 0.0 0.0 0.0 0.0 0.0112110963521 6 1 0.973023839398 1.23037437011 -0.810453462282
-0.12623 0.35028 3.35743 -0.12979 0.55971 4.02072 0.80791325638 0.95538674362 0.30541 0.41196 152.77952 195.62801 147.22542 138.42519 0.3 0.3 0.0 0.0 0.0 0.0 0.0 0.0 0.72115 0.0 0.0 45.47487 -0.49999 0.07399 0.0 0.0 0.0 0.0 0.0 0.0 0.0108904209343 7 0 0.963171036205 1.22916145689 -0.810453462282
-0.12623 0.35028 3.35743 -0.12979 0.55971 4.02072 0.776316446041 0.986983553959 0.30541 0.41196 152.77952 195.62801 147.22542 138.42519 0.3 0.3 0.0 0.0 0.0 0.0 0.0 0.0 0.72115 0.0 0.0 45.47487 -0.49999 0.07399 0.0 0.0 0.0 0.0 0.0 0.0 0.0112889155071 8 1 0.980466288595 1.09336829985 1.77534565654
-0.12623 0.35028 3.35743 -0.12979 0.55971 4.02072 0.772848604088 0.990451395912 0.30541 0.41196 152.77952 195.62801 147.22542 138.42519 0.3 0.3 0.0 0.0 0.0 0.0 0.0 0.0 0.72115 0.0 0.0 45.47487 -0.49999 0.07399 0.0 0.0 0.0 0.0 0.0 0.0 0.0117913973331 9 1 0.982986767486 1.2129866062 1.98991781144
-0.12623 0.35028 3.35743 -0.12979 0.55971 4.02072 0.773641469103 0.989658530897 0.30541 0.41196 152.77952 195.62801 147.22542 138.42519 0.3 0.3 0.0 0.0 0.0 0.0 0.0 0.0 0.72115 0.0 0.0 45.47487 -0.49999 0.07399 0.0 0.0 0.0 0.0 0.0 0.0 0.0120308960469 10 1 0.984877126654 1.16067588543 2.43703739487
-0.12623 0.35028 3.35743 -0.12979 0.55971 4.02072 0.784625955047 0.978674044953 0.30541 0.41196 152.77952 195.62801 147.22542 138.42519 0.3 0.3 0.0 0.0 0.0 0.0 0.0 0.0 0.72115 0.0 0.0 45.47487 -0.49999 0.07399 0.0 0.0 0.0 0.0 0.0 0.0 0.0118190856169 11 1 0.989924433249 0.788111882842 3.2934086788
-0.12623 0.35028 3.35743 -0.12979 0.55971 4.02072 0.802432245682 0.960867754318 0.30541 0.41196 152.77952 195.62801 147.22542 138.42519 0.3 0.3 0.0 0.0 0.0 0.0 0.0 0.0 0.72115 0.0 0.0 45.47487 -0.49999 0.07399 0.0 0.0 0.0 0.0 0.0 0.0 0.01191545167 12 0 0.9675 1.10762809851 3.2934086788
-0.12623 0.35028 3.35743 -0.12979 0.55971 4.02072 0.771585616772 0.991714383228 0.30541 0.41196 152.77952 195.62801 147.22542 138.42519 0.3 0.3 0.0 0.0 0.0 0.0 0.0 0.0 0.72115 0.0 0.0 45.47487 -0.49999 0.07399 0.0 0.0 0.0 0.0 0.0 0.0 0.011784752815 13 0 0.981108312343 1.23658003345 3.2934086788
-0.12623 0.35028 3.35743 -0.12979 0.55971 4.02072 0.757102140152 1.00619785985 0.30541 0.41196 152.77952 195.62801 147.22542 138.42519 0.3 0.3 0.0 0.0 0.0 0.0 0.0 0.0 0.72115 0.0 0.0 45.47487 -0.49999 0.07399 0.0 0.0 0.0 0.0 0.0 0.0 0.0120400719362 14 0 0.956440572495 1.18159146385 3.2934086788
-0.12623 0.35028 3.35743 -0.12979 0.55971 4.02072 0.766756333788 0.996543666212 0.30541 0.41196 152.77952 195.62801 147.22542 138.42519 0.3 0.3 0.0 0.0 0.0 0.0 0.0 0.0 0.72115 0.0 0.0 45.47487 -0.49999 0.07399 0.0 0.0 0.0 0.0 0.0 0.0 0.0123426945278 15 0 0.971822166562 1.26573617824 3.2934086788
-0.12623 0.35028 3.35743 -0.12979 0.55971 4.02072 0.805056220848 0.958243779152 0.30541 0.41196 152.77952 195.62801 147.22542 138.42519 0.3 0.3 0.0 0.0 0.0 0.0 0.0 0.0 0.72115 0.0 0.0 45.47487 -0.49999 0.07399 0.0 0.0 0.0 0.0 0.0 0.0 0.0120869219903 16 0 0.966271080575 1.22144546079 3.2934086788
-0.12623 0.35028 3.35743 -0.12979 0.55971 4.02072 0.759079873352 1.00422012665 0.30541 0.41196 152.77952 195.62801 147.22542 138.42519 0.3 0.3 0.0 0.0 0.0 0.0 0.0 0.0 0.72115 0.0 0.0 45.47487 -0.49999 0.07399 0.0 0.0 0.0 0.0 0.0 0.0 0.0123637491008 17 0 0.961922596754 1.20992916691 3.2934086788
-0.12623 0.35028 3.35743 -0.12979 0.55971 4.02072 0.79086357828 0.97243642172 0.30541 0.41196 152.77952 195.62801 147.22542 138.42519 0.3 0.3 0.0 0.0 0.0 0.0 0.0 0.0 0.72115 0.0 0.0 45.47487 -0.49999 0.07399 0.0 0.0 0.0 0.0 0.0 0.0 0.0119527016429 18 0 0.97864321608 1.11182585275 3.2934086788
-0.12623 0.35028 3.35743 -0.12979 0.55971 4.02072 0.775920376969 0.987379623031 0.30541 0.41196 152.77952 195.62801 147.22542 138.42519 0.3 0.3 0.0 0.0 0.0 0.0 0.0 0.0 0.72115 0.0 0.0 45.47487 -0.49999 0.07399 0.0 0.0 0.0 0.0 0.0 0.0 0.0121431612112 19 0 0.98172652804 1.10601147868 3.2934086788
-0.12623 0.35028 3.35743 -0.12979 0.55971 4.02072 0.784198566732 0.979101433268 0.30541 0.41196 152.77952 195.62801 147.22542 138.42519 0.3 0.3 0.0 0.0 0.0 0.0 0.0 0.0 0.72115 0.0 0.0 45.47487 -0.49999 0.07399 0.0 0.0 0.0 0.0 0.0 0.0 0.0116509622745 20 1 0.992429022082 0.699744463089 3.430049688
-0.12623 0.35028 3.35743 -0.12979 0.55971 4.02072 0.789176612086 0.974123387914 0.30541 0.41196 152.77952 195.62801 147.22542 138.42519 0.3 0.3 0.0 0.0 0.0 0.0 0.0 0.0 0.72115 0.0 0.0 45.47487 -0.49999 0.07399 0.0 0.0 0.0 0.0 0.0 0.0 0.0117409604336 21 1 0.979912115505 0.963908601863 2.16584596929
-0.12623 0.35028 3.35743 -0.12979 0.55971 4.02072 0.800115063249 0.963184936751 0.30541 0.41196 152.77952 195.62801 147.22542 138.42519 0.3 0.3 0.0 0.0 0.0 0.0 0.0 0.0 0.72115 0.0 0.0 45.47487 -0.49999 0.07399 0.0 0.0 0.0 0.0 0.0 0.0 0.0111901306529 22 0 0.96939412867 1.20801123656 2.16584596929
-0.12623 0.35028 3.35743 -0.12979 0.55971 4.02072 0.788245672434 0.975054327566 0.30541 0.41196 152.77952 195.62801 147.22542 138.42519 0.3 0.3 0.0 0.0 0.0 0.0 0.0 0.0 0.72115 0.0 0.0 45.47487 -0.49999 0.07399 0.0 0.0 0.0 0.0 0.0 0.0 0.0116985543635 23 1 0.982412060302 0.989566175613 2.42266339715
-0.12623 0.35028 3.35743 -0.12979 0.55971 4.02072 0.797698348009 0.965601651991 0.30541 0.41196 152.77952 195.62801 147.22542 138.42519 0.3 0.3 0.0 0.0 0.0 0.0 0.0 0.0 0.72115 0.0 0.0 45.47487 -0.49999 0.07399 0.0 0.0 0.0 0.0 0.0 0.0 0.0116329536919 24 0 0.968769519051 1.3217889934 2.42266339715
-0.12623 0.35028 3.35743 -0.12979 0.55971 4.02072 0.788783275372 0.974516724628 0.30541 0.41196 152.77952 195.62801 147.22542 138.42519 0.3 0.3 0.0 0.0 0.0 0.0 0.0 0.0 0.72115 0.0 0.0 45.47487 -0.49999 0.07399 0.0 0.0 0.0 0.0 0.0 0.0 0.0121595638874 25 1 0.981783919598 0.96971873148 2.43549912497
-0.12623 0.35028 3.35743 -0.12979 0.55971 4.02072 0.797282002787 0.966017997213 0.30541 0.41196 152.77952 195.62801 147.22542 138.42519 0.3 0.3 0.0 0.0 0.0 0.0 0.0 0.0 0.72115 0.0 0.0 45.47487 -0.49999 0.07399 0.0 0.0 0.0 0.0 0.0 0.0 0.0122956770507 26 0 0.96875 1.33185716544 2.43549912497
-0.12623 0.35028 3.35743 -0.12979 0.55971 4.02072 0.791607865001 0.971692134999 0.30541 0.41196 152.77952 195.62801 147.22542 138.42519 0.3 0.3 0.0 0.0 0.0 0.0 0.0 0.0 0.72115 0.0 0.0 45.47487 -0.49999 0.07399 0.0 0.0 0.0 0.0 0.0 0.0 0.0119985625017 27 1 0.979258328096 1.13277850402 1.58673424548
-0.12623 0.35028 3.35743 -0.12979 0.55971 4.02072 0.787289189757 0.976010810243 0.30541 0.41196 152.77952 195.62801 147.22542 138.42519 0.3 0.3 0.0 0.0 0.0 0.0 0.0 0.0 0.72115 0.0 0.0 45.47487 -0.49999 0.07399 0.0 0.0 0.0 0.0 0.0 0.0 0.0122248525889 28 1 0.984286612194 1.01426568052 2.63552789385
-0.12623 0.35028 3.35743 -0.12979 0.55971 4.02072 0.781613220563 0.981686779437 0.30541 0.41196 152.77952 195.62801 147.22542 138.42519 0.3 0.3 0.0 0.0 0.0 0.0 0.0 0.0 0.72115 0.0 0.0 45.47487 -0.49999 0.07399 0.0 0.0 0.0 0.0 0.0 0.0 0.0134302295512 29 1 0.99052432091 0.492540715707 3.33092655932
-0.12623 0.35028 3.35743 -0.12979 0.55971 4.02072 0.774062309865 0.989237690135 0.30541 0.41196 152.77952 195.62801 147.22542 138.42519 0.3 0.3 0.0 0.0 0.0 0.0 0.0 0.0 0.72115 0.0 0.0 45.47487 -0.49999 0.07399 0.0 0.0 0.0 0.0 0.0 0.0 0.0135912224348 30 0 0.985498108449 1.16183558839 3.33092655932
-0.12623 0.35028 3.35743 -0.12979 0.55971 4.02072 0.761374428045 1.00192557196 0.30541 0.41196 152.77952 195.62801 147.22542 138.42519 0.3 0.3 0.0 0.0 0.0 0.0 0.0 0.0 0.72115 0.0 0.0 45.47487 -0.49999 0.07399 0.0 0.0 0.0 0.0 0.0 0.0 0.013673890031 31 0 0.965603502189 1.2446506184 3.33092655932
-0.12623 0.35028 3.35743 -0.12979 0.55971 4.02072 0.782301816088 0.980998183912 0.30541 0.41196 152.77952 195.62801 147.22542 138.42519 0.3 0.3 0.0 0.0 0.0 0.0 0.0 0.0 0.72115 0.0 0.0 45.47487 -0.49999 0.07399 0.0 0.0 0.0 0.0 0.0 0.0 0.0142191896144 32 1 0.998731769182 0.197858564818 3.33406859854
-0.12623 0.35028 3.35743 -0.12979 0.55971 4.02072 0.743712250827 1.01958774917 0.30541 0.41196 152.77952 195.62801 147.22542 138.42519 0.3 0.3 0.0 0.0 0.0 0.0 0.0 0.0 0.72115 0.0 0.0 45.47487 -0.49999 0.07399 0.0 0.0 0.0 0.0 0.0 0.0 0.0147010099123 33 0 0.952736318408 1.25649080713 3.33406859854
-0.12623 0.35028 3.35743 -0.12979 0.55971 4.02072 0.793042836243 0.970257163757 0.30541 0.41196 152.77952 195.62801 147.22542 138.42519 0.3 0.3 0.0 0.0 0.0 0.0 0.0 0.0 0.72115 0.0 0.0 45.47487 -0.49999 0.07399 0.0 0.0 0.0 0.0 0.0 0.0 0.0139960733743 34 0 0.973634651601 1.26570229293 3.33406859854
-0.12623 0.35028 3.35743 -0.12979 0.55971 4.02072 0.790646300789 0.972653699211 0.30541 0.41196 152.77952 195.62801 147.22542 138.42519 0.3 0.3 0.0 0.0 0.0 0.0 0.0 0.0 0.72115 0.0 0.0 45.47487 -0.49999 0.07399 0.0 0.0 0.0 0.0 0.0 0.0 0.014969115492 35 0 0.978015075377 1.1079906519 3.33406859854
-0.12623 0.35028 3.35743 -0.12979 0.55971 4.02072 0.796804484649 0.966495515351 0.30541 0.41196 152.77952 195.62801 147.22542 138.42519 0.3 0.3 0.0 0.0 0.0 0.0 0.0 0.0 0.72115 0.0 0.0 45.47487 -0.49999 0.07399 0.0 0.0 0.0 0.0 0.0 0.0 0.0141574885669 36 0 0.967479674797 1.27786854492 3.33406859854
-0.12623 0.35028 3.35743 -0.12979 0.55971 4.02072 0.779690985595 0.983609014405 0.30541 0.41196 152.77952 195.62801 147.22542 138.42519 0.3 0.3 0.0 0.0 0.0 0.0 0.0 0.0 0.72115 0.0 0.0 45.47487 -0.49999 0.07399 0.0 0.0 0.0 0.0 0.0 0.0 0.0146459729361 37 1 0.987365761213 0.765148589157 3.08681853246
-0.12623 0.35028 3.35743 -0.12979 0.55971 4.02072 0.75632377218 1.00697622782 0.30541 0.41196 152.77952 195.62801 147.22542 138.42519 0.3 0.3 0.0 0.0 0.0 0.0 0.0 0.0 0.72115 0.0 0.0 45.47487 -0.49999 0.07399 0.0 0.0 0.0 0.0 0.0 0.0 0.0149378115775 38 0 0.958307405103 1.23765736243 3.08681853246
-0.12623 0.35028 3.35743 -0.12979 0.55971 4.02072 0.749116762074 1.01418323793 0.30541 0.41196 152.77952 195.62801 147.22542 138.42519 0.3 0.3 0.0 0.0 0.0 0.0 0.0 0.0 0.72115 0.0 0.0 45.47487 -0.49999 0.07399 0.0 0.0 0.0 0.0 0.0 0.0 0.0148483264069 39 0 0.953358208955 1.32986736167 3.08681853246
-0.12623 0.35028 3.35743 -0.12979 0.55971 4.02072 0.787197363137 0.976102636863 0.30541 0.41196 152.77952 195.62801 147.22542 138.42519 0.3 0.3 0.0 0.0 0.0 0.0 0.0 0.0 0.72115 0.0 0.0 45.47487 -0.49999 0.07399 0.0 0.0 0.0 0.0 0.0 0.0 0.0152980297635 40 1 0.984286612194 1.01047904289 2.72245929822
-0.12623 0.35028 3.35743 -0.12979 0.55971 4.02072 0.771912021578 0.991387978422 0.30541 0.41196 152.77952 195.62801 147.22542 138.42519 0.3 0.3 0.0 0.0 0.0 0.0 0.0 0.0 0.72115 0.0 0.0 45.47487 -0.49999 0.07399 0.0 0.0 0.0 0.0 0.0 0.0 0.0154261156529 41 1 0.981738035264 1.22852412036 2.19516027893
-0.12623 0.35028 3.35743 -0.12979 0.55971 4.02072 0.749977275084 1.01332272492 0.30541 0.41196 152.77952 195.62801 147.22542 138.42519 0.3 0.3 0.0 0.0 0.0 0.0 0.0 0.0 0.72115 0.0 0.0 45.47487 -0.49999 0.07399 0.0 0.0 0.0 0.0 0.0 0.0 0.0163276918164 42 0 0.954630205096 1.31445522828 2.19516027893
-0.12623 0.35028 3.35743 -0.12979 0.55971 4.02072 0.756361272019 1.00693872798 0.30541 0.41196 152.77952 195.62801 147.22542 138.42519 0.3 0.3 0.0 0.0 0.0 0.0 0.0 0.0 0.72115 0.0 0.0 45.47487 -0.49999 0.07399 0.0 0.0 0.0 0.0 0.0 0.0 0.0146426542623 43 0 0.958307405103 1.23776946961 2.19516027893
-0.12623 0.35028 3.35743 -0.12979 0.55971 4.02072 0.748328741089 1.01497125891 0.30541 0.41196 152.77952 195.62801 147.22542 138.42519 0.3 0.3 0.0 0.0 0.0 0.0 0.0 0.0 0.72115 0.0 0.0 45.47487 -0.49999 0.07399 0.0 0.0 0.0 0.0 0.0 0.0 0.0148788277693 44 0 0.950279676818 1.25578357246 2.19516027893
-0.12623 0.35028 3.35743 -0.12979 0.55971 4.02072 0.805278279823 0.958021720177 0.30541 0.41196 152.77952 195.62801 147.22542 138.42519 0.3 0.3 0.0 0.0 0.0 0.0 0.0 0.0 0.72115 0.0 0.0 45.47487 -0.49999 0.07399 0.0 0.0 0.0 0.0 0.0 0.0 0.0154027012436 45 0 0.965646470956 1.23036292033 2.19516027893
-0.12623 0.35028 3.35743 -0.12979 0.55971 4.02072 0.764768063233 0.998531936767 0.30541 0.41196 152.77952 195.62801 147.22542 138.42519 0.3 0.3 0.0 0.0 0.0 0.0 0.0 0.0 0.72115 0.0 0.0 45.47487 -0.49999 0.07399 0.0 0.0 0.0 0.0 0.0 0.0 0.01606007912 46 1 0.968710888611 1.26455092267 0.177654449366
-0.12623 0.35028 3.35743 -0.12979 0.55971 4.02072 0.774085974404 0.989214025596 0.30541 0.41196 152.77952 195.62801 147.22542 138.42519 0.3 0.3 0.0 0.0 0.0 0.0 0.0 0.0 0.72115 0.0 0.0 45.47487 -0.49999 0.07399 0.0 0.0 0.0 0.0 0.0 0.0 0.0159682379228 47 1 0.985498108449 1.15939771816 2.66388280297
-0.12623 0.35028 3.35743 -0.12979 0.55971 4.02072 0.747512149199 1.0157878508 0.30541 0.41196 152.77952 195.62801 147.22542 138.42519 0.3 0.3 0.0 0.0 0.0 0.0 0.0 0.0 0.72115 0.0 0.0 45.47487 -0.49999 0.07399 0.0 0.0 0.0 0.0 0.0 0.0 0.0160852486141 48 0 0.950901180858 1.23611723563 2.66388280297
-0.12623 0.35028 3.35743 -0.12979 0.55971 4.02072 0.776993016783 0.986306983217 0.30541 0.41196 152.77952 195.62801 147.22542 138.42519 0.3 0.3 0.0 0.0 0.0 0.0 0.0 0.0 0.72115 0.0 0.0 45.47487 -0.49999 0.07399 0.0 0.0 0.0 0.0 0.0 0.0 0.0163357629465 49 0 0.981096408318 1.15918517758 2.66388280297
-0.12623 0.35028 3.35743 -0.12979 0.55971 4.02072 0.764396615695 0.998903384305 0.30541 0.41196 152.77952 195.62801 147.22542 138.42519 0.3 0.3 0.0 0.0 0.0 0.0 0.0 0.0 0.72115 0.0 0.0 45.47487 -0.49999 0.07399 0.0 0.0 0.0 0.0 0.0 0.0 0.0159561572193 50 0 0.968105065666 1.25533052948 2.66388280297
