-0.12623 0.35028 3.35743 -0.12979 0.55971 4.02072 0.865975326149 0.897324673851 0.30541 0.41196 152.77952 195.62801 147.22542 138.42519 0.3 0.3 0.0 0.0 0.0 0.0 0.0 0.0 0.72115 0.0 0.0 45.47487 -0.49999 0.07399 0.0 0.0 0.0 0.0 0.0 0.0 0.01 0 1 0.915295551493 1.33001208082 -59.7728253627
-0.12623 0.35028 3.35743 -0.12979 0.55971 4.02072 0.859407436244 0.903892563756 0.30541 0.41196 152.77952 195.62801 147.22542 138.42519 0.3 0.3 0.0 0.0 0.0 0.0 0.0 0.0 0.72115 0.0 0.0 45.47487 -0.49999 0.07399 0.0 0.0 0.0 0.0 0.0 0.0 0.00980619353158 1 1 0.923733984137 1.30998627399 -48.1938790164
-0.12623 0.35028 3.35743 -0.12979 0.55971 4.02072 0.874271453691 0.889028546309 0.30541 0.41196 152.77952 195.62801 147.22542 138.42519 0.3 0.3 0.0 0.0 0.0 0.0 0.0 0.0 0.72115 0.0 0.0 45.47487 -0.49999 0.07399 0.0 0.0 0.0 0.0 0.0 0.0 0.010288295624 2 0 0.913730255164 1.4412761289 -48.1938790164
-0.12623 0.35028 3.35743 -0.12979 0.55971 4.02072 0.855123712132 0.908176287868 0.30541 0.41196 152.77952 195.62801 147.22542 138.42519 0.3 0.3 0.0 0.0 0.0 0.0 0.0 0.0 0.72115 0.0 0.0 45.47487 -0.49999 0.07399 0.0 0.0 0.0 0.0 0.0 0.0 0.00915938996314 3 1 0.930147058824 1.3187787757 -46.8026287931
-0.12623 0.35028 3.35743 -0.12979 0.55971 4.02072 0.864182150418 0.899117849582 0.30541 0.41196 152.77952 195.62801 147.22542 138.42519 0.3 0.3 0.0 0.0 0.0 0.0 0.0 0.0 0.72115 0.0 0.0 45.47487 -0.49999 0.07399 0.0 0.0 0.0 0.0 0.0 0.0 0.0098889157765 4 0 0.915398660986 1.43083828392 -46.8026287931
-0.12623 0.35028 3.35743 -0.12979 0.55971 4.02072 0.849490481888 0.913809518112 0.30541 0.41196 152.77952 195.62801 147.22542 138.42519 0.3 0.3 0.0 0.0 0.0 0.0 0.0 0.0 0.72115 0.0 0.0 45.47487 -0.49999 0.07399 0.0 0.0 0.0 0.0 0.0 0.0 0.00933273645942 5 1 0.931818181818 1.20549825419 -35.0260083704
-0.12623 0.35028 3.35743 -0.12979 0.55971 4.02072 0.862901678346 0.900398321654 0.30541 0.41196 152.77952 195.62801 147.22542 138.42519 0.3 0.3 0.0 0.0 0.0 0.0 0.0 0.0 0.72115 0.0 0.0 45.47487 -0.49999 0.07399 0.0 0.0 0.0 0.0 0.0 0.0 0.00885853494087 6 0 0.918392204629 1.42757633663 -35.0260083704
-0.12623 0.35028 3.35743 -0.12979 0.55971 4.02072 0.863535346334 0.899764653666 0.30541 0.41196 152.77952 195.62801 147.22542 138.42519 0.3 0.3 0.0 0.0 0.0 0.0 0.0 0.0 0.72115 0.0 0.0 45.47487 -0.49999 0.07399 0.0 0.0 0.0 0.0 0.0 0.0 0.00915300361311 7 0 0.917833231893 1.4724834948 -35.0260083704
-0.12623 0.35028 3.35743 -0.12979 0.55971 4.02072 0.843326362347 0.919973637653 0.30541 0.41196 152.77952 195.62801 147.22542 138.42519 0.3 0.3 0.0 0.0 0.0 0.0 0.0 0.0 0.72115 0.0 0.0 45.47487 -0.49999 0.07399 0.0 0.0 0.0 0.0 0.0 0.0 0.0101650559032 8 1 0.932923076923 1.32650943608 -34.6406033873
-0.12623 0.35028 3.35743 -0.12979 0.55971 4.02072 0.852611595007 0.910688404993 0.30541 0.41196 152.77952 195.62801 147.22542 138.42519 0.3 0.3 0.0 0.0 0.0 0.0 0.0 0.0 0.72115 0.0 0.0 45.47487 -0.49999 0.07399 0.0 0.0 0.0 0.0 0.0 0.0 0.0103195115014 9 1 0.929447852761 1.2566079963 -33.2490831891
-0.12623 0.35028 3.35743 -0.12979 0.55971 4.02072 0.82728523331 0.93601476669 0.30541 0.41196 152.77952 195.62801 147.22542 138.42519 0.3 0.3 0.0 0.0 0.0 0.0 0.0 0.0 0.72115 0.0 0.0 45.47487 -0.49999 0.07399 0.0 0.0 0.0 0.0 0.0 0.0 0.010221251221 10 1 0.948084054388 1.15855221046 -13.6495415808
-0.12623 0.35028 3.35743 -0.12979 0.55971 4.02072 0.852309692493 0.910990307507 0.30541 0.41196 152.77952 195.62801 147.22542 138.42519 0.3 0.3 0.0 0.0 0.0 0.0 0.0 0.0 0.72115 0.0 0.0 45.47487 -0.49999 0.07399 0.0 0.0 0.0 0.0 0.0 0.0 0.0110543582503 11 0 0.928834355828 1.27415037914 -13.6495415808
-0.12623 0.35028 3.35743 -0.12979 0.55971 4.02072 0.82352811351 0.93977188649 0.30541 0.41196 152.77952 195.62801 147.22542 138.42519 0.3 0.3 0.0 0.0 0.0 0.0 0.0 0.0 0.72115 0.0 0.0 45.47487 -0.49999 0.07399 0.0 0.0 0.0 0.0 0.0 0.0 0.00974867493027 12 1 0.95297029703 1.25898297109 -14.7326499689
-0.12623 0.35028 3.35743 -0.12979 0.55971 4.02072 0.827713382281 0.935586617719 0.30541 0.41196 152.77952 195.62801 147.22542 138.42519 0.3 0.3 0.0 0.0 0.0 0.0 0.0 0.0 0.72115 0.0 0.0 45.47487 -0.49999 0.07399 0.0 0.0 0.0 0.0 0.0 0.0 0.00925724894313 13 0 0.948670377242 1.15932963078 -14.7326499689
-0.12623 0.35028 3.35743 -0.12979 0.55971 4.02072 0.82063440945 0.94266559055 0.30541 0.41196 152.77952 195.62801 147.22542 138.42519 0.3 0.3 0.0 0.0 0.0 0.0 0.0 0.0 0.72115 0.0 0.0 45.47487 -0.49999 0.07399 0.0 0.0 0.0 0.0 0.0 0.0 0.0104734392912 14 1 0.95530726257 1.25379360176 -10.6725875347
-0.12623 0.35028 3.35743 -0.12979 0.55971 4.02072 0.820840356752 0.942459643248 0.30541 0.41196 152.77952 195.62801 147.22542 138.42519 0.3 0.3 0.0 0.0 0.0 0.0 0.0 0.0 0.72115 0.0 0.0 45.47487 -0.49999 0.07399 0.0 0.0 0.0 0.0 0.0 0.0 0.0100803578395 15 0 0.955334987593 1.25823074509 -10.6725875347
-0.12623 0.35028 3.35743 -0.12979 0.55971 4.02072 0.815319398315 0.947980601685 0.30541 0.41196 152.77952 195.62801 147.22542 138.42519 0.3 0.3 0.0 0.0 0.0 0.0 0.0 0.0 0.72115 0.0 0.0 45.47487 -0.49999 0.07399 0.0 0.0 0.0 0.0 0.0 0.0 0.00985191021851 16 1 0.955900621118 1.16631550739 -9.92666141541
-0.12623 0.35028 3.35743 -0.12979 0.55971 4.02072 0.806014520143 0.957285479857 0.30541 0.41196 152.77952 195.62801 147.22542 138.42519 0.3 0.3 0.0 0.0 0.0 0.0 0.0 0.0 0.72115 0.0 0.0 45.47487 -0.49999 0.07399 0.0 0.0 0.0 0.0 0.0 0.0 0.0101354568371 17 1 0.965646470956 1.18124290766 -4.3422408942
-0.12623 0.35028 3.35743 -0.12979 0.55971 4.02072 0.815124122825 0.948175877175 0.30541 0.41196 152.77952 195.62801 147.22542 138.42519 0.3 0.3 0.0 0.0 0.0 0.0 0.0 0.0 0.72115 0.0 0.0 45.47487 -0.49999 0.07399 0.0 0.0 0.0 0.0 0.0 0.0 0.0110609476378 18 0 0.954658385093 1.14914012222 -4.3422408942
-0.12623 0.35028 3.35743 -0.12979 0.55971 4.02072 0.807131893708 0.956168106292 0.30541 0.41196 152.77952 195.62801 147.22542 138.42519 0.3 0.3 0.0 0.0 0.0 0.0 0.0 0.0 0.72115 0.0 0.0 45.47487 -0.49999 0.07399 0.0 0.0 0.0 0.0 0.0 0.0 0.0107806054963 19 1 0.963171036205 1.21525878346 -5.00680784693
-0.12623 0.35028 3.35743 -0.12979 0.55971 4.02072 0.807608184996 0.955691815004 0.30541 0.41196 152.77952 195.62801 147.22542 138.42519 0.3 0.3 0.0 0.0 0.0 0.0 0.0 0.0 0.72115 0.0 0.0 45.47487 -0.49999 0.07399 0.0 0.0 0.0 0.0 0.0 0.0 0.010691252709 20 1 0.963171036205 1.20234488919 -4.95789606423
-0.12623 0.35028 3.35743 -0.12979 0.55971 4.02072 0.807228795466 0.956071204534 0.30541 0.41196 152.77952 195.62801 147.22542 138.42519 0.3 0.3 0.0 0.0 0.0 0.0 0.0 0.0 0.72115 0.0 0.0 45.47487 -0.49999 0.07399 0.0 0.0 0.0 0.0 0.0 0.0 0.0114972415472 21 1 0.963171036205 1.20902505269 -3.95279011431
-0.12623 0.35028 3.35743 -0.12979 0.55971 4.02072 0.801189461607 0.962110538393 0.30541 0.41196 152.77952 195.62801 147.22542 138.42519 0.3 0.3 0.0 0.0 0.0 0.0 0.0 0.0 0.72115 0.0 0.0 45.47487 -0.49999 0.07399 0.0 0.0 0.0 0.0 0.0 0.0 0.0115711640067 22 1 0.966271080575 1.07669461851 -1.38469499215
-0.12623 0.35028 3.35743 -0.12979 0.55971 4.02072 0.809912304011 0.953387695989 0.30541 0.41196 152.77952 195.62801 147.22542 138.42519 0.3 0.3 0.0 0.0 0.0 0.0 0.0 0.0 0.72115 0.0 0.0 45.47487 -0.49999 0.07399 0.0 0.0 0.0 0.0 0.0 0.0 0.0116449582006 23 0 0.956440572495 1.22728170499 -1.38469499215
-0.12623 0.35028 3.35743 -0.12979 0.55971 4.02072 0.795652993507 0.967647006493 0.30541 0.41196 152.77952 195.62801 147.22542 138.42519 0.3 0.3 0.0 0.0 0.0 0.0 0.0 0.0 0.72115 0.0 0.0 45.47487 -0.49999 0.07399 0.0 0.0 0.0 0.0 0.0 0.0 0.0112420450105 24 1 0.970551378446 1.2638932444 -1.91146907614
-0.12623 0.35028 3.35743 -0.12979 0.55971 4.02072 0.810015910666 0.953284089334 0.30541 0.41196 152.77952 195.62801 147.22542 138.42519 0.3 0.3 0.0 0.0 0.0 0.0 0.0 0.0 0.72115 0.0 0.0 45.47487 -0.49999 0.07399 0.0 0.0 0.0 0.0 0.0 0.0 0.0113108816409 25 0 0.956440572495 1.2269773633 -1.91146907614
-0.12623 0.35028 3.35743 -0.12979 0.55971 4.02072 0.790660425709 0.972639574291 0.30541 0.41196 152.77952 195.62801 147.22542 138.42519 0.3 0.3 0.0 0.0 0.0 0.0 0.0 0.0 0.72115 0.0 0.0 45.47487 -0.49999 0.07399 0.0 0.0 0.0 0.0 0.0 0.0 0.0112430874154 26 1 0.978015075377 1.10795956871 1.22215227872
-0.12623 0.35028 3.35743 -0.12979 0.55971 4.02072 0.769670460678 0.993629539322 0.30541 0.41196 152.77952 195.62801 147.22542 138.42519 0.3 0.3 0.0 0.0 0.0 0.0 0.0 0.0 0.72115 0.0 0.0 45.47487 -0.49999 0.07399 0.0 0.0 0.0 0.0 0.0 0.0 0.0109451240179 27 0 0.972344437461 1.18149579829 1.22215227872
-0.12623 0.35028 3.35743 -0.12979 0.55971 4.02072 0.799077009357 0.964222990643 0.30541 0.41196 152.77952 195.62801 147.22542 138.42519 0.3 0.3 0.0 0.0 0.0 0.0 0.0 0.0 0.72115 0.0 0.0 45.47487 -0.49999 0.07399 0.0 0.0 0.0 0.0 0.0 0.0 0.0110695104723 28 0 0.968125 1.23959767843 1.22215227872
-0.12623 0.35028 3.35743 -0.12979 0.55971 4.02072 0.790393815092 0.972906184908 0.30541 0.41196 152.77952 195.62801 147.22542 138.42519 0.3 0.3 0.0 0.0 0.0 0.0 0.0 0.0 0.72115 0.0 0.0 45.47487 -0.49999 0.07399 0.0 0.0 0.0 0.0 0.0 0.0 0.0113554460586 29 1 0.978015075377 1.06438888832 1.43581501772
-0.12623 0.35028 3.35743 -0.12979 0.55971 4.02072 0.804907430764 0.958392569236 0.30541 0.41196 152.77952 195.62801 147.22542 138.42519 0.3 0.3 0.0 0.0 0.0 0.0 0.0 0.0 0.72115 0.0 0.0 45.47487 -0.49999 0.07399 0.0 0.0 0.0 0.0 0.0 0.0 0.0107815519374 30 0 0.966895690194 1.22937248893 1.43581501772
-0.12623 0.35028 3.35743 -0.12979 0.55971 4.02072 0.788239672441 0.975060327559 0.30541 0.41196 152.77952 195.62801 147.22542 138.42519 0.3 0.3 0.0 0.0 0.0 0.0 0.0 0.0 0.72115 0.0 0.0 45.47487 -0.49999 0.07399 0.0 0.0 0.0 0.0 0.0 0.0 0.0114396905594 31 1 0.982412060302 0.989631095507 2.39423566558
-0.12623 0.35028 3.35743 -0.12979 0.55971 4.02072 0.800330514193 0.962969485807 0.30541 0.41196 152.77952 195.62801 147.22542 138.42519 0.3 0.3 0.0 0.0 0.0 0.0 0.0 0.0 0.72115 0.0 0.0 45.47487 -0.49999 0.07399 0.0 0.0 0.0 0.0 0.0 0.0 0.0113365936594 32 0 0.968144909432 1.21544789513 2.39423566558
-0.12623 0.35028 3.35743 -0.12979 0.55971 4.02072 0.795412667529 0.967887332471 0.30541 0.41196 152.77952 195.62801 147.22542 138.42519 0.3 0.3 0.0 0.0 0.0 0.0 0.0 0.0 0.72115 0.0 0.0 45.47487 -0.49999 0.07399 0.0 0.0 0.0 0.0 0.0 0.0 0.0125017752104 33 0 0.972413793103 1.236367513 2.39423566558
-0.12623 0.35028 3.35743 -0.12979 0.55971 4.02072 0.777803429962 0.985496570038 0.30541 0.41196 152.77952 195.62801 147.22542 138.42519 0.3 0.3 0.0 0.0 0.0 0.0 0.0 0.0 0.72115 0.0 0.0 45.47487 -0.49999 0.07399 0.0 0.0 0.0 0.0 0.0 0.0 0.0111005141301 34 1 0.982345523329 1.00050435394 2.31583181166
-0.12623 0.35028 3.35743 -0.12979 0.55971 4.02072 0.761839807702 1.0014601923 0.30541 0.41196 152.77952 195.62801 147.22542 138.42519 0.3 0.3 0.0 0.0 0.0 0.0 0.0 0.0 0.72115 0.0 0.0 45.47487 -0.49999 0.07399 0.0 0.0 0.0 0.0 0.0 0.0 0.0110758674285 35 0 0.965625 1.24792781488 2.31583181166
-0.12623 0.35028 3.35743 -0.12979 0.55971 4.02072 0.744533816428 1.01876618357 0.30541 0.41196 152.77952 195.62801 147.22542 138.42519 0.3 0.3 0.0 0.0 0.0 0.0 0.0 0.0 0.72115 0.0 0.0 45.47487 -0.49999 0.07399 0.0 0.0 0.0 0.0 0.0 0.0 0.0113631065939 36 0 0.952736318408 1.2913902824 2.31583181166
-0.12623 0.35028 3.35743 -0.12979 0.55971 4.02072 0.784811775264 0.978488224736 0.30541 0.41196 152.77952 195.62801 147.22542 138.42519 0.3 0.3 0.0 0.0 0.0 0.0 0.0 0.0 0.72115 0.0 0.0 45.47487 -0.49999 0.07399 0.0 0.0 0.0 0.0 0.0 0.0 0.0122173827378 37 1 0.988672120831 0.816945332389 3.1990792522
-0.12623 0.35028 3.35743 -0.12979 0.55971 4.02072 0.789525571396 0.973774428604 0.30541 0.41196 152.77952 195.62801 147.22542 138.42519 0.3 0.3 0.0 0.0 0.0 0.0 0.0 0.0 0.72115 0.0 0.0 45.47487 -0.49999 0.07399 0.0 0.0 0.0 0.0 0.0 0.0 0.0121271780975 38 1 0.979912115505 0.995612146526 2.13349180764
-0.12623 0.35028 3.35743 -0.12979 0.55971 4.02072 0.790344565424 0.972955434576 0.30541 0.41196 152.77952 195.62801 147.22542 138.42519 0.3 0.3 0.0 0.0 0.0 0.0 0.0 0.0 0.72115 0.0 0.0 45.47487 -0.49999 0.07399 0.0 0.0 0.0 0.0 0.0 0.0 0.0118090019166 39 0 0.978015075377 1.0631672035 2.13349180764
-0.12623 0.35028 3.35743 -0.12979 0.55971 4.02072 0.79138273454 0.97191726546 0.30541 0.41196 152.77952 195.62801 147.22542 138.42519 0.3 0.3 0.0 0.0 0.0 0.0 0.0 0.0 0.72115 0.0 0.0 45.47487 -0.49999 0.07399 0.0 0.0 0.0 0.0 0.0 0.0 0.0119411608886 40 1 0.979258328096 1.13930388994 1.55068610793
-0.12623 0.35028 3.35743 -0.12979 0.55971 4.02072 0.820938396112 0.942361603888 0.30541 0.41196 152.77952 195.62801 147.22542 138.42519 0.3 0.3 0.0 0.0 0.0 0.0 0.0 0.0 0.72115 0.0 0.0 45.47487 -0.49999 0.07399 0.0 0.0 0.0 0.0 0.0 0.0 0.0123497935056 41 0 0.954714640199 1.24627343504 1.55068610793
-0.12623 0.35028 3.35743 -0.12979 0.55971 4.02072 0.805433319973 0.957866680027 0.30541 0.41196 152.77952 195.62801 147.22542 138.42519 0.3 0.3 0.0 0.0 0.0 0.0 0.0 0.0 0.72115 0.0 0.0 45.47487 -0.49999 0.07399 0.0 0.0 0.0 0.0 0.0 0.0 0.0119998412037 42 0 0.965021861337 1.18468877837 1.55068610793
-0.12623 0.35028 3.35743 -0.12979 0.55971 4.02072 0.810521559618 0.952778440382 0.30541 0.41196 152.77952 195.62801 147.22542 138.42519 0.3 0.3 0.0 0.0 0.0 0.0 0.0 0.0 0.72115 0.0 0.0 45.47487 -0.49999 0.07399 0.0 0.0 0.0 0.0 0.0 0.0 0.0124692418519 43 0 0.956440572495 1.22729737197 1.55068610793
-0.12623 0.35028 3.35743 -0.12979 0.55971 4.02072 0.78964790289 0.97365209711 0.30541 0.41196 152.77952 195.62801 147.22542 138.42519 0.3 0.3 0.0 0.0 0.0 0.0 0.0 0.0 0.72115 0.0 0.0 45.47487 -0.49999 0.07399 0.0 0.0 0.0 0.0 0.0 0.0 0.0124920990635 44 1 0.979912115505 0.989844342235 2.19693984446
-0.12623 0.35028 3.35743 -0.12979 0.55971 4.02072 0.772995373377 0.990304626623 0.30541 0.41196 152.77952 195.62801 147.22542 138.42519 0.3 0.3 0.0 0.0 0.0 0.0 0.0 0.0 0.72115 0.0 0.0 45.47487 -0.49999 0.07399 0.0 0.0 0.0 0.0 0.0 0.0 0.0122656072652 45 1 0.983616887209 1.20903383099 2.17806543983
-0.12623 0.35028 3.35743 -0.12979 0.55971 4.02072 0.790382686877 0.972917313123 0.30541 0.41196 152.77952 195.62801 147.22542 138.42519 0.3 0.3 0.0 0.0 0.0 0.0 0.0 0.0 0.72115 0.0 0.0 45.47487 -0.49999 0.07399 0.0 0.0 0.0 0.0 0.0 0.0 0.0127736975348 46 1 0.978015075377 1.06299822953 1.76782808883
-0.12623 0.35028 3.35743 -0.12979 0.55971 4.02072 0.806374569466 0.956925430534 0.30541 0.41196 152.77952 195.62801 147.22542 138.42519 0.3 0.3 0.0 0.0 0.0 0.0 0.0 0.0 0.72115 0.0 0.0 45.47487 -0.49999 0.07399 0.0 0.0 0.0 0.0 0.0 0.0 0.0126792502086 47 0 0.965625 1.16299627272 1.76782808883
-0.12623 0.35028 3.35743 -0.12979 0.55971 4.02072 0.757404265624 1.00589573438 0.30541 0.41196 152.77952 195.62801 147.22542 138.42519 0.3 0.3 0.0 0.0 0.0 0.0 0.0 0.0 0.72115 0.0 0.0 45.47487 -0.49999 0.07399 0.0 0.0 0.0 0.0 0.0 0.0 0.0121439317704 48 0 0.95581829496 1.18025952264 1.76782808883
-0.12623 0.35028 3.35743 -0.12979 0.55971 4.02072 0.766529812714 0.996770187286 0.30541 0.41196 152.77952 195.62801 147.22542 138.42519 0.3 0.3 0.0 0.0 0.0 0.0 0.0 0.0 0.72115 0.0 0.0 45.47487 -0.49999 0.07399 0.0 0.0 0.0 0.0 0.0 0.0 0.0125080759324 49 0 0.971195992486 1.26495332063 1.76782808883
-0.12623 0.35028 3.35743 -0.12979 0.55971 4.02072 0.776804543404 0.986495456596 0.30541 0.41196 152.77952 195.62801 147.22542 138.42519 0.3 0.3 0.0 0.0 0.0 0.0 0.0 0.0 0.72115 0.0 0.0 45.47487 -0.49999 0.07399 0.0 0.0 0.0 0.0 0.0 0.0 0.0134215726142 50 1 0.980466288595 1.1335344484 2.03112876725
