-0.12623 0.35028 3.35743 -0.12979 0.55971 4.02072 0.878514912866 0.884785087134 0.30541 0.41196 152.77952 195.62801 147.22542 138.42519 0.3 0.3 0.0 0.0 0.0 0.0 0.0 0.0 0.72115 0.0 0.0 45.47487 -0.49999 0.07399 0.0 0.0 0.0 0.0 0.0 0.0 0.01 0 1 0.904126213592 1.44600099886 -92.4101309907
-0.12623 0.35028 3.35743 -0.12979 0.55971 4.02072 0.906983320319 0.856316679681 0.30541 0.41196 152.77952 195.62801 147.22542 138.42519 0.3 0.3 0.0 0.0 0.0 0.0 0.0 0.0 0.72115 0.0 0.0 45.47487 -0.49999 0.07399 0.0 0.0 0.0 0.0 0.0 0.0 0.00933057778745 1 0 0.883944678292 1.3257393606 -92.4101309907
-0.12623 0.35028 3.35743 -0.12979 0.55971 4.02072 0.86091409904 0.90238590096 0.30541 0.41196 152.77952 195.62801 147.22542 138.42519 0.3 0.3 0.0 0.0 0.0 0.0 0.0 0.0 0.72115 0.0 0.0 45.47487 -0.49999 0.07399 0.0 0.0 0.0 0.0 0.0 0.0 0.0105181040453 2 1 0.920170627666 1.33541840006 -47.7278534254
-0.12623 0.35028 3.35743 -0.12979 0.55971 4.02072 0.850776900696 0.912523099304 0.30541 0.41196 152.77952 195.62801 147.22542 138.42519 0.3 0.3 0.0 0.0 0.0 0.0 0.0 0.0 0.72115 0.0 0.0 45.47487 -0.49999 0.07399 0.0 0.0 0.0 0.0 0.0 0.0 0.0107674914732 3 1 0.933005531653 1.3062893329 -29.416878858
-0.12623 0.35028 3.35743 -0.12979 0.55971 4.02072 0.847775775064 0.915524224936 0.30541 0.41196 152.77952 195.62801 147.22542 138.42519 0.3 0.3 0.0 0.0 0.0 0.0 0.0 0.0 0.72115 0.0 0.0 45.47487 -0.49999 0.07399 0.0 0.0 0.0 0.0 0.0 0.0 0.0111940193904 4 1 0.930547019053 1.20172528063 -24.2230600645
-0.12623 0.35028 3.35743 -0.12979 0.55971 4.02072 0.850612710597 0.912687289403 0.30541 0.41196 152.77952 195.62801 147.22542 138.42519 0.3 0.3 0.0 0.0 0.0 0.0 0.0 0.0 0.72115 0.0 0.0 45.47487 -0.49999 0.07399 0.0 0.0 0.0 0.0 0.0 0.0 0.0111115128159 5 0 0.933005531653 1.30844392442 -24.2230600645
-0.12623 0.35028 3.35743 -0.12979 0.55971 4.02072 0.817823034313 0.945476965687 0.30541 0.41196 152.77952 195.62801 147.22542 138.42519 0.3 0.3 0.0 0.0 0.0 0.0 0.0 0.0 0.72115 0.0 0.0 45.47487 -0.49999 0.07399 0.0 0.0 0.0 0.0 0.0 0.0 0.0114473359173 6 1 0.954742715437 1.12598418837 -6.35732177695
-0.12623 0.35028 3.35743 -0.12979 0.55971 4.02072 0.837352284351 0.925947715649 0.30541 0.41196 152.77952 195.62801 147.22542 138.42519 0.3 0.3 0.0 0.0 0.0 0.0 0.0 0.0 0.72115 0.0 0.0 45.47487 -0.49999 0.07399 0.0 0.0 0.0 0.0 0.0 0.0 0.0108945074488 7 0 0.937230769231 1.21260320447 -6.35732177695
-0.12623 0.35028 3.35743 -0.12979 0.55971 4.02072 0.781654582924 0.981645417076 0.30541 0.41196 152.77952 195.62801 147.22542 138.42519 0.3 0.3 0.0 0.0 0.0 0.0 0.0 0.0 0.72115 0.0 0.0 45.47487 -0.49999 0.07399 0.0 0.0 0.0 0.0 0.0 0.0 0.0114895337263 8 1 0.99052432091 0.492353310734 3.46493992687
-0.12623 0.35028 3.35743 -0.12979 0.55971 4.02072 0.809449218054 0.953850781946 0.30541 0.41196 152.77952 195.62801 147.22542 138.42519 0.3 0.3 0.0 0.0 0.0 0.0 0.0 0.0 0.72115 0.0 0.0 45.47487 -0.49999 0.07399 0.0 0.0 0.0 0.0 0.0 0.0 0.0121723063381 9 0 0.957685127567 1.19645863659 3.46493992687
-0.12623 0.35028 3.35743 -0.12979 0.55971 4.02072 0.803959568042 0.959340431958 0.30541 0.41196 152.77952 195.62801 147.22542 138.42519 0.3 0.3 0.0 0.0 0.0 0.0 0.0 0.0 0.72115 0.0 0.0 45.47487 -0.49999 0.07399 0.0 0.0 0.0 0.0 0.0 0.0 0.0116238378548 10 0 0.965667915106 1.07068108477 3.46493992687
-0.12623 0.35028 3.35743 -0.12979 0.55971 4.02072 0.782429876893 0.980870123107 0.30541 0.41196 152.77952 195.62801 147.22542 138.42519 0.3 0.3 0.0 0.0 0.0 0.0 0.0 0.0 0.72115 0.0 0.0 45.47487 -0.49999 0.07399 0.0 0.0 0.0 0.0 0.0 0.0 0.0114819504441 11 1 0.999365884591 0.199846375187 3.54797956292
-0.12623 0.35028 3.35743 -0.12979 0.55971 4.02072 0.787368489284 0.975931510716 0.30541 0.41196 152.77952 195.62801 147.22542 138.42519 0.3 0.3 0.0 0.0 0.0 0.0 0.0 0.0 0.72115 0.0 0.0 45.47487 -0.49999 0.07399 0.0 0.0 0.0 0.0 0.0 0.0 0.0120366862011 12 0 0.984286612194 1.03290937443 3.54797956292
-0.12623 0.35028 3.35743 -0.12979 0.55971 4.02072 0.76599738755 0.99730261245 0.30541 0.41196 152.77952 195.62801 147.22542 138.42519 0.3 0.3 0.0 0.0 0.0 0.0 0.0 0.0 0.72115 0.0 0.0 45.47487 -0.49999 0.07399 0.0 0.0 0.0 0.0 0.0 0.0 0.0108588794277 13 0 0.968065122104 1.23456061378 3.54797956292
-0.12623 0.35028 3.35743 -0.12979 0.55971 4.02072 0.782883519217 0.980416480783 0.30541 0.41196 152.77952 195.62801 147.22542 138.42519 0.3 0.3 0.0 0.0 0.0 0.0 0.0 0.0 0.72115 0.0 0.0 45.47487 -0.49999 0.07399 0.0 0.0 0.0 0.0 0.0 0.0 0.0109936992359 14 1 0.998100063331 0.176035171847 3.59103166996
-0.12623 0.35028 3.35743 -0.12979 0.55971 4.02072 0.76939554682 0.99390445318 0.30541 0.41196 152.77952 195.62801 147.22542 138.42519 0.3 0.3 0.0 0.0 0.0 0.0 0.0 0.0 0.72115 0.0 0.0 45.47487 -0.49999 0.07399 0.0 0.0 0.0 0.0 0.0 0.0 0.0114566402933 15 0 0.971751412429 1.19120273473 3.59103166996
-0.12623 0.35028 3.35743 -0.12979 0.55971 4.02072 0.780096055595 0.983203944405 0.30541 0.41196 152.77952 195.62801 147.22542 138.42519 0.3 0.3 0.0 0.0 0.0 0.0 0.0 0.0 0.72115 0.0 0.0 45.47487 -0.49999 0.07399 0.0 0.0 0.0 0.0 0.0 0.0 0.0110908927177 16 1 0.98989260897 0.756526182851 3.34502863868
-0.12623 0.35028 3.35743 -0.12979 0.55971 4.02072 0.782593320472 0.980706679528 0.30541 0.41196 152.77952 195.62801 147.22542 138.42519 0.3 0.3 0.0 0.0 0.0 0.0 0.0 0.0 0.72115 0.0 0.0 45.47487 -0.49999 0.07399 0.0 0.0 0.0 0.0 0.0 0.0 0.0100186365589 17 1 1.0 0.00160441360068 3.68436973134
-0.12623 0.35028 3.35743 -0.12979 0.55971 4.02072 0.785722437406 0.977577562594 0.30541 0.41196 152.77952 195.62801 147.22542 138.42519 0.3 0.3 0.0 0.0 0.0 0.0 0.0 0.0 0.72115 0.0 0.0 45.47487 -0.49999 0.07399 0.0 0.0 0.0 0.0 0.0 0.0 0.00994752630149 18 1 0.986784140969 0.84887650467 3.05554772622
-0.12623 0.35028 3.35743 -0.12979 0.55971 4.02072 0.77025791662 0.99304208338 0.30541 0.41196 152.77952 195.62801 147.22542 138.42519 0.3 0.3 0.0 0.0 0.0 0.0 0.0 0.0 0.72115 0.0 0.0 45.47487 -0.49999 0.07399 0.0 0.0 0.0 0.0 0.0 0.0 0.0101776146401 19 0 0.974213836478 1.21215354163 3.05554772622
-0.12623 0.35028 3.35743 -0.12979 0.55971 4.02072 0.807050598667 0.956249401333 0.30541 0.41196 152.77952 195.62801 147.22542 138.42519 0.3 0.3 0.0 0.0 0.0 0.0 0.0 0.0 0.72115 0.0 0.0 45.47487 -0.49999 0.07399 0.0 0.0 0.0 0.0 0.0 0.0 0.00944823901995 20 0 0.964397251718 1.18157807091 3.05554772622
-0.12623 0.35028 3.35743 -0.12979 0.55971 4.02072 0.798388398699 0.964911601301 0.30541 0.41196 152.77952 195.62801 147.22542 138.42519 0.3 0.3 0.0 0.0 0.0 0.0 0.0 0.0 0.72115 0.0 0.0 45.47487 -0.49999 0.07399 0.0 0.0 0.0 0.0 0.0 0.0 0.00995176748383 21 0 0.969355847405 1.30781799983 3.05554772622
-0.12623 0.35028 3.35743 -0.12979 0.55971 4.02072 0.726248206783 1.03705179322 0.30541 0.41196 152.77952 195.62801 147.22542 138.42519 0.3 0.3 0.0 0.0 0.0 0.0 0.0 0.0 0.72115 0.0 0.0 45.47487 -0.49999 0.07399 0.0 0.0 0.0 0.0 0.0 0.0 0.00931443303424 22 0 0.938385705484 1.42980729784 3.05554772622
-0.12623 0.35028 3.35743 -0.12979 0.55971 4.02072 0.773414980728 0.989885019272 0.30541 0.41196 152.77952 195.62801 147.22542 138.42519 0.3 0.3 0.0 0.0 0.0 0.0 0.0 0.0 0.72115 0.0 0.0 45.47487 -0.49999 0.07399 0.0 0.0 0.0 0.0 0.0 0.0 0.0102122336467 23 1 0.984247006931 1.17944995543 2.01017045419
-0.12623 0.35028 3.35743 -0.12979 0.55971 4.02072 0.761594316042 1.00170568396 0.30541 0.41196 152.77952 195.62801 147.22542 138.42519 0.3 0.3 0.0 0.0 0.0 0.0 0.0 0.0 0.72115 0.0 0.0 45.47487 -0.49999 0.07399 0.0 0.0 0.0 0.0 0.0 0.0 0.00995022694623 24 0 0.965625 1.24349793313 2.01017045419
-0.12623 0.35028 3.35743 -0.12979 0.55971 4.02072 0.775237024857 0.988062975143 0.30541 0.41196 152.77952 195.62801 147.22542 138.42519 0.3 0.3 0.0 0.0 0.0 0.0 0.0 0.0 0.72115 0.0 0.0 45.47487 -0.49999 0.07399 0.0 0.0 0.0 0.0 0.0 0.0 0.0101815282786 25 1 0.983606557377 1.10220943553 2.09348791218
-0.12623 0.35028 3.35743 -0.12979 0.55971 4.02072 0.782784457603 0.980515542397 0.30541 0.41196 152.77952 195.62801 147.22542 138.42519 0.3 0.3 0.0 0.0 0.0 0.0 0.0 0.0 0.72115 0.0 0.0 45.47487 -0.49999 0.07399 0.0 0.0 0.0 0.0 0.0 0.0 0.0101483088689 26 1 0.998733375554 0.176272214133 3.67126765094
-0.12623 0.35028 3.35743 -0.12979 0.55971 4.02072 0.785498355493 0.977801644507 0.30541 0.41196 152.77952 195.62801 147.22542 138.42519 0.3 0.3 0.0 0.0 0.0 0.0 0.0 0.0 0.72115 0.0 0.0 45.47487 -0.49999 0.07399 0.0 0.0 0.0 0.0 0.0 0.0 0.00962287693265 27 0 0.98741346759 0.820921847284 3.67126765094
-0.12623 0.35028 3.35743 -0.12979 0.55971 4.02072 0.802541627618 0.960758372382 0.30541 0.41196 152.77952 195.62801 147.22542 138.42519 0.3 0.3 0.0 0.0 0.0 0.0 0.0 0.0 0.72115 0.0 0.0 45.47487 -0.49999 0.07399 0.0 0.0 0.0 0.0 0.0 0.0 0.00989852902951 28 0 0.9675 1.10850530067 3.67126765094
-0.12623 0.35028 3.35743 -0.12979 0.55971 4.02072 0.761054681642 1.00224531836 0.30541 0.41196 152.77952 195.62801 147.22542 138.42519 0.3 0.3 0.0 0.0 0.0 0.0 0.0 0.0 0.72115 0.0 0.0 45.47487 -0.49999 0.07399 0.0 0.0 0.0 0.0 0.0 0.0 0.0102900808029 29 0 0.965603502189 1.22610425599 3.67126765094
-0.12623 0.35028 3.35743 -0.12979 0.55971 4.02072 0.771526247891 0.991773752109 0.30541 0.41196 152.77952 195.62801 147.22542 138.42519 0.3 0.3 0.0 0.0 0.0 0.0 0.0 0.0 0.72115 0.0 0.0 45.47487 -0.49999 0.07399 0.0 0.0 0.0 0.0 0.0 0.0 0.0113285070216 30 0 0.980478589421 1.23833302444 3.67126765094
-0.12623 0.35028 3.35743 -0.12979 0.55971 4.02072 0.782384829214 0.980915170786 0.30541 0.41196 152.77952 195.62801 147.22542 138.42519 0.3 0.3 0.0 0.0 0.0 0.0 0.0 0.0 0.72115 0.0 0.0 45.47487 -0.49999 0.07399 0.0 0.0 0.0 0.0 0.0 0.0 0.0101892077459 31 1 0.999365884591 0.200066768135 3.66741013656
-0.12623 0.35028 3.35743 -0.12979 0.55971 4.02072 0.767028664761 0.996271335239 0.30541 0.41196 152.77952 195.62801 147.22542 138.42519 0.3 0.3 0.0 0.0 0.0 0.0 0.0 0.0 0.72115 0.0 0.0 45.47487 -0.49999 0.07399 0.0 0.0 0.0 0.0 0.0 0.0 0.0103163147926 32 0 0.972413793103 1.2303339388 3.66741013656
-0.12623 0.35028 3.35743 -0.12979 0.55971 4.02072 0.795695478655 0.967604521345 0.30541 0.41196 152.77952 195.62801 147.22542 138.42519 0.3 0.3 0.0 0.0 0.0 0.0 0.0 0.0 0.72115 0.0 0.0 45.47487 -0.49999 0.07399 0.0 0.0 0.0 0.0 0.0 0.0 0.0104769673507 33 0 0.970551378446 1.26204908315 3.66741013656
-0.12623 0.35028 3.35743 -0.12979 0.55971 4.02072 0.776314464145 0.986985535855 0.30541 0.41196 152.77952 195.62801 147.22542 138.42519 0.3 0.3 0.0 0.0 0.0 0.0 0.0 0.0 0.72115 0.0 0.0 45.47487 -0.49999 0.07399 0.0 0.0 0.0 0.0 0.0 0.0 0.0104234717962 34 0 0.980466288595 1.09340627629 3.66741013656
-0.12623 0.35028 3.35743 -0.12979 0.55971 4.02072 0.790287109849 0.973012890151 0.30541 0.41196 152.77952 195.62801 147.22542 138.42519 0.3 0.3 0.0 0.0 0.0 0.0 0.0 0.0 0.72115 0.0 0.0 45.47487 -0.49999 0.07399 0.0 0.0 0.0 0.0 0.0 0.0 0.0102624825788 35 0 0.978015075377 1.06680875066 3.66741013656
-0.12623 0.35028 3.35743 -0.12979 0.55971 4.02072 0.773784137615 0.989515862385 0.30541 0.41196 152.77952 195.62801 147.22542 138.42519 0.3 0.3 0.0 0.0 0.0 0.0 0.0 0.0 0.72115 0.0 0.0 45.47487 -0.49999 0.07399 0.0 0.0 0.0 0.0 0.0 0.0 0.0105366846469 36 0 0.986128625473 1.15995660119 3.66741013656
-0.12623 0.35028 3.35743 -0.12979 0.55971 4.02072 0.761683022825 1.00161697717 0.30541 0.41196 152.77952 195.62801 147.22542 138.42519 0.3 0.3 0.0 0.0 0.0 0.0 0.0 0.0 0.72115 0.0 0.0 45.47487 -0.49999 0.07399 0.0 0.0 0.0 0.0 0.0 0.0 0.010276890527 37 0 0.96625 1.24584469076 3.66741013656
-0.12623 0.35028 3.35743 -0.12979 0.55971 4.02072 0.739647946363 1.02365205364 0.30541 0.41196 152.77952 195.62801 147.22542 138.42519 0.3 0.3 0.0 0.0 0.0 0.0 0.0 0.0 0.72115 0.0 0.0 45.47487 -0.49999 0.07399 0.0 0.0 0.0 0.0 0.0 0.0 0.00986726102518 38 0 0.949689440994 1.34872314849 3.66741013656
-0.12623 0.35028 3.35743 -0.12979 0.55971 4.02072 0.801290512866 0.962009487134 0.30541 0.41196 152.77952 195.62801 147.22542 138.42519 0.3 0.3 0.0 0.0 0.0 0.0 0.0 0.0 0.72115 0.0 0.0 45.47487 -0.49999 0.07399 0.0 0.0 0.0 0.0 0.0 0.0 0.00944701560607 39 0 0.966271080575 1.02954383164 3.66741013656
-0.12623 0.35028 3.35743 -0.12979 0.55971 4.02072 0.788175331635 0.975124668365 0.30541 0.41196 152.77952 195.62801 147.22542 138.42519 0.3 0.3 0.0 0.0 0.0 0.0 0.0 0.0 0.72115 0.0 0.0 45.47487 -0.49999 0.07399 0.0 0.0 0.0 0.0 0.0 0.0 0.0101950538662 40 0 0.982412060302 0.985291968378 3.66741013656
-0.12623 0.35028 3.35743 -0.12979 0.55971 4.02072 0.784978067375 0.978321932625 0.30541 0.41196 152.77952 195.62801 147.22542 138.42519 0.3 0.3 0.0 0.0 0.0 0.0 0.0 0.0 0.72115 0.0 0.0 45.47487 -0.49999 0.07399 0.0 0.0 0.0 0.0 0.0 0.0 0.0106141098603 41 1 0.988050314465 0.817617430055 3.20297385586
-0.12623 0.35028 3.35743 -0.12979 0.55971 4.02072 0.768137933906 0.995162066094 0.30541 0.41196 152.77952 195.62801 147.22542 138.42519 0.3 0.3 0.0 0.0 0.0 0.0 0.0 0.0 0.72115 0.0 0.0 45.47487 -0.49999 0.07399 0.0 0.0 0.0 0.0 0.0 0.0 0.0100856913466 42 0 0.97305764411 1.15901220237 3.20297385586
-0.12623 0.35028 3.35743 -0.12979 0.55971 4.02072 0.78880737066 0.97449262934 0.30541 0.41196 152.77952 195.62801 147.22542 138.42519 0.3 0.3 0.0 0.0 0.0 0.0 0.0 0.0 0.72115 0.0 0.0 45.47487 -0.49999 0.07399 0.0 0.0 0.0 0.0 0.0 0.0 0.0108371798556 43 0 0.981167608286 0.961860332255 3.20297385586
-0.12623 0.35028 3.35743 -0.12979 0.55971 4.02072 0.758607232463 1.00469276754 0.30541 0.41196 152.77952 195.62801 147.22542 138.42519 0.3 0.3 0.0 0.0 0.0 0.0 0.0 0.0 0.72115 0.0 0.0 45.47487 -0.49999 0.07399 0.0 0.0 0.0 0.0 0.0 0.0 0.010833889841 44 0 0.957579538366 1.20189963845 3.20297385586
-0.12623 0.35028 3.35743 -0.12979 0.55971 4.02072 0.796405393363 0.966894606637 0.30541 0.41196 152.77952 195.62801 147.22542 138.42519 0.3 0.3 0.0 0.0 0.0 0.0 0.0 0.0 0.72115 0.0 0.0 45.47487 -0.49999 0.07399 0.0 0.0 0.0 0.0 0.0 0.0 0.0100795198223 45 0 0.967459324155 1.26630365736 3.20297385586
-0.12623 0.35028 3.35743 -0.12979 0.55971 4.02072 0.814545512689 0.948754487311 0.30541 0.41196 152.77952 195.62801 147.22542 138.42519 0.3 0.3 0.0 0.0 0.0 0.0 0.0 0.0 0.72115 0.0 0.0 45.47487 -0.49999 0.07399 0.0 0.0 0.0 0.0 0.0 0.0 0.0105868388175 46 0 0.955279503106 1.14942602139 3.20297385586
-0.12623 0.35028 3.35743 -0.12979 0.55971 4.02072 0.800985247533 0.962314752467 0.30541 0.41196 152.77952 195.62801 147.22542 138.42519 0.3 0.3 0.0 0.0 0.0 0.0 0.0 0.0 0.72115 0.0 0.0 45.47487 -0.49999 0.07399 0.0 0.0 0.0 0.0 0.0 0.0 0.0110254808806 47 0 0.9675 1.07661560919 3.20297385586
-0.12623 0.35028 3.35743 -0.12979 0.55971 4.02072 0.755211314007 1.00808868599 0.30541 0.41196 152.77952 195.62801 147.22542 138.42519 0.3 0.3 0.0 0.0 0.0 0.0 0.0 0.0 0.72115 0.0 0.0 45.47487 -0.49999 0.07399 0.0 0.0 0.0 0.0 0.0 0.0 0.0100891896631 48 0 0.958255451713 1.24756582335 3.20297385586
-0.12623 0.35028 3.35743 -0.12979 0.55971 4.02072 0.808772058179 0.954527941821 0.30541 0.41196 152.77952 195.62801 147.22542 138.42519 0.3 0.3 0.0 0.0 0.0 0.0 0.0 0.0 0.72115 0.0 0.0 45.47487 -0.49999 0.07399 0.0 0.0 0.0 0.0 0.0 0.0 0.0106428950303 49 0 0.960149439601 1.18134614033 3.20297385586
-0.12623 0.35028 3.35743 -0.12979 0.55971 4.02072 0.800252433843 0.963047566157 0.30541 0.41196 152.77952 195.62801 147.22542 138.42519 0.3 0.3 0.0 0.0 0.0 0.0 0.0 0.0 0.72115 0.0 0.0 45.47487 -0.49999 0.07399 0.0 0.0 0.0 0.0 0.0 0.0 0.00968420917697 50 0 0.968769519051 1.21180535736 3.20297385586
