-0.12623 0.35028 3.35743 -0.12979 0.55971 4.02072 0.890708862895 0.872591137105 0.30541 0.41196 152.77952 195.62801 147.22542 138.42519 0.3 0.3 0.0 0.0 0.0 0.0 0.0 0.0 0.72115 0.0 0.0 45.47487 -0.49999 0.07399 0.0 0.0 0.0 0.0 0.0 0.0 0.01 0 1 0.89384800965 1.40076979497 -106.864042612
-0.12623 0.35028 3.35743 -0.12979 0.55971 4.02072 0.881631059921 0.881668940079 0.30541 0.41196 152.77952 195.62801 147.22542 138.42519 0.3 0.3 0.0 0.0 0.0 0.0 0.0 0.0 0.72115 0.0 0.0 45.47487 -0.49999 0.07399 0.0 0.0 0.0 0.0 0.0 0.0 0.0101091814711 1 1 0.903519417476 1.39702967995 -85.2097586677
-0.12623 0.35028 3.35743 -0.12979 0.55971 4.02072 0.891891205277 0.871408794723 0.30541 0.41196 152.77952 195.62801 147.22542 138.42519 0.3 0.3 0.0 0.0 0.0 0.0 0.0 0.0 0.72115 0.0 0.0 45.47487 -0.49999 0.07399 0.0 0.0 0.0 0.0 0.0 0.0 0.0104457964226 2 0 0.89384800965 1.40703797294 -85.2097586677
-0.12623 0.35028 3.35743 -0.12979 0.55971 4.02072 0.881773041548 0.881526958452 0.30541 0.41196 152.77952 195.62801 147.22542 138.42519 0.3 0.3 0.0 0.0 0.0 0.0 0.0 0.0 0.72115 0.0 0.0 45.47487 -0.49999 0.07399 0.0 0.0 0.0 0.0 0.0 0.0 0.0108559878013 3 1 0.903577926016 1.38754986263 -72.3377978374
-0.12623 0.35028 3.35743 -0.12979 0.55971 4.02072 0.878531963618 0.884768036382 0.30541 0.41196 152.77952 195.62801 147.22542 138.42519 0.3 0.3 0.0 0.0 0.0 0.0 0.0 0.0 0.72115 0.0 0.0 45.47487 -0.49999 0.07399 0.0 0.0 0.0 0.0 0.0 0.0 0.0110633280417 4 0 0.904126213592 1.44539312882 -72.3377978374
-0.12623 0.35028 3.35743 -0.12979 0.55971 4.02072 0.889804618466 0.873495381534 0.30541 0.41196 152.77952 195.62801 147.22542 138.42519 0.3 0.3 0.0 0.0 0.0 0.0 0.0 0.0 0.72115 0.0 0.0 45.47487 -0.49999 0.07399 0.0 0.0 0.0 0.0 0.0 0.0 0.0117965708843 5 0 0.88908981314 1.32714945672 -72.3377978374
-0.12623 0.35028 3.35743 -0.12979 0.55971 4.02072 0.876881488928 0.886418511072 0.30541 0.41196 152.77952 195.62801 147.22542 138.42519 0.3 0.3 0.0 0.0 0.0 0.0 0.0 0.0 0.72115 0.0 0.0 45.47487 -0.49999 0.07399 0.0 0.0 0.0 0.0 0.0 0.0 0.0108758429585 6 0 0.904733009709 1.41786566682 -72.3377978374
-0.12623 0.35028 3.35743 -0.12979 0.55971 4.02072 0.893857052814 0.869442947186 0.30541 0.41196 152.77952 195.62801 147.22542 138.42519 0.3 0.3 0.0 0.0 0.0 0.0 0.0 0.0 0.72115 0.0 0.0 45.47487 -0.49999 0.07399 0.0 0.0 0.0 0.0 0.0 0.0 0.0110843774201 7 0 0.893373493976 1.36504135579 -72.3377978374
-0.12623 0.35028 3.35743 -0.12979 0.55971 4.02072 0.900259453433 0.863040546567 0.30541 0.41196 152.77952 195.62801 147.22542 138.42519 0.3 0.3 0.0 0.0 0.0 0.0 0.0 0.0 0.72115 0.0 0.0 45.47487 -0.49999 0.07399 0.0 0.0 0.0 0.0 0.0 0.0 0.0113760608832 8 0 0.886678722122 1.36651180625 -72.3377978374
-0.12623 0.35028 3.35743 -0.12979 0.55971 4.02072 0.871419907797 0.891880092203 0.30541 0.41196 152.77952 195.62801 147.22542 138.42519 0.3 0.3 0.0 0.0 0.0 0.0 0.0 0.0 0.72115 0.0 0.0 45.47487 -0.49999 0.07399 0.0 0.0 0.0 0.0 0.0 0.0 0.0109162901695 9 1 0.916109422492 1.35732381831 -50.8032270166
-0.12623 0.35028 3.35743 -0.12979 0.55971 4.02072 0.890443582843 0.872856417157 0.30541 0.41196 152.77952 195.62801 147.22542 138.42519 0.3 0.3 0.0 0.0 0.0 0.0 0.0 0.0 0.72115 0.0 0.0 45.47487 -0.49999 0.07399 0.0 0.0 0.0 0.0 0.0 0.0 0.0104933107634 10 0 0.891435464415 1.39475662507 -50.8032270166
-0.12623 0.35028 3.35743 -0.12979 0.55971 4.02072 0.875444665845 0.887855334155 0.30541 0.41196 152.77952 195.62801 147.22542 138.42519 0.3 0.3 0.0 0.0 0.0 0.0 0.0 0.0 0.72115 0.0 0.0 45.47487 -0.49999 0.07399 0.0 0.0 0.0 0.0 0.0 0.0 0.0108061867748 11 0 0.910638297872 1.46302090233 -50.8032270166
-0.12623 0.35028 3.35743 -0.12979 0.55971 4.02072 0.874110596173 0.889189403827 0.30541 0.41196 152.77952 195.62801 147.22542 138.42519 0.3 0.3 0.0 0.0 0.0 0.0 0.0 0.0 0.72115 0.0 0.0 45.47487 -0.49999 0.07399 0.0 0.0 0.0 0.0 0.0 0.0 0.0112323607344 12 0 0.912515188335 1.44651780786 -50.8032270166
-0.12623 0.35028 3.35743 -0.12979 0.55971 4.02072 0.861538010704 0.901761989296 0.30541 0.41196 152.77952 195.62801 147.22542 138.42519 0.3 0.3 0.0 0.0 0.0 0.0 0.0 0.0 0.72115 0.0 0.0 45.47487 -0.49999 0.07399 0.0 0.0 0.0 0.0 0.0 0.0 0.0117687891844 13 1 0.920170627666 1.38237480291 -40.4392460327
-0.12623 0.35028 3.35743 -0.12979 0.55971 4.02072 0.887226333886 0.876073666114 0.30541 0.41196 152.77952 195.62801 147.22542 138.42519 0.3 0.3 0.0 0.0 0.0 0.0 0.0 0.0 0.72115 0.0 0.0 45.47487 -0.49999 0.07399 0.0 0.0 0.0 0.0 0.0 0.0 0.0121512592602 14 0 0.896739130435 1.37628928714 -40.4392460327
-0.12623 0.35028 3.35743 -0.12979 0.55971 4.02072 0.848368634098 0.914931365902 0.30541 0.41196 152.77952 195.62801 147.22542 138.42519 0.3 0.3 0.0 0.0 0.0 0.0 0.0 0.0 0.72115 0.0 0.0 45.47487 -0.49999 0.07399 0.0 0.0 0.0 0.0 0.0 0.0 0.0123500162494 15 1 0.931161647203 1.21183222081 -19.3377606008
-0.12623 0.35028 3.35743 -0.12979 0.55971 4.02072 0.873298846293 0.890001153707 0.30541 0.41196 152.77952 195.62801 147.22542 138.42519 0.3 0.3 0.0 0.0 0.0 0.0 0.0 0.0 0.72115 0.0 0.0 45.47487 -0.49999 0.07399 0.0 0.0 0.0 0.0 0.0 0.0 0.011660389182 16 0 0.913730255164 1.45630484829 -19.3377606008
-0.12623 0.35028 3.35743 -0.12979 0.55971 4.02072 0.836031777966 0.927268222034 0.30541 0.41196 152.77952 195.62801 147.22542 138.42519 0.3 0.3 0.0 0.0 0.0 0.0 0.0 0.0 0.72115 0.0 0.0 45.47487 -0.49999 0.07399 0.0 0.0 0.0 0.0 0.0 0.0 0.0123747709813 17 1 0.93842364532 1.23237797414 -15.3291643443
-0.12623 0.35028 3.35743 -0.12979 0.55971 4.02072 0.834108666343 0.929191333657 0.30541 0.41196 152.77952 195.62801 147.22542 138.42519 0.3 0.3 0.0 0.0 0.0 0.0 0.0 0.0 0.72115 0.0 0.0 45.47487 -0.49999 0.07399 0.0 0.0 0.0 0.0 0.0 0.0 0.0130364082119 18 1 0.939617991374 1.16898828905 -11.2374294375
-0.12623 0.35028 3.35743 -0.12979 0.55971 4.02072 0.855660312675 0.907639687325 0.30541 0.41196 152.77952 195.62801 147.22542 138.42519 0.3 0.3 0.0 0.0 0.0 0.0 0.0 0.0 0.72115 0.0 0.0 45.47487 -0.49999 0.07399 0.0 0.0 0.0 0.0 0.0 0.0 0.0135421053723 19 0 0.930147058824 1.35296971835 -11.2374294375
-0.12623 0.35028 3.35743 -0.12979 0.55971 4.02072 0.813565580101 0.949734419899 0.30541 0.41196 152.77952 195.62801 147.22542 138.42519 0.3 0.3 0.0 0.0 0.0 0.0 0.0 0.0 0.72115 0.0 0.0 45.47487 -0.49999 0.07399 0.0 0.0 0.0 0.0 0.0 0.0 0.0130107846956 20 1 0.952765692977 1.16077219109 -5.45612653276
-0.12623 0.35028 3.35743 -0.12979 0.55971 4.02072 0.814993577911 0.948306422089 0.30541 0.41196 152.77952 195.62801 147.22542 138.42519 0.3 0.3 0.0 0.0 0.0 0.0 0.0 0.0 0.72115 0.0 0.0 45.47487 -0.49999 0.07399 0.0 0.0 0.0 0.0 0.0 0.0 0.0135598644893 21 1 0.954658385093 1.15031512636 -4.01583094956
-0.12623 0.35028 3.35743 -0.12979 0.55971 4.02072 0.829140805826 0.934159194174 0.30541 0.41196 152.77952 195.62801 147.22542 138.42519 0.3 0.3 0.0 0.0 0.0 0.0 0.0 0.0 0.72115 0.0 0.0 45.47487 -0.49999 0.07399 0.0 0.0 0.0 0.0 0.0 0.0 0.0134421668345 22 0 0.945645460161 1.20624577957 -4.01583094956
-0.12623 0.35028 3.35743 -0.12979 0.55971 4.02072 0.812989221845 0.950310778155 0.30541 0.41196 152.77952 195.62801 147.22542 138.42519 0.3 0.3 0.0 0.0 0.0 0.0 0.0 0.0 0.72115 0.0 0.0 45.47487 -0.49999 0.07399 0.0 0.0 0.0 0.0 0.0 0.0 0.0142117920065 23 1 0.952173913043 1.1826961899 -4.58567895599
-0.12623 0.35028 3.35743 -0.12979 0.55971 4.02072 0.828299364991 0.935000635009 0.30541 0.41196 152.77952 195.62801 147.22542 138.42519 0.3 0.3 0.0 0.0 0.0 0.0 0.0 0.0 0.72115 0.0 0.0 45.47487 -0.49999 0.07399 0.0 0.0 0.0 0.0 0.0 0.0 0.0137263944515 24 0 0.946263125386 1.18361133735 -4.58567895599
-0.12623 0.35028 3.35743 -0.12979 0.55971 4.02072 0.79790073527 0.96539926473 0.30541 0.41196 152.77952 195.62801 147.22542 138.42519 0.3 0.3 0.0 0.0 0.0 0.0 0.0 0.0 0.72115 0.0 0.0 45.47487 -0.49999 0.07399 0.0 0.0 0.0 0.0 0.0 0.0 0.0141393819255 25 1 0.96939412867 1.3241214441 -0.767616136698
-0.12623 0.35028 3.35743 -0.12979 0.55971 4.02072 0.784504948517 0.978795051483 0.30541 0.41196 152.77952 195.62801 147.22542 138.42519 0.3 0.3 0.0 0.0 0.0 0.0 0.0 0.0 0.72115 0.0 0.0 45.47487 -0.49999 0.07399 0.0 0.0 0.0 0.0 0.0 0.0 0.013714036399 26 1 0.989924433249 0.724851578825 3.22859677653
-0.12623 0.35028 3.35743 -0.12979 0.55971 4.02072 0.764488138215 0.998811861785 0.30541 0.41196 152.77952 195.62801 147.22542 138.42519 0.3 0.3 0.0 0.0 0.0 0.0 0.0 0.0 0.72115 0.0 0.0 45.47487 -0.49999 0.07399 0.0 0.0 0.0 0.0 0.0 0.0 0.0135586685104 27 0 0.968105065666 1.24101561391 3.22859677653
-0.12623 0.35028 3.35743 -0.12979 0.55971 4.02072 0.777537864856 0.985762135144 0.30541 0.41196 152.77952 195.62801 147.22542 138.42519 0.3 0.3 0.0 0.0 0.0 0.0 0.0 0.0 0.72115 0.0 0.0 45.47487 -0.49999 0.07399 0.0 0.0 0.0 0.0 0.0 0.0 0.0135266101915 28 1 0.981715006305 0.9951342688 2.4793735904
-0.12623 0.35028 3.35743 -0.12979 0.55971 4.02072 0.789863787329 0.973436212671 0.30541 0.41196 152.77952 195.62801 147.22542 138.42519 0.3 0.3 0.0 0.0 0.0 0.0 0.0 0.0 0.72115 0.0 0.0 45.47487 -0.49999 0.07399 0.0 0.0 0.0 0.0 0.0 0.0 0.0137128635486 29 1 0.979912115505 1.00650020379 2.28353173823
-0.12623 0.35028 3.35743 -0.12979 0.55971 4.02072 0.810439490434 0.952860509566 0.30541 0.41196 152.77952 195.62801 147.22542 138.42519 0.3 0.3 0.0 0.0 0.0 0.0 0.0 0.0 0.72115 0.0 0.0 45.47487 -0.49999 0.07399 0.0 0.0 0.0 0.0 0.0 0.0 0.0144902980832 30 0 0.95581829496 1.22802720413 2.28353173823
-0.12623 0.35028 3.35743 -0.12979 0.55971 4.02072 0.834484550171 0.928815449829 0.30541 0.41196 152.77952 195.62801 147.22542 138.42519 0.3 0.3 0.0 0.0 0.0 0.0 0.0 0.0 0.72115 0.0 0.0 45.47487 -0.49999 0.07399 0.0 0.0 0.0 0.0 0.0 0.0 0.0134230600199 31 0 0.938461538462 1.21973037293 2.28353173823
-0.12623 0.35028 3.35743 -0.12979 0.55971 4.02072 0.818092935932 0.945207064068 0.30541 0.41196 152.77952 195.62801 147.22542 138.42519 0.3 0.3 0.0 0.0 0.0 0.0 0.0 0.0 0.72115 0.0 0.0 45.47487 -0.49999 0.07399 0.0 0.0 0.0 0.0 0.0 0.0 0.0135273136685 32 0 0.954122752635 1.10694486567 2.28353173823
-0.12623 0.35028 3.35743 -0.12979 0.55971 4.02072 0.792179184332 0.971120815668 0.30541 0.41196 152.77952 195.62801 147.22542 138.42519 0.3 0.3 0.0 0.0 0.0 0.0 0.0 0.0 0.72115 0.0 0.0 45.47487 -0.49999 0.07399 0.0 0.0 0.0 0.0 0.0 0.0 0.0137723659809 33 1 0.97675879397 1.18967916405 1.35089800065
-0.12623 0.35028 3.35743 -0.12979 0.55971 4.02072 0.794898251113 0.968401748887 0.30541 0.41196 152.77952 195.62801 147.22542 138.42519 0.3 0.3 0.0 0.0 0.0 0.0 0.0 0.0 0.72115 0.0 0.0 45.47487 -0.49999 0.07399 0.0 0.0 0.0 0.0 0.0 0.0 0.0139591846566 34 1 0.973667711599 1.25541033612 0.54854671828
-0.12623 0.35028 3.35743 -0.12979 0.55971 4.02072 0.794711869889 0.968588130111 0.30541 0.41196 152.77952 195.62801 147.22542 138.42519 0.3 0.3 0.0 0.0 0.0 0.0 0.0 0.0 0.72115 0.0 0.0 45.47487 -0.49999 0.07399 0.0 0.0 0.0 0.0 0.0 0.0 0.0142071480308 35 1 0.974278544542 1.26362152487 0.718206620646
-0.12623 0.35028 3.35743 -0.12979 0.55971 4.02072 0.80159123592 0.96170876408 0.30541 0.41196 152.77952 195.62801 147.22542 138.42519 0.3 0.3 0.0 0.0 0.0 0.0 0.0 0.0 0.72115 0.0 0.0 45.47487 -0.49999 0.07399 0.0 0.0 0.0 0.0 0.0 0.0 0.0143392789914 36 1 0.966271080575 1.0826050181 0.0834611388239
-0.12623 0.35028 3.35743 -0.12979 0.55971 4.02072 0.807204332856 0.956095667144 0.30541 0.41196 152.77952 195.62801 147.22542 138.42519 0.3 0.3 0.0 0.0 0.0 0.0 0.0 0.0 0.72115 0.0 0.0 45.47487 -0.49999 0.07399 0.0 0.0 0.0 0.0 0.0 0.0 0.0136706693348 37 0 0.963171036205 1.20997954252 0.0834611388239
-0.12623 0.35028 3.35743 -0.12979 0.55971 4.02072 0.785912082127 0.977387917873 0.30541 0.41196 152.77952 195.62801 147.22542 138.42519 0.3 0.3 0.0 0.0 0.0 0.0 0.0 0.0 0.72115 0.0 0.0 45.47487 -0.49999 0.07399 0.0 0.0 0.0 0.0 0.0 0.0 0.0128858519722 38 1 0.985534591195 0.895975189415 2.926865476
-0.12623 0.35028 3.35743 -0.12979 0.55971 4.02072 0.75586320915 1.00743679085 0.30541 0.41196 152.77952 195.62801 147.22542 138.42519 0.3 0.3 0.0 0.0 0.0 0.0 0.0 0.0 0.72115 0.0 0.0 45.47487 -0.49999 0.07399 0.0 0.0 0.0 0.0 0.0 0.0 0.0116686034785 39 0 0.958281444583 1.24647329959 2.926865476
-0.12623 0.35028 3.35743 -0.12979 0.55971 4.02072 0.798787290113 0.964512709887 0.30541 0.41196 152.77952 195.62801 147.22542 138.42519 0.3 0.3 0.0 0.0 0.0 0.0 0.0 0.0 0.72115 0.0 0.0 45.47487 -0.49999 0.07399 0.0 0.0 0.0 0.0 0.0 0.0 0.0132382105776 40 0 0.969355847405 1.28091118588 2.926865476
-0.12623 0.35028 3.35743 -0.12979 0.55971 4.02072 0.78497803257 0.97832196743 0.30541 0.41196 152.77952 195.62801 147.22542 138.42519 0.3 0.3 0.0 0.0 0.0 0.0 0.0 0.0 0.72115 0.0 0.0 45.47487 -0.49999 0.07399 0.0 0.0 0.0 0.0 0.0 0.0 0.0123497863343 41 1 0.988050314465 0.81761741617 3.16223563511
-0.12623 0.35028 3.35743 -0.12979 0.55971 4.02072 0.793394639466 0.969905360534 0.30541 0.41196 152.77952 195.62801 147.22542 138.42519 0.3 0.3 0.0 0.0 0.0 0.0 0.0 0.0 0.72115 0.0 0.0 45.47487 -0.49999 0.07399 0.0 0.0 0.0 0.0 0.0 0.0 0.0125265336044 42 0 0.97365119197 1.2347151657 3.16223563511
-0.12623 0.35028 3.35743 -0.12979 0.55971 4.02072 0.758760746921 1.00453925308 0.30541 0.41196 152.77952 195.62801 147.22542 138.42519 0.3 0.3 0.0 0.0 0.0 0.0 0.0 0.0 0.72115 0.0 0.0 45.47487 -0.49999 0.07399 0.0 0.0 0.0 0.0 0.0 0.0 0.0120288285509 43 0 0.959425717853 1.20656980245 3.16223563511
-0.12623 0.35028 3.35743 -0.12979 0.55971 4.02072 0.749189623456 1.01411037654 0.30541 0.41196 152.77952 195.62801 147.22542 138.42519 0.3 0.3 0.0 0.0 0.0 0.0 0.0 0.0 0.72115 0.0 0.0 45.47487 -0.49999 0.07399 0.0 0.0 0.0 0.0 0.0 0.0 0.0114334505528 44 0 0.952765692977 1.33029450378 3.16223563511
-0.12623 0.35028 3.35743 -0.12979 0.55971 4.02072 0.784520274152 0.978779725848 0.30541 0.41196 152.77952 195.62801 147.22542 138.42519 0.3 0.3 0.0 0.0 0.0 0.0 0.0 0.0 0.72115 0.0 0.0 45.47487 -0.49999 0.07399 0.0 0.0 0.0 0.0 0.0 0.0 0.0123200547753 45 1 0.989924433249 0.724870771266 3.30187494564
-0.12623 0.35028 3.35743 -0.12979 0.55971 4.02072 0.790072610248 0.973227389752 0.30541 0.41196 152.77952 195.62801 147.22542 138.42519 0.3 0.3 0.0 0.0 0.0 0.0 0.0 0.0 0.72115 0.0 0.0 45.47487 -0.49999 0.07399 0.0 0.0 0.0 0.0 0.0 0.0 0.0126362268688 46 0 0.977401129944 1.01024410995 3.30187494564
-0.12623 0.35028 3.35743 -0.12979 0.55971 4.02072 0.781549204045 0.981750795955 0.30541 0.41196 152.77952 195.62801 147.22542 138.42519 0.3 0.3 0.0 0.0 0.0 0.0 0.0 0.0 0.72115 0.0 0.0 45.47487 -0.49999 0.07399 0.0 0.0 0.0 0.0 0.0 0.0 0.0128732459674 47 1 0.99052432091 0.524783654248 3.35905930341
-0.12623 0.35028 3.35743 -0.12979 0.55971 4.02072 0.7867445695 0.9765554305 0.30541 0.41196 152.77952 195.62801 147.22542 138.42519 0.3 0.3 0.0 0.0 0.0 0.0 0.0 0.0 0.72115 0.0 0.0 45.47487 -0.49999 0.07399 0.0 0.0 0.0 0.0 0.0 0.0 0.0133890343179 48 1 0.982412060302 1.03872129078 2.46348828021
-0.12623 0.35028 3.35743 -0.12979 0.55971 4.02072 0.795767672724 0.967532327276 0.30541 0.41196 152.77952 195.62801 147.22542 138.42519 0.3 0.3 0.0 0.0 0.0 0.0 0.0 0.0 0.72115 0.0 0.0 45.47487 -0.49999 0.07399 0.0 0.0 0.0 0.0 0.0 0.0 0.013906475132 49 0 0.969943644333 1.26252231507 2.46348828021
-0.12623 0.35028 3.35743 -0.12979 0.55971 4.02072 0.762830107443 1.00046989256 0.30541 0.41196 152.77952 195.62801 147.22542 138.42519 0.3 0.3 0.0 0.0 0.0 0.0 0.0 0.0 0.72115 0.0 0.0 45.47487 -0.49999 0.07399 0.0 0.0 0.0 0.0 0.0 0.0 0.0130039447369 50 0 0.97056981841 1.15508241643 2.46348828021
