-0.12623 0.35028 3.35743 -0.12979 0.55971 4.02072 0.734786122977 1.02851387702 0.30541 0.41196 152.77952 195.62801 147.22542 138.42519 0.3 0.3 0.0 0.0 0.0 0.0 0.0 0.0 0.72115 0.0 0.0 45.47487 -0.49999 0.07399 0.0 0.0 0.0 0.0 0.0 0.0 0.01 0 1 0.945027794935 1.33087433433 -23.0764987885
-0.12623 0.35028 3.35743 -0.12979 0.55971 4.02072 0.725577425992 1.03772257401 0.30541 0.41196 152.77952 195.62801 147.22542 138.42519 0.3 0.3 0.0 0.0 0.0 0.0 0.0 0.0 0.72115 0.0 0.0 45.47487 -0.49999 0.07399 0.0 0.0 0.0 0.0 0.0 0.0 0.0109050968842 1 0 0.939001848429 1.40550506935 -23.0764987885
-0.12623 0.35028 3.35743 -0.12979 0.55971 4.02072 0.746404573471 1.01689542653 0.30541 0.41196 152.77952 195.62801 147.22542 138.42519 0.3 0.3 0.0 0.0 0.0 0.0 0.0 0.0 0.72115 0.0 0.0 45.47487 -0.49999 0.07399 0.0 0.0 0.0 0.0 0.0 0.0 0.00974680343134 2 1 0.955196017424 1.25498549671 -12.9282345313
-0.12623 0.35028 3.35743 -0.12979 0.55971 4.02072 0.736563023453 1.02673697655 0.30541 0.41196 152.77952 195.62801 147.22542 138.42519 0.3 0.3 0.0 0.0 0.0 0.0 0.0 0.0 0.72115 0.0 0.0 45.47487 -0.49999 0.07399 0.0 0.0 0.0 0.0 0.0 0.0 0.0104790821369 3 0 0.943688118812 1.33862216056 -12.9282345313
-0.12623 0.35028 3.35743 -0.12979 0.55971 4.02072 0.775223753612 0.988076246388 0.30541 0.41196 152.77952 195.62801 147.22542 138.42519 0.3 0.3 0.0 0.0 0.0 0.0 0.0 0.0 0.72115 0.0 0.0 45.47487 -0.49999 0.07399 0.0 0.0 0.0 0.0 0.0 0.0 0.00954119298453 4 1 0.983606557377 1.10213271317 1.94022930181
-0.12623 0.35028 3.35743 -0.12979 0.55971 4.02072 0.767372261059 0.995927738941 0.30541 0.41196 152.77952 195.62801 147.22542 138.42519 0.3 0.3 0.0 0.0 0.0 0.0 0.0 0.0 0.72115 0.0 0.0 45.47487 -0.49999 0.07399 0.0 0.0 0.0 0.0 0.0 0.0 0.00907695296915 5 0 0.973040752351 1.13076359599 1.94022930181
-0.12623 0.35028 3.35743 -0.12979 0.55971 4.02072 0.788057332578 0.975242667422 0.30541 0.41196 152.77952 195.62801 147.22542 138.42519 0.3 0.3 0.0 0.0 0.0 0.0 0.0 0.0 0.72115 0.0 0.0 45.47487 -0.49999 0.07399 0.0 0.0 0.0 0.0 0.0 0.0 0.0103983636877 6 1 0.982412060302 0.929236199471 2.41201126132
-0.12623 0.35028 3.35743 -0.12979 0.55971 4.02072 0.774814283679 0.988485716321 0.30541 0.41196 152.77952 195.62801 147.22542 138.42519 0.3 0.3 0.0 0.0 0.0 0.0 0.0 0.0 0.72115 0.0 0.0 45.47487 -0.49999 0.07399 0.0 0.0 0.0 0.0 0.0 0.0 0.0106814261841 7 1 0.984237074401 1.06106705447 2.39436582888
-0.12623 0.35028 3.35743 -0.12979 0.55971 4.02072 0.768553154516 0.994746845484 0.30541 0.41196 152.77952 195.62801 147.22542 138.42519 0.3 0.3 0.0 0.0 0.0 0.0 0.0 0.0 0.72115 0.0 0.0 45.47487 -0.49999 0.07399 0.0 0.0 0.0 0.0 0.0 0.0 0.0107197356039 8 0 0.973040752351 1.18576397106 2.39436582888
-0.12623 0.35028 3.35743 -0.12979 0.55971 4.02072 0.779278289144 0.984021710856 0.30541 0.41196 152.77952 195.62801 147.22542 138.42519 0.3 0.3 0.0 0.0 0.0 0.0 0.0 0.0 0.72115 0.0 0.0 45.47487 -0.49999 0.07399 0.0 0.0 0.0 0.0 0.0 0.0 0.0104350732544 9 1 0.986102337334 0.858090327957 2.99062108327
-0.12623 0.35028 3.35743 -0.12979 0.55971 4.02072 0.77386614159 0.98943385841 0.30541 0.41196 152.77952 195.62801 147.22542 138.42519 0.3 0.3 0.0 0.0 0.0 0.0 0.0 0.0 0.72115 0.0 0.0 45.47487 -0.49999 0.07399 0.0 0.0 0.0 0.0 0.0 0.0 0.010834917614 10 0 0.985498108449 1.15752058356 2.99062108327
-0.12623 0.35028 3.35743 -0.12979 0.55971 4.02072 0.75394482442 1.00935517558 0.30541 0.41196 152.77952 195.62801 147.22542 138.42519 0.3 0.3 0.0 0.0 0.0 0.0 0.0 0.0 0.72115 0.0 0.0 45.47487 -0.49999 0.07399 0.0 0.0 0.0 0.0 0.0 0.0 0.0102340598772 11 0 0.960747663551 1.20106260949 2.99062108327
-0.12623 0.35028 3.35743 -0.12979 0.55971 4.02072 0.776747045359 0.986552954641 0.30541 0.41196 152.77952 195.62801 147.22542 138.42519 0.3 0.3 0.0 0.0 0.0 0.0 0.0 0.0 0.72115 0.0 0.0 45.47487 -0.49999 0.07399 0.0 0.0 0.0 0.0 0.0 0.0 0.0106185765188 12 0 0.981096408318 1.1338794411 2.99062108327
-0.12623 0.35028 3.35743 -0.12979 0.55971 4.02072 0.784426371972 0.978873628028 0.30541 0.41196 152.77952 195.62801 147.22542 138.42519 0.3 0.3 0.0 0.0 0.0 0.0 0.0 0.0 0.72115 0.0 0.0 45.47487 -0.49999 0.07399 0.0 0.0 0.0 0.0 0.0 0.0 0.0105270063839 13 1 0.989924433249 0.724934980107 3.39416099137
-0.12623 0.35028 3.35743 -0.12979 0.55971 4.02072 0.775930123616 0.987369876384 0.30541 0.41196 152.77952 195.62801 147.22542 138.42519 0.3 0.3 0.0 0.0 0.0 0.0 0.0 0.0 0.72115 0.0 0.0 45.47487 -0.49999 0.07399 0.0 0.0 0.0 0.0 0.0 0.0 0.0108742973535 14 0 0.98172652804 1.10606499984 3.39416099137
-0.12623 0.35028 3.35743 -0.12979 0.55971 4.02072 0.802613903893 0.960686096107 0.30541 0.41196 152.77952 195.62801 147.22542 138.42519 0.3 0.3 0.0 0.0 0.0 0.0 0.0 0.0 0.72115 0.0 0.0 45.47487 -0.49999 0.07399 0.0 0.0 0.0 0.0 0.0 0.0 0.00974782506304 15 0 0.968125 1.11215007376 3.39416099137
-0.12623 0.35028 3.35743 -0.12979 0.55971 4.02072 0.759958027115 1.00334197288 0.30541 0.41196 152.77952 195.62801 147.22542 138.42519 0.3 0.3 0.0 0.0 0.0 0.0 0.0 0.0 0.72115 0.0 0.0 45.47487 -0.49999 0.07399 0.0 0.0 0.0 0.0 0.0 0.0 0.0100844057237 16 0 0.963772642099 1.18081156611 3.39416099137
-0.12623 0.35028 3.35743 -0.12979 0.55971 4.02072 0.767036538842 0.996263461158 0.30541 0.41196 152.77952 195.62801 147.22542 138.42519 0.3 0.3 0.0 0.0 0.0 0.0 0.0 0.0 0.72115 0.0 0.0 45.47487 -0.49999 0.07399 0.0 0.0 0.0 0.0 0.0 0.0 0.0099653515613 17 0 0.972413793103 1.23018044425 3.39416099137
-0.12623 0.35028 3.35743 -0.12979 0.55971 4.02072 0.7813445131 0.9819554869 0.30541 0.41196 152.77952 195.62801 147.22542 138.42519 0.3 0.3 0.0 0.0 0.0 0.0 0.0 0.0 0.72115 0.0 0.0 45.47487 -0.49999 0.07399 0.0 0.0 0.0 0.0 0.0 0.0 0.0103175020075 18 1 0.99052432091 0.641753838993 3.48128358716
-0.12623 0.35028 3.35743 -0.12979 0.55971 4.02072 0.780895039565 0.982404960435 0.30541 0.41196 152.77952 195.62801 147.22542 138.42519 0.3 0.3 0.0 0.0 0.0 0.0 0.0 0.0 0.72115 0.0 0.0 45.47487 -0.49999 0.07399 0.0 0.0 0.0 0.0 0.0 0.0 0.0109245780339 19 1 0.990518331226 0.663652336548 3.43191496399
-0.12623 0.35028 3.35743 -0.12979 0.55971 4.02072 0.782343996909 0.980956003091 0.30541 0.41196 152.77952 195.62801 147.22542 138.42519 0.3 0.3 0.0 0.0 0.0 0.0 0.0 0.0 0.72115 0.0 0.0 45.47487 -0.49999 0.07399 0.0 0.0 0.0 0.0 0.0 0.0 0.0108914308001 20 1 0.998731769182 0.200147450394 3.60056885144
-0.12623 0.35028 3.35743 -0.12979 0.55971 4.02072 0.793856934834 0.969443065166 0.30541 0.41196 152.77952 195.62801 147.22542 138.42519 0.3 0.3 0.0 0.0 0.0 0.0 0.0 0.0 0.72115 0.0 0.0 45.47487 -0.49999 0.07399 0.0 0.0 0.0 0.0 0.0 0.0 0.0109194690003 21 0 0.973023839398 1.24162442933 3.60056885144
-0.12623 0.35028 3.35743 -0.12979 0.55971 4.02072 0.789968423667 0.973331576333 0.30541 0.41196 152.77952 195.62801 147.22542 138.42519 0.3 0.3 0.0 0.0 0.0 0.0 0.0 0.0 0.72115 0.0 0.0 45.47487 -0.49999 0.07399 0.0 0.0 0.0 0.0 0.0 0.0 0.0112996518541 22 0 0.978656622724 1.0056542833 3.60056885144
-0.12623 0.35028 3.35743 -0.12979 0.55971 4.02072 0.785505572083 0.977794427917 0.30541 0.41196 152.77952 195.62801 147.22542 138.42519 0.3 0.3 0.0 0.0 0.0 0.0 0.0 0.0 0.72115 0.0 0.0 45.47487 -0.49999 0.07399 0.0 0.0 0.0 0.0 0.0 0.0 0.0110934916402 23 1 0.98741346759 0.818641999416 3.15110425306
-0.12623 0.35028 3.35743 -0.12979 0.55971 4.02072 0.797835479856 0.965464520144 0.30541 0.41196 152.77952 195.62801 147.22542 138.42519 0.3 0.3 0.0 0.0 0.0 0.0 0.0 0.0 0.72115 0.0 0.0 45.47487 -0.49999 0.07399 0.0 0.0 0.0 0.0 0.0 0.0 0.011548207326 24 0 0.96939412867 1.32431047202 3.15110425306
-0.12623 0.35028 3.35743 -0.12979 0.55971 4.02072 0.779656533596 0.983643466404 0.30541 0.41196 152.77952 195.62801 147.22542 138.42519 0.3 0.3 0.0 0.0 0.0 0.0 0.0 0.0 0.72115 0.0 0.0 45.47487 -0.49999 0.07399 0.0 0.0 0.0 0.0 0.0 0.0 0.0117418955114 25 1 0.987365761213 0.763477596948 3.18822298414
-0.12623 0.35028 3.35743 -0.12979 0.55971 4.02072 0.807043803324 0.956256196676 0.30541 0.41196 152.77952 195.62801 147.22542 138.42519 0.3 0.3 0.0 0.0 0.0 0.0 0.0 0.0 0.72115 0.0 0.0 45.47487 -0.49999 0.07399 0.0 0.0 0.0 0.0 0.0 0.0 0.0112022161434 26 0 0.964397251718 1.18243908345 3.18822298414
-0.12623 0.35028 3.35743 -0.12979 0.55971 4.02072 0.78634764929 0.97695235071 0.30541 0.41196 152.77952 195.62801 147.22542 138.42519 0.3 0.3 0.0 0.0 0.0 0.0 0.0 0.0 0.72115 0.0 0.0 45.47487 -0.49999 0.07399 0.0 0.0 0.0 0.0 0.0 0.0 0.0120911859261 27 1 0.984286612194 0.942552013023 2.74613057244
-0.12623 0.35028 3.35743 -0.12979 0.55971 4.02072 0.829244096746 0.934055903254 0.30541 0.41196 152.77952 195.62801 147.22542 138.42519 0.3 0.3 0.0 0.0 0.0 0.0 0.0 0.0 0.72115 0.0 0.0 45.47487 -0.49999 0.07399 0.0 0.0 0.0 0.0 0.0 0.0 0.011606866719 28 0 0.946229913473 1.20667202633 2.74613057244
-0.12623 0.35028 3.35743 -0.12979 0.55971 4.02072 0.773173773179 0.990126226821 0.30541 0.41196 152.77952 195.62801 147.22542 138.42519 0.3 0.3 0.0 0.0 0.0 0.0 0.0 0.0 0.72115 0.0 0.0 45.47487 -0.49999 0.07399 0.0 0.0 0.0 0.0 0.0 0.0 0.0128880545434 29 0 0.983616887209 1.19062765257 2.74613057244
-0.12623 0.35028 3.35743 -0.12979 0.55971 4.02072 0.765847289932 0.997452710068 0.30541 0.41196 152.77952 195.62801 147.22542 138.42519 0.3 0.3 0.0 0.0 0.0 0.0 0.0 0.0 0.72115 0.0 0.0 45.47487 -0.49999 0.07399 0.0 0.0 0.0 0.0 0.0 0.0 0.0120299175434 30 0 0.967438948028 1.2285243731 2.74613057244
-0.12623 0.35028 3.35743 -0.12979 0.55971 4.02072 0.785829333136 0.977470666864 0.30541 0.41196 152.77952 195.62801 147.22542 138.42519 0.3 0.3 0.0 0.0 0.0 0.0 0.0 0.0 0.72115 0.0 0.0 45.47487 -0.49999 0.07399 0.0 0.0 0.0 0.0 0.0 0.0 0.0123913740576 31 1 0.986163522013 0.848962052302 3.02249306323
-0.12623 0.35028 3.35743 -0.12979 0.55971 4.02072 0.794182757499 0.969117242501 0.30541 0.41196 152.77952 195.62801 147.22542 138.42519 0.3 0.3 0.0 0.0 0.0 0.0 0.0 0.0 0.72115 0.0 0.0 45.47487 -0.49999 0.07399 0.0 0.0 0.0 0.0 0.0 0.0 0.0116355104045 32 0 0.974262397991 1.2551772622 3.02249306323
-0.12623 0.35028 3.35743 -0.12979 0.55971 4.02072 0.777363586154 0.985936413846 0.30541 0.41196 152.77952 195.62801 147.22542 138.42519 0.3 0.3 0.0 0.0 0.0 0.0 0.0 0.0 0.72115 0.0 0.0 45.47487 -0.49999 0.07399 0.0 0.0 0.0 0.0 0.0 0.0 0.0127354621914 33 1 0.981084489281 1.08070504383 2.15620324394
-0.12623 0.35028 3.35743 -0.12979 0.55971 4.02072 0.809430946507 0.953869053493 0.30541 0.41196 152.77952 195.62801 147.22542 138.42519 0.3 0.3 0.0 0.0 0.0 0.0 0.0 0.0 0.72115 0.0 0.0 45.47487 -0.49999 0.07399 0.0 0.0 0.0 0.0 0.0 0.0 0.0129169741732 34 0 0.957685127567 1.19654150615 2.15620324394
-0.12623 0.35028 3.35743 -0.12979 0.55971 4.02072 0.765191198737 0.998108801263 0.30541 0.41196 152.77952 195.62801 147.22542 138.42519 0.3 0.3 0.0 0.0 0.0 0.0 0.0 0.0 0.72115 0.0 0.0 45.47487 -0.49999 0.07399 0.0 0.0 0.0 0.0 0.0 0.0 0.0124685942407 35 0 0.967479674797 1.25217847123 2.15620324394
-0.12623 0.35028 3.35743 -0.12979 0.55971 4.02072 0.780034134461 0.983265865539 0.30541 0.41196 152.77952 195.62801 147.22542 138.42519 0.3 0.3 0.0 0.0 0.0 0.0 0.0 0.0 0.72115 0.0 0.0 45.47487 -0.49999 0.07399 0.0 0.0 0.0 0.0 0.0 0.0 0.0120514752732 36 1 0.98989260897 0.76956046066 3.29134696169
-0.12623 0.35028 3.35743 -0.12979 0.55971 4.02072 0.790530425598 0.972769574402 0.30541 0.41196 152.77952 195.62801 147.22542 138.42519 0.3 0.3 0.0 0.0 0.0 0.0 0.0 0.0 0.72115 0.0 0.0 45.47487 -0.49999 0.07399 0.0 0.0 0.0 0.0 0.0 0.0 0.0116516967871 37 1 0.978015075377 1.11001422549 1.34006155641
-0.12623 0.35028 3.35743 -0.12979 0.55971 4.02072 0.800285054192 0.963014945808 0.30541 0.41196 152.77952 195.62801 147.22542 138.42519 0.3 0.3 0.0 0.0 0.0 0.0 0.0 0.0 0.72115 0.0 0.0 45.47487 -0.49999 0.07399 0.0 0.0 0.0 0.0 0.0 0.0 0.0111994561675 38 0 0.968769519051 1.21175842454 1.34006155641
-0.12623 0.35028 3.35743 -0.12979 0.55971 4.02072 0.797971355954 0.965328644046 0.30541 0.41196 152.77952 195.62801 147.22542 138.42519 0.3 0.3 0.0 0.0 0.0 0.0 0.0 0.0 0.72115 0.0 0.0 45.47487 -0.49999 0.07399 0.0 0.0 0.0 0.0 0.0 0.0 0.0117985192957 39 0 0.970018738289 1.32374267212 1.34006155641
-0.12623 0.35028 3.35743 -0.12979 0.55971 4.02072 0.801926038409 0.961373961591 0.30541 0.41196 152.77952 195.62801 147.22542 138.42519 0.3 0.3 0.0 0.0 0.0 0.0 0.0 0.0 0.72115 0.0 0.0 45.47487 -0.49999 0.07399 0.0 0.0 0.0 0.0 0.0 0.0 0.0114835448362 40 0 0.966854283927 1.06761681048 1.34006155641
-0.12623 0.35028 3.35743 -0.12979 0.55971 4.02072 0.802237107063 0.961062892937 0.30541 0.41196 152.77952 195.62801 147.22542 138.42519 0.3 0.3 0.0 0.0 0.0 0.0 0.0 0.0 0.72115 0.0 0.0 45.47487 -0.49999 0.07399 0.0 0.0 0.0 0.0 0.0 0.0 0.0117556722208 41 0 0.966875 1.09069142773 1.34006155641
-0.12623 0.35028 3.35743 -0.12979 0.55971 4.02072 0.761330583874 1.00196941613 0.30541 0.41196 152.77952 195.62801 147.22542 138.42519 0.3 0.3 0.0 0.0 0.0 0.0 0.0 0.0 0.72115 0.0 0.0 45.47487 -0.49999 0.07399 0.0 0.0 0.0 0.0 0.0 0.0 0.010822742218 42 0 0.965603502189 1.24124333096 1.34006155641
-0.12623 0.35028 3.35743 -0.12979 0.55971 4.02072 0.782104917517 0.981195082483 0.30541 0.41196 152.77952 195.62801 147.22542 138.42519 0.3 0.3 0.0 0.0 0.0 0.0 0.0 0.0 0.72115 0.0 0.0 45.47487 -0.49999 0.07399 0.0 0.0 0.0 0.0 0.0 0.0 0.011505003415 43 1 0.994939911448 0.296716738208 3.53751948676
-0.12623 0.35028 3.35743 -0.12979 0.55971 4.02072 0.785935623488 0.977364376512 0.30541 0.41196 152.77952 195.62801 147.22542 138.42519 0.3 0.3 0.0 0.0 0.0 0.0 0.0 0.0 0.72115 0.0 0.0 45.47487 -0.49999 0.07399 0.0 0.0 0.0 0.0 0.0 0.0 0.0102111667467 44 0 0.985534591195 0.896048962046 3.53751948676
-0.12623 0.35028 3.35743 -0.12979 0.55971 4.02072 0.780045910232 0.983254089768 0.30541 0.41196 152.77952 195.62801 147.22542 138.42519 0.3 0.3 0.0 0.0 0.0 0.0 0.0 0.0 0.72115 0.0 0.0 45.47487 -0.49999 0.07399 0.0 0.0 0.0 0.0 0.0 0.0 0.0108538265728 45 1 0.98989260897 0.770915771101 3.34660983209
-0.12623 0.35028 3.35743 -0.12979 0.55971 4.02072 0.756572867464 1.00672713254 0.30541 0.41196 152.77952 195.62801 147.22542 138.42519 0.3 0.3 0.0 0.0 0.0 0.0 0.0 0.0 0.72115 0.0 0.0 45.47487 -0.49999 0.07399 0.0 0.0 0.0 0.0 0.0 0.0 0.0107283751346 46 0 0.958904109589 1.23085147826 3.34660983209
-0.12623 0.35028 3.35743 -0.12979 0.55971 4.02072 0.768093988325 0.995206011675 0.30541 0.41196 152.77952 195.62801 147.22542 138.42519 0.3 0.3 0.0 0.0 0.0 0.0 0.0 0.0 0.72115 0.0 0.0 45.47487 -0.49999 0.07399 0.0 0.0 0.0 0.0 0.0 0.0 0.0111687961481 47 0 0.97305764411 1.16140622055 3.34660983209
-0.12623 0.35028 3.35743 -0.12979 0.55971 4.02072 0.774507791296 0.988792208704 0.30541 0.41196 152.77952 195.62801 147.22542 138.42519 0.3 0.3 0.0 0.0 0.0 0.0 0.0 0.0 0.72115 0.0 0.0 45.47487 -0.49999 0.07399 0.0 0.0 0.0 0.0 0.0 0.0 0.0106273270631 48 0 0.984237074401 1.12129053514 3.34660983209
-0.12623 0.35028 3.35743 -0.12979 0.55971 4.02072 0.775282875345 0.988017124655 0.30541 0.41196 152.77952 195.62801 147.22542 138.42519 0.3 0.3 0.0 0.0 0.0 0.0 0.0 0.0 0.72115 0.0 0.0 45.47487 -0.49999 0.07399 0.0 0.0 0.0 0.0 0.0 0.0 0.0109311692319 49 1 0.982986767486 1.10156123912 2.12750172037
-0.12623 0.35028 3.35743 -0.12979 0.55971 4.02072 0.791193667419 0.972106332581 0.30541 0.41196 152.77952 195.62801 147.22542 138.42519 0.3 0.3 0.0 0.0 0.0 0.0 0.0 0.0 0.72115 0.0 0.0 45.47487 -0.49999 0.07399 0.0 0.0 0.0 0.0 0.0 0.0 0.0110827169821 50 0 0.979258328096 1.0468075787 2.12750172037
