-0.12623 0.35028 3.35743 -0.12979 0.55971 4.02072 0.902571272475 0.860728727525 0.30541 0.41196 152.77952 195.62801 147.22542 138.42519 0.3 0.3 0.0 0.0 0.0 0.0 0.0 0.0 0.72115 0.0 0.0 45.47487 -0.49999 0.07399 0.0 0.0 0.0 0.0 0.0 0.0 0.01 0 1 0.885473176612 1.33461287929 -113.127811874
-0.12623 0.35028 3.35743 -0.12979 0.55971 4.02072 0.931486036258 0.831813963742 0.30541 0.41196 152.77952 195.62801 147.22542 138.42519 0.3 0.3 0.0 0.0 0.0 0.0 0.0 0.0 0.72115 0.0 0.0 45.47487 -0.49999 0.07399 0.0 0.0 0.0 0.0 0.0 0.0 0.0096294989748 1 0 0.862418106015 1.41954257356 -113.127811874
-0.12623 0.35028 3.35743 -0.12979 0.55971 4.02072 0.900176699729 0.863123300271 0.30541 0.41196 152.77952 195.62801 147.22542 138.42519 0.3 0.3 0.0 0.0 0.0 0.0 0.0 0.0 0.72115 0.0 0.0 45.47487 -0.49999 0.07399 0.0 0.0 0.0 0.0 0.0 0.0 0.0105898183048 2 1 0.887281494876 1.37013493917 -102.714370686
-0.12623 0.35028 3.35743 -0.12979 0.55971 4.02072 0.905403055585 0.857896944415 0.30541 0.41196 152.77952 195.62801 147.22542 138.42519 0.3 0.3 0.0 0.0 0.0 0.0 0.0 0.0 0.72115 0.0 0.0 45.47487 -0.49999 0.07399 0.0 0.0 0.0 0.0 0.0 0.0 0.0109207592172 3 1 0.885147324113 1.34182934328 -95.9747465901
-0.12623 0.35028 3.35743 -0.12979 0.55971 4.02072 0.923643425003 0.839656574997 0.30541 0.41196 152.77952 195.62801 147.22542 138.42519 0.3 0.3 0.0 0.0 0.0 0.0 0.0 0.0 0.72115 0.0 0.0 45.47487 -0.49999 0.07399 0.0 0.0 0.0 0.0 0.0 0.0 0.0112038325026 4 0 0.867383512545 1.4895152693 -95.9747465901
-0.12623 0.35028 3.35743 -0.12979 0.55971 4.02072 0.89728280301 0.86601719699 0.30541 0.41196 152.77952 195.62801 147.22542 138.42519 0.3 0.3 0.0 0.0 0.0 0.0 0.0 0.0 0.72115 0.0 0.0 45.47487 -0.49999 0.07399 0.0 0.0 0.0 0.0 0.0 0.0 0.0103712716376 5 0 0.892641737033 1.36607967262 -95.9747465901
-0.12623 0.35028 3.35743 -0.12979 0.55971 4.02072 0.910075398218 0.853224601782 0.30541 0.41196 152.77952 195.62801 147.22542 138.42519 0.3 0.3 0.0 0.0 0.0 0.0 0.0 0.0 0.72115 0.0 0.0 45.47487 -0.49999 0.07399 0.0 0.0 0.0 0.0 0.0 0.0 0.00981963392111 6 0 0.879279279279 1.33925068673 -95.9747465901
-0.12623 0.35028 3.35743 -0.12979 0.55971 4.02072 0.893427268157 0.869872731843 0.30541 0.41196 152.77952 195.62801 147.22542 138.42519 0.3 0.3 0.0 0.0 0.0 0.0 0.0 0.0 0.72115 0.0 0.0 45.47487 -0.49999 0.07399 0.0 0.0 0.0 0.0 0.0 0.0 0.0105479015744 7 1 0.893309222423 1.35098861263 -89.7344541699
-0.12623 0.35028 3.35743 -0.12979 0.55971 4.02072 0.905567618157 0.857732381843 0.30541 0.41196 152.77952 195.62801 147.22542 138.42519 0.3 0.3 0.0 0.0 0.0 0.0 0.0 0.0 0.72115 0.0 0.0 45.47487 -0.49999 0.07399 0.0 0.0 0.0 0.0 0.0 0.0 0.0100741762929 8 0 0.884546001203 1.33672507231 -89.7344541699
-0.12623 0.35028 3.35743 -0.12979 0.55971 4.02072 0.905127982133 0.858172017867 0.30541 0.41196 152.77952 195.62801 147.22542 138.42519 0.3 0.3 0.0 0.0 0.0 0.0 0.0 0.0 0.72115 0.0 0.0 45.47487 -0.49999 0.07399 0.0 0.0 0.0 0.0 0.0 0.0 0.00988232470588 9 0 0.884546001203 1.36696236352 -89.7344541699
-0.12623 0.35028 3.35743 -0.12979 0.55971 4.02072 0.868896429689 0.894403570311 0.30541 0.41196 152.77952 195.62801 147.22542 138.42519 0.3 0.3 0.0 0.0 0.0 0.0 0.0 0.0 0.72115 0.0 0.0 45.47487 -0.49999 0.07399 0.0 0.0 0.0 0.0 0.0 0.0 0.0110566952148 10 1 0.914233576642 1.28593565724 -46.1641414628
-0.12623 0.35028 3.35743 -0.12979 0.55971 4.02072 0.846263611812 0.917036388188 0.30541 0.41196 152.77952 195.62801 147.22542 138.42519 0.3 0.3 0.0 0.0 0.0 0.0 0.0 0.0 0.72115 0.0 0.0 45.47487 -0.49999 0.07399 0.0 0.0 0.0 0.0 0.0 0.0 0.0110093558749 11 1 0.93058968059 1.23677991709 -26.8103161313
-0.12623 0.35028 3.35743 -0.12979 0.55971 4.02072 0.842443589695 0.920856410305 0.30541 0.41196 152.77952 195.62801 147.22542 138.42519 0.3 0.3 0.0 0.0 0.0 0.0 0.0 0.0 0.72115 0.0 0.0 45.47487 -0.49999 0.07399 0.0 0.0 0.0 0.0 0.0 0.0 0.0108574900018 12 1 0.93588162762 1.29764405835 -25.758149141
-0.12623 0.35028 3.35743 -0.12979 0.55971 4.02072 0.854311069846 0.908988930154 0.30541 0.41196 152.77952 195.62801 147.22542 138.42519 0.3 0.3 0.0 0.0 0.0 0.0 0.0 0.0 0.72115 0.0 0.0 45.47487 -0.49999 0.07399 0.0 0.0 0.0 0.0 0.0 0.0 0.0109112841284 13 0 0.930674846626 1.31163967234 -25.758149141
-0.12623 0.35028 3.35743 -0.12979 0.55971 4.02072 0.853320934632 0.909979065368 0.30541 0.41196 152.77952 195.62801 147.22542 138.42519 0.3 0.3 0.0 0.0 0.0 0.0 0.0 0.0 0.72115 0.0 0.0 45.47487 -0.49999 0.07399 0.0 0.0 0.0 0.0 0.0 0.0 0.0107336665011 14 0 0.929447852761 1.23602683197 -25.758149141
-0.12623 0.35028 3.35743 -0.12979 0.55971 4.02072 0.829652548202 0.933647451798 0.30541 0.41196 152.77952 195.62801 147.22542 138.42519 0.3 0.3 0.0 0.0 0.0 0.0 0.0 0.0 0.72115 0.0 0.0 45.47487 -0.49999 0.07399 0.0 0.0 0.0 0.0 0.0 0.0 0.0105832278558 15 1 0.946815089672 1.22026065831 -15.1729622064
-0.12623 0.35028 3.35743 -0.12979 0.55971 4.02072 0.834188099196 0.929111900804 0.30541 0.41196 152.77952 195.62801 147.22542 138.42519 0.3 0.3 0.0 0.0 0.0 0.0 0.0 0.0 0.72115 0.0 0.0 45.47487 -0.49999 0.07399 0.0 0.0 0.0 0.0 0.0 0.0 0.0107306620186 16 0 0.939039408867 1.17377582911 -15.1729622064
-0.12623 0.35028 3.35743 -0.12979 0.55971 4.02072 0.846971343594 0.916328656406 0.30541 0.41196 152.77952 195.62801 147.22542 138.42519 0.3 0.3 0.0 0.0 0.0 0.0 0.0 0.0 0.72115 0.0 0.0 45.47487 -0.49999 0.07399 0.0 0.0 0.0 0.0 0.0 0.0 0.0110529165903 17 0 0.931119311193 1.13061590159 -15.1729622064
-0.12623 0.35028 3.35743 -0.12979 0.55971 4.02072 0.831264970054 0.932035029946 0.30541 0.41196 152.77952 195.62801 147.22542 138.42519 0.3 0.3 0.0 0.0 0.0 0.0 0.0 0.0 0.72115 0.0 0.0 45.47487 -0.49999 0.07399 0.0 0.0 0.0 0.0 0.0 0.0 0.010954211868 18 1 0.940777297964 1.22580944605 -18.3647939862
-0.12623 0.35028 3.35743 -0.12979 0.55971 4.02072 0.84825679156 0.91504320844 0.30541 0.41196 152.77952 195.62801 147.22542 138.42519 0.3 0.3 0.0 0.0 0.0 0.0 0.0 0.0 0.72115 0.0 0.0 45.47487 -0.49999 0.07399 0.0 0.0 0.0 0.0 0.0 0.0 0.0108814614615 19 1 0.931776275353 1.1928188226 -24.3632787834
-0.12623 0.35028 3.35743 -0.12979 0.55971 4.02072 0.841711388461 0.921588611539 0.30541 0.41196 152.77952 195.62801 147.22542 138.42519 0.3 0.3 0.0 0.0 0.0 0.0 0.0 0.0 0.72115 0.0 0.0 45.47487 -0.49999 0.07399 0.0 0.0 0.0 0.0 0.0 0.0 0.0100464246034 20 0 0.935304990758 1.28152495097 -24.3632787834
-0.12623 0.35028 3.35743 -0.12979 0.55971 4.02072 0.836361513845 0.926938486155 0.30541 0.41196 152.77952 195.62801 147.22542 138.42519 0.3 0.3 0.0 0.0 0.0 0.0 0.0 0.0 0.72115 0.0 0.0 45.47487 -0.49999 0.07399 0.0 0.0 0.0 0.0 0.0 0.0 0.0111499848748 21 1 0.940850277264 1.23039794906 -17.7245081391
-0.12623 0.35028 3.35743 -0.12979 0.55971 4.02072 0.863738949381 0.899561050619 0.30541 0.41196 152.77952 195.62801 147.22542 138.42519 0.3 0.3 0.0 0.0 0.0 0.0 0.0 0.0 0.72115 0.0 0.0 45.47487 -0.49999 0.07399 0.0 0.0 0.0 0.0 0.0 0.0 0.010977280722 22 0 0.916615946439 1.48148221629 -17.7245081391
-0.12623 0.35028 3.35743 -0.12979 0.55971 4.02072 0.820791580669 0.942508419331 0.30541 0.41196 152.77952 195.62801 147.22542 138.42519 0.3 0.3 0.0 0.0 0.0 0.0 0.0 0.0 0.72115 0.0 0.0 45.47487 -0.49999 0.07399 0.0 0.0 0.0 0.0 0.0 0.0 0.0115071166085 23 1 0.955927995034 1.25255012981 -7.96090285053
-0.12623 0.35028 3.35743 -0.12979 0.55971 4.02072 0.843222638195 0.920077361805 0.30541 0.41196 152.77952 195.62801 147.22542 138.42519 0.3 0.3 0.0 0.0 0.0 0.0 0.0 0.0 0.72115 0.0 0.0 45.47487 -0.49999 0.07399 0.0 0.0 0.0 0.0 0.0 0.0 0.0109152042013 24 0 0.934769230769 1.32111037713 -7.96090285053
-0.12623 0.35028 3.35743 -0.12979 0.55971 4.02072 0.825285145721 0.938014854279 0.30541 0.41196 152.77952 195.62801 147.22542 138.42519 0.3 0.3 0.0 0.0 0.0 0.0 0.0 0.0 0.72115 0.0 0.0 45.47487 -0.49999 0.07399 0.0 0.0 0.0 0.0 0.0 0.0 0.0118644974594 25 0 0.951144094001 1.24884555633 -7.96090285053
-0.12623 0.35028 3.35743 -0.12979 0.55971 4.02072 0.825727041203 0.937572958797 0.30541 0.41196 152.77952 195.62801 147.22542 138.42519 0.3 0.3 0.0 0.0 0.0 0.0 0.0 0.0 0.72115 0.0 0.0 45.47487 -0.49999 0.07399 0.0 0.0 0.0 0.0 0.0 0.0 0.01167485441 26 0 0.951792336218 1.30764857197 -7.96090285053
-0.12623 0.35028 3.35743 -0.12979 0.55971 4.02072 0.827613450535 0.935686549465 0.30541 0.41196 152.77952 195.62801 147.22542 138.42519 0.3 0.3 0.0 0.0 0.0 0.0 0.0 0.0 0.72115 0.0 0.0 45.47487 -0.49999 0.07399 0.0 0.0 0.0 0.0 0.0 0.0 0.0112078221556 27 0 0.948051948052 1.15601434903 -7.96090285053
-0.12623 0.35028 3.35743 -0.12979 0.55971 4.02072 0.817539288053 0.945760711947 0.30541 0.41196 152.77952 195.62801 147.22542 138.42519 0.3 0.3 0.0 0.0 0.0 0.0 0.0 0.0 0.72115 0.0 0.0 45.47487 -0.49999 0.07399 0.0 0.0 0.0 0.0 0.0 0.0 0.011748807288 28 1 0.955334987593 1.13541043365 -5.79079862917
-0.12623 0.35028 3.35743 -0.12979 0.55971 4.02072 0.813214531751 0.950085468249 0.30541 0.41196 152.77952 195.62801 147.22542 138.42519 0.3 0.3 0.0 0.0 0.0 0.0 0.0 0.0 0.72115 0.0 0.0 45.47487 -0.49999 0.07399 0.0 0.0 0.0 0.0 0.0 0.0 0.0110737096995 29 0 0.951552795031 1.1118098447 -5.79079862917
-0.12623 0.35028 3.35743 -0.12979 0.55971 4.02072 0.821776578332 0.941523421668 0.30541 0.41196 152.77952 195.62801 147.22542 138.42519 0.3 0.3 0.0 0.0 0.0 0.0 0.0 0.0 0.72115 0.0 0.0 45.47487 -0.49999 0.07399 0.0 0.0 0.0 0.0 0.0 0.0 0.0112690411345 30 0 0.955362678239 1.28849496172 -5.79079862917
-0.12623 0.35028 3.35743 -0.12979 0.55971 4.02072 0.824715330874 0.938584669126 0.30541 0.41196 152.77952 195.62801 147.22542 138.42519 0.3 0.3 0.0 0.0 0.0 0.0 0.0 0.0 0.72115 0.0 0.0 45.47487 -0.49999 0.07399 0.0 0.0 0.0 0.0 0.0 0.0 0.0121422353645 31 0 0.950525664811 1.30044779944 -5.79079862917
-0.12623 0.35028 3.35743 -0.12979 0.55971 4.02072 0.831250836944 0.932049163056 0.30541 0.41196 152.77952 195.62801 147.22542 138.42519 0.3 0.3 0.0 0.0 0.0 0.0 0.0 0.0 0.72115 0.0 0.0 45.47487 -0.49999 0.07399 0.0 0.0 0.0 0.0 0.0 0.0 0.0110924241314 32 0 0.940777297964 1.228371504 -5.79079862917
-0.12623 0.35028 3.35743 -0.12979 0.55971 4.02072 0.827175027694 0.936124972306 0.30541 0.41196 152.77952 195.62801 147.22542 138.42519 0.3 0.3 0.0 0.0 0.0 0.0 0.0 0.0 0.72115 0.0 0.0 45.47487 -0.49999 0.07399 0.0 0.0 0.0 0.0 0.0 0.0 0.0107357186532 33 0 0.948084054388 1.16761290821 -5.79079862917
-0.12623 0.35028 3.35743 -0.12979 0.55971 4.02072 0.767779947176 0.995520052824 0.30541 0.41196 152.77952 195.62801 147.22542 138.42519 0.3 0.3 0.0 0.0 0.0 0.0 0.0 0.0 0.72115 0.0 0.0 45.47487 -0.49999 0.07399 0.0 0.0 0.0 0.0 0.0 0.0 0.0114486123396 34 1 0.974294670846 1.16451015382 0.132750321887
-0.12623 0.35028 3.35743 -0.12979 0.55971 4.02072 0.776727992283 0.986572007717 0.30541 0.41196 152.77952 195.62801 147.22542 138.42519 0.3 0.3 0.0 0.0 0.0 0.0 0.0 0.0 0.72115 0.0 0.0 45.47487 -0.49999 0.07399 0.0 0.0 0.0 0.0 0.0 0.0 0.0113015713598 35 1 0.981096408318 1.13408365498 1.76470920266
-0.12623 0.35028 3.35743 -0.12979 0.55971 4.02072 0.782054511108 0.981245488892 0.30541 0.41196 152.77952 195.62801 147.22542 138.42519 0.3 0.3 0.0 0.0 0.0 0.0 0.0 0.0 0.72115 0.0 0.0 45.47487 -0.49999 0.07399 0.0 0.0 0.0 0.0 0.0 0.0 0.0105418230759 36 1 0.993042378242 0.297004203096 3.61425368397
-0.12623 0.35028 3.35743 -0.12979 0.55971 4.02072 0.823424669688 0.939875330312 0.30541 0.41196 152.77952 195.62801 147.22542 138.42519 0.3 0.3 0.0 0.0 0.0 0.0 0.0 0.0 0.72115 0.0 0.0 45.47487 -0.49999 0.07399 0.0 0.0 0.0 0.0 0.0 0.0 0.0111267025663 37 0 0.953589108911 1.27601750764 3.61425368397
-0.12623 0.35028 3.35743 -0.12979 0.55971 4.02072 0.761050256315 1.00224974369 0.30541 0.41196 152.77952 195.62801 147.22542 138.42519 0.3 0.3 0.0 0.0 0.0 0.0 0.0 0.0 0.72115 0.0 0.0 45.47487 -0.49999 0.07399 0.0 0.0 0.0 0.0 0.0 0.0 0.0110333312343 38 0 0.965603502189 1.22607513712 3.61425368397
-0.12623 0.35028 3.35743 -0.12979 0.55971 4.02072 0.766778633285 0.996521366715 0.30541 0.41196 152.77952 195.62801 147.22542 138.42519 0.3 0.3 0.0 0.0 0.0 0.0 0.0 0.0 0.72115 0.0 0.0 45.47487 -0.49999 0.07399 0.0 0.0 0.0 0.0 0.0 0.0 0.0101109138015 39 0 0.971804511278 1.25186161196 3.61425368397
-0.12623 0.35028 3.35743 -0.12979 0.55971 4.02072 0.794783516662 0.968516483338 0.30541 0.41196 152.77952 195.62801 147.22542 138.42519 0.3 0.3 0.0 0.0 0.0 0.0 0.0 0.0 0.72115 0.0 0.0 45.47487 -0.49999 0.07399 0.0 0.0 0.0 0.0 0.0 0.0 0.0104739317503 40 0 0.973040752351 1.25537768325 3.61425368397
-0.12623 0.35028 3.35743 -0.12979 0.55971 4.02072 0.794445288045 0.968854711955 0.30541 0.41196 152.77952 195.62801 147.22542 138.42519 0.3 0.3 0.0 0.0 0.0 0.0 0.0 0.0 0.72115 0.0 0.0 45.47487 -0.49999 0.07399 0.0 0.0 0.0 0.0 0.0 0.0 0.0109450175039 41 1 0.974278544542 1.26779923235 -0.84249509922
-0.12623 0.35028 3.35743 -0.12979 0.55971 4.02072 0.812254933888 0.951045066112 0.30541 0.41196 152.77952 195.62801 147.22542 138.42519 0.3 0.3 0.0 0.0 0.0 0.0 0.0 0.0 0.72115 0.0 0.0 45.47487 -0.49999 0.07399 0.0 0.0 0.0 0.0 0.0 0.0 0.0110847562319 42 0 0.953358208955 1.20052644739 -0.84249509922
-0.12623 0.35028 3.35743 -0.12979 0.55971 4.02072 0.798668297961 0.964631702039 0.30541 0.41196 152.77952 195.62801 147.22542 138.42519 0.3 0.3 0.0 0.0 0.0 0.0 0.0 0.0 0.72115 0.0 0.0 45.47487 -0.49999 0.07399 0.0 0.0 0.0 0.0 0.0 0.0 0.0113874930259 43 0 0.969355847405 1.2817987573 -0.84249509922
-0.12623 0.35028 3.35743 -0.12979 0.55971 4.02072 0.789757014621 0.973542985379 0.30541 0.41196 152.77952 195.62801 147.22542 138.42519 0.3 0.3 0.0 0.0 0.0 0.0 0.0 0.0 0.72115 0.0 0.0 45.47487 -0.49999 0.07399 0.0 0.0 0.0 0.0 0.0 0.0 0.0123055558364 44 1 0.979912115505 0.995830752191 2.15744894267
-0.12623 0.35028 3.35743 -0.12979 0.55971 4.02072 0.788944710758 0.974355289242 0.30541 0.41196 152.77952 195.62801 147.22542 138.42519 0.3 0.3 0.0 0.0 0.0 0.0 0.0 0.0 0.72115 0.0 0.0 45.47487 -0.49999 0.07399 0.0 0.0 0.0 0.0 0.0 0.0 0.0132324625427 45 1 0.980539861896 0.96451579827 2.40014086234
-0.12623 0.35028 3.35743 -0.12979 0.55971 4.02072 0.789989529192 0.973310470808 0.30541 0.41196 152.77952 195.62801 147.22542 138.42519 0.3 0.3 0.0 0.0 0.0 0.0 0.0 0.0 0.72115 0.0 0.0 45.47487 -0.49999 0.07399 0.0 0.0 0.0 0.0 0.0 0.0 0.0130572277449 46 0 0.978656622724 1.00580978796 2.40014086234
-0.12623 0.35028 3.35743 -0.12979 0.55971 4.02072 0.805414848067 0.957885151933 0.30541 0.41196 152.77952 195.62801 147.22542 138.42519 0.3 0.3 0.0 0.0 0.0 0.0 0.0 0.0 0.72115 0.0 0.0 45.47487 -0.49999 0.07399 0.0 0.0 0.0 0.0 0.0 0.0 0.0126057267869 47 0 0.965021861337 1.17993918274 2.40014086234
-0.12623 0.35028 3.35743 -0.12979 0.55971 4.02072 0.76572870851 0.99757129149 0.30541 0.41196 152.77952 195.62801 147.22542 138.42519 0.3 0.3 0.0 0.0 0.0 0.0 0.0 0.0 0.72115 0.0 0.0 45.47487 -0.49999 0.07399 0.0 0.0 0.0 0.0 0.0 0.0 0.0126672341758 48 0 0.967438948028 1.23369574164 2.40014086234
-0.12623 0.35028 3.35743 -0.12979 0.55971 4.02072 0.801309936985 0.961990063015 0.30541 0.41196 152.77952 195.62801 147.22542 138.42519 0.3 0.3 0.0 0.0 0.0 0.0 0.0 0.0 0.72115 0.0 0.0 45.47487 -0.49999 0.07399 0.0 0.0 0.0 0.0 0.0 0.0 0.0132274553457 49 0 0.966271080575 1.02987210112 2.40014086234
-0.12623 0.35028 3.35743 -0.12979 0.55971 4.02072 0.790158592849 0.973141407151 0.30541 0.41196 152.77952 195.62801 147.22542 138.42519 0.3 0.3 0.0 0.0 0.0 0.0 0.0 0.0 0.72115 0.0 0.0 45.47487 -0.49999 0.07399 0.0 0.0 0.0 0.0 0.0 0.0 0.012838925117 50 1 0.977401129944 1.00810188766 1.8620080387
