-0.12623 0.35028 3.35743 -0.34077418517 0.55971 4.02072 0.78258 0.98072 0.30541 0.41196 152.77952 195.62801 147.22542 138.42519 0.3 0.3 0.0 0.0 0.0 0.0 0.0 0.0 0.72115 0.0 0.0 45.47487 -0.49999 0.07399 0.0 0.0 0.0 0.0 0.0 0.0 0.01 0 1 0.690476190476 3.77949813857 -6838.99643366
-0.12623 0.35028 3.35743 -0.369612998747 0.55971 4.02072 0.78258 0.98072 0.30541 0.41196 152.77952 195.62801 147.22542 138.42519 0.3 0.3 0.0 0.0 0.0 0.0 0.0 0.0 0.72115 0.0 0.0 45.47487 -0.49999 0.07399 0.0 0.0 0.0 0.0 0.0 0.0 0.010133701238 1 0 0.65873015873 3.59918037806 -6838.99643366
-0.12623 0.35028 3.35743 -0.390288258151 0.55971 4.02072 0.78258 0.98072 0.30541 0.41196 152.77952 195.62801 147.22542 138.42519 0.3 0.3 0.0 0.0 0.0 0.0 0.0 0.0 0.72115 0.0 0.0 45.47487 -0.49999 0.07399 0.0 0.0 0.0 0.0 0.0 0.0 0.00908149964653 2 0 0.645161290323 3.61488359337 -6838.99643366
-0.12623 0.35028 3.35743 -0.343996558111 0.55971 4.02072 0.78258 0.98072 0.30541 0.41196 152.77952 195.62801 147.22542 138.42519 0.3 0.3 0.0 0.0 0.0 0.0 0.0 0.0 0.72115 0.0 0.0 45.47487 -0.49999 0.07399 0.0 0.0 0.0 0.0 0.0 0.0 0.0104390327494 3 1 0.698412698413 3.76091941083 -5899.23248876
-0.12623 0.35028 3.35743 -0.452641341704 0.55971 4.02072 0.78258 0.98072 0.30541 0.41196 152.77952 195.62801 147.22542 138.42519 0.3 0.3 0.0 0.0 0.0 0.0 0.0 0.0 0.72115 0.0 0.0 45.47487 -0.49999 0.07399 0.0 0.0 0.0 0.0 0.0 0.0 0.00985718780515 4 0 0.603174603175 3.14884957314 -5899.23248876
-0.12623 0.35028 3.35743 -0.159172132291 0.55971 4.02072 0.78258 0.98072 0.30541 0.41196 152.77952 195.62801 147.22542 138.42519 0.3 0.3 0.0 0.0 0.0 0.0 0.0 0.0 0.72115 0.0 0.0 45.47487 -0.49999 0.07399 0.0 0.0 0.0 0.0 0.0 0.0 0.0103928459814 5 1 0.927927927928 0.992724254625 -20.0492428517
-0.12623 0.35028 3.35743 -0.286233611316 0.55971 4.02072 0.78258 0.98072 0.30541 0.41196 152.77952 195.62801 147.22542 138.42519 0.3 0.3 0.0 0.0 0.0 0.0 0.0 0.0 0.72115 0.0 0.0 45.47487 -0.49999 0.07399 0.0 0.0 0.0 0.0 0.0 0.0 0.0106734776679 6 0 0.786885245902 4.13948452749 -20.0492428517
-0.12623 0.35028 3.35743 -0.205729270783 0.55971 4.02072 0.78258 0.98072 0.30541 0.41196 152.77952 195.62801 147.22542 138.42519 0.3 0.3 0.0 0.0 0.0 0.0 0.0 0.0 0.72115 0.0 0.0 45.47487 -0.49999 0.07399 0.0 0.0 0.0 0.0 0.0 0.0 0.0107052163785 7 0 0.791304347826 3.40540982349 -20.0492428517
-0.12623 0.35028 3.35743 -0.126023112134 0.55971 4.02072 0.78258 0.98072 0.30541 0.41196 152.77952 195.62801 147.22542 138.42519 0.3 0.3 0.0 0.0 0.0 0.0 0.0 0.0 0.72115 0.0 0.0 45.47487 -0.49999 0.07399 0.0 0.0 0.0 0.0 0.0 0.0 0.0101013746914 8 1 0.990825688073 0.508594002164 3.56946141357
-0.12623 0.35028 3.35743 -0.0800077224726 0.55971 4.02072 0.78258 0.98072 0.30541 0.41196 152.77952 195.62801 147.22542 138.42519 0.3 0.3 0.0 0.0 0.0 0.0 0.0 0.0 0.72115 0.0 0.0 45.47487 -0.49999 0.07399 0.0 0.0 0.0 0.0 0.0 0.0 0.00988259539658 9 0 0.885964912281 1.48291923059 3.56946141357
-0.12623 0.35028 3.35743 -0.16657066933 0.55971 4.02072 0.78258 0.98072 0.30541 0.41196 152.77952 195.62801 147.22542 138.42519 0.3 0.3 0.0 0.0 0.0 0.0 0.0 0.0 0.72115 0.0 0.0 45.47487 -0.49999 0.07399 0.0 0.0 0.0 0.0 0.0 0.0 0.0100170192888 10 0 0.900900900901 1.39681797662 3.56946141357
-0.12623 0.35028 3.35743 -0.118916573926 0.55971 4.02072 0.78258 0.98072 0.30541 0.41196 152.77952 195.62801 147.22542 138.42519 0.3 0.3 0.0 0.0 0.0 0.0 0.0 0.0 0.72115 0.0 0.0 45.47487 -0.49999 0.07399 0.0 0.0 0.0 0.0 0.0 0.0 0.0111645874347 11 1 0.981651376147 0.691875963594 2.92960018252
-0.12623 0.35028 3.35743 -0.1833929096 0.55971 4.02072 0.78258 0.98072 0.30541 0.41196 152.77952 195.62801 147.22542 138.42519 0.3 0.3 0.0 0.0 0.0 0.0 0.0 0.0 0.72115 0.0 0.0 45.47487 -0.49999 0.07399 0.0 0.0 0.0 0.0 0.0 0.0 0.0114288194773 12 0 0.846846846847 2.24495261294 2.92960018252
-0.12623 0.35028 3.35743 -0.0622459041928 0.55971 4.02072 0.78258 0.98072 0.30541 0.41196 152.77952 195.62801 147.22542 138.42519 0.3 0.3 0.0 0.0 0.0 0.0 0.0 0.0 0.72115 0.0 0.0 45.47487 -0.49999 0.07399 0.0 0.0 0.0 0.0 0.0 0.0 0.0107499420503 13 0 0.895652173913 1.49541872112 2.92960018252
-0.12623 0.35028 3.35743 -0.0993136189776 0.55971 4.02072 0.78258 0.98072 0.30541 0.41196 152.77952 195.62801 147.22542 138.42519 0.3 0.3 0.0 0.0 0.0 0.0 0.0 0.0 0.72115 0.0 0.0 45.47487 -0.49999 0.07399 0.0 0.0 0.0 0.0 0.0 0.0 0.0110616950835 14 0 0.963963963964 1.05673879327 2.92960018252
-0.12623 0.35028 3.35743 -0.161484845149 0.55971 4.02072 0.78258 0.98072 0.30541 0.41196 152.77952 195.62801 147.22542 138.42519 0.3 0.3 0.0 0.0 0.0 0.0 0.0 0.0 0.72115 0.0 0.0 45.47487 -0.49999 0.07399 0.0 0.0 0.0 0.0 0.0 0.0 0.0110987764874 15 0 0.918918918919 1.1432512822 2.92960018252
-0.12623 0.35028 3.35743 -0.183060066643 0.55971 4.02072 0.78258 0.98072 0.30541 0.41196 152.77952 195.62801 147.22542 138.42519 0.3 0.3 0.0 0.0 0.0 0.0 0.0 0.0 0.72115 0.0 0.0 45.47487 -0.49999 0.07399 0.0 0.0 0.0 0.0 0.0 0.0 0.0112688252372 16 0 0.846846846847 2.24559514505 2.92960018252
-0.12623 0.35028 3.35743 -0.0501925202724 0.55971 4.02072 0.78258 0.98072 0.30541 0.41196 152.77952 195.62801 147.22542 138.42519 0.3 0.3 0.0 0.0 0.0 0.0 0.0 0.0 0.72115 0.0 0.0 45.47487 -0.49999 0.07399 0.0 0.0 0.0 0.0 0.0 0.0 0.0108524459814 17 0 0.860869565217 1.60404505764 2.92960018252
-0.12623 0.35028 3.35743 -0.0206141689743 0.55971 4.02072 0.78258 0.98072 0.30541 0.41196 152.77952 195.62801 147.22542 138.42519 0.3 0.3 0.0 0.0 0.0 0.0 0.0 0.0 0.72115 0.0 0.0 45.47487 -0.49999 0.07399 0.0 0.0 0.0 0.0 0.0 0.0 0.0101907897616 18 0 0.798319327731 1.6438441098 2.92960018252
-0.12623 0.35028 3.35743 -0.0194140014789 0.55971 4.02072 0.78258 0.98072 0.30541 0.41196 152.77952 195.62801 147.22542 138.42519 0.3 0.3 0.0 0.0 0.0 0.0 0.0 0.0 0.72115 0.0 0.0 45.47487 -0.49999 0.07399 0.0 0.0 0.0 0.0 0.0 0.0 0.0109583933187 19 0 0.798319327731 1.60256910481 2.92960018252
-0.12623 0.35028 3.35743 -0.278235265166 0.55971 4.02072 0.78258 0.98072 0.30541 0.41196 152.77952 195.62801 147.22542 138.42519 0.3 0.3 0.0 0.0 0.0 0.0 0.0 0.0 0.72115 0.0 0.0 45.47487 -0.49999 0.07399 0.0 0.0 0.0 0.0 0.0 0.0 0.0106753820075 20 0 0.806722689076 4.04895358248 2.92960018252
-0.12623 0.35028 3.35743 -0.0229506873264 0.55971 4.02072 0.78258 0.98072 0.30541 0.41196 152.77952 195.62801 147.22542 138.42519 0.3 0.3 0.0 0.0 0.0 0.0 0.0 0.0 0.72115 0.0 0.0 45.47487 -0.49999 0.07399 0.0 0.0 0.0 0.0 0.0 0.0 0.0121397014953 21 0 0.806722689076 1.64648232849 2.92960018252
-0.12623 0.35028 3.35743 -0.163243424165 0.55971 4.02072 0.78258 0.98072 0.30541 0.41196 152.77952 195.62801 147.22542 138.42519 0.3 0.3 0.0 0.0 0.0 0.0 0.0 0.0 0.72115 0.0 0.0 45.47487 -0.49999 0.07399 0.0 0.0 0.0 0.0 0.0 0.0 0.0115800201993 22 0 0.918918918919 1.31781472919 2.92960018252
-0.12623 0.35028 3.35743 -0.188679666655 0.55971 4.02072 0.78258 0.98072 0.30541 0.41196 152.77952 195.62801 147.22542 138.42519 0.3 0.3 0.0 0.0 0.0 0.0 0.0 0.0 0.72115 0.0 0.0 45.47487 -0.49999 0.07399 0.0 0.0 0.0 0.0 0.0 0.0 0.0107258764745 23 0 0.846846846847 2.55304533944 2.92960018252
-0.12623 0.35028 3.35743 -0.130203459248 0.55971 4.02072 0.78258 0.98072 0.30541 0.41196 152.77952 195.62801 147.22542 138.42519 0.3 0.3 0.0 0.0 0.0 0.0 0.0 0.0 0.72115 0.0 0.0 45.47487 -0.49999 0.07399 0.0 0.0 0.0 0.0 0.0 0.0 0.0112422187504 24 1 0.990825688073 0.00177355504059 3.56913947569
-0.12623 0.35028 3.35743 -0.212143031075 0.55971 4.02072 0.78258 0.98072 0.30541 0.41196 152.77952 195.62801 147.22542 138.42519 0.3 0.3 0.0 0.0 0.0 0.0 0.0 0.0 0.72115 0.0 0.0 45.47487 -0.49999 0.07399 0.0 0.0 0.0 0.0 0.0 0.0 0.0117989397865 25 0 0.775862068966 3.7006452686 3.56913947569
-0.12623 0.35028 3.35743 0.00260800206273 0.55971 4.02072 0.78258 0.98072 0.30541 0.41196 152.77952 195.62801 147.22542 138.42519 0.3 0.3 0.0 0.0 0.0 0.0 0.0 0.0 0.72115 0.0 0.0 45.47487 -0.49999 0.07399 0.0 0.0 0.0 0.0 0.0 0.0 0.0109467842855 26 0 0.798319327731 1.77029851233 3.56913947569
-0.12623 0.35028 3.35743 -0.0632184353359 0.55971 4.02072 0.78258 0.98072 0.30541 0.41196 152.77952 195.62801 147.22542 138.42519 0.3 0.3 0.0 0.0 0.0 0.0 0.0 0.0 0.72115 0.0 0.0 45.47487 -0.49999 0.07399 0.0 0.0 0.0 0.0 0.0 0.0 0.0119447382237 27 0 0.895652173913 1.48161988652 3.56913947569
-0.12623 0.35028 3.35743 -0.262635699661 0.55971 4.02072 0.78258 0.98072 0.30541 0.41196 152.77952 195.62801 147.22542 138.42519 0.3 0.3 0.0 0.0 0.0 0.0 0.0 0.0 0.72115 0.0 0.0 45.47487 -0.49999 0.07399 0.0 0.0 0.0 0.0 0.0 0.0 0.0119538469316 28 0 0.811965811966 3.96144140974 3.56913947569
-0.12623 0.35028 3.35743 -0.235061517324 0.55971 4.02072 0.78258 0.98072 0.30541 0.41196 152.77952 195.62801 147.22542 138.42519 0.3 0.3 0.0 0.0 0.0 0.0 0.0 0.0 0.72115 0.0 0.0 45.47487 -0.49999 0.07399 0.0 0.0 0.0 0.0 0.0 0.0 0.011515917634 29 0 0.803418803419 3.95009213108 3.56913947569
-0.12623 0.35028 3.35743 -0.0209731309419 0.55971 4.02072 0.78258 0.98072 0.30541 0.41196 152.77952 195.62801 147.22542 138.42519 0.3 0.3 0.0 0.0 0.0 0.0 0.0 0.0 0.72115 0.0 0.0 45.47487 -0.49999 0.07399 0.0 0.0 0.0 0.0 0.0 0.0 0.0108075843842 30 0 0.798319327731 1.64388368178 3.56913947569
-0.12623 0.35028 3.35743 -0.0197656647232 0.55971 4.02072 0.78258 0.98072 0.30541 0.41196 152.77952 195.62801 147.22542 138.42519 0.3 0.3 0.0 0.0 0.0 0.0 0.0 0.0 0.72115 0.0 0.0 45.47487 -0.49999 0.07399 0.0 0.0 0.0 0.0 0.0 0.0 0.010674030217 31 0 0.798319327731 1.6211567319 3.56913947569
-0.12623 0.35028 3.35743 0.00500695657358 0.55971 4.02072 0.78258 0.98072 0.30541 0.41196 152.77952 195.62801 147.22542 138.42519 0.3 0.3 0.0 0.0 0.0 0.0 0.0 0.0 0.72115 0.0 0.0 45.47487 -0.49999 0.07399 0.0 0.0 0.0 0.0 0.0 0.0 0.0118789059537 32 0 0.791666666667 1.76010598602 3.56913947569
-0.12623 0.35028 3.35743 -0.23802654391 0.55971 4.02072 0.78258 0.98072 0.30541 0.41196 152.77952 195.62801 147.22542 138.42519 0.3 0.3 0.0 0.0 0.0 0.0 0.0 0.0 0.72115 0.0 0.0 45.47487 -0.49999 0.07399 0.0 0.0 0.0 0.0 0.0 0.0 0.0113693176962 33 0 0.803418803419 3.95962255201 3.56913947569
-0.12623 0.35028 3.35743 -0.193150557826 0.55971 4.02072 0.78258 0.98072 0.30541 0.41196 152.77952 195.62801 147.22542 138.42519 0.3 0.3 0.0 0.0 0.0 0.0 0.0 0.0 0.72115 0.0 0.0 45.47487 -0.49999 0.07399 0.0 0.0 0.0 0.0 0.0 0.0 0.0110902566496 34 0 0.846846846847 2.81817170653 3.56913947569
-0.12623 0.35028 3.35743 0.0374983907331 0.55971 4.02072 0.78258 0.98072 0.30541 0.41196 152.77952 195.62801 147.22542 138.42519 0.3 0.3 0.0 0.0 0.0 0.0 0.0 0.0 0.72115 0.0 0.0 45.47487 -0.49999 0.07399 0.0 0.0 0.0 0.0 0.0 0.0 0.0114306817008 35 0 0.783333333333 2.08761479908 3.56913947569
-0.12623 0.35028 3.35743 -0.0863415597785 0.55971 4.02072 0.78258 0.98072 0.30541 0.41196 152.77952 195.62801 147.22542 138.42519 0.3 0.3 0.0 0.0 0.0 0.0 0.0 0.0 0.72115 0.0 0.0 45.47487 -0.49999 0.07399 0.0 0.0 0.0 0.0 0.0 0.0 0.0116542526437 36 0 0.902654867257 1.33769944121 3.56913947569
-0.12623 0.35028 3.35743 -0.169389969377 0.55971 4.02072 0.78258 0.98072 0.30541 0.41196 152.77952 195.62801 147.22542 138.42519 0.3 0.3 0.0 0.0 0.0 0.0 0.0 0.0 0.72115 0.0 0.0 45.47487 -0.49999 0.07399 0.0 0.0 0.0 0.0 0.0 0.0 0.0114646956492 37 0 0.891891891892 1.3027316511 3.56913947569
-0.12623 0.35028 3.35743 -0.0830508927349 0.55971 4.02072 0.78258 0.98072 0.30541 0.41196 152.77952 195.62801 147.22542 138.42519 0.3 0.3 0.0 0.0 0.0 0.0 0.0 0.0 0.72115 0.0 0.0 45.47487 -0.49999 0.07399 0.0 0.0 0.0 0.0 0.0 0.0 0.0103071797725 38 0 0.894736842105 1.49241430788 3.56913947569
-0.12623 0.35028 3.35743 -0.130367130853 0.55971 4.02072 0.78258 0.98072 0.30541 0.41196 152.77952 195.62801 147.22542 138.42519 0.3 0.3 0.0 0.0 0.0 0.0 0.0 0.0 0.72115 0.0 0.0 45.47487 -0.49999 0.07399 0.0 0.0 0.0 0.0 0.0 0.0 0.0109379223334 39 1 0.990825688073 0.00569066083628 3.59656949022
-0.12623 0.35028 3.35743 -0.133914542554 0.55971 4.02072 0.78258 0.98072 0.30541 0.41196 152.77952 195.62801 147.22542 138.42519 0.3 0.3 0.0 0.0 0.0 0.0 0.0 0.0 0.72115 0.0 0.0 45.47487 -0.49999 0.07399 0.0 0.0 0.0 0.0 0.0 0.0 0.0110320740891 40 1 0.990825688073 0.392951368437 3.53461738658
-0.12623 0.35028 3.35743 -0.0576328177956 0.55971 4.02072 0.78258 0.98072 0.30541 0.41196 152.77952 195.62801 147.22542 138.42519 0.3 0.3 0.0 0.0 0.0 0.0 0.0 0.0 0.72115 0.0 0.0 45.47487 -0.49999 0.07399 0.0 0.0 0.0 0.0 0.0 0.0 0.0109631411052 41 0 0.878260869565 1.52294230926 3.53461738658
-0.12623 0.35028 3.35743 -0.132050047223 0.55971 4.02072 0.78258 0.98072 0.30541 0.41196 152.77952 195.62801 147.22542 138.42519 0.3 0.3 0.0 0.0 0.0 0.0 0.0 0.0 0.72115 0.0 0.0 45.47487 -0.49999 0.07399 0.0 0.0 0.0 0.0 0.0 0.0 0.00976981694005 42 1 0.990825688073 0.0235482129733 3.70927452743
-0.12623 0.35028 3.35743 -0.374343146294 0.55971 4.02072 0.78258 0.98072 0.30541 0.41196 152.77952 195.62801 147.22542 138.42519 0.3 0.3 0.0 0.0 0.0 0.0 0.0 0.0 0.72115 0.0 0.0 45.47487 -0.49999 0.07399 0.0 0.0 0.0 0.0 0.0 0.0 0.00981925218663 43 0 0.672 3.51729994481 3.70927452743
-0.12623 0.35028 3.35743 -0.0642970892872 0.55971 4.02072 0.78258 0.98072 0.30541 0.41196 152.77952 195.62801 147.22542 138.42519 0.3 0.3 0.0 0.0 0.0 0.0 0.0 0.0 0.72115 0.0 0.0 45.47487 -0.49999 0.07399 0.0 0.0 0.0 0.0 0.0 0.0 0.00976056596509 44 0 0.895652173913 1.54397243695 3.70927452743
-0.12623 0.35028 3.35743 -0.110224014723 0.55971 4.02072 0.78258 0.98072 0.30541 0.41196 152.77952 195.62801 147.22542 138.42519 0.3 0.3 0.0 0.0 0.0 0.0 0.0 0.0 0.72115 0.0 0.0 45.47487 -0.49999 0.07399 0.0 0.0 0.0 0.0 0.0 0.0 0.00978698788954 45 0 0.954954954955 0.67747027235 3.70927452743
-0.12623 0.35028 3.35743 -0.0902145678364 0.55971 4.02072 0.78258 0.98072 0.30541 0.41196 152.77952 195.62801 147.22542 138.42519 0.3 0.3 0.0 0.0 0.0 0.0 0.0 0.0 0.72115 0.0 0.0 45.47487 -0.49999 0.07399 0.0 0.0 0.0 0.0 0.0 0.0 0.00921946489193 46 0 0.912280701754 1.27998643138 3.70927452743
-0.12623 0.35028 3.35743 0.0228389047144 0.55971 4.02072 0.78258 0.98072 0.30541 0.41196 152.77952 195.62801 147.22542 138.42519 0.3 0.3 0.0 0.0 0.0 0.0 0.0 0.0 0.72115 0.0 0.0 45.47487 -0.49999 0.07399 0.0 0.0 0.0 0.0 0.0 0.0 0.00975181398521 47 0 0.783333333333 1.9546558298 3.70927452743
-0.12623 0.35028 3.35743 -0.287437933017 0.55971 4.02072 0.78258 0.98072 0.30541 0.41196 152.77952 195.62801 147.22542 138.42519 0.3 0.3 0.0 0.0 0.0 0.0 0.0 0.0 0.72115 0.0 0.0 45.47487 -0.49999 0.07399 0.0 0.0 0.0 0.0 0.0 0.0 0.0101755487066 48 0 0.786885245902 4.13289953923 3.70927452743
-0.12623 0.35028 3.35743 -0.0720034581525 0.55971 4.02072 0.78258 0.98072 0.30541 0.41196 152.77952 195.62801 147.22542 138.42519 0.3 0.3 0.0 0.0 0.0 0.0 0.0 0.0 0.72115 0.0 0.0 45.47487 -0.49999 0.07399 0.0 0.0 0.0 0.0 0.0 0.0 0.00907250707701 49 0 0.885964912281 1.39948112507 3.70927452743
-0.12623 0.35028 3.35743 -0.100943920794 0.55971 4.02072 0.78258 0.98072 0.30541 0.41196 152.77952 195.62801 147.22542 138.42519 0.3 0.3 0.0 0.0 0.0 0.0 0.0 0.0 0.72115 0.0 0.0 45.47487 -0.49999 0.07399 0.0 0.0 0.0 0.0 0.0 0.0 0.00992140595724 50 0 0.963963963964 1.02656749793 3.70927452743
